[0.39319714634648584, -0.2804052963798336, -0.3385161057661277, -0.0007644378013802466, 0.6045446001749948, -0.44304128741739746]
[0.2892859106101003, -0.26465606595315777, -0.42954355157598634, -0.030103376538856072, 0.591236199201302, -0.41248504636645245]
[0.1853746748737147, -0.24890683552648193, -0.520570997385845, -0.0594423152763319, 0.5779277982276091, -0.38192880531550744]
[0.08146343913732912, -0.2331576050998061, -0.6115984431957036, -0.08878125401380772, 0.5646193972539163, -0.3513725642645624]
[-0.022447796599056435, -0.2174083746731303, -0.7026258890055623, -0.11812019275128355, 0.5513109962802235, -0.3208163232136174]
[-0.1263590323354421, -0.20165914424645442, -0.7936533348154209, -0.1474591314887594, 0.5380025953065306, -0.2902600821626724]
[-0.2302702680718276, -0.18590991381977862, -0.8846807806252796, -0.1767980702262352, 0.5246941943328378, -0.2597038411117274]
[-0.3341815038082132, -0.1701606833931028, -0.9757082264351382, -0.20613700896371104, 0.511385793359145, -0.22914760006078239]
[-0.4380927395445987, -0.15441145296642697, -1.066735672244997, -0.23547594770118685, 0.4980773923854522, -0.19859135900983738]
[-0.6846091548313357, -0.10726096048828292, -1.0921563797916145, -0.23207521515909127, 0.48699688899978616, -0.15651225841665437]
[-0.827214334381687, -0.0758596984368147, -1.0265496415283737, -0.19933554387951985, 0.489224786587813, -0.14498939887441634]
[-0.9698195139320384, -0.04445843638534648, -0.9609429032651327, -0.1665958725999484, 0.4914526841758398, -0.13346653933217834]
[-1.1124246934823896, -0.013057174333878263, -0.8953361650018917, -0.13385620132037698, 0.49368058176386664, -0.1219436797899403]
[-1.2550298730327412, 0.01834408771758994, -0.8297294267386508, -0.10111653004080556, 0.49590847935189347, -0.11042082024770228]
[-1.3976350525830923, 0.04974534976905817, -0.7641226884754098, -0.06837685876123412, 0.4981363769399203, -0.09889796070546425]
[-1.5402402321334439, 0.0811466118205264, -0.6985159502121688, -0.0356371874816627, 0.5003642745279471, -0.08737510116322623]
[-1.6828454116837952, 0.11254787387199461, -0.6329092119489279, -0.0028975162020912497, 0.502592172115974, -0.0758522416209882]
