[0.20716311156945358, -4.64952657792062e-05, -0.059972647687975555, 0.9999999922838846, -0.00010356318739972096, 6.850783116570733e-05,3.6843413270104512e-06]
[0.2962683991099506, 0.00027168718842013654, -0.027976387437764594, -0.9981875054014814, 0.010697028954562189, -0.05921492875269918,0.0009326546659406668]
[0.37900090357155064, 0.001159576452436812, 0.018758492937071825, -0.9927693373190822, 0.02107427902392912, -0.11811404005774907,0.0037404790988231915]
[0.45295190120417056, 0.002562757500399506, 0.07893384175536938, -0.9837722801754993, 0.031023625268015078, -0.17652062589305204,0.008372817199366328]
[0.5159772029566789, 0.004405972666094264, 0.15085407274929968, -0.9712405866002447, 0.040341605849268346, -0.23419360411083406,0.014752409006429748]
[0.5662631994384433, 0.006596725594858315, 0.2324795543634947, -0.9552354159348693, 0.04883687745705944, -0.29089798671804523,0.022773248941904276]
[0.6023822140432132, 0.00902963092390761, 0.32149088640780554, -0.9358340779683669, 0.05633384950964772, -0.34640671412771634,0.032302698335585654]
[0.6233353876709626, 0.011591318567175008, 0.41536196887085364, -0.9131290923940141, 0.0626759829917741, -0.4005023263154692,0.04318412203109675]
[0.6285817229021277, 0.014165677198366932, 0.5114394861459036, -0.8872270865819009, 0.06772868378327816, -0.4529784382609791,0.055239991844873576]
[0.6180523632458536, 0.01663920606609208, 0.6070262232545989, -0.858247558067223, 0.07138172902736904, -0.5036409921935809,0.06827538952637205]
[0.5921496608328939, 0.018906238299489127, 0.6994655052160534, -0.8263215312795078, 0.07355117510621713, -0.5523092650327431,0.08208183321159057]
[0.5724373519613376, 0.0768364855741747, 0.7204573063101011, -0.8153108403648571, 0.020126168133660624, -0.5653269726737928,0.12356611553047579]
[0.5464846097665698, 0.13039710832476914, 0.7412732578503192, -0.7997345434262763, -0.03130431288165883, -0.5763147723482205,0.1652452214709753]
[0.5150415156691399, 0.17887127135755804, 0.7617971067352654, -0.7798914998752161, -0.08028051690944114, -0.5852095072365595,0.20701236597624365]
[0.4789487309739674, 0.2216671484060664, 0.7819133120691539, -0.7561314313324011, -0.12638655757918696, -0.5919553370747341,0.24875806624758012]
[0.439116138856947, 0.25833035468374976, 0.8015083276337793, -0.7288485442673844, -0.16925633552886007, -0.5965040075691913,0.29037055869449097]
[0.3964996593744883, 0.28855258887862306, 0.8204718518506048, -0.6984744463705277, -0.20857854308217155, -0.598815090170756,0.33173623093791466]
[0.3520769349395785, 0.3121762033766715, 0.8386980295488693, -0.6654704873500071, -0.24410066649357903, -0.5988561910421897,0.3727400669823077]
[0.3068226279332129, 0.32919455357463145, 0.856086590536873, -0.6303196649629449, -0.27563191943588033, -0.596603128188382,0.41326610360024807]
[0.2616840908112053, 0.33974811613338063, 0.87254391084667, -0.5935182446281013, -0.30304506103096274, -0.5920400758570944,0.4531978959102127]
[0.21755816118248003, 0.34411650692602685, 0.8879839835756775, -0.5555672457910293, -0.3262770721821585, -0.5851596754616056,0.4924189900745882]
[0.17526979982388136, 0.34270666710221365, 0.9023292874683287, -0.5169639502337249, -0.34532868488382085, -0.575963112423785,0.5308134010010116]
[0.13555322941101308, 0.33603761502802587, 0.9155115427508895, -0.47819358670307976, -0.3602627801788716, -0.5644601584863613,0.5682660928960892]
[0.09903614781836348, 0.32472227802516584, 0.9274723452349778, -0.4397213425908001, -0.37120169112531193, -0.5506691791957996,0.6046634604965623]
[0.06622748502793747, 0.30944701641942596, 0.9381636713205895, -0.40198484699825815, -0.37832346714054216, -0.534617106411455,0.6398938087892314]
