[0.2071674031896132, -9.361554304452136e-05, -0.05997392781867347, 0.999999973651863, -0.000225150609868527, 4.460901233685614e-05,3.6759218709768714e-06]
[0.27997621528996364, 0.00017011983793914035, -0.03129110116456779, 0.997660442366138, 0.03801817002654682, 0.05679366151502193,0.0016554447595131772]
[0.3480634622773444, 0.0013214796507577272, 0.008542266340201943, 0.9906372369176366, 0.07597894634877013, 0.11323276909332197,0.006588212760656108]
[0.409819704161694, 0.0032878496940496934, 0.05872495866585148, 0.9789535500407126, 0.1133709896579615, 0.16905056005839542,0.014794381048337612]
[0.463771720033569, 0.005971075827065584, 0.11822924782376809, 0.9626493798372268, 0.14990380739180134, 0.22393175312694982,0.026260045124399684]
[0.5086142985114999, 0.009250855788080773, 0.18582340014074292, 0.9417833655030307, 0.18528088987573135, 0.27755558062672153,0.04096320265318601]
[0.5432383489973645, 0.012988823753386376, 0.26009845441928664, 0.9164352432280859, 0.21919849548785716, 0.3295946445288174,0.05887134144268929]
[0.566754777787636, 0.01703320793449035, 0.33949871591660485, 0.8867088132457432, 0.2513450735855533, 0.3797143277383912,0.07993850015343257]
[0.5785136526998179, 0.021223926029072582, 0.4223553471372823, 0.852735283666265, 0.28140144266067113, 0.4275728652783231,0.10410191610529076]
[0.5781182652445432, 0.025397970934862256, 0.5069223821222475, 0.81467683551653, 0.3090418150345373, 0.4728221586705944,0.13127839313082418]
[0.5654337901253348, 0.02939493002046358, 0.5914144452924657, 0.7727302370028583, 0.3339357297226743, 0.5151093925307096,0.1613605371915175]
[0.5405903377277412, 0.033062475629524725, 0.67404541926483, 0.7271303239659632, 0.3557509227459377, 0.5540794857975864,0.19421301797987145]
[0.5039802960348978, 0.03626166257271599, 0.7530672789697421, 0.6781531582075823, 0.3741571300749059, 0.589378381846256,0.2296690206350899]
[0.4562499637470345, 0.03887187032076182, 0.8268082927183926, 0.6261186760796076, 0.3888307835600547, 0.6206571527422757,0.26752705278204164]
[0.4495078815492465, 0.08888552756081222, 0.8247172810495137, 0.6201129635264062, 0.41189541631787335, 0.6417174145929037,0.18439316226754146]
[0.4354867931265497, 0.14029305656755486, 0.824394855146253, 0.6081970586385088, 0.4365859196305245, 0.6555099812926605,0.0989734159738452]
[0.4135852250557348, 0.1914889914544784, 0.8261763808222629, 0.5900971514454392, 0.46216457471275596, 0.6618454986691417,0.012239020710473059]
[0.38357338511286965, 0.24068165886961107, 0.8303001935696275, -0.5656464911916654, -0.4878473932336662, -0.6606438032383981,0.0748246828284548]
[0.34564213726815646, 0.2859902193405246, 0.8369000450974274, -0.5347915841577505, -0.5128185425174634, -0.6519350398916929,0.1612321547512327]
[0.3004264791349469, 0.3255533730094986, 0.8460012577705909, -0.4975964106036568, -0.5362456008107572, -0.6358590584970578,0.2460116369050507]
[0.2490009137478086, 0.35764291832573336, 0.8575206708117921, -0.4542445557884596, -0.5572953728411834, -0.6126630925175829,0.32821896047173066]
[0.20783662281815807, 0.38423830655527946, 0.8597742592856386, -0.42386260604939086, -0.5691291598321202, -0.5772449196594535,0.4040059323192614]
[0.1638750095991202, 0.40459170206254275, 0.8641985104618959, -0.3901849652961871, -0.5778272357818861, -0.5360849895830941,0.475903627207413]
[0.11836588291787409, 0.41829103479918683, 0.8707000262944239, -0.35351118774651413, -0.5830677337895677, -0.4897106676420848,0.5433648129471494]
[0.07261424772375388, 0.42518108231334, 0.879131527816966, -0.3141794933869842, -0.584562702690986, -0.4386988887664309,0.6059050895584285]
[0.02792479314239503, 0.42536950651298655, 0.8892943180356765, -0.27256305275731035, -0.5820620640304798, -0.38366856448481024,0.6631075090167197]
