[0.20717037658669965, -7.534732325568308e-05, -0.05997076880740429, 0.9999999782012223, -0.00020623418253900796, 3.242782576230635e-05,3.667862775159935e-06]
[0.2509748751492781, -0.00020576318895650612, -0.04450182844668574, -0.9989431866341849, -0.012914756621867701, -0.044110123400204114,0.00012630184845325378]
[0.29283711051192396, 0.0015491548372845035, -0.02533616625846219, -0.9957891470539062, -0.025825234829322946, -0.08795894459945228,0.0005058859705984801]
[0.33234496836368754, 0.0050660498736538155, -0.0027867755012211115, -0.9905941548634488, -0.03832017652901156, -0.13135235642274246,0.0011588284377110317]
[0.3691417346314443, 0.010194348052401091, 0.02279378545792321, -0.9834501886386163, -0.050207860122434056, -0.17407005880641252,0.002124117635281112]
[0.4029322242119709, 0.01676352860599399, 0.051022681536120995, -0.9744820049101142, -0.06131602842740112, -0.21590097139256834,0.003455042112649403]
[0.43348660571686504, 0.02459088260148031, 0.08149692006408635, -0.9638431863692037, -0.07149746084390068, -0.25664605739158086,0.005217893051141646]
[0.4606417886653823, 0.03348935941509737, 0.11380397025825231, -0.9517112571276178, -0.08063478423811946, -0.29612093723456984,0.007490337693420974]
[0.48430034736968486, 0.04327508901214799, 0.14753253077136783, -0.9382820058769459, -0.08864437223130955, -0.3341582463451316,0.01035949413816272]
[0.5044270659688133, 0.05377417810299668, 0.1822830833207298, -0.9237631812330014, -0.09547920782205915, -0.3706096957860239,0.013919743580551211]
[0.5210432965744569, 0.06482840923418258, 0.21767787328908592, -0.9083677425799184, -0.10113061306301474, -0.4053477996824276,0.01827032113501979]
[0.5342194222480143, 0.0762995227546532, 0.25336997378122106, -0.8923068638233044, -0.10562878110107227, -0.43826723910283055,0.02351273072408672]
[0.5440658037873286, 0.08807183027883217, 0.289051117514915, -0.8757828962252273, -0.10904207944323513, -0.46928583839482657,0.029748033079734792]
[0.5507226598385009, 0.10005299174041281, 0.3244580203090589, -0.8589824996671434, -0.11147512794434908, -0.4983451367204804,0.03707405861816899]
[0.5543493801642081, 0.11217288259474165, 0.3593769695741048, -0.842070149155699, -0.11306568981178018, -0.5254105446011332,0.045582598765605394]
[0.5551137993923644, 0.12438057876535319, 0.393646509508622, -0.8251822151842279, -0.11398044796153503, -0.5504710825459536,0.05535663019751915]
[0.5531819616627099, 0.13663958970511342, 0.42715811973821466, -0.808421802870926, -0.11440977143138444, -0.573538706179763,0.06646762638746782]
[0.5487088848218638, 0.14892156942338378, 0.45985485372025486, -0.7918545159379721, -0.1145616063889098, -0.594647229579759,0.07897300984102297]
[0.5418307868747735, 0.16119882652830977, 0.49172797501642196, -0.7755052880350024, -0.11465465275672404, -0.6138508656540995,0.09291379642817481]
[0.5326591690971549, 0.17343603253849638, 0.5228117010371378, -0.759356396230934, -0.11491100988605712, -0.63122240922679,0.1083124803522779]
[0.5212770624235373, 0.1855815887306255, 0.5531762325992048, -0.7433467403961878, -0.11554849241701878, -0.646851094916193,0.12517120454896757]
[0.5077376402626457, 0.1975591521262026, 0.5829193111868826, -0.7273724384623136, -0.11677282996008766, -0.6608401677983478,0.14347025675293174]
[0.49206528634526303, 0.20925983829509465, 0.6121566018926143, -0.711288752040968, -0.11876997114081524, -0.6733042101289904,0.16316692617619868]
[0.47425908574245157, 0.22053561091518092, 0.6410112465905046, -0.6949133205245654, -0.12169871363178766, -0.6843662719672886,0.18419474979349013]
[0.45429858631092085, 0.23119433505561093, 0.6696029672183603, -0.6780306455213442, -0.1256838769643856, -0.694154857318992,0.20646317072437184]
[0.43215156212965716, 0.24099691369811865, 0.6980371217315366, -0.6603977322482442, -0.13081022423119654, -0.7028008203287474,0.22985762424422818]
[0.40778340542988956, 0.24965684699151158, 0.7263941243780146, -0.6417507612474532, -0.13711732247234978, -0.7104342280465823,0.25424005966052027]
[0.38116768412025787, 0.25684245416225737, 0.7547196369157885, -0.6218126333959879, -0.14459550994653558, -0.7171812473326963,0.2794498987775206]
[0.35229733265583507, 0.2621818828751479, 0.7830159182125467, -0.6003012044663733, -0.1531831121195249, -0.7231611135240058,0.3053054240663256]
[0.32119589822440153, 0.265270904968397, 0.8112346867772616, -0.5769380032080056, -0.16276501768610788, -0.7284832375577173,0.331605582084239]
[0.27901732818575276, 0.29386175367310463, 0.8314522839189182, -0.5500160080895662, -0.20316344622737798, -0.7225586985249477,0.36621842136649524]
[0.23418135607849058, 0.31569727714225876, 0.8510611639790083, -0.5200940123621167, -0.24059926329778572, -0.7148023253279452,0.4008389308829669]
[0.18777406080600867, 0.3305322102766601, 0.8700334400068697, -0.48743909803032764, -0.27483289354283047, -0.7052245317827746,0.4353485570322046]
[0.1409008142719504, 0.3382951846501163, 0.888341187131855, -0.452339671134112, -0.3056432637764541, -0.6938434956487884,0.4696298763624718]
[0.09465873721407367, 0.3390893620100506, 0.9059564069893786, -0.4151050495602153, -0.3328300293325068, -0.6806850442795974,0.5035671155846225]
[0.05010934608307572, 0.3331887717166455, 0.9228510087086108, -0.37606477172391417, -0.3562159828154577, -0.6657825052967742,0.5370466615628563]
[0.00825204892167709, 0.3210304091869297, 0.9389968072143873, -0.3355675748655978, -0.3756496047717928, -0.6491765231131423,0.5699575589220214]
