[0.20709695521356633, -8.798851092960925e-05, -0.05999822369122601, 0.9999999828402508, -0.00018322470033481096, -2.710598867577314e-05,3.6705493473958513e-06]
[0.27057602546874776, 0.012100889984544871, -0.03743094627784985, -0.9989692001062818, -0.010480455759814261, -0.044164577161515214,0.00043290902858887463]
[0.3302656868428914, 0.028040054416765423, -0.006799620736228362, -0.9958701296250239, -0.02077213413641381, -0.08836270166487264,0.0017989770821235291]
[0.385075541079205, 0.04722350270380723, 0.03144769276616269, -0.9907017444860708, -0.03032614156827947, -0.13256328793389036,0.004165729467163005]
[0.4340228135285151, 0.06901317379257725, 0.07676020997549499, -0.9834626376694635, -0.03878865830110701, -0.17674325789606551,0.007648600114187463]
[0.4762511973344802, 0.09265561279316276, 0.1284911266381887, -0.9741513854331167, -0.045823431227851194, -0.22085168262317156,0.012402648578425416]
[0.5110474569724689, 0.11730106714067752, 0.18590428335564294, -0.9627670453116738, -0.051117253634978675, -0.2648019576274019,0.018616285326101233]
[0.5378557924339344, 0.1420248169558637, 0.2481809377646058, -0.949309778790014, -0.05438513269296763, -0.30846517650356475,0.026503511470143994]
[0.5562899008904979, 0.16585057615304527, 0.3144268808935059, -0.9337815861556947, -0.055375074211414285, -0.3516649418077132,0.036294892423221835]
[0.5661425825421726, 0.18777580119959708, 0.38368020097464645, -0.9161871386753787, -0.05387241906202324, -0.39417381381520905,0.04822752214867849]
[0.5673926357507173, 0.206798705978713, 0.4549200351832182, -0.8965346911190347, -0.049703671395745046, -0.435711554035312,0.06253426540717118]
[0.5602086892877444, 0.22194670256653928, 0.527076654122403, -0.8748370558071531, -0.042739765272056154, -0.47594527215250787,0.07943258882119619]
[0.5449495426139228, 0.232305872194017, 0.5990431937720828, -0.8511126178111381, -0.032898723497892586, -0.5144915336063608,0.09911330708969418]
[0.5221605433720964, 0.23705092605583392, 0.6696892855751857, -0.8253863697216695, -0.02014767025154325, -0.5509204315847714,0.12172957785011887]
[0.4925655369875307, 0.2354749538229459, 0.737876739978917, -0.7976909435355737, -0.004504167345816314, -0.5847615731164917,0.14738647727716914]
[0.4549738226799967, 0.2929494965652391, 0.777313691202707, -0.7747631028952652, -0.050931247048337736, -0.5972668249673089,0.201048457491403]
[0.4089324528314775, 0.3428863088184863, 0.8156531581432342, -0.7481149238413901, -0.09450679733862521, -0.6047925940734641,0.2561609730940244]
[0.35602641886761144, 0.3839443385687902, 0.8527078844959278, -0.7180489138831114, -0.1348785737787914, -0.6072166230355915,0.3122523023388873]
[0.3060313472441967, 0.42178124590117183, 0.8757558611721299, -0.6910731900678537, -0.17633588762314492, -0.6008720597503011,0.36093803972015537]
[0.2517379119941461, 0.45213823993537516, 0.8981072443080028, -0.6611670163641744, -0.21475243633745497, -0.5909361976872952,0.40930914700517684]
[0.19433426183291017, 0.4745189964535331, 0.9196998518513816, -0.6286383523850059, -0.24988767630993075, -0.5774319331896867,0.45710210420857844]
[0.13506422309666566, 0.48862042176004694, 0.9404724676067099, -0.593816660316947, -0.28153165724243956, -0.5604016937705139,0.5040551968976141]
[0.07519556775641541, 0.49433833437131697, 0.9603650717930702, -0.5570498456927584, -0.3095070221029503, -0.5399072904648573,0.5499099838933047]
