[0.20714448830059903, -9.256935750875102e-05, -0.05997960412155737, 0.99999997046883, -0.00024118573107592984, 2.96361187044788e-05,3.6719216701365464e-06]
[0.26352824378904477, -0.006798259143484241, -0.042417325406543416, 0.9985352560840183, 0.015671937770072364, 0.05176449931053131,0.0014728662143891475]
[0.31736990643556867, -0.014143264827744452, -0.019628083354913034, 0.994161536689872, 0.03128594302606629, 0.1031008566847949,0.005851673800193981]
[0.3681277126853017, -0.022064105481831027, 0.007997306161905388, 0.9869534282433624, 0.04630880720124166, 0.15364860818123133,0.013058715796089837]
[0.4153249805928396, -0.030488376245088156, 0.040004071321362356, 0.9770330496080898, 0.06046500227628198, 0.20303499333411726,0.022960726361782813]
[0.4585587802313276, -0.03933544216263655, 0.07588510247838354, 0.9645665593621214, 0.07350317004633236, 0.25091267252199256,0.03537608403046721]
[0.49750642588564553, -0.048517227893813804, 0.11509387555068176, 0.9497594396021337, 0.08520311189265821, 0.29696711629019834,0.05007962113207545]
[0.5319295825308576, -0.05793909510724958, 0.1570582611109276, 0.9328506564059013, 0.0953818934406867, 0.3409231009432811,0.06680858096057986]
[0.5616758608541753, -0.06750079844816909, 0.2011947663421192, 0.9141058578157616, 0.10389888788824658, 0.3825501323632327,0.08526956098966276]
[0.5866778620462961, -0.07709751014559732, 0.24692273967975836, 0.8938097972066679, 0.11065961022462105, 0.42166664854822183,0.10514625330662447]
[0.6069497226607901, -0.08662090262991709, 0.293678067361798, 0.8722581919905581, 0.11561822703580892, 0.45814288395483266,0.12610777122766043]
[0.6225812978113401, -0.09596027796055934, 0.34092590740340406, 0.8497492441944309, 0.11877866227159545, 0.49190231452992483,0.147817334369373]
[0.6337302046529494, -0.10500373242310143, 0.3881720392663726, 0.8265750600819521, 0.12019425731920573, 0.5229216404170098,0.1699410737331789]
[0.6406120244105684, -0.11363934434615923, 0.4349724556613576, 0.8030132103672, 0.11996598300879825, 0.551229302736242,0.19215671391188108]
[0.6434890273533549, -0.12175637301054339, 0.48094088489775955, 0.7793186705522858, 0.11823924075341691, 0.576902570549648,0.21416189149305295]
[0.6426578385853337, -0.12924645647365154, 0.5257540058618334, 0.7557163725283361, 0.11519932887436554, 0.6000632731056491,0.23568187709122781]
[0.6384365012898294, -0.13600479620670025, 0.5691542004990031, 0.7323945839944497, 0.11106568727061737, 0.6208722896951536,0.2564764830065326]
[0.6311514165945351, -0.14193131663541125, 0.6109497776911461, 0.709499311812837, 0.10608506798577419, 0.639522943971257,0.27634595893897435]
[0.6211246445569867, -0.14693178797918943, 0.651012694493901, 0.6871298996220258, 0.10052381000030373, 0.6562334804760459,0.2951357039918138]
[0.6086620385575481, -0.15091890119179166, 0.6892738925351225, 0.665335959504166, 0.09465942290949823, 0.6712388275587267,0.31273965374205115]
[0.5940426559076691, -0.15381328430948527, 0.7257164556548705, 0.6441157430011593, 0.08877170532604582, 0.6847818721453185,0.3291022356847847]
[0.5775098416370288, -0.15554445010189996, 0.7603668763690059, 0.6234160191570476, 0.08313363928389272, 0.6971044873442244,0.34421882400929477]
[0.5755706206331623, -0.08761295856690918, 0.7743365680954898, 0.6132885892765095, 0.10329025381564892, 0.7273044192531986,0.29023526916054787]
[0.5656182103364448, -0.02120794235678883, 0.7877290759056802, 0.6025660843851947, 0.12390055681141839, 0.7532372622600222,0.23280118709650494]
[0.5478377771557053, 0.04270875394146136, 0.8006649015619307, 0.5910175746240928, 0.14500637133035674, 0.7745822300812764,0.17231873839305617]
[0.5225192537266014, 0.10316071997850973, 0.8132591587802073, 0.5783956704934324, 0.16660281969568572, 0.7910578024682066,0.10922225953564584]
[0.49007349710671533, 0.15916484694412508, 0.8256183838085466, 0.5644445284983814, 0.1886348843439614, 0.8024247744400649,0.043974265446868284]
[0.45104893767611554, 0.20974558274706298, 0.8378374893435996, -0.5489084742106847, -0.21099527722733533, -0.80848889272026,0.02293883770870333]
[0.40614669084804483, 0.2539560020785292, 0.8499969252063392, -0.5315410314048289, -0.23352372115978715, -0.8091030523527617,0.09101128645514873]
[0.35623196852513417, 0.2909055318562804, 0.8621601060335292, -0.512114129350108, -0.2560077123869877, -0.8041690309631361,0.15972269518817045]
[0.30233965364595583, 0.31979355282331384, 0.8743711618573274, -0.49042724927842546, -0.2781847969774069, -0.7936387428426621,0.22854294509994202]
[0.24567209601070333, 0.33994748840172406, 0.8866530619135873, -0.46631626588880304, -0.29974635527230137, -0.7775149999263761,0.2969371777968906]
[0.18758754633467523, 0.350863436660858, 0.8990061554351425, -0.43966174073599773, -0.3203428495437336, -0.7558517717559111,0.3643708435270907]
[0.12957815217565916, 0.3522469429972887, 0.9114071656663131, -0.4103964315724552, -0.3395904511754531, -0.7287539416137611,0.43031475341365505]
[0.07323706725069273, 0.3440511876407596, 0.9238086650149613, -0.3785117951034735, -0.35707892609280084, -0.6963765611344618,0.49425008508901597]
[0.020214938551597797, 0.32650970375777383, 0.9361390502915178, -0.34406327995122005, -0.3723806218002836, -0.65892361078738,0.5556732916415582]
[0.008245463128422306, 0.3210959063924401, 0.9389679592523488, -0.33557570007185056, -0.3756957470868323, -0.6491806640081567,0.5699176437171283]
