[0.20708461130925998, -8.596158297853287e-05, -0.06000899106109481, 0.9999999678462912, -0.0002417680659632754, -7.64345759798765e-05,3.6571620656787654e-06]
[0.23424324318221304, -0.017993851316954867, -0.04804111330455467, -0.9968387356477554, 0.07797365278984919, -0.014910073214751482,0.0032147005340559752]
[0.2591716804497825, -0.03542088766853665, -0.03372387635829033, -0.9874548550350134, 0.15445170292283317, -0.030234591880908657,0.012784763815284542]
[0.28241700872459474, -0.05216553585072568, -0.01709128589662051, -0.972039692978577, 0.22844777663418525, -0.046221603732963884,0.02853089506770835]
[0.3044923315355545, -0.06818873277366243, 0.001960899462638138, -0.9509072145523632, 0.2987778680970637, -0.06317267687954839,0.050164407138052515]
[0.3258075101437321, -0.08358983660411151, 0.023659245872009543, -0.9244870777124647, 0.36432302740434663, -0.08135571937811027,0.07728920862623168]
[0.34661185806683925, -0.09856635727107044, 0.04832577860971651, -0.8933151864953156, 0.42404897125758434, -0.10099504345574113,0.10940954597107656]
[0.36695379902051906, -0.11336159930347002, 0.07634192745412699, -0.8580219132835634, 0.4770239925146841, -0.12226248176833664,0.1459396876877952]
[0.38666101314817325, -0.12820548486985708, 0.10810563450768895, -0.819318252739619, 0.5224348131332655, -0.14526977465084118,0.18621535738762765]
[0.40534282140544897, -0.14325449451822347, 0.14398443150716211, -0.7779802160850917, 0.5596000690737193, -0.17006241947117057,0.22950668738948488]
[0.4224146420278041, -0.15853680682609614, 0.18426758015870337, -0.7348318135787659, 0.5879811663602016, -0.19661514112308595,0.27503243452252735]
[0.4371424578189905, -0.17390832211568732, 0.22912046874900133, -0.6907270044405206, 0.6071903036255831, -0.22482910705623724,0.32197517472623965]
[0.4487035180171384, -0.18902435212753033, 0.2785443645481931, -0.6465310163819112, 0.6169955168541457, -0.25453097179801054,0.369497173782993]
[0.45625810752163704, -0.2033304232942014, 0.3323443391086003, -0.6031014508240905, 0.6173226653573468, -0.2854737954850235,0.41675661835339084]
[0.45902626533664925, -0.21607398940106531, 0.3901077284130068, -0.5612695944997281, 0.608254342883812, -0.3173398393486045,0.46292388468872]
[0.45636290176285166, -0.22633702086908652, 0.4511948881206653, -0.5218223533451956, 0.5900257627531128, -0.3497451992702618,0.507197522099916]
[0.4478248846963633, -0.233087589066286, 0.5147432908057099, -0.4854852105006487, 0.5630177295913863, -0.3822461973288114,0.5488196344688896]
[0.4332243271278181, -0.2352468535565473, 0.579685228677867, -0.45290658716500265, 0.5277468712437572, -0.41434741157784355,0.5870903556640296]
[0.41266345272312177, -0.23176643530184796, 0.6447785776766358, -0.42464395351737994, 0.4848533614139094, -0.44551118696802156,0.6213811334061466]
[0.38654794580037477, -0.22171014293122113, 0.7086492944746076, -0.40115199762310505, 0.43508641529619946, -0.4751684361632622,0.6511465605390662]
[0.3555774756006863, -0.20433350124416869, 0.7698436030538491, -0.38277311407098685, 0.379287885800255, -0.5027305087288009,0.6759345222895882]
[0.3207139710786149, -0.17915455807735836, 0.8268872244654382, -0.36973042207362816, 0.31837432594515985, -0.5276018814484491,0.6953944623480107]
[0.2831300521080372, -0.14601001843482023, 0.8783485480897167, -0.3621234660687473, 0.2533179128082082, -0.5491934019204798,0.7092836087629972]
[0.2441416421653782, -0.10509182810788972, 0.9229023626222761, -0.35992669175651437, 0.185126649422578, -0.5669358025436608,0.7174710419445209]
[0.20513006096363345, -0.056960815286051986, 0.9593906774326837, -0.3629907283415059, 0.11482427279649138, -0.5802931928790671,0.7199395306642623]
[0.1674597179262432, -0.0025357753337724998, 0.9868772760396883, -0.3710464449099035, 0.04343029854667365, -0.5887762353791527,0.7167851069467206]
[0.13239783239952646, 0.0569416961420399, 1.0046929478436848, -0.38371168676984785, -0.02805937451490742, -0.5919547127056899,0.7082143962414169]
[0.1010423720104156, 0.11996441282995379, 1.012468825337794, -0.4005005376056347, -0.09869089293542187, -0.5894692042757131,0.6945397643330182]
[0.07426365048750355, 0.18483491064159815, 1.0101558848718373, -0.4208348967872737, -0.16756952872335665, -0.5810416051138874,0.6761723861680206]
[0.05266382823742566, 0.24975351177431881, 0.9980294140122857, -0.44405810940064283, -0.23387506299892757, -0.5664842412592563,0.653613383268503]
[0.036557018443631045, 0.3129128081197172, 0.9766780652839671, -0.46945034067882857, -0.2968751662877856, -0.54570736246276,0.6274432148267043]
