[0.20708120299603588, -5.997013337776765e-05, -0.05999921003058986, 0.9999999795679833, -0.00019832215170642841, -3.8972541165491006e-05,3.6740522747899188e-06]
[0.2851999460194233, -0.0029236552530413724, -0.02962583261460569, 0.9956428407610464, 0.0312303674412041, 0.08778657192706836,0.0036763541797645485]
[0.35776434233132226, -0.006748590638077985, 0.012919908862942198, 0.9826331137563418, 0.061600281910622806, 0.17442513500548057,0.014609630261175182]
[0.42291549619063523, -0.011486552330132677, 0.06658143979191927, 0.9612127090146352, 0.08987304574675596, 0.25871317113664305,0.03256468574039035]
[0.47899947925600855, -0.017078569452647963, 0.13001236245355646, 0.9317795134149016, 0.11505538332162303, 0.33953376208304875,0.05714911683250819]
[0.5246135094049689, -0.023455967512089868, 0.20161672861534694, 0.894879248749853, 0.13622050724377358, 0.4158387095021097,0.08782523124232605]
[0.5586441293666213, -0.030541589307467747, 0.27959674551302405, 0.8511943104124026, 0.15252811272839387, 0.4866691921332047,0.12392141936518931]
[0.580296187132519, -0.038251154195594564, 0.36200631699034036, 0.8015298196149285, 0.16324255907695215, 0.5511745568755493,0.16464635746687528]
[0.5891117406196653, -0.04649471225494131, 0.44680863088648387, 0.746797180620123, 0.1677488575868247, 0.6086288526151993,0.20910574253342984]
[0.5849783590895391, -0.055178147482432285, 0.5319358773584523, 0.6879954864240335, 0.16556613144657034, 0.6584447635141759,0.2563212050898944]
[0.5681266604915802, -0.06420468363703709, 0.615349125029015, 0.6261911610212115, 0.15635826643092549, 0.7001846535768911,0.3052510004455878]
[0.539117293742762, -0.07347634772027464, 0.6950963944130244, 0.5624962628570809, 0.13994153035622003, 0.7335684954761045,0.3548120415069109]
[0.49881793446356937, -0.08289534928202788, 0.769367050116698, 0.49804590156821826, 0.11628900303205544, 0.7584785225404945,0.4039028082963773]
[0.4483711988081574, -0.09236533860569102, 0.8365407813590561, 0.43397523805387583, 0.08553172549144195, 0.7749605120655978,0.4514266512176317]
[0.3891546806464484, -0.10179251313203339, 0.8952296485205358, 0.3713965459429485, 0.047956546173415944, 0.7832216792260831,0.49631499728603734]
[0.3904946959608753, -0.07562315231162804, 0.9040338968934996, 0.3739167846514981, 0.03867875127541164, 0.8095532599891079,0.4509032175496961]
[0.3911481925682616, -0.0493832957185191, 0.9109668525916343, 0.3792955577129822, 0.03098609269497268, 0.8327276693379408,0.40216833624453574]
[0.39110674030888815, -0.02272002869716705, 0.9161456270248505, 0.38722773219028495, 0.025323308793754728, 0.8524388604742364,0.3503732332925714]
[0.3902208964374086, 0.00471342246910357, 0.9197070518802142, 0.39734507897261206, 0.02208691886860454, 0.8684039056680789,0.29581026495300505]
[0.38820355061371575, 0.03321745260944926, 0.9218053393388598, 0.40922350236802124, 0.02161651750315488, 0.8803657406890065,0.23879910783288824]
[0.38464358596253834, 0.06300721875450362, 0.922609499982887, 0.4223914528772587, 0.024187141032664995, 0.8880957029591969,0.1796843485958493]
[0.3790293708174246, 0.09417767482524456, 0.9223005570771166, 0.4363393641028601, 0.030002864914339036, 0.8913958400758059,0.11883283942914288]
[0.37078100039739914, 0.12667485923914637, 0.9210685988253563, 0.45052993371130096, 0.03919176716492289, 0.8901009673132023,0.0566308414619031]
[0.3592896589484461, 0.16027550125886358, 0.9191097124998112, -0.46440905084002104, -0.051802366650440294, -0.8840804548733167,0.006519019732599106]
[0.34396200243873964, 0.19457659359251903, 0.9166228459926247, -0.4774171586779071, -0.06780161640968464, -0.873239727984593,0.0702009606881723]
[0.32426709760754613, 0.22899605617416358, 0.9138066433170933, -0.4890008314230749, -0.08707450192815548, -0.8575214654366583,0.13398938128400972]
[0.2997832175851007, 0.2627850158876964, 0.9108563008794643, -0.4986243396290052, -0.10942526295009629, -0.8369064847568978,0.1974523120393719]
[0.2702417033291627, 0.29505158068217546, 0.9079604909472381, -0.5057809771967575, -0.13458022564193955, -0.811414304963607,0.2601549378206854]
[0.23556516204779626, 0.32479532860812965, 0.9052983976633951, -0.5100039269764869, -0.1621922003282878, -0.7811033806441733,0.3216631675642626]
[0.19589748869128035, 0.35095109860894286, 0.9030369092148972, -0.5108764500368366, -0.19184636923539994, -0.7460710039810196,0.38154721913245304]
[0.15162355627048357, 0.37244009560576985, 0.9013280073847191, -0.5080411959900472, -0.22306755930475555, -0.7064528742573514,0.43938518820773786]
[0.10337690896139079, 0.38822584013034706, 0.9003063927356397, -0.501208448084163, -0.2553287677602099, -0.66242233729338,0.49476657019032066]
[0.052034385203208154, 0.3973721307313073, 0.9000873801356721, -0.49016313677297924, -0.28806078326653267, -0.614189300165752,0.547295704399961]
