[0.20716686606083948, -8.32948746960351e-05, -0.059972979333281246, 0.9999999752660083, -0.0002202497185542824, 3.073238035037705e-05,3.683121732843077e-06]
[0.2646247892679604, 0.010912382360032237, -0.04415637638659009, -0.9989608516058751, -0.006400682137304207, -0.04512239377170597,0.00046669835379591974]
[0.3195310194606933, 0.023854743381296114, -0.02360952976464148, -0.9958448494841146, -0.012969379322079054, -0.09011746014704763,0.0019168548736985397]
[0.3714496062448335, 0.03855188995040963, 0.0013639002011757995, -0.9906566545632199, -0.01943469670219497, -0.13491781145664,0.0043439020999096484]
[0.41999699192008594, 0.0547866727057091, 0.0304334464722604, -0.983404201310043, -0.025746306347013557, -0.1794250644417476,0.0077427905381103265]
[0.46484360794523244, 0.07232132460897064, 0.06324811939310343, -0.9740987357487675, -0.031855084020982784, -0.22354048294034756,0.012106160475792587]
[0.5057142799109491, 0.09090208072484304, 0.09944242498751171, -0.9627549001285334, -0.03771347892731409, -0.2671649207670877,0.017424146957966617]
[0.5423875379772488, 0.110263662883684, 0.13864197788074212, -0.9493908371774266, -0.043275861654571784, -0.31019880648141196,0.023684141088656678]
[0.5746939580240243, 0.1301335246322813, 0.18046858894294535, -0.93402831103352, -0.04849884565457139, -0.35254217823370415,0.03087051545212049]
[0.6025136814893736, 0.1502357718579209, 0.22454473049737805, -0.9166928414174279, -0.053341578037813545, -0.39409477552776856,0.038964322760651045]
[0.625773278395506, 0.17029469666085784, 0.27049730700528624, -0.8974138471494769, -0.05776599600332674, -0.4347561931911115,0.047942977922655325]
[0.6444421279831283, 0.19003788546216083, 0.3179606857151678, -0.8762247947270836, -0.06173704581394893, -0.4744261011392387,0.057779934557489775]
[0.6585284945330496, 0.2091988859531658, 0.3665789689987069, -0.8531633473719182, -0.06522286187533737, -0.5130045316972909,0.06844436754019945]
[0.6680754724349781, 0.2275194403157754, 0.41600751713081374, -0.8282715097381534, -0.0681949041659759, -0.5503922343455768,0.07990087342424611]
[0.6731569646938947, 0.2447513132165498, 0.4659137562651814, -0.80159576334724, -0.07062805298404827, -0.5864910958306283,0.09210920055470687]
[0.6738738433936614, 0.260657761536443, 0.5159773305096346, -0.7731871877842912, -0.07250066071258796, -0.6212046216768744,0.10502402034653349]
[0.6703504199161977, 0.2750147078973883, 0.5658896785831137, -0.7431015627576387, -0.07379456104382166, -0.6544384732924131,0.11859475056764052]
[0.6627313278638671, 0.28761169119107544, 0.615353133891637, -0.7113994462861389, -0.07449503683400732, -0.686101053130789,0.13276544054722017]
[0.6511788937088183, 0.29825267407993883, 0.6640796614536035, -0.6781462245362634, -0.07459074846834916, -0.7161041287921526,0.14747472704492734]
[0.6358710403465175, 0.30675678958839003, 0.7117893555168329, -0.6434121291791732, -0.07407362528915695, -0.7443634855612546,0.16265586809194602]
[0.6169997381635169, 0.312959106391675, 0.7582088276559817, -0.6072722185714708, -0.07293872326723663, -0.7707995957218893,0.1782368604817804]
[0.5947699881499834, 0.3167114853943061, 0.8030696164758209, -0.5698063195751918, -0.07118405266529, -0.7953382920879791,0.19414064478335413]
[0.5693992931662516, 0.31788358901255553, 0.84610674677437, -0.531098927414533, -0.06881037994257679, -0.8179114325750807,0.21028539981242242]
[0.5411175477998599, 0.31636408975336244, 0.8870575582845112, -0.4912390616091069, -0.06582100857308965, -0.8384575423208911,0.22658492647357809]
[0.5101672552957803, 0.3120621068861726, 0.9256609121959668, -0.4503200767154083, -0.06222154378722649, -0.8569224198607065,0.24294911882086412]
[0.4768039626246966, 0.30490888003234135, 0.9616568679723361, -0.4084394273379271, -0.05801964649301872, -0.8732596941779375,0.25928451812814984]
[0.4412967925066702, 0.2948596672414268, 0.9947869040462013, -0.3656983876264343, -0.05322478178263776, -0.8874313200776235,0.27549494375923417]
[0.4020311818958543, 0.32150718320200095, 1.0011865401972222, -0.35349252409020226, -0.08803637201716458, -0.8792033251152656,0.30707351842947017]
[0.3629875560088632, 0.3433331075239927, 1.0056021516474845, -0.3426293334777436, -0.12078652204257222, -0.8689629545667799,0.3360344320512843]
[0.3247874734638757, 0.36046204648007024, 1.0083149706442742, -0.33323906375404216, -0.1512759965007897, -0.8571604785709539,0.362413042324688]
[0.28798080141446913, 0.37308618065525034, 1.0096026049211195, -0.32543901001781733, -0.17932290298875436, -0.844210490061377,0.38631773929323854]
[0.25304141152961945, 0.3814502001340374, 1.0097292375104616, -0.3193324447590183, -0.20476393774823862, -0.8304809923343652,0.4079213660662951]
[0.22036634165201438, 0.38583720768481145, 1.0089366695074937, -0.3150076550408395, -0.22745548718235753, -0.8162841118310368,0.42745108186612857]
[0.19027786101484864, 0.38655624140203293, 1.007436484503245, -0.3125370945592515, -0.24727457722350063, -0.8018686509275769,0.4451769475646607]
[0.1630277605271873, 0.38393187830202735, 1.005403574915248, -0.3119766576639577, -0.26411966375785395, -0.7874146495560851,0.4613995426457769]
[0.1388031276450312, 0.3782961738106919, 1.0029712246035913, -0.3133650814984835, -0.2779112585419823, -0.7730300747630009,0.4764369439757686]
[0.1177328590934891, 0.3699829832450462, 1.0002278904138073, -0.3167234814408042, -0.288592386317578, -0.7587497049974574,0.4906114104154265]
[0.09989421198201129, 0.35932451429155676, 0.997215769261139, -0.3220550240069214, -0.2961288701316463, -0.7445362222093251,0.5042361228677719]
[0.08531878908144139, 0.3466497869816235, 0.9939311788186634, -0.3293447403258975, -0.30050944319104067, -0.7302834709573539,0.5176023267134319]
[0.07399748867796564, 0.33228454068210367, 0.9903267206258737, -0.33855948221408433, -0.30174568691218934, -0.7158217909151623,0.5309672128143434]
[0.0658841125880621, 0.31655203449426494, 0.9863151363455358, -0.34964802177694254, -0.2998717961588446, -0.7009252786251485,0.5445428546222946]
