[0.20711374127833937, -5.465981216223074e-05, -0.059994608342619105, 0.9999999847503128, -0.00017134672690699592, -3.355989829319812e-05,3.661541048756229e-06]
[0.24379347895385112, -0.006692987639417372, -0.04600226204258617, 0.9994109957073336, 0.02579448666127672, 0.022211555218978506,0.004353496515666135]
[0.2784020377947042, -0.019897169299397922, -0.028714492250716428, 0.9975991094896333, 0.05096089984814111, 0.04359025457119972,0.01728852621181833]
[0.3103468713888706, -0.03940396663320595, -0.008221934356766325, 0.9944622549270131, 0.07454825055182286, 0.0632584304787871,0.038545464564638046]
[0.3390468747548222, -0.06483573442073041, 0.015519590359485302, 0.989834065604393, 0.09581247473204141, 0.08041350660216139,0.06769165539964682]
[0.36391053290023184, -0.09568890621904191, 0.04267205641850097, 0.9834891489076357, 0.11406188030584494, 0.09431397878289284,0.10413383142941526]
[0.3843236048105491, -0.13131556420355567, 0.07348608981540686, 0.9751502779149432, 0.12867279910844964, 0.10429754365227797,0.14713010786411834]
[0.39964990069338124, -0.17090191282263717, 0.10826178082479807, 0.9644973290868275, 0.139103755820773, 0.10979739569095566,0.1958049519302685]
[0.40924716228864466, -0.21344836806126322, 0.14730223480955393, 0.9511777452059037, 0.14490784486779798, 0.11035631566173928,0.24916680580356196]
[0.41249824900264354, -0.2577563429075401, 0.1908631623914154, 0.9348182645772312, 0.14574304529815862, 0.10563822426709821,0.30612798391151264]
[0.4088559452140439, -0.30242660244692143, 0.23910212022478644, 0.9150376250093717, 0.14138024853468448, 0.09543693332499859,0.3655264175117846]
[0.39789792463871676, -0.34587328230539605, 0.2920310926014721, 0.8914599253115603, 0.13170882365951686, 0.07968189136085907,0.4261487809707902]
[0.3793869164420223, -0.38635637185368343, 0.3494759462356956, 0.8637283085693057, 0.11673959848055145, 0.058440789785686266,0.48675450610326293]
[0.3533300701960736, -0.42203377011031573, 0.4110459045872326, 0.8315186207417233, 0.09660519085021996, 0.03191896816983515,0.546100173898112]
[0.3200310284014942, -0.4510320807740062, 0.47611559692911043, 0.794552695427695, 0.07155768234738219, 0.0004556308565710941,0.6029637673079362]
[0.280128350786594, -0.47153330431419577, 0.5438214768193758, 0.752610921063516, 0.04196368423212054, -0.035483039413889646,0.6561682746182917]
[0.2346147010658389, -0.4818727019929091, 0.6130735210888787, 0.7055437602489089, 0.008296902281975752, -0.07531371377682446,0.7046041500754142]
[0.18483255245255478, -0.48064153518160857, 0.6825821680982964, 0.6532819120778098, -0.028871638518565113, -0.11834847054972984,0.7472501665170468]
[0.1324439862089983, -0.46678728577298206, 0.7508994915124813, 0.5958448368273833, -0.06888549761979385, -0.16380978215903524,0.7831922330519068]
[0.07937429521815519, -0.43970346316733133, 0.8164726927305994, 0.5333473975206002, -0.11101659284692302, -0.21084759238016332,0.8116397984686017]
[0.027731376721056855, -0.3993012724084213, 0.8777071881579568, 0.46600441396037423, -0.1544805460208625, -0.2585580926396096,0.8319395169128053]
[-0.020294896487511496, -0.3460562700690062, 0.9330359171987387, 0.3941329709376573, -0.19845326757168064, -0.3060037672341771,0.8435859151553389]
[-0.06254719865875877, -0.28102462197785105, 0.9809910442912115, 0.3181523724279623, -0.2420884206417366, -0.352234248373618,0.8462288690314941]
[-0.09702154788003552, -0.2058255945361438, 1.0202740026724353, 0.23858168660348453, -0.28453538619714, -0.3963075036116111,0.8396777687900367]
[-0.12198585590696129, -0.12258930441699215, 1.0498198442772082, 0.15603488122570316, -0.32495733993516634, -0.4373108709132769,0.8239023274904695]
[-0.13608749290761735, -0.03387132851068053, 1.0688521199510643, 0.07121360422777892, -0.36254904952190325, -0.4743814604768906,0.7990300615242625]
[-0.13844163234676643, 0.05746167460694649, 1.0769250028919128, -0.015102281186935573, -0.3965540069640754, -0.5067254573856261,0.7653405460976277]
[-0.12869333838155933, 0.14836887237870844, 1.0739500578533991, -0.10206624503710286, -0.42628052557099605, -0.5336358848578602,0.723256619420044]
[-0.10704816182683705, 0.23578636636992686, 1.0602059087711153, -0.18877851132071252, -0.4511164536733234, -0.554508423689208,0.6733327757850869]
[-0.07426828007639547, 0.3167829043607009, 1.0363300178704333, -0.27430109453337903, -0.4705421875354256, -0.5688549285992133,0.6162410482072344]
[-0.03163376859414529, 0.3887100490741173, 1.003292802913677, -0.35767415554892384, -0.48414170306351295, -0.576314335558819,0.5527547344315766]
[0.019128782287431024, 0.44933687801868055, 0.9623553256049393, -0.4379333467702865, -0.49161136915787723, -0.5766607145394989,0.4837303647778261]
