[0.2071364120577753, -5.8929147659591556e-05, -0.05997742182481186, 0.9999999770734602, -0.00021409650021507053, 1.5587240728460204e-06,3.65217436765286e-06]
[0.2569938367629921, 0.006527451750901199, -0.04627775290047298, 0.9993738338258052, -0.010296012981918387, 0.033851286519105385,0.0001509370391896956]
[0.3052269213912939, 0.013020123867483305, -0.028788650461247012, 0.997483725669642, -0.020537573284728508, 0.06785366956605936,0.0005519367763892392]
[0.35162911901018185, 0.019361040559090034, -0.007675424339535608, 0.9942819895096348, -0.031091831228466607, 0.10215335788548303,0.0011466648785954754]
[0.39600988080187366, 0.02549444436618193, 0.016902553921849833, 0.9896907417508455, -0.04210052200191086, 0.13688099402550716,0.0018371756631660888]
[0.4381890252828913, 0.03136728462654341, 0.04479246177057, 0.9836040075499729, -0.05368873168606794, 0.17214666518834174,0.0024903987848471205]
[0.4779913093072205, 0.0369293298612217, 0.07584724457017022, 0.9758906378722749, -0.06595993798211723, 0.208033877179494,0.002942012968567403]
[0.5152414967771433, 0.0421330007066646, 0.10992352805866457, 0.9663979534720782, -0.07899153414645615, 0.2445942056705961,0.0030012681550705897]
[0.5497601966959779, 0.04693296555907343, 0.14687836376398447, 0.9549560395789213, -0.09283093851707695, 0.28184276508759276,0.0024566427418071506]
[0.5813607076960656, 0.05128555525888564, 0.1865649955514745, 0.9413826012111859, -0.10749238034161265, 0.31975461707845076,0.0010822025545680796]
[0.6098470627292831, 0.055148064425603945, 0.22882787717441347, -0.9254882769250526, 0.12295443910923716, -0.3582622193691574,0.0013554889582371673]
[0.6350134167910555, 0.0584780149278767, 0.27349720388604337, -0.9070822986766056, 0.13915839950267703, -0.39725399233409103,0.005090073677755004]
[0.6566448641920262, 0.061232461056217394, 0.3203832446855537, -0.8859783775296731, 0.1560074677096806, -0.4365740552879351,0.010347889550452695]
[0.6745197120158916, 0.06336741603106279, 0.36927077477139636, -0.8620006893413504, 0.17336687747720902, -0.47602315789239474,0.01734043018473142]
[0.6884131751518455, 0.06483747547167934, 0.4199139097772654, -0.834989831416984, 0.19106489628739007, -0.5153608047322293,0.026256956843375513]
[0.6981023978593228, 0.06559570548935292, 0.4720316342529471, -0.8048086205164026, 0.2088947237260744, -0.5543085436388164,0.037257444771573174]
[0.6958129417036736, 0.09650905673160359, 0.5175182846945792, -0.7808573110655327, 0.19329846241563378, -0.5908455294683024,0.061637038301493044]
[0.6888468396066943, 0.12706436576149496, 0.5626715035251987, -0.7553124566754273, 0.1775277686054372, -0.6246624912285783,0.0882255984225202]
[0.6773574530647228, 0.15675637427780306, 0.6072068032494871, -0.7283302417000641, 0.16162980405845617, -0.6555891527870313,0.11667788227909501]
[0.6615681540714576, 0.18510541026098087, 0.6508620700054843, -0.7000711615225792, 0.1456634995257442, -0.6835050157718127,0.14664040072611206]
[0.6417647661826741, 0.2116654698301096, 0.6934007984290373, -0.6706982247146094, 0.12969918767770156, -0.7083387733468921,0.17775880921584844]
[0.6182868996944911, 0.23603080562205264, 0.7346144675148685, -0.6403751811329726, 0.11381805635332991, -0.7300666275635738,0.2096849941097671]
[0.5915185411839405, 0.2578409139006967, 0.7743240079760219, -0.6092647971567452, 0.09811142913828146, -0.7487095829577143,0.24208369380294933]
[0.5618782656413438, 0.27678388639892265, 0.8123803397838807, -0.5775271984112903, 0.08267988249352415, -0.7643298122102853,0.2746385083935854]
[0.5298094312417082, 0.29259816528579813, 0.8486639872779067, -0.545318299229021, 0.06763221074748374, -0.7770262102437253,0.30705716925297516]
[0.49577069322888423, 0.30507280734677306, 0.8830838076186086, -0.5127883367740893, 0.053084252210601056, -0.7869292706319043,0.339075960307486]
[0.46022713587425523, 0.31404642343310707, 0.9155748955793698, -0.4800805262270601, 0.03915759144920957, -0.7941954322754489,0.37046320562541585]
[0.4236422720834836, 0.3194050088387525, 0.9460957529266594, -0.44732985170543466, 0.025978154344345746, -0.7990010546368412,0.40102176245095605]
[0.3848101060083276, 0.3459347950886086, 0.9511050329680226, -0.44007212118621775, -0.014784622589468239, -0.7894933555242235,0.42757243207748097]
[0.34570935238007505, 0.3680992441299452, 0.9541609132031561, -0.4329680233068251, -0.05420622364295862, -0.7781385720579286,0.4517750975737799]
[0.30693961746521603, 0.3859348739596832, 0.9554650096731616, -0.42611877658096037, -0.0921089874024438, -0.7653040941921313,0.47354869453690146]
[0.2690624486605578, 0.3995539788655298, 0.9552343786343515, -0.41962492591562645, -0.12832515133762698, -0.7513519906945864,0.49286688178834115]
[0.23259130216039117, 0.4091348029208143, 0.9536957219400682, -0.4135854846454977, -0.16269766759694787, -0.7366313941983447,0.5097555344775234]
[0.19457396309590425, 0.4161839310080222, 0.9495399385560694, -0.40855669063744976, -0.19940822153204557, -0.719376907301248,0.5251805946172173]
[0.15923277966066932, 0.41895282735351946, 0.9443565561447148, -0.4042032156156713, -0.23361186469836506, -0.7019647388053775,0.5378575672350464]
[0.12701021422081868, 0.41785267128323156, 0.9384392157244199, -0.40064201412752165, -0.2651519330201425, -0.684754111416643,0.5479892661626948]
[0.0982559952269839, 0.4133267564129874, 0.9320633411113276, -0.39798408868123997, -0.293890721034011, -0.6680529312355743,0.5558256833884428]
[0.0732293363663555, 0.4058344944389703, 0.9254787738206345, -0.3963332144199656, -0.3197100435316892, -0.652112018011021,0.561654152640303]
[0.05210401859625997, 0.3958374269506712, 0.9189033573273626, -0.3957847177758402, -0.3425116384054686, -0.6371210229306996,0.5657888624492703]
[0.03497563982305539, 0.3837876738767383, 0.9125176361091354, -0.3964243211095812, -0.3622174101559879, -0.6232060985263311,0.5685599917091297]
[0.021870290342613036, 0.3701190506871021, 0.9064608018901987, -0.39832706482111413, -0.3787695148533684, -0.6104293426894492,0.5703027455943618]
