[0.20712282517669345, -7.694431715158296e-05, -0.06000058395050155, 0.9999999761884438, -0.00021466864741985874, -3.907768966946903e-05,3.6630511097461087e-06]
[0.2817152990613404, 0.0073215299127128205, -0.03353603892263271, -0.9970169841191057, 0.011881852234503314, -0.07621526310343933,0.002681163104777404]
[0.35166248401978356, 0.017296482878211155, 0.003044012347275832, -0.9881099658665168, 0.02301965393900612, -0.15163736040885395,0.010719226466257522]
[0.4155175284608934, 0.029608513546292504, 0.04895058629965571, -0.9734067654261274, 0.033110078148767076, -0.2254098578138031,0.02394551623975093]
[0.4719851982847419, 0.04395330074478363, 0.10319301293542385, -0.9531178412852827, 0.041656684917851, -0.2967484140642687,0.04208895313118852]
[0.519954225136599, 0.05997201348364, 0.16460600418135762, -0.9275324097775696, 0.04819483271377851, -0.36491730466195504,0.06477845066192812]
[0.5585239927452964, 0.07726353580086041, 0.23188151160232645, -0.8970131497770101, 0.05230129462935727, -0.42924393949551765,0.09155121033383039]
[0.5870247473969589, 0.09539801484910926, 0.3036043405241663, -0.8619895699737047, 0.05360305822329369, -0.48913197320768914,0.12186306327846289]
[0.6050307492112633, 0.11393118935412475, 0.3782903675674846, -0.8229501655401237, 0.051785134931438825, -0.5440727166791485,0.15510062476659212]
[0.6123660314661422, 0.13241892779959102, 0.45442612993321374, -0.7804335141394784, 0.04659722413855966, -0.593654596260606,0.19059498694651578]
[0.6091026960382444, 0.15043140288889592, 0.5305085202348527, -0.7350184815013534, 0.03785909915292493, -0.6375704513498401,0.22763664034670483]
[0.5955519340123078, 0.16756635102593248, 0.6050833312763578, -0.6873137238064637, 0.025464607059233795, -0.6756225096051977,0.2654912868050215]
[0.5722482116369014, 0.18346091162933653, 0.6767814502566427, -0.6379466875554648, 0.00938420126647737, -0.7077249314199815,0.30341618620334576]
[0.5399272934999961, 0.19780160884559927, 0.7443515990933449, -0.587552317187783, -0.01033404599730919, -0.7339038700798023,0.3406766671530081]
[0.49949897834397305, 0.21033212447203714, 0.8066886529723214, -0.5367616862802532, -0.033564974506041644, -0.7542950500581316,0.37656242787323996]
[0.4520155908089512, 0.22085861162270745, 0.8628567374969134, -0.48619076958337737, -0.06010840346421538, -0.7691389219163601,0.41040325802586664]
[0.3986373985508549, 0.2292524092050785, 0.9121064993765521, -0.43642957041556596, -0.08969269895329735, -0.778773507005556,0.44158382512001637]
[0.3405962043180337, 0.23545013253004038, 0.9538861589544674, -0.3880318110823977, -0.12197977558637439, -0.7836250973875812,0.4695571899995958]
[0.2791583942661928, 0.23945123006857322, 0.9878461768738226, -0.3415053831469471, -0.1565714385649912, -0.7841970249280822,0.49385674441207267]
[0.2155887065931876, 0.24131320526512068, 1.013837593333366, -0.29730373975280966, -0.19301694609676806, -0.7810567572694594,0.5141062990979475]
[0.19413096470165925, 0.2650176027183808, 1.0077463452974373, -0.2985498693585231, -0.22766470937801098, -0.7618993495444938,0.527774702665363]
[0.17302957364085997, 0.28602326041509707, 1.0003248521471624, -0.30036080017474165, -0.2605325023303888, -0.7425805004999293,0.5389623411938258]
[0.1526241163331086, 0.30440549392560984, 0.9918621758300967, -0.3027745260882399, -0.29145574591735685, -0.7234316250668421,0.5477479515041089]
[0.1332106902020953, 0.3202770838784621, 0.9826519919063077, -0.3058205080531835, -0.3202758655233712, -0.7047668032673563,0.5542571062509348]
[0.11503781728174818, 0.3337793632978286, 0.9729866769950137, -0.3095194512129281, -0.3468413012034658, -0.6868760463150686,0.558659214637076]
[0.09830433318521278, 0.34507307299170187, 0.9631514094858913, -0.31388315624029434, -0.3710084994305934, -0.6700190468770417,0.561163554056098]
[0.08315921848593993, 0.3543293764516369, 0.9534184050865033, -0.31891444602166147, -0.39264287921435564, -0.6544195520417155,0.5620144085577152]
[0.06970325824342286, 0.36172140397243785, 0.9440414068131358, -0.3246071682211684, -0.4116197655232843, -0.6402604858317629,0.5614854096523488]
[0.05799234432285107, 0.3674166590012998, 0.935250544535623, -0.3309462736676901, -0.427825283054031, -0.6276799336444115,0.559873192808297]
[0.04804217365046626, 0.3715705698500042, 0.9272476722385875, -0.33790796991357336, -0.4411572035544107, -0.6167680840641439,0.5574904986641348]
[0.039834046026879955, 0.37432140914807643, 0.9202022818958555, -0.3454599487248817, -0.45152574012249397, -0.60756520439666,0.5546588611392426]
[0.03332142947748355, 0.3757867345060448, 0.9142480814556462, -0.3535616856825868, -0.4588542821698425, -0.6000607053875296,0.5517010349831758]
[0.028436940642603343, 0.3760614298366194, 0.9094803111318215, -0.362164809507196, -0.46308006505203303, -0.5941933283225628,0.5489333226203132]
[0.025099383042771265, 0.37521735087404723, 0.9059538572629565, -0.37121353817001834, -0.46415476873202566, -0.5898524644995821,0.5466579642394189]
[0.023220497168684143, 0.3733045039151567, 0.9036822067440964, -0.3806451783268815, -0.46204504024947296, -0.5868805933760347,0.545155755831261]
[0.022711102548086632, 0.370353616870694, 0.9026372677930223, -0.39039068410862776, -0.4567329352192527, -0.5850768020107854,0.5446790572401662]
[0.02348635190726929, 0.36637989933487347, 0.902750064943291, -0.4003752708310082, -0.4482162740724047, -0.58420132521311,0.5454453462840201]
[0.025469869373308605, 0.36138773618515796, 0.9039122980344424, -0.4105190787482932, -0.43650890927912894, -0.5839810235640628,0.547631465696291]
[0.028596605962807574, 0.3553760193931801, 0.9059787369766308, -0.42073788157340597, -0.4216409003530482, -0.5841156956472531,0.5513686972046197]
[0.03281431359236661, 0.34834379690119077, 0.9087704065821628, -0.43094383412578846, -0.4036585940248242, -0.5842851018560542,0.5567387816992169]
