[0.20707994239281388, -5.457398711665293e-05, -0.05999132851060246, 0.9999999937104204, -0.00010537662431740865, -3.8228705389263026e-05,3.6732257347552745e-06]
[0.23444608704306297, -0.01853729811238537, -0.04885587244562793, -0.9970312355839195, 0.07611078315256735, -0.01112017769219616,0.0034936522437245157]
[0.25963279543947854, -0.036259456390353065, -0.0352895677453095, -0.9882049730054606, 0.15079293126918658, -0.022793984422456018,0.013887313659320808]
[0.2833246956501545, -0.05304559171284304, -0.01928984283559243, -0.9737137367874514, 0.22285581392901477, -0.03547894483089428,0.03095302025878531]
[0.3061476825712231, -0.06892723000556578, -0.0006919767249114195, -0.9538731188932997, 0.29105223526437723, -0.04963565609901565,0.05432284090508299]
[0.3285820256012303, -0.08410790695155866, 0.02080930378034962, -0.9291142764875105, 0.3542068984145765, -0.06567317036658124,0.08349352691447458]
[0.3508925401972059, -0.09890710848424694, 0.045624580206593046, -0.8999736914275719, 0.4112379787913014, -0.08393396916387534,0.11783789016387149]
[0.37308242007785075, -0.11368918089428298, 0.07422331692553938, -0.8670804287003232, 0.46117673153151517, -0.10468070262238034,0.15661897380987302]
[0.3948750958843775, -0.12878479508278556, 0.10707951213150668, -0.83114119685018, 0.5031847258849013, -0.1280850515377891,0.1990066885990254]
[0.415725863081166, -0.1444133510374027, 0.1446132640085709, -0.7929235658363746, 0.5365683523434631, -0.15421901810697136,0.24409653102588655]
[0.4348622482994624, -0.16061470584132137, 0.18713242058644183, -0.7532377417524453, 0.5607903092283326, -0.18304889130251456,0.29092995182378206]
[0.4513494138749566, -0.17719779954346074, 0.23477853828693146, -0.7129173324019341, 0.5754778428057785, -0.21443206681986493,0.3385159055640948]
[0.464174579366828, -0.1937122115795058, 0.2874811525078364, -0.6727995620296368, 0.5804275872662924, -0.24811683091689668,0.38585308536892116]
[0.47234267794788504, -0.20944654834209547, 0.3449238767442342, -0.6337054069787444, 0.575606926411692, -0.2837451439592343,0.4319523315278467]
[0.47497442411498086, -0.22345503759623775, 0.4065251247312416, -0.5964201263564317, 0.5611518759268315, -0.3208583848531711,0.475858699500378]
[0.4713977398622865, -0.23461102243822984, 0.4714353381018037, -0.5616746528817892, 0.5373615619032955, -0.3589059435870441,0.5166726814501292]
[0.461224086917275, -0.24168345637930078, 0.538551557602884, -0.5301282891622685, 0.5046894460789941, -0.3972564775933095,0.5535700958835487]
[0.4444026240752126, -0.24343024390541093, 0.6065490651992937, -0.5023531241590717, 0.4637315193549994, -0.4352115803133068,0.5858201916676472]
[0.4212471215859836, -0.23870055907068075, 0.6739287180974994, -0.47882054426772197, 0.4152117509324679, -0.47202154882380726,0.6128015549268223]
[0.3924330309712844, -0.22653726975889266, 0.7390775645219493, -0.4598901641990806, 0.3599651393866168, -0.5069028831621574,0.6340154590711561]
[0.3589647997348564, -0.20627039352037455, 0.8003394411597461, -0.44580144584987913, 0.2989187628298311, -0.5390571043870113,0.6490963582676549]
[0.3221161877968145, -0.17759313462825047, 0.8560915610339962, -0.4366682099352685, 0.23307126687091295, -0.5676904425532963,0.6578192916179634]
[0.2833487413048374, -0.1406134473396543, 0.9048226532746287, -0.43247617680559786, 0.16347126042781218, -0.5920339205523728,0.6601040375767618]
[0.24421549113139107, -0.09587611230288749, 0.9452080426672037, -0.4330836011895168, 0.09119510991035472, -0.6113633458095363,0.6560159340364589]
[0.20625819559883207, -0.04435281708533427, 0.9761771696258772, -0.4382249922790242, 0.0173246314244853, -0.625018719512697,0.6457633572344935]
[0.17090692964776452, 0.012599529071847568, 0.996969444979412, -0.44751783732294104, -0.057074821709456845, -0.6324225824642369,0.6296919303865165]
[0.13939049768879974, 0.07330929035110391, 1.0071749855750913, -0.46047217544701946, -0.1309753925879095, -0.633096837620337,0.6082756088901327]
[0.11266505188487028, 0.13588398776276678, 1.0067576467867445, -0.47650280045445836, -0.20340641676008187, -0.6266776214517459,0.5821048613020385]
[0.09136654010272427, 0.19832016642464767, 0.9960588033029227, -0.49494380848297564, -0.2734723571354385, -0.6129278387063248,0.5518722323744409]
[0.07579035762768932, 0.2586205198626817, 0.9757814662969361, -0.5150651500890955, -0.34036859900295063, -0.5917470270087622,0.5183556346783142]
[0.06589904807276221, 0.31490899913394377, 0.9469554929543802, -0.5360907979298217, -0.4033947796609192, -0.5631782778037872,0.48239976733747136]
