[0.2070705614534801, -7.013207306587734e-05, -0.06001212582845987, 0.9999999700184112, -0.00023004801568555922, -8.383153923223615e-05,3.655207471753349e-06]
[0.2832821130151761, 0.015745779271144015, -0.027445522062180733, -0.997681755021125, -0.03250481127896362, -0.05977011584452586,0.0014443661652378962]
[0.35216215032599424, 0.03949559371544586, 0.018347246352199642, -0.9907186471680723, -0.0648805960492373, -0.11930481334061768,0.0057820345485872235]
[0.4110075079250166, 0.06970068884404591, 0.07621507787846096, -0.9791607506768543, -0.09653869337923109, -0.17820315996228764,0.012966834387227628]
[0.45754782420804385, 0.1044225622872188, 0.14466248246955307, -0.9630914514834381, -0.12712512295414102, -0.23615322426158708,0.022928450978552218]
[0.490050919336115, 0.14136495675035002, 0.22189244657419105, -0.9426270651761537, -0.15629288050647472, -0.2928507437075075,0.03556955735372784]
[0.5074017991170195, 0.17799553518374361, 0.30585811344023756, -0.9179163317105485, -0.18370429803576152, -0.3480015243359332,0.05076689789720886]
[0.5091513893939266, 0.21168074424105704, 0.39432171733809196, -0.8891397461576093, -0.20903342252910992, -0.4013237104773599,0.06837265152993083]
[0.49553266722885175, 0.23982681101338998, 0.4849189911200132, -0.8565087125901516, -0.23196841186747064, -0.4525498968603367,0.0882160529866495]
[0.4674435350243267, 0.26001949784076167, 0.575227102279078, -0.820264506707592, -0.2522139430047338, -0.5014290583960871,0.11010524685849231]
[0.4263974929111577, 0.27015530939842447, 0.662834068410106, -0.7806770320384627, -0.26949362348086653, -0.5477282764052057,0.1338293457241459]
[0.3744448130500855, 0.26855730105499576, 0.7454075618857724, -0.738043354620099, -0.283552393020205, -0.591234243873282,0.15916066092227346]
[0.3140684201513775, 0.25406945298420547, 0.8207610368736243, -0.6926860019870889, -0.2941588975285533, -0.6317545364330818,0.18585707237592894]
[0.2480599567339581, 0.22612470676283056, 0.8869151987728084, -0.6449510141275506, -0.3011078134029096, -0.669118640074773,0.21366450240517115]
[0.17938249287096467, 0.1847831494519251, 0.9421529840134519, -0.5952057367832883, -0.30422209587375887, -0.7031787309866618,0.24231945768020524]
[0.18274216526879045, 0.21010746023879714, 0.9505010421014197, -0.5771126043761299, -0.3161814767291387, -0.7089939690730067,0.25357024167217757]
[0.1807349496002038, 0.23830222984918822, 0.9580864020113428, -0.5563238056503934, -0.3298546400088428, -0.7148393724005387,0.26590301126031696]
[0.17281174082879597, 0.26860802403676354, 0.9647746394505857, -0.5326747401472379, -0.34501400580091124, -0.720465493635882,0.2795575602452678]
[0.1585313349547089, 0.30015187021930523, 0.9703970852641377, -0.50603031160802, -0.36140283364079717, -0.7255731292956812,0.29472860331899525]
[0.13758376530076644, 0.33195907417722226, 0.9747555458758895, -0.476288244081222, -0.37873861227529393, -0.729820906835908,0.31155740412807426]
[0.10981322924004452, 0.36297041416050874, 0.9776282520067555, -0.4433819755877424, -0.3967168612723188, -0.7328341476865837,0.3301246244838895]
[0.0752392622567685, 0.39206506182857004, 0.9787768609194071, -0.40728308266812735, -0.41501529298213125, -0.7342148145022946,0.3504445795395679]
[0.034074650741758014, 0.4180892202055589, 0.9779543037323595, -0.36800319547693217, -0.4332982780285557, -0.7335523250098333,0.3724610541371053]
