[0.20708680846408892, -6.220543975163612e-05, -0.06000708936246646, 0.999999989838156, -0.0001293819097669318, -5.975417054212704e-05,3.6672573710606637e-06]
[0.2762973302109307, 0.008595887890869692, -0.03987140774602013, -0.9977907541563219, 0.009774295053384228, -0.06565883171312174,0.0026442190597557166]
[0.34213409259150096, 0.020366931499126377, -0.012592738459807712, -0.9911874828922569, 0.01901771651637591, -0.1306665508356581,0.010580770715181606]
[0.4036296331688515, 0.035016130048895075, 0.021349792712505006, -0.9802790844400959, 0.02746536403951665, -0.19426378814470946,0.023667509440829435]
[0.4599056380190959, 0.05224831503124268, 0.06136085045595796, -0.9652121805360947, 0.03473715186727498, -0.2557769318167403,0.041676587856039594]
[0.5101916755166079, 0.07171614877613666, 0.10674238767670377, -0.9461887861957561, 0.04047399317676651, -0.3145707262611849,0.0642953725647489]
[0.5538410635190463, 0.0930297753907073, 0.15670955224801966, -0.923463114308168, 0.04434425417959806, -0.3700598453444514,0.09113273010919713]
[0.5903434456198859, 0.11576759235981769, 0.21040856659630192, -0.8973375564109007, 0.0460497526299708, -0.421719450673305,0.12172688717386274]
[0.619333754607186, 0.13948777906225004, 0.2669360897738233, -0.8681579044585348, 0.045331200850361686, -0.46909452049269007,0.15555470420197276]
[0.6405973534920433, 0.16374019455228397, 0.32535953224284964, -0.8363078906477026, 0.041973002384180044, -0.5118077598507317,0.19204217262836804]
[0.6540712626324068, 0.18807824750419508, 0.38473777011712934, -0.8022031333746925, 0.035807321858907046, -0.549565931654545,0.23057592083691236]
[0.659841501572413, 0.2120703465278661, 0.4441416987355336, -0.7662845870011643, 0.026717359425615084, -0.5821644804969432,0.2705154932300588]
[0.6581366921926789, 0.2353105588765353, 0.5026740753198286, -0.7290116011348753, 0.014639774042675678, -0.6094903560217642,0.3112061508762455]
[0.6493181816697753, 0.25742813906046025, 0.5594881267094278, -0.6908547014660932, -0.0004337863138351455, -0.6315229794062241,0.3519919314039958]
[0.6338670458583902, 0.27809563470211124, 0.6138044398732302, -0.6522882087341941, -0.018456074924490543, -0.648333334525099,0.3922287003627914]
[0.6123684226916482, 0.29703533329373477, 0.664925708692814, -0.6137828150592013, -0.03932456953231477, -0.6600812037519298,0.4312969262845543]
[0.5854936981839679, 0.3140238781184871, 0.7122489785759744, -0.575798237615994, -0.062882725743308, -0.6670106063665578,0.4686139171598775]
[0.553981122341695, 0.3288949519291959, 0.75527510860118, -0.538776068441517, -0.08892214272662008, -0.6694435344028207,0.5036452668832188]
[0.5186154671261225, 0.3415400002875561, 0.7936152566124535, -0.5031329360652931, -0.11718560842950183, -0.6677721157346728,0.5359152762056374]
[0.48020735267176007, 0.351907039889418, 0.8269942832561843, -0.4692540896892336, -0.1473709771402453, -0.6624493665506404,0.565016133542498]
[0.4395728610799967, 0.35999766788465803, 0.8552510635156125, -0.43748750989226454, -0.17913581858972383, -0.653978724444992,0.5906156661990579]
[0.3975140298633533, 0.3658624534088785, 0.87833578595008, -0.4081386414053943, -0.21210276509858708, -0.6429025785646464,0.6124635016915063]
[0.3548007707974544, 0.3695949497724527, 0.8963044077285302, -0.3814658335271575, -0.2458654717573179, -0.6297900340766001,0.6303955112679482]
[0.31583814458036186, 0.38900181721694926, 0.9016765338262787, -0.3759944560968537, -0.2748863954892173, -0.6103988497103616,0.6406862592811278]
[0.2776701155137743, 0.40436094767448655, 0.9059989248434971, -0.37059063251797103, -0.30115704691095824, -0.5926538294407475,0.64863584131238]
[0.24068356908098743, 0.4158678678453813, 0.9096077549195438, -0.3651883392319343, -0.3245068016607084, -0.5767836245648091,0.6547163225388849]
[0.20518730307878016, 0.4237304401712948, 0.9128253549727834, -0.35971587797792076, -0.3447838053655735, -0.5629321831389826,0.6594209367881698]
[0.17141814397772862, 0.4281545339017858, 0.9159502717925139, -0.35409693700095835, -0.36185601232087067, -0.5511571454924639,0.6632506212031594]
[0.13955003260000567, 0.42933223147363564, 0.9192480661072402, -0.34825171002617666, -0.37561207359604887, -0.5414302798340032,0.6667005090080506]
[0.10970537652529314, 0.42743308354282306, 0.9229430804330244, -0.34209806132819565, -0.3859620678461918, -0.5336399379668262,0.6702466823686217]
[0.08196787761724185, 0.4225987552617826, 0.9272113832633978, -0.3355527247681418, -0.3928380694155869, -0.5275954670192854,0.6743334807787708]
[0.056395992993979904, 0.4149412219170124, 0.9321750669292803, -0.3285325243291356, -0.3961945496707141, -0.5230334704658178,0.679361647461519]
