[0.20713668720580952, -8.504637423005862e-05, -0.05998851648753563, 0.9999999782990263, -0.00020802265791142172, -1.0724626093758643e-05,3.6746963244687336e-06]
[0.2724471387912302, 0.009378403633753115, -0.040561014757965336, -0.9981213852364952, 0.005282557349216049, -0.06099992843889338,0.002191723495883981]
[0.3345766644620385, 0.021847116053870238, -0.0145650434234956, -0.9925105470514503, 0.010055973270180185, -0.12142720493458624,0.008782100830363742]
[0.39266902461554376, 0.03709061053840561, 0.0175631416574627, -0.9832394138643564, 0.014233265692928059, -0.18069698867999212,0.019653688034929652]
[0.4459495100791425, 0.05482199580381685, 0.055288873350367, -0.970426570638474, 0.017531074935790914, -0.23825706417437167,0.03461941336094678]
[0.4937409952833974, 0.07470579217061876, 0.0979911263654395, -0.9542352708469397, 0.019683251703423183, -0.29358748876649443,0.05342287818745046]
[0.5354773787889326, 0.09636704719937528, 0.14497659438687474, -0.9348707300909384, 0.02044612141124143, -0.34621026900010876,0.07574380355742194]
[0.5707140454115686, 0.11940143325966442, 0.19549539978794617, -0.9125767249443472, 0.01960335503708325, -0.39569813235352325,0.10120482998885665]
[0.5991350790382954, 0.14338598237145328, 0.24875799789158098, -0.8876315539515536, 0.016970360598310745, -0.44168220494827143,0.12937952358370705]
[0.6205570586370823, 0.16789009331682983, 0.30395280453632817, -0.8603434284253967, 0.012398117344586046, -0.48385842922831157,0.15980141525110347]
[0.6349293783316943, 0.19248643962130946, 0.3602640569527626, -0.8310453703054735, 0.005776384055621837, -0.5219925826157561,0.19197387732505097]
[0.6423311419677175, 0.21676141478246835, 0.4168894142116917, -0.8000897026852509, -0.002963776711507358, -0.5559237881651126,0.22538062347234436]
[0.6429647895378839, 0.240324772751695, 0.47305681486155565, -0.7678422255617493, -0.013848205139133185, -0.585566440634997,0.2594966039486166]
[0.6371467134730249, 0.2628181562749472, 0.5280401354360548, -0.7346761747887799, -0.026858615901106577, -0.6109105054932181,0.29379905926946787]
[0.6252952136923405, 0.28392225187785747, 0.5811732334247182, -0.7009660660330006, -0.04193235677758726, -0.6320201834503196,0.3277784914187033]
[0.6079162183639739, 0.3033623661865647, 0.6318620107596808, -0.6670815276765053, -0.058962962523410205, -0.649030968438699,0.3609493129107848]
[0.5855872599535329, 0.32091228166891467, 0.6795941971850796, -0.6333812270423123, -0.07780149896770691, -0.6621451617733991,0.39285994034621635]
[0.558940241304756, 0.33639631822437366, 0.7239466250026723, -0.6002069930296545, -0.09825867895135282, -0.6716259388097535,0.42310211042602097]
[0.5286435528156698, 0.3496895976120291, 0.7645898453140781, -0.5678782352518302, -0.12010771859843343, -0.6777900960397306,0.4513192124990912]
[0.49538410854701587, 0.3607165776640661, 0.801290018490767, -0.5366867551155797, -0.14308788978305204, -0.6809996355696535,0.4772134522778487]
[0.4598498563393656, 0.36944798979237, 0.8339080955624226, -0.5068920380394346, -0.1669087127009981, -0.681652369676782,0.500551685953361]
[0.42271328543784625, 0.3758963738011741, 0.8623963898527328, -0.4787171082768537, -0.19125472138397312, -0.6801717500969293,0.5211697920653755]
[0.38461640611886116, 0.3801104560559405, 0.8867927168910388, -0.4523450187101532, -0.21579072498542706, -0.6769961443735657,0.5389754795551477]
[0.3461576113885715, 0.3821686585561984, 0.9072123529065786, -0.42791603765749536, -0.24016747888803047, -0.6725677946122047,0.5539494638056365]
[0.31202396044237646, 0.3981975328914823, 0.9088534168707164, -0.4208103615957258, -0.26403901705571714, -0.656835483121456,0.567247023049508]
[0.2778585364059356, 0.41142577804970404, 0.9099772352321107, -0.4134963462868644, -0.2870745422666785, -0.6409667215833379,0.579457194806052]
[0.22192972825036084, 0.4279139934858423, 0.9103049508384713, -0.4015473663375337, -0.3233251907545658, -0.6142720268877627,0.5974030553940232]
[0.16737342933329735, 0.43726888221880145, 0.909696526382324, -0.3892055862431968, -0.357138527721094, -0.5878528395274015,0.6126990474236681]
[0.12447687850557448, 0.44075734510616904, 0.9078937243531006, -0.3795981312125766, -0.3830114365114099, -0.566135713897215,0.6234563751630717]
[0.0833268611091001, 0.4400712054322301, 0.9057984946186722, -0.36980625092824476, -0.40724935573921367, -0.5449476607175225,0.6327901280068233]
[0.044294717404887246, 0.4355356323785967, 0.9035209421045287, -0.35992819423903344, -0.4298066510091966, -0.5244158949418226,0.6408634073439168]
[0.007701075553350777, 0.4274995439975335, 0.9011643048266165, -0.3500617076364717, -0.4506449492661948, -0.5046410302305382,0.6478528854264429]
