[0.2070964808642171, -8.53701073008482e-05, -0.05999208059817476, 0.9999999759206063, -0.00021917047284184183, 1.046722063962754e-05,3.678093660109369e-06]
[0.22672279070119536, -0.017951805230432757, -0.04975596957792085, -0.9968166266936841, 0.07936776512325609, -0.006595811579168295,0.003723691176313712]
[0.24443906415094246, -0.03382951709593272, -0.03772202608030367, -0.9873701452696335, 0.15714007012682923, -0.013696194086822445,0.01481920572413869]
[0.26116891401866343, -0.047609028932516013, -0.02385609799572666, -0.9718643849798317, 0.23218815062536657, -0.021808334524306965,0.033055657038119635]
[0.27775770463019334, -0.05943856872580154, -0.00794516559967745, -0.950633404083614, 0.3032152056961659, -0.03139605727316308,0.058059948869531024]
[0.29487457640980486, -0.06968437856408527, 0.010379489289750687, -0.9241334746480037, 0.36899973240628553, -0.04287492426630761,0.08932110270398536]
[0.3129328872824052, -0.0788677600934731, 0.03160470277546415, -0.8929321700964628, 0.42841807533906406, -0.056598110650725994,0.12620121314932853]
[0.33203618540176794, -0.08758521131938131, 0.05628603928878287, -0.8576947950345127, 0.4804648817399211, -0.07284389019622264,0.16794911028769977]
[0.35195451288044355, -0.09641963311509082, 0.08499002847228365, -0.8191684852177434, 0.5242710302840591, -0.09180505873167787,0.21371642618720835]
[0.3721331103815728, -0.10585146338875528, 0.11823207221382123, -0.7781643619012717, 0.5591186591402287, -0.11358057718831463,0.2625757097554703]
[0.39173269338376976, -0.11617865165600452, 0.1564144081619563, -0.7355381719416689, 0.5844529851405746, -0.13816966227369593,0.31354018913713816]
[0.4096976625894039, -0.12745361139986228, 0.19976856993617045, -0.6921698817765272, 0.5998906789175018, -0.16546849364767002,0.3655847449215278]
[0.42484614384521563, -0.13944375302135487, 0.24830654473886965, -0.6489427188954394, 0.6052246391242609, -0.1952696431116158,0.41766763133928086]
[0.4359738455385118, -0.15162004705182094, 0.30178431054660626, -0.6067221680212794, 0.6004250904857666, -0.22726426524449908,0.4687524669690773]
[0.4419625404456484, -0.16317549297249598, 0.3596806699565156, -0.5663354306089585, 0.5856370135221252, -0.26104702167822025,0.5178300115895014]
[0.4418836245736192, -0.17307260932568114, 0.42119333456422314, -0.5285518453997199, 0.5611739964093675, -0.2961236443846064,0.563939251794792]
[0.4350877024761831, -0.1801163684421263, 0.48525311385284164, -0.4940647448956729, 0.5275086796637101, -0.33192097852373453,0.6061873346965194]
[0.4212724445723697, -0.18304662024982327, 0.5505558963806476, -0.4634751882826798, 0.4852600402902816, -0.36779928411043067,0.643767916062663]
[0.40052293304913916, -0.1806422014527522, 0.6156109534593746, -0.4372779663459157, 0.4351778319609862, -0.40306651944525024,0.6759775259728744]
[0.3733211748810562, -0.17182777718477288, 0.6788030210951472, -0.41585021936305416, 0.3781245600603319, -0.4369942792667976,0.7022296006456668]
[0.34052418647143945, -0.15577411618368303, 0.7384646941988675, -0.3994429461268326, 0.31505542362697475, -0.46883501810768263,0.7220658824710617]
[0.30331279583219695, -0.13198298818191234, 0.7929549578748798, -0.38817561264254585, 0.24699669910363745, -0.49784015539770116,0.7351649502357173]
[0.26311581771271386, -0.1003491480556319, 0.8407392304543692, -0.38203399433098006, 0.17502307241562765, -0.5232786342791372,0.7413477066833566]
[0.22151631117502898, -0.06119381813796394, 0.8804661319155416, -0.3808713075311648, 0.10023444552323543, -0.5444554914883429,0.7405797194214393]
[0.18014804847925084, -0.01526652018158385, 0.9110363311096475, -0.3844126066088773, 0.023732750815298194, -0.5607299913923905,0.7329703821928942]
[0.14059098972662565, 0.03628518010813053, 0.9316592583163531, -0.39226234394114234, -0.05340069859625024, -0.5715328834872174,0.7187689350605105]
[0.10427442108786639, 0.09197571561039794, 0.9418941698990527, -0.40391491336000807, -0.1301268122875744, -0.5763823592587574,0.6983574524729872]
[0.0723955016197137, 0.1500665298104562, 0.9416729759686983, -0.4187679251421802, -0.205468798809532, -0.5748983109342761,0.6722409758953989]
[0.045859371905870944, 0.20866916816357103, 0.9313033324112425, -0.43613789406769954, -0.27853027473499775, -0.56681453072715,0.6410350311572682]
[0.025244865825627495, 0.26585811299937434, 0.9114516871302774, -0.4552779630437117, -0.3485110172141029, -0.5519885339037932,0.6054508284624788]
[0.01079743954262543, 0.3197843309035822, 0.8831071823072528, -0.4753972347228582, -0.4147200305475538, -0.5304087413730632,0.5662784938133706]
