[0.20706691459110116, -6.947097697952694e-05, -0.05999530348721735, 0.999999984088276, -0.0001721471400636299, -4.664105908522736e-05,3.6635955555656694e-06]
[0.2810537611609065, 0.009742309398956695, -0.030921079572352045, -0.9967178479243347, 0.0220085850635545, -0.07779200094185063,0.004190274698226971]
[0.34974150179890656, 0.023701216768102704, 0.009227758292413929, -0.9869100736651452, 0.04328060187665261, -0.15445252102021093,0.016724674883362135]
[0.411405641250763, 0.04126256355825834, 0.05962172861406545, -0.9706911645853331, 0.06343316891180148, -0.22877909308154107,0.03735000196204014]
[0.4645017423308873, 0.061722547790003204, 0.11921123969223976, -0.9482500720219624, 0.0819288755671276, -0.2996643509587769,0.0656562032340019]
[0.5077057829928472, 0.08424371880218551, 0.1867510792278404, -0.9198474150116625, 0.0982563893915542, -0.3660722838324904,0.10108164051776396]
[0.5399479310691838, 0.10788518463458731, 0.26082941936877213, -0.8858116490091865, 0.11193850623003457, -0.4270595373801464,0.14292531208736253]
[0.5604387472358778, 0.13163647469891412, 0.3399005967589017, -0.8465342435481139, 0.1225396639902247, -0.48179464641777503,0.1903620863847544]
[0.5686870776113143, 0.15445384322272343, 0.42232083243774543, -0.8024639441598282, 0.12967280210973417, -0.52957477237588,0.24246060129327626]
[0.5645091716153922, 0.1752977157513742, 0.5063859846939266, -0.7541002081251674, 0.13300545919197387, -0.5698395763160651,0.2982034225065821]
[0.5480288485045297, 0.19316994567863746, 0.5903703811167369, -0.7019859164678961, 0.13226501337265045, -0.6021819240096506,0.35650900369316924]
[0.5196688271394687, 0.20714956145168256, 0.6725657553046718, -0.6466994758067369, 0.12724298358502695, -0.6263551923318683,0.41625495091179526]
[0.48013361776047697, 0.21642574699565467, 0.7513193194084429, -0.5888464330855607, 0.11779832479291291, -0.6422770241820335,0.4763020650031528]
[0.4303846418983149, 0.220326905430262, 0.8250700355733432, -0.5290507336506733, 0.10385966621811467, -0.650029460507546,0.5355186191245039]
[0.3716084878026502, 0.21834480498722658, 0.8923822063140905, -0.46794575852248277, 0.0854264583490265, -0.6498554608953833,0.5928043245787011]
[0.3051794157305435, 0.21015299032009985, 0.9519755841002153, -0.4061652799317046, 0.06256901181176854, -0.6421519066727515,0.6471134466965195]
[0.23261739325660336, 0.19561885495632347, 1.0027513014888367, -0.34433447520773947, 0.03542742873880121, -0.6274592606134104,0.6974765535463114]
[0.15554306017991948, 0.17480900328485122, 1.043813041970148, -0.28306113790413545, 0.004209444802361876, -0.6064481333186004,0.7430204131632303]
[0.0756310921139429, 0.14798777431584578, 1.0744830047579073, -0.22292722164388218, -0.03081278268819866, -0.5799030763713466,0.7829855990298914]
[-0.005436550165754901, 0.11560904526275133, 1.0943123601531146, -0.164480846621455, -0.06930688856964812, -0.5487039848306089,0.816741417660752]
[-0.006113787210388074, 0.14342407714437938, 1.0882624800399407, -0.19003352577420646, -0.09530892829515045, -0.5506501312000194,0.8072099480794669]
[-0.006322867762656037, 0.17017620570419556, 1.0804857587921934, -0.21401297841712347, -0.12025228941820812, -0.5531829517393994,0.7960693775441919]
[-0.005990066895133853, 0.19573030491880178, 1.0712919430484185, -0.23628693752498062, -0.14407020268775161, -0.5564301219084383,0.7834524741715587]
[-0.005058537271120869, 0.21998531011066708, 1.0610047181192341, -0.25673438664878917, -0.16670383386637672, -0.5604990076504416,0.7695051324774853]
[-0.003492356335843246, 0.24287228854501308, 1.0499547648097407, -0.2752462318986131, -0.18810237113050446, -0.5654755739463838,0.754383446975545]
[-0.0012797603065515884, 0.2643516209989285, 1.0384728589937966, -0.2917259015991115, -0.2082230618914046, -0.5714236918641176,0.7382507156848114]
[0.0015645508841443069, 0.28440945674847706, 1.02688315769603, -0.30608987029059936, -0.22703119962994509, -0.5783848444719997,0.7212744258499487]
[0.00499811613584306, 0.30305362278649106, 1.0154968084616998, -0.3182681041894753, -0.2445000616405286, -0.586378225317464,0.703623273198774]
[0.008950462338642608, 0.32030917889864885, 1.0046060090025641, -0.3282044256788814, -0.26061079887460015, -0.5954012167475281,0.6854642642547472]
[0.013323899546619597, 0.3362138133570254, 0.9944786317575628, -0.3358567948708407, -0.2753522793596365, -0.6054302292711397,0.6669599486290271]
[0.017995322966874523, 0.35081326960403225, 0.9853535134112456, -0.34119750676216287, -0.28872088694394216, -0.6164218775264594,0.6482658248961936]
[0.02281894648821825, 0.3641569828423865, 0.9774364929260642, -0.3442133029954033, -0.3007202773792601, -0.6283144633047788,0.6295279596776967]
[0.027629860204095857, 0.3762940876211236, 0.9708972636586188, -0.3449053977302891, -0.31136109400062156, -0.6410297315718456,0.6108808549956162]
[0.032248277018422096, 0.38726993423737444, 0.9658670860635354, -0.3432894176274995, -0.3206606454945481, -0.6544748615809322,0.5924455939026064]
[0.03648431183833768, 0.3971232241609733, 0.962437387778226, -0.33939525644268154, -0.3286425484613435, -0.6685446520420051,0.5743282889350609]
