[0.20713579604723942, -8.05272640220175e-05, -0.0599940842134552, 0.9999999696559911, -0.0002458176827044831, 1.5752658115788324e-05,3.6793611705281753e-06]
[0.23171583128642975, -0.006960911647722601, -0.048225459451181577, 0.9996335982560447, 0.023537721187995544, 0.012703561915990239,0.004155049168873712]
[0.254541766926415, -0.019934578058555967, -0.03434919295610639, 0.9984788063172835, 0.04649735412472546, 0.024614854347900186,0.016497828343290645]
[0.2751677811518173, -0.038798758810941934, -0.018377105273701122, 0.9964043603036286, 0.06783114302786171, 0.03499507728718672,0.03677813710772761]
[0.293143342668101, -0.06324184932694228, -0.0001585487524925766, 0.9931963452968842, 0.08677800989897447, 0.04312954825857985,0.06457893428895388]
[0.30799054401699516, -0.09282752351493727, 0.020599660077469856, 0.9885649049182874, 0.10263694065860092, 0.048362168840964496,0.09932868569118675]
[0.31919239798641497, -0.12697172954254915, 0.04430022447638293, 0.982153432939693, 0.11478478247402402, 0.050112732872627366,0.1403132277485051]
[0.32619573458026213, -0.1649169598891586, 0.0714115221144892, 0.9735499830976853, 0.12269221742904275, 0.04789241280548953,0.1866905648084824]
[0.3284305689117225, -0.2057091233075008, 0.10241592549456455, 0.9623006066996569, 0.12593753768833726, 0.04131705099703674,0.23750827405246233]
[0.32534577523355607, -0.24818267083246298, 0.13775383376808872, 0.947924277658749, 0.12421789832742777, 0.030117934525179316,0.2917231351473398]
[0.3164588089443568, -0.2909592894109867, 0.17776728619437446, 0.929929022820539, 0.11735778253102747, 0.014149791505804442,0.3482225535426733]
[0.30141528533314604, -0.3324644885417358, 0.2226471051227148, 0.9078288428619635, 0.1053144785490592, -0.006604187509518353,0.40584730796592416]
[0.28005265692614106, -0.37096484777040634, 0.2723873411793487, 0.8811609864490576, 0.08818043713923843, -0.03203042921803786,0.4634151249907205]
[0.25246120354787555, -0.40462670610157153, 0.32675037533970835, 0.8495031282961398, 0.06618245060856032, -0.061886211222596806,0.5197445671741365]
[0.21903518339716813, -0.43159484551089333, 0.3852453970108223, 0.8124900005876953, 0.03967766831339745, -0.09580402798779379,0.5736787165335087]
[0.18050734958175987, -0.45008746646422804, 0.4471221630592561, 0.7698290369616918, 0.009146536877934262, -0.13329899332107217,0.6241081421463464]
[0.13796110517451143, -0.4585016993668317, 0.5113810000856467, 0.7213146087076655, -0.024817175259640903, -0.17377911170577345,0.6699926592223175]
[0.09281627182000836, -0.4555222552127107, 0.5767989995205832, 0.6668404635495326, -0.06151904171948043, -0.21655818280812478,0.7103814166613628]
[0.046786639921892026, -0.44022477102027113, 0.6419713351998584, 0.6064100176634764, -0.10017904084713401, -0.26087104096802033,0.7444308901681822]
[0.001809959512482598, -0.4121650793174765, 0.7053656695189374, 0.5401442005002867, -0.13994867190153207, -0.30589077593532643,0.7714204074929493]
[-0.04004640611550225, -0.37144608986950534, 0.7653867673179994, 0.4682866084085091, -0.17992973184992186, -0.35074753383741897,0.7907648901466479]
[-0.07669854562442724, -0.3187552080501113, 0.8204477595183971, 0.3912057856797712, -0.21919432132875702, -0.3945484594742469,0.8020245606428755]
[-0.10617016445201886, -0.25536714717117803, 0.8690440340720833, 0.30939451900191434, -0.2568056198071038, -0.436398313429009,0.804911434434485]
[-0.1267188220722542, -0.18310947456361482, 0.9098255098218755, 0.22346610183551738, -0.29183895213020233, -0.47542028080943133,0.7992924896088199]
[-0.13695454681972713, -0.10429106184155829, 0.9416630843284421, 0.13414759727330317, -0.32340266183647626, -0.5107764830942151,0.7851894833610464]
[-0.13594128855820076, -0.021596550396706556, 0.9637053386786646, 0.04227019980839416, -0.3506583110852601, -0.5416877106835402,0.762775460518636]
[-0.12327265694132811, 0.06204726010212492, 0.9754221140128205, -0.05124313356500678, -0.3728397425977302, -0.5674519112048371,0.7323680741758718]
[-0.09911514705981503, 0.14362478632995973, 0.976632314452326, -0.1453925460182969, -0.3892705653345896, -0.5874609970030487,0.6944199100879749]
[-0.06421443893960468, 0.22019468691236743, 0.9675141948534147, -0.23911833904053129, -0.39937966209587716, -0.6012155738897155,0.6495060732211371]
[-0.019863177898473458, 0.28905140417269665, 0.948597404777808, -0.33131987296606474, -0.4027143629803504, -0.6083372412379667,0.5983093552252562]
[0.032168337459024164, 0.3478739425553236, 0.9207371208800792, -0.4208759098038533, -0.3989509826182501, -0.6085781697715158,0.5416033542106844]
