[0.20706047080135423, -8.963020089471812e-05, -0.06000404280885535, 0.9999999639078492, -0.0002576417887980198, -7.610282545884217e-05,3.6564053700975206e-06]
[0.26193519750187066, -0.011157718893510422, -0.041149133060907894, -0.9962618397328811, 0.06627857426354436, -0.055391200998647125,0.0011454857375136488]
[0.3139141184610723, -0.027280364271746536, -0.01661917170858429, -0.9851427994542031, 0.13130923303831546, -0.1105905998997692,0.004611856050926467]
[0.3620921528880183, -0.04799068054834752, 0.013314957531056243, -0.9668503145771188, 0.1943803087848237, -0.16525559328852324,0.010361160441836527]
[0.4056550401200435, -0.07269419390313117, 0.04832188588234537, -0.9417252442455448, 0.25456206993430486, -0.21912436494422913,0.018336564269781395]
[0.44389933860035985, -0.1006851023918231, 0.08801415792860776, -0.9102346465093095, 0.31098306790355046, -0.2719420709566772,0.028459265892885856]
[0.4762494192264618, -0.13116550539991798, 0.13195338074168167, -0.8729619395828745, 0.36284757505763904, -0.32346305811983683,0.04062929172727721]
[0.5022710015417848, -0.16326705551777032, 0.1796560448111775, -0.8305946318859776, 0.40945137797054904, -0.3734529906758118,0.05472650468930222]
[0.5216808819427873, -0.19607441859541733, 0.23059992745785712, -0.7839098934849753, 0.450195585711289, -0.42169086424166247,0.07061181570788591]
[0.5343526136652632, -0.22864987914361962, 0.2842309805297353, -0.7337582891535456, 0.4845981577089835, -0.4679708869018212,0.08812858591764844]
[0.5403180153711591, -0.2600583995874054, 0.3399705969624711, -0.6810460335589403, 0.5123029072041216, -0.5121042088030171,0.10710420519324139]
[0.5397645050653833, -0.289392433921687, 0.3972231453581626, -0.6267161611401589, 0.5330857931913329, -0.5539204831330836,0.12735183088170146]
[0.5330283751448105, -0.31579580918008837, 0.4553836581872754, -0.5717290263523768, 0.5468583747933635, -0.5932692430840413,0.14867226895091637]
[0.5205842389809185, -0.338486021265218, 0.5138455576015957, -0.5170425635896061, 0.553668365773744, -0.6300210812758914,0.1708559783152956]
[0.5030309860911389, -0.3567743439220916, 0.572008303181462, -0.4635927399655171, 0.5536972919323494, -0.6640686201315126,0.19368517783939065]
[0.48107467846717555, -0.3700832191927596, 0.6292848482125752, -0.41227462815672944, 0.5472553189411523, -0.6953272638244082,0.21693603446940335]
[0.4555089021852417, -0.3779604822631581, 0.6851087952461153, -0.3639245108470115, 0.5347733812808995, -0.7237357246480555,0.2403809101120794]
[0.42719315367465366, -0.38009007044257803, 0.7389411476567767, -0.31930340333138624, 0.5167928028881914, -0.7492563189555835,0.26379064427892507]
[0.3970298871584378, -0.37629897198110135, 0.7902765615605529, -0.27908234713756414, 0.4939526555458906, -0.7718750301679687,0.28693684914724493]
[0.36594087758699684, -0.36656028215415304, 0.8386490116419212, -0.24382978589047596, 0.4669751506833852, -0.7916013387239383,0.3095941935619971]
[0.39830071785859483, -0.3170233676466234, 0.8482194768285151, -0.2817012078544775, 0.4440322907231731, -0.7879730992668156,0.3202782370382194]
[0.42398861141675875, -0.2648257984367899, 0.8573435378853141, -0.31774320029080516, 0.4182732630580702, -0.7837522212265229,0.33138978831913896]
[0.4428402982910492, -0.21086354869652105, 0.8660113920657652, -0.3518020941107179, 0.3897843054493401, -0.7789243179927933,0.3428999688599453]
[0.454810585432896, -0.15602923338750613, 0.8742150810335563, -0.38371480560819304, 0.3586485486456256, -0.7734767265456864,0.3547786915862095]
[0.45996908877208376, -0.1011966601402311, 0.8819484577728538, -0.41330579457673106, 0.3249501635339097, -0.7673985656311054,0.3669947586218429]
[0.45849406809216525, -0.047206586678712685, 0.8892071404415336, -0.44038498964043404, 0.2887792124021024, -0.7606807882896672,0.3795159623926602]
[0.45066463044578076, 0.005146105449532155, 0.8959884537513767, -0.46474680840950205, 0.2502370145741129, -0.7533162285655142,0.39230918978536194]
[0.4368515946105387, 0.05512366854078496, 0.902291358547664, -0.4861703657358162, 0.20944181598062547, -0.7452996422397571,0.40534052903248047]
[0.4175073138786453, 0.10205508339618699, 0.9081163703435953, -0.5044209258780563, 0.1665345374598961, -0.7366277414518243,0.41857537898558683]
[0.3931547480291162, 0.14534395148494256, 0.913465467641882, -0.5192526147803723, 0.12168436819166478, -0.7272992230910033,0.43197856043184046]
[0.36437605888036123, 0.18447469489244483, 0.9183419909462338, -0.5304123679777009, 0.07509396894022606, -0.7173147908598313,0.4455144291028173]
[0.3318009790022152, 0.21901711717060568, 0.9227505334287508, -0.537645048953202, 0.027004054835918438, -0.7066771709306677,0.45914699001948817]
[0.29609517193842927, 0.24862941272920572, 0.9266968242750775, -0.5406996331856809, -0.022302860800203234, -0.6953911211367066,0.4728400128132468]
[0.2579487668276102, 0.2730597377270207, 0.9301876057771564, -0.5393363157146625, -0.07249976181755592, -0.6834634336587935,0.4865571476600298]
[0.21806521289043035, 0.29214647116692705, 0.9332305052832401, -0.5333343658488575, -0.1232136396556746, -0.670902931189635,0.5002620414628269]
[0.17715056213881508, 0.30581730121911516, 0.9358339031462295, -0.5225005226086309, -0.1740253648086066, -0.657720456577284,0.5139184539172615]
[0.13590325399668415, 0.3140872693425718, 0.938006797834192, -0.5066776994864346, -0.22447103061165968, -0.6439288559700751,0.5274903730954191]
[0.09500444520508855, 0.31705589465776085, 0.9397586693809347, -0.4857537478738228, -0.27404484193516354, -0.629542955505391,0.5409421301847396]
[0.055108903990951114, 0.31490348474656543, 0.9410993423597155, -0.4596700156441392, -0.322203579641626, -0.614579531604765,0.5542385130215216]
