[0.20708345307666592, -6.807357230534493e-05, -0.06000726151764621, 0.9999999869135673, -0.00014512985492833448, -7.139167924610131e-05,3.6632019608481725e-06]
[0.2790266894253086, 0.0029784454988635773, -0.036269971608215684, -0.9990301221187615, 0.016525955334820226, -0.04080116202073008,0.0009864468574088431]
[0.3471027634803812, 0.0073454701179839705, -0.0028489640417992956, -0.9961206010535029, 0.032865877052863895, -0.08153384499850659,0.003976732592730564]
[0.40995652839966823, 0.012869072928844668, 0.03960732282590737, -0.991274957423514, 0.049123005318405646, -0.12198577868097056,0.008964314424203626]
[0.4663488091064597, 0.019334926581156923, 0.09026008897234009, -0.984499268203288, 0.06525351793391324, -0.16201530122348948,0.015944010596499806]
[0.5151849144689485, 0.026485674369746224, 0.1480993077983914, -0.97580241678583, 0.08121076582975151, -0.20147966232953785,0.024907841653869812]
[0.5555396181293073, 0.034029827313796446, 0.21196681454577398, -0.9651964496707289, 0.09694446071195896, -0.24023481635412808,0.0358443592715242]
[0.5866779971221283, 0.04165189988157517, 0.28058280230666655, -0.9526970155134044, 0.11239996918610087, -0.27813534180373345,0.04873782102778643]
[0.6080716208738961, 0.04902345584141909, 0.3525751000397609, -0.9383238726327657, 0.12751773546269918, -0.3150345115339802,0.06356723788604575]
[0.6194096990870884, 0.05581470497452029, 0.4265105415912862, -0.9221014486827639, 0.14223285189745424, -0.35078453337092486,0.08030532563913681]
[0.6206049225928524, 0.06170627157105346, 0.5009276852155427, -0.9040594341942656, 0.15647479333237735, -0.38523697566105697,0.09891739523186313]
[0.606426649973219, 0.11164097666342226, 0.5480573216597309, -0.8930717343717048, 0.12616708127648446, -0.4157384213189984,0.11690299357875925]
[0.5848928297045888, 0.1583355387869729, 0.5951165704888522, -0.8792988644291111, 0.0981265782910395, -0.44491672345608957,0.13875802980608432]
[0.5565906252804541, 0.20055378547811092, 0.6418187325528533, -0.8629224851520728, 0.07255229570238071, -0.47229828653564654,0.16442407835465447]
[0.5223188235125122, 0.23716119467145952, 0.6878679491690007, -0.8441409730116105, 0.04962389260803153, -0.4974050330028378,0.19378266204406447]
[0.4830711705057147, 0.26716175441941575, 0.7329607269484405, -0.8231677319571221, 0.029500362820719994, -0.5197622807410675,0.22665344730856749]
[0.4400131772739023, 0.28973226837811533, 0.7767877217159238, -0.8002293996805168, 0.012318880910581463, -0.5389069765231144,0.2627935001380104]
[0.39445274218587484, 0.30425291939425464, 0.819035777538022, -0.7755639625426124, -0.0018061843637812893, -0.554396139957974,0.3018976609762722]
[0.35885177120365774, 0.3328606641777049, 0.8280340806297141, -0.7611285309622552, -0.03621865991797697, -0.5588990659449333,0.32711374491889944]
[0.3205147506152975, 0.3579088555330778, 0.8367169100643292, -0.744598656861579, -0.07050455270654452, -0.5616406046545629,0.35378210730736503]
[0.27978202135869834, 0.37908209070865106, 0.8450071229536357, -0.7259622245180766, -0.10451986183081532, -0.5624308944634221,0.38174066590908057]
[0.23703754528247709, 0.3960945697016302, 0.8528274018854267, -0.7052177770499171, -0.138118787723608, -0.5610971111010942,0.4108054519167694]
[0.19270696699239298, 0.4086971024179638, 0.8601008559704718, -0.6823746871339721, -0.17115455427138493, -0.5574858847996225,0.44077249592069584]
[0.1472544378498531, 0.41668413223309825, 0.8667516244829024, -0.6574532628897312, -0.20348024546311586, -0.5514655054880961,0.47141997526481133]
[0.10117816034964582, 0.4199005462237705, 0.872705478395853, -0.6304847877436435, -0.23494965138848264, -0.5429278881119257,0.5025105989395724]
[0.05500465469036463, 0.4182480309096305, 0.877890415107979, -0.6015114935049476, -0.2654181183131601, -0.5317902728307007,0.5337942032049413]
[0.009281795332087235, 0.4116907292506751, 0.8822372416870912, -0.5705864663080847, -0.29474339749766476, -0.5179966378348473,0.5650105284765768]
