[0.2071049615354181, -6.855774610561874e-05, -0.05998400934470138, 0.9999999817365346, -0.0001890881473808337, 2.755110513713375e-05,3.6796436558414044e-06]
[0.30034758229636926, 0.013789721982043658, -0.02114959280684542, -0.9963743684423114, -0.02962436893166595, -0.07974174801691344,0.001329774339117365]
[0.3842303162591302, 0.0355594894908979, 0.03552572351762889, -0.9855274926456701, -0.05885527979584645, -0.15888096213940442,0.005334524285151354]
[0.4551548559678865, 0.0635690553083838, 0.1082459354153292, -0.9675696730132614, -0.08692717107585728, -0.23687483783882293,0.011954329449647933]
[0.5101031708848118, 0.0956145654401588, 0.19466803761461665, -0.9426835081283202, -0.11327796205743512, -0.3131626738705811,0.021096125455303705]
[0.5467783956777881, 0.12908907142250023, 0.2919807677770617, -0.9111219076121813, -0.13736697180542476, -0.38719813445403145,0.032631107879836814]
[0.5637097151829528, 0.16113586873631724, 0.39699924980017065, -0.8732053622433107, -0.15868169494372347, -0.4584538196240408,0.046396231651326406]
[0.5603160297480161, 0.18881762046264552, 0.5062722686752245, -0.8293184797839375, -0.1767442720409091, -0.5264256504647082,0.06219610857921296]
[0.5369253473117086, 0.2092918964065467, 0.6161984726351559, -0.7799058205649028, -0.1911175831957948, -0.5906370269599233,0.07980528069199028]
[0.49474916755894494, 0.21998338458138855, 0.7231474922488621, -0.7254670739964397, -0.2014108967127417, -0.6506427188025851,0.09897084268406578]
[0.43581347395645914, 0.21874319241184662, 0.8235818011787815, -0.6665516240126526, -0.20728500869500738, -0.7060324525538652,0.1194153827493787]
[0.3628502050998462, 0.2039863404463062, 0.9141751251872352, -0.6037525579648819, -0.20845681395426183, -0.7564341619947774,0.14084020744858072]
[0.2791551167083196, 0.1747997241213131, 0.9919233350856822, -0.5377001795964149, -0.2047032538202873, -0.8015168723181822,0.16292881306462992]
[0.18841966093869578, 0.13101441483264287, 1.0542440308537884, -0.4690550923988431, -0.19586459221677477, -0.840993192919393,0.18535056318693535]
[0.19262680893024645, 0.15344139136896634, 1.0444660210763625, -0.4775210272149255, -0.2302291494588787, -0.8204728567495135,0.2139918191060961]
[0.1928795220828004, 0.17745362314462793, 1.034548280486941, -0.4810851530940602, -0.26706991365055244, -0.7988632078686749,0.24299858396484877]
[0.18891320488012975, 0.20235941448242206, 1.0247293226357281, -0.47931627499902674, -0.3056821897705925, -0.776308790460886,0.2723214446775528]
[0.18059745263477706, 0.22742243325909067, 1.0152412348854472, -0.471884632563509, -0.3452998612812134, -0.7529591646227487,0.3019029575214355]
[0.16794210090475825, 0.2518866991469355, 1.0063047049711062, -0.45856993084009945, -0.3851097878272855, -0.7289678152969328,0.3316775453812738]
[0.15109852809119909, 0.27500227982146686, 0.9981242196431342, -0.43926735623447233, -0.42426719462518014, -0.7044910240856058,0.361571478817773]
[0.13035616881157658, 0.29605081700349895, 0.9908835407234619, -0.4139914607481788, -0.4619117750191475, -0.6796867129080001,0.39150294356820337]
[0.10613435803204196, 0.31437001272914983, 0.984741559410253, -0.3828778357643909, -0.4971842145406256, -0.6547132687907358,0.4213821963032459]
[0.07896978366935116, 0.3293762443000414, 0.9798286229283342, -0.346182536118275, -0.5292428368340582, -0.6297283593263505,0.4511118096511116]
[0.049499973104129465, 0.34058454253745063, 0.9762434187585585, -0.30427925540007966, -0.5572800691478282, -0.6048877485018431,0.4805870066659484]
