[0.20707401086034274, -7.213252755795588e-05, -0.06001416536752642, 0.9999999693212855, -0.0002315135405039597, -8.800899608130507e-05,3.650409967958585e-06]
[0.28444179530661995, -0.008827745985873535, -0.027948171471082917, -0.9955025530399498, 0.06087584684001617, -0.0724798876878185,0.003932434769225496]
[0.35567741238403233, -0.018840258799249183, 0.01665331252191518, -0.9821136527988603, 0.1201586638963196, -0.14411552425161142,0.015664742143244214]
[0.41897828215984534, -0.029806523287954575, 0.0726691929651164, -0.9600950564049767, 0.17674825169061903, -0.21390078133493096,0.0349856246955893]
[0.47275438190953206, -0.041353076008085916, 0.13875044838126, -0.9298770417153114, 0.22936527444752405, -0.28094750656789774,0.061552877444311954]
[0.5156523639394758, -0.05304981306654464, 0.21335463623165646, -0.8920498001844286, 0.27680766099826337, -0.3444118805488959,0.09489535995171168]
[0.5465739245184795, -0.06442487651603176, 0.29478086895206324, -0.8473516720878047, 0.3179739982595208, -0.40350804855623545,0.13442073869457336]
[0.5646890150088997, -0.07498035575315906, 0.38120465376598667, -0.7966544266073486, 0.3518849787660936, -0.4575207923991432,0.17942522344465103]
[0.5694445108896, -0.08420846746114824, 0.47071224213066154, -0.7409458785538201, 0.3777024880078631, -0.5058170328351972,0.2291051394023603]
[0.5605689038467264, -0.09160793095291703, 0.5613343597283386, -0.6813101863197313, 0.3947459631730274, -0.5478559724983614,0.28257014699618765]
[0.5380734694949934, -0.09670029560091269, 0.651079368604608, -0.6189062216613389, 0.4025057078930253, -0.5831977119668383,0.3388578944912826]
[0.5022502060744845, -0.09904599838542973, 0.7379660354354513, -0.5549444401900808, 0.4006529066835331, -0.6115101970726807,0.3969498652780796]
[0.4536666581909502, -0.09825993004954174, 0.8200561350603218, -0.49066271125564853, 0.38904614682462774, -0.6325743833883407,0.45578816231340075]
[0.45931716113614574, -0.027386035557945065, 0.8305538256482997, -0.5349973672916718, 0.3180497835903392, -0.6265505586952195,0.4691018541295987]
[0.45393002998783416, 0.04284744681116062, 0.8408105163425224, -0.5692562868403862, 0.24242356504854262, -0.6202626604307977,0.48213310099718354]
[0.43785519865638595, 0.1107257418162233, 0.8508288824049407, -0.5930149975876263, 0.16357749809963087, -0.6137310173784613,0.4948836762909158]
[0.4117074808718134, 0.174631077242402, 0.8606121522719544, -0.6060441212535692, 0.08295066236773928, -0.6069750846589032,0.5073568342991552]
[0.37634410605709134, 0.23308309135606536, 0.8701640697719724, -0.6083094217113265, 0.0019844847839381227, -0.6000133390892107,0.5195572174384554]
[0.3328362340793606, 0.2847744608078595, 0.8794888544393589, -0.599968226455527, -0.07790346671802859, -0.592863182470442,0.5314907562584156]
[0.2824354149928012, 0.3286008883454482, 0.8885911601059118, -0.5813623622947861, -0.155344682848607, -0.5855408532911499,0.5431645628580385]
[0.2265360739244296, 0.3636847778730777, 0.8974760319577247, -0.5530078110519351, -0.22904344692772585, -0.5780613472878399,0.5545868183673148]
[0.16663517977078318, 0.38939212546816565, 0.9061488622512324, -0.5155813508422868, -0.2977986812175673, -0.5704383472547375,0.5657666551768537]
[0.1042902984866943, 0.4053423624315259, 0.9146153448873765, -0.4699045020491102, -0.360523528435549, -0.5626841624447312,0.5767140346239477]
[0.04107723772578665, 0.41141109391708397, 0.922881429047188, -0.4169251434519774, -0.416262342709116, -0.5548096778512148,0.5874396208654112]
