[0.2071700802390711, -7.701224352503061e-05, -0.05997867788147983, 0.9999999837294528, -0.000169790613973067, 6.0816798088028575e-05,3.6822493339713187e-06]
[0.2668688824981365, -7.738637800140945e-05, -0.04178862928339855, 0.9983765127679842, 0.009102938312891842, 0.05622686221385344,0.00012342161657663767]
[0.3239352142469623, 0.0017884390010542337, -0.01793403207612332, 0.9935425282951011, 0.018020548869031754, 0.11201915322678505,0.00046216641104373883]
[0.3776843846294726, 0.005344033742689036, 0.011136512251208014, 0.9855955129262983, 0.02623780977565541, 0.1670691478099985,0.0009808607264395707]
[0.4275176216538117, 0.010369152232514195, 0.0448858506654517, 0.9746951107022843, 0.03343040951600426, 0.22101864029631646,0.0016154052809845235]
[0.47293677867422534, 0.016610628817534556, 0.08270332515363873, 0.9610588824638046, 0.039304739614399654, 0.27352471954775165,0.0022780863880371553]
[0.5135552248963647, 0.02379469251324626, 0.12392202236177027, 0.9449565117159573, 0.043606876625814674, 0.32426448202424263,0.002859540889890548]
[0.5491044933597845, 0.03164007066592689, 0.16783762434325555, 0.9267026058175758, 0.046130526193178006, 0.37293942420318915,0.0032312225316890753]
[0.5794364469749096, 0.03987120399248997, 0.21372819733632448, 0.9066482727523784, 0.04672371779149667, 0.4192794439114919,0.003248326359843792]
[0.6045209216602718, 0.048230883168220356, 0.2608742191701163, 0.8851716848709018, 0.04529406923134256, 0.46304638636758,0.002753119539972683]
[0.6244390061903345, 0.05649164086621243, 0.3085781358587204, 0.8626678670884388, 0.04181247492694362, 0.5040370779948736,0.0015786196367545205]
[0.6393723116527222, 0.06446529202590892, 0.3561827546664103, -0.8395379674531145, -0.03631511052798447, -0.5420857992467688,0.0004474449974080432]
[0.649588760377158, 0.0720101064934929, 0.4030878238813961, -0.8161782822596991, -0.028903687864169796, -0.5770661566486294,0.00349846341089819]
[0.6554255765421353, 0.0790352177030297, 0.44876421718344384, -0.7929693156211575, -0.019743937286160966, -0.6088923238741181,0.007744633685964016]
[0.6572702812449291, 0.08550201294542387, 0.4927652303501679, -0.7702651544148859, -0.009062338390103935, -0.6375196317809663,0.013348595842893753]
[0.6555405779835575, 0.09142240799597105, 0.5347346067805716, -0.7483834337438736, 0.002858836250850597, -0.6629444977764563,0.020461085526985997]
[0.6506640563562891, 0.09685407357792396, 0.5744110318552895, -0.7275961556021889, 0.015688057389395594, -0.6852036955015477,0.029216688369577214]
[0.6430586403958203, 0.10189284499697503, 0.6116289698560637, -0.7081216045724751, 0.02905250845520479, -0.704372976447768,0.03972977397715832]
[0.6331146634261491, 0.10666270090116156, 0.6463158559846329, -0.690117579523842, 0.042547304205630236, -0.720565065585431,0.052090686258207945]
[0.6211793658062938, 0.11130383447579195, 0.6784857946934397, -0.6736761299760187, 0.055745742314317434, -0.7339270632203523,0.06636226327597484]
[0.6075444894924882, 0.11595945321319918, 0.708230048794264, -0.6588199507330307, 0.06821034386532983, -0.7446372949486394,0.08257675506747521]
[0.5924374898424869, 0.12076202557770944, 0.7357047265598465, -0.6455005493636904, 0.07950441667313607, -0.7529016605923052,0.1007332019643368]
[0.5760167078053775, 0.12581973974453556, 0.7611161815719533, -0.6335982590092544, 0.08920385947935307, -0.7589495412288647,0.12079532897809335]
[0.5583706530140841, 0.13120394815425565, 0.7847047282514507, -0.6229241247988231, 0.09690891579950343, -0.7630293307441652,0.1426900038765737]
[0.5395213494739255, 0.13693834078453165, 0.8067273414048957, -0.6132236468722864, 0.10225558377090468, -0.765403664621724,0.16630629780005574]
[0.5194314999542207, 0.1429905206313506, 0.8274400481621277, -0.6041823177014319, 0.10492639289289048, -0.7663444238318844,0.19149517778051278]
[0.4980150421135464, 0.14926654966937897, 0.8470807337357136, -0.59543284712153, 0.10466026999941663, -0.7661275956155471,0.2180698504808477]
[0.4751505074914327, 0.15560889709032055, 0.8658530678970326, -0.5865639262801703, 0.10126123494864717, -0.765028075604193,0.24580676601918766]
[0.450696461432011, 0.16179806007151215, 0.8839122173686144, -0.5771303425779981, 0.09460569098568807, -0.7633144970342913,0.2744472800488473]
[0.4245082040398058, 0.16755794820043196, 0.9013529419404765, -0.5666642225536193, 0.08464810501661513, -0.7612441727743389,0.3036999614947474]
[0.3964548539972653, 0.17256493444442578, 0.918200581469499, -0.5546871494027479, 0.07142490847077775, -0.7590582344821082,0.333243522671184]
[0.371446692983022, 0.20966429395137792, 0.9164932180271141, -0.5627395263195317, 0.04107223951252061, -0.7350026059025642,0.3760431703615102]
[0.3418148154549331, 0.24437271182701098, 0.9151570810610209, -0.5682272046092726, 0.007578270299081421, -0.7089268484158594,0.41771178742808235]
[0.30773375651192303, 0.2758980864529246, 0.9141945844911529, -0.5706204369878781, -0.0287925503197498, -0.6809866751786288,0.45806162704051606]
[0.2695282761279128, 0.30345671537101054, 0.9135839699949794, -0.5694201394733498, -0.06769841507625529, -0.6513483537059377,0.4969134245347766]
[0.2276738263411041, 0.3263038495375213, 0.9132799577911795, -0.5641686364778371, -0.10872402167453714, -0.6201877409458645,0.5340973719333566]
[0.18279068879597185, 0.3437643501382214, 0.9132149022851895, -0.554459886223504, -0.1513858986999232, -0.587689254027964,0.5694540235558012]
[0.13563180907221928, 0.3552621263479266, 0.913300429080834, -0.53994898933596, -0.19513912068477776, -0.5540447834168888,0.602835127096937]
[0.08706463035211409, 0.360347054184605, 0.9134295202661726, -0.5203607941539339, -0.23938531255074424, -0.5194525556091371,0.6341043750942004]
[0.03804749633294535, 0.3587181559658116, 0.9134790059365896, -0.4954974265009775, -0.2834818188133593, -0.48411595286797326,0.6631380722835274]
