[0.2071808008949167, -8.319594616432967e-05, -0.05996587702521659, 0.9999999675581183, -0.0002475086999430266, 6.00809083604725e-05,3.6729833882901203e-06]
[0.2545931745684805, -0.021023109201552162, -0.04037803794303366, -0.9936508011278005, 0.09740612602308264, -0.05629548616116468,0.0009748174875792279]
[0.29755696614080274, -0.04893250343850739, -0.015528653402671927, -0.9747816159555478, 0.19282007657324698, -0.11227612960727382,0.003910241142077328]
[0.3347846772970745, -0.08296363304269547, 0.014316121826380673, -0.943759264503729, 0.284783562805905, -0.16774856856810816,0.008785827354698059]
[0.36515866312943723, -0.122052085561419, 0.04883073506556426, -0.9011864538177219, 0.37166000021091866, -0.22246185894087261,0.015573728366398643]
[0.3877676758957249, -0.1649505740685127, 0.08763456456165727, -0.8478894291237568, 0.4519147845036132, -0.2761687872414196,0.024235190959565906]
[0.40193664079281266, -0.21026876853880358, 0.1302970017032017, -0.7849010995890191, 0.5241459444859574, -0.3286270821428759,0.03472079528369228]
[0.40724867698296263, -0.25651780841033556, 0.17634320830337205, -0.7134399606893039, 0.5871120468913993, -0.3796005988650027,0.04697075928668304]
[0.40355865045580924, -0.30215798075759637, 0.22526046013289175, -0.6348852555908969, 0.6397567779739479, -0.4288604699307721,0.06091530678271135]
[0.3909978430110057, -0.3456479458984434, 0.27650497889383885, -0.5507488963916062, 0.6812296972253387, -0.476186216006664,0.0764750967763788]
[0.3699696325600649, -0.38549384833754025, 0.3295091474924956, -0.462644733302519, 0.710902739865871, -0.5213668107804242,0.09356171126742216]
[0.34113639247667543, -0.4202966669823894, 0.3836889979189019, -0.3722558144551274, 0.7283821348871942, -0.5642016941030568,0.11207819838293302]
[0.30539812028720575, -0.44879623353467735, 0.4384518573625704, -0.2813003198337134, 0.7335155024705504, -0.6045017279288998,0.13191966732751118]
[0.2638635874627586, -0.4699104786007498, 0.4932040364443595, -0.19149687900883258, 0.7263939964562359, -0.6420900899268773,0.15297393130827705]
[0.21781505221957004, -0.482768646025015, 0.5473584436456731, -0.10452999335387964, 0.7073494619931459, -0.6768031000053105,0.1751221942834402]
[0.16866778711073738, -0.4867374400019415, 0.6003420121549939, -0.022016279064661658, 0.6769466832934307, -0.7084909753897043,0.1982397771021656]
[0.11792583547990135, -0.48143932786626054, 0.6516028293807475, 0.054527772291086296, 0.6359708992968545, -0.73701851031525,0.22219687835163623]
[0.06713552012462937, -0.4667625040836067, 0.7006168652175765, 0.1237158533220538, 0.5854108638008316, -0.7622656768407705,0.2468593650061561]
[0.017838280452393523, -0.44286231704288326, 0.7468942026873001, 0.18431910641409177, 0.5264378191204525, -0.7841281437557185,0.27208958778428843]
[-0.028475590127891044, -0.4101542585894615, 0.7899846836633848, 0.2352900425444045, 0.4603808366362656, -0.8025177110337479,0.29774721596464787]
[-0.07041079576720399, -0.3692989057061137, 0.8294828928588796, 0.2757826331872727, 0.388699051880572, -0.8173626577823215,0.3236900862900477]
[-0.1067070819723866, -0.3211794737228475, 0.8650324149189599, 0.30516817780135974, 0.31295138454476473, -0.8286080021447354,0.34977506050406587]
[-0.13627423695440044, -0.2668728812110187, 0.8963293120967426, 0.3230466400704395, 0.23476438365883084, -0.8362156721256851,0.3758588860142569]
[-0.15822101885053708, -0.20761542987070214, 0.9231247833751349, 0.32925324282742513, 0.15579887418378113, -0.8401645868309175,0.40179905416255624]
[-0.17187721268660605, -0.1447643614319457, 0.9452269797865398, 0.3238602123084051, 0.07771610266061997, -0.8404506481323848,0.42745465060594834]
[-0.17680827950587547, -0.07975666288164998, 0.9625019648273555, 0.30717366486514147, 0.002144085989551143, -0.8370866432894458,0.45268719236907473]
[-0.17282233144414133, -0.014066548228899904, 0.9748738230138029, 0.27972573128958556, -0.06935514118623858, -0.8301020595708675,0.4773614462247114]
[-0.15996944016818448, 0.05083695134598858, 0.9823239335300513, 0.24226211327245778, -0.13531670837456147, -0.8195428124284939,0.5013462231873619]
[-0.13853355165250758, 0.11353090554128747, 0.9848894393358201, 0.19572536110003558, -0.19440188580885065, -0.8054708892684043,0.5245151440686818]
[-0.10901752793270222, 0.1726766250468571, 0.9826609547965169, 0.14123424947613714, -0.24542427189080437, -0.7879639113461356,0.5467473712400279]
[-0.07212205736166953, 0.22705387868457322, 0.9757795666576575, 0.08005970748792032, -0.2873726705519942, -0.7671146167761814,0.5679283019757831]
[-0.02871936139442667, 0.27559022083402707, 0.9644331938089832, 0.01359782756357788, -0.3194302110860723, -0.7430302680897098,0.5879502190097329]
[0.02017722802782338, 0.31738466997626374, 0.9488523805972043, -0.05665946461716004, -0.34098934547532966, -0.7158319881955456,0.6067128942239614]
[0.07344664514385206, 0.35172520719254524, 0.9293056063001851, -0.12915545305073767, -0.3516624478279216, -0.685654028995472,0.6241241417035636]
