[0.20713733877061521, -7.693587608365448e-05, -0.05997944816435076, 0.999999974692133, -0.00022442251939926204, 1.5390779138118884e-05,3.6593047842530852e-06]
[0.2701369769886624, 0.014065334477672227, -0.03167168815361279, -0.9977922981898609, 0.01901903156608091, -0.06343667186134848,0.004959311891784556]
[0.32773918556636167, 0.035085493170933985, 0.006053843945899723, -0.991193060486017, 0.03753533415369966, -0.1254486277719428,0.019749868973491368]
[0.37814106520209173, 0.0619335602910899, 0.052544486035849935, -0.9802422103750186, 0.055499057182980094, -0.18467094786210764,0.04406477807284678]
[0.41978754913646105, 0.09325657899857626, 0.10698021829595986, -0.9650059466225476, 0.07264096253406731, -0.2397814938116832,0.07740574119975319]
[0.4514280235106778, 0.12745069364406175, 0.1683884257455793, -0.9455762252716696, 0.08869930618161845, -0.2895438347035807,0.11908989490727544]
[0.47216188652612334, 0.1627229304523314, 0.23566127660859698, -0.9220700758236168, 0.1034222348334139, -0.3328329587823349,0.1682641915586578]
[0.48147141080871936, 0.1971604131721416, 0.30757540940686134, -0.8946287318645377, 0.116570100095778, -0.3686586158503771,0.2239233548457903]
[0.4792407308510842, 0.2288044835788095, 0.38281358653861564, -0.8634165832185989, 0.12791767084312203, -0.39618579538318005,0.28493102471613774]
[0.46576027451795776, 0.2557270243606018, 0.45998794259866993, -0.8286199581574167, 0.13725622530086656, -0.41475190723053634,0.35004363871950545]
[0.4417164769864308, 0.27610620517050916, 0.5376644321874113, -0.790445745573773, 0.1443955053340678, -0.42388030287006195,0.41793653846298984]
[0.4081671391622558, 0.2882988936719396, 0.6143880646744174, -0.7491198683223274, 0.1491655165602386, -0.4232898540423206,0.48723174262242747]
[0.36650330254917823, 0.2909070911420749, 0.6887085024859525, -0.7048856201307568, 0.15141815916491747, -0.4129003905080276,0.5565267928198112]
[0.31839899128957355, 0.2828359622777983, 0.7592055950513625, -0.6580018795813471, 0.15102867568221678, -0.39283388777903505,0.6244240563923678]
[0.2657506033005469, 0.26334132386352566, 0.8245144225718665, -0.608741215646381, 0.147896903498574, -0.3634113870482562,0.6895598611234289]
[0.24045269390999233, 0.2840623147974009, 0.8424303657439924, -0.6137611402123822, 0.08640123107895173, -0.3850560248091106,0.6837864782162953]
[0.22373908969066575, 0.30518193616993333, 0.854073088623974, -0.6192016240247598, 0.030239474396705632, -0.41173959633497503,0.6679411858863198]
[0.20597090880688104, 0.3252055128297898, 0.8650260816471341, -0.6192937405558899, -0.025181621985886842, -0.43835777863633735,0.6509098299545572]
[0.18722460315518502, 0.34408370925388504, 0.8753453675398511, -0.6142190103307076, -0.07933958621888447, -0.46485876141655286,0.6327294598335462]
[0.16757225689426955, 0.36177141086582015, 0.8850874383176109, -0.6042099311651076, -0.13173973710761827, -0.4911898289463089,0.6134391189743019]
[0.1470816883314668, 0.3782260138889309, 0.8943084121493802, -0.589546267901679, -0.1819201213060393, -0.5172974973867526,0.5930797304449048]
[0.12581692114103366, 0.39340584176586635, 0.9030632135169325, -0.5705508685314862, -0.22945598567408015, -0.5431276561668761,0.5716939794706422]
[0.1038389873662364, 0.407268754404043, 0.9114047862792556, -0.5475850628620815, -0.2739637399164176, -0.5686257130145284,0.549326193295076]
[0.08120701387068649, 0.41977100769307707, 0.9193833487951782, -0.5210437040767009, -0.3151043712489105, -0.5937367422266027,0.5260222187246478]
[0.057979534972550026, 0.4308664102992663, 0.9270456996961027, -0.49134991694442964, -0.3525862798493191, -0.6184056357513381,0.5018292977215495]
[0.034215967145851386, 0.44050581303848885, 0.9344345822419697, -0.45894961905235343, -0.38616751115229764, -0.6425772566442898,0.4767959414106192]
[0.009978177065262089, 0.44863695355652267, 0.9415881144452954, -0.4243058832147851, -0.415657368553883, -0.6661965944494377,0.450971802865938]
