[0.20712020454003616, -9.847927785578439e-05, -0.05998566722366819, 0.9999999468348699, -0.00032604919514772754, -2.969247445419738e-06,3.6555997327861237e-06]
[0.3011712800046379, -0.0005228507495851465, -0.022343315011076587, 0.9949766941694519, 0.008900899913826471, 0.09970643028710095,0.0008830627140000424]
[0.38703896684006045, -0.000309016446240064, 0.03240606172446259, 0.9799711976875634, 0.017491741467666844, 0.1983391664247954,0.0034735781477799386]
[0.4617559640907271, 0.00028675163949323177, 0.10244819551038575, 0.9551952248214863, 0.024822128234188157, 0.29483378265378596,0.007680171496526936]
[0.5227602784960484, 0.0009257548160522286, 0.18545037679931653, 0.9209977224101353, 0.03029755727117281, 0.38815862357732167,0.013346770444667096]
[0.5679874596261929, 0.0012076734893107992, 0.2786498449514581, 0.8778587065540312, 0.03336753541204589, 0.47732614548072555,0.020259559430618496]
[0.5959426198484007, 0.0006950179259939289, 0.3789581482360346, 0.8263808687928729, 0.03353882952247431, 0.5614065364133549,0.02815150936912251]
[0.6057494060744008, -0.001060124473745256, 0.4830771130924084, 0.7672790567858923, 0.030387525130607197, 0.6395404335821065,0.036708052901234446]
[0.5971741122629735, -0.004488517033833651, 0.5876215992684808, 0.7013678275613271, 0.023569641054503793, 0.71095054077331,0.045573797917275054]
[0.570624218088256, -0.009976889968511097, 0.689243970664568, 0.6295473074355716, 0.012830076763724682, 0.7749519666853611,0.054360152330084156]
[0.5271217581795233, -0.01784321587604466, 0.7847551916558992, 0.5527876241868303, -0.0019902971651345816, 0.830961126155281,0.06265371562662361]
[0.46825301529532076, -0.028315492391218267, 0.871237664518328, 0.4721122033943465, -0.02094955768052184, 0.8785030699388798,0.07002527791511867]
[0.3960970389783247, -0.04151518284795438, 0.9461453438819415, 0.3885802415164404, -0.04400176861295437, 0.9172171345530509,0.07603925528467491]
[0.38990021634350197, 0.018265439750111925, 0.9523848229079295, 0.39767987809609023, 0.013938013784794338, 0.9163701918621739,0.04384196386678561]
[0.37496252094335714, 0.07511126719726334, 0.9574196635625373, 0.3998981398969802, 0.07224044941046331, 0.913611915850174,0.01326885045829083]
[0.35210499765757525, 0.12770543691318528, 0.9612742970402515, -0.39534705559661076, -0.13008004709304968, -0.9091404685990008,0.01560433705576863]
[0.32234719773282605, 0.17492953008605308, 0.963983651488179, -0.38424041973531947, -0.1866695792552913, -0.9031546865545597,0.04272446812791847]
[0.2868619008994678, 0.21589171304930482, 0.9655920787339973, -0.3668854714454011, -0.24127278715012923, -0.8958516901119817,0.06806057850621386]
[0.24692660632123686, 0.2499448829545421, 0.9661521391526967, -0.34367299224502207, -0.29321553712203147, -0.8874245780721733,0.0916031736623635]
[0.2038739329791654, 0.2766947163093382, 0.9657232678980716, -0.31506608935568386, -0.3418952345173195, -0.8780602317129068,0.11336329845562913]
[0.1590429619201274, 0.29599796030567804, 0.9643703475827277, -0.2815879539230003, -0.38678834557532, -0.8679372517597421,0.13337138726245387]
[0.11373335841595873, 0.3079516961972548, 0.9621622139249615, -0.2438088994965786, -0.42745592392001247, -0.857224049840746,0.15167591109529047]
[0.06916384897538372, 0.31287462583843956, 0.9591701218699261, -0.20233299489031695, -0.4635470860612761, -0.8460771140836684,0.16834184033289715]
