[0.20714201383592987, -9.766090068160453e-05, -0.05999666562686126, 0.9999999580984417, -0.00028924191357729853, 1.1348698048774522e-05,3.665756452025546e-06]
[0.23638130720484857, -0.017663509761309405, -0.0474211516644661, -0.9979086962160497, 0.06240808686889613, -0.016595398167772796,0.002838568195671234]
[0.2633513715548223, -0.03511664189254325, -0.03223834300793449, -0.9917049286639527, 0.1235211119896045, -0.03371368376368286,0.011280819276935404]
[0.28847557554780284, -0.052234187515513494, -0.014497114737532735, -0.981488503714422, 0.18264047679268816, -0.05188005753056928,0.02512434962322133]
[0.31215371837954675, -0.06892487920564165, 0.00587621243908254, -0.9674234374979209, 0.23880859742266602, -0.071571720211532,0.04404356074033772]
[0.33470150039454327, -0.0852087353090069, 0.02906340785492384, -0.9497346932226631, 0.2911126341171925, -0.09321213901577476,0.06759396338955051]
[0.3563005184328013, -0.10118256666796362, 0.05532981219522831, -0.9287037633799804, 0.33869824790653497, -0.11715539075818247,0.09522306004956332]
[0.3769632449961294, -0.11697496907485548, 0.08499136064693336, -0.9046631418430477, 0.3807824028713823, -0.1436723498014135,0.12628387607569927]
[0.3965161304898795, -0.13269547711332116, 0.11837529174608549, -0.8779897946698247, 0.41666500667846906, -0.17293909462719845,0.16005081135313118]
[0.41460238658489923, -0.14838315360687868, 0.15577710641445608, -0.8490977582275732, 0.4457392020524792, -0.20502785196725662,0.19573742780628844]
[0.43070429922414794, -0.16396001941673577, 0.1974166100588109, -0.8184300105828353, 0.467500144972904, -0.2399007345612055,0.2325157409395941]
[0.44418322554834805, -0.17919437734531998, 0.24339597034226063, -0.7864497766111889, 0.48155213129693875, -0.2774064592975345,0.2695365467827927]
[0.4543338921290533, -0.19367827902852966, 0.2936626477071631, -0.7536314386926848, 0.48761396174631144, -0.3172801584092622,0.3059502900862402]
[0.46044836112459553, -0.2068221913886511, 0.34797980848816834, -0.7204512329476654, 0.48552246525868215, -0.3591463193299521,0.34092796597678643]
[0.46188417098382517, -0.2178684392206341, 0.40590642504422214, -0.6873779155727966, 0.47523413206281984, -0.4025248106336245,0.3736815458778516]
[0.45813076098970074, -0.2259233575024863, 0.46678872652612596, -0.6548635848639293, 0.45682483993892703, -0.4468398740779558,0.4034834293597871]
[0.4488683873738226, -0.23000642026163737, 0.5297640183783845, -0.6233348419342225, 0.4304876894067645, -0.4914318880217966,0.42968444646670173]
[0.43401432457324807, -0.22911306430563905, 0.5937771753261448, -0.5931844669948249, 0.39652899547808385, -0.5355716372116934,0.45172996942376353]
[0.4137521693317816, -0.22228662870527421, 0.6576093723653197, -0.5647637784712883, 0.3553625145577921, -0.5784767598390149,0.46917373764965986]
[0.38854144206753327, -0.20869389711684244, 0.7199178938256885, -0.538375829357699, 0.30750201453980675, -0.6193299864244927,0.4816890546117991]
[0.3591062941465655, -0.18769824248901917, 0.779285193857732, -0.5142695793009259, 0.2535523236059527, -0.6572987378718056,0.4890770779660431]
[0.326403846592598, -0.15892437814550914, 0.8342748115142222, -0.49263516225639775, 0.19419901822358698, -0.6915556131105778,0.49127199411818806]
[0.29157436205552195, -0.12230922051932051, 0.88349130339786, -0.47360034851426536, 0.13019693291933535, -0.7212992710409888,0.4883429431673023]
[0.2558769478316605, -0.0781343303634113, 0.9256410727675208, -0.4572282768568313, 0.062357693204707035, -0.7457751976490311,0.4804926383538766]
[0.22061567887413003, -0.02703674598712838, 0.9595908633637784, -0.44351650800981424, -0.008463511773641822, -0.7642958475519437,0.46805270376966557]
[0.18706181716616727, 0.030003353500285233, 0.9844207565265609, -0.4323974248572695, -0.08138168894346409, -0.7762596599338221,0.4514758332856129]
[0.15637812252277872, 0.09169794581972719, 0.9994687586499521, -0.42373997859076623, -0.15549609815558152, -0.7811684716237286,0.43132495052261344]
[0.12955107405710056, 0.1565074407707597, 1.0043644797198679, -0.4173527535586599, -0.22990436779395584, -0.7786428844450097,0.4082596223843616]
[0.10733616677490875, 0.2227143172270534, 0.9990499602447026, -0.4129882975754284, -0.30371643179685065, -0.7684351891393648,0.3830200454476077]
[0.09022036961817173, 0.28850914825191304, 0.9837863727721984, -0.41034863934254107, -0.3760680559117159, -0.7504395030974887,0.35640898375784824]
[0.07840442062913186, 0.35208306891429597, 0.959146068384367, -0.4090918909043141, -0.44613373021213465, -0.7246988425299936,0.32927208688108806]
