[0.2071554952773401, -7.704082108605242e-05, -0.05997632808710246, 0.9999999868860293, -0.00016156464660316977, 1.0548371551526502e-05,3.6794430598417906e-06]
[0.22348541034449718, 0.011598754339702852, -0.05341193260517811, 0.9974963078272732, 0.07034452923450883, -0.006789006251915309,0.0025831128208116056]
[0.23883397981438054, 0.021354743701517298, -0.045042741276736686, 0.9900237362229112, 0.13986786824286285, -0.013590179314520912,0.010261002613015728]
[0.25364735331290406, 0.029120859025586525, -0.034852589750560964, 0.9777650787004433, 0.20744694713966283, -0.02039300692812018,0.02292030245830095]
[0.2683426916432117, 0.034943582951533686, -0.02275028840334964, 0.961020086320891, 0.27216021761775955, -0.02719650325585276,0.04036780703352208]
[0.28326860265735493, 0.03897419713616551, -0.00857889237602949, 0.9401982357005979, 0.33314491927050854, -0.03399818310299949,0.06233669782258771]
[0.2986709868716878, 0.041449271448396593, 0.007869074511146767, 0.915808861833642, 0.3896145774135909, -0.04079361403613034,0.08849005993709083]
[0.3146666757590448, 0.0426649544158288, 0.026831342033441813, 0.8884488739824583, 0.4408747716991918, -0.04757600702899938,0.11842532479864469]
[0.3312267033032369, 0.04294709515356864, 0.04855177730410115, 0.8587883427870535, 0.48633681928474665, -0.05433585399366135,0.15167958159172804]
[0.34817038387931787, 0.042619547448568385, 0.07325389419925829, 0.8275542968490923, 0.5255290643441433, -0.061060619775065474,0.18773568922519515]
[0.36517062295245706, 0.04197315347579071, 0.10111362129634835, 0.7955131093136139, 0.5581055208310346, -0.06773449527912787,0.22602911024332248]
[0.3817701130001223, 0.041237866199384854, 0.1322330396393167, 0.763451888416472, 0.5838516763514711, -0.07433821738223002,0.26595537883512077]
[0.39740731882522967, 0.040560247607787536, 0.16661678494624774, 0.7321593098115533, 0.6026873303716844, -0.08084896015025568,0.3068781069225124]
[0.4114504855545947, 0.039988189549929415, 0.20415269700332492, 0.7024063421816235, 0.6146664082699499, -0.08724030069527293,0.3481374253684169]
[0.42323735519999245, 0.03946417233027566, 0.24459809702265933, 0.6749273208478406, 0.6199737623650248, -0.09348226173665801,0.3890587517235814]
[0.43211789118362054, 0.0388277409947575, 0.2875727915913765, 0.6504018167448927, 0.6189190404127513, -0.09954143163077017,0.42896177169813093]
[0.4374971109837047, 0.037827185745446426, 0.3325595537533641, 0.6294377303844784, 0.6119277695579324, -0.10538116130979878,0.46716951875447676]
[0.4388751283172735, 0.03613971105802036, 0.37891243560673077, 0.6125560126925174, 0.5995298678042092, -0.11096183624713561,0.503017434908152]
[0.4358817074035186, 0.03339871877085185, 0.4258728431358548, 0.6001773775089898, 0.5823458542426578, -0.11624122026464602,0.5358622960091589]
[0.4283030183363002, 0.02922626201193454, 0.47259287503999314, 0.5926113249337761, 0.561071082195086, -0.12117486673733062,0.5650908864562056]
[0.4160988270859376, 0.023268291638794125, 0.5181650157836607, 0.5900477416341455, 0.5364583648595121, -0.12571659155337692,0.5901283114483706]
[0.39940901786026084, 0.015230048114655836, 0.5616569010116281, 0.5925512849192043, 0.5092993999442971, -0.129819001071828,0.6104458394630045]
[0.37854908292837147, 0.004908871152209254, 0.602149561050022, 0.6000586931977053, 0.48040542729145036, -0.13343406730429547,0.6255681736065339]
[0.38056430684000003, 0.02046333257769742, 0.6393336867166367, 0.6229134141131767, 0.4373443153613228, -0.04759589356383646,0.6468720578714636]
[0.3790273555235351, 0.033766970346420205, 0.6767426267571608, 0.6424938020945764, 0.3912300441832536, 0.03907457061603831,0.6577339467669261]
[0.3742262676774455, 0.04440376496987741, 0.7139791603654816, 0.6585940229296845, 0.34238576093456025, 0.1252701845082379,0.6582805515460934]
[0.36651268687816785, 0.05201796753738286, 0.7506446729338827, 0.6710415449530591, 0.29115207630999496, 0.20972853416196952,0.6488047898757088]
[0.3562921373739678, 0.05632232337496043, 0.7863446936937059, 0.6796983831231372, 0.23788360537332864, 0.2912532320469866,0.6297563442289122]
[0.3440131079322306, 0.05710450652332384, 0.8206943371607012, 0.6844619831260936, 0.18294542015939802, 0.3687335001723282,0.6017294846926321]
[0.3301552571573191, 0.05423161100404207, 0.8533235566235547, 0.6852657403440966, 0.12670945139312415, 0.44116168639310543,0.5654484472497051]
[0.3337610074291691, 0.09057742597911862, 0.865977146302415, 0.6727693759521747, 0.11347673026457075, 0.5191999560199401,0.5147191507397761]
[0.33310479753437827, 0.1277682016260219, 0.878366134709262, 0.6595303134651972, 0.10141024155623869, 0.5906233688582317,0.45376179288979135]
[0.32808902625766234, 0.16529928778019604, 0.8904305591587999, 0.6456425841987748, 0.09057265102011214, 0.6541205076774006,0.3834952539369646]
[0.3186775855332913, 0.20265715157036435, 0.9021108291372223, 0.6312058762145298, 0.0810191257850957, 0.708510621941929,0.3050044945320116]
[0.3048964782564755, 0.23932694395304044, 0.9133480706457257, 0.6163249352898964, 0.07279681746585488, 0.7527644618094993,0.219521895362179]
[0.28683350122997353, 0.2748000787024135, 0.9240844725814285, 0.6011089184732141, 0.06594439332306017, 0.7860224567248002,0.12840600704611313]
[0.2646369997683879, 0.30858170835175847, 0.9342636330853047, 0.5856707041005363, 0.06049161983133662, 0.8076099198752997,0.033118085807839495]
[0.2385137147254249, 0.3401979833935549, 0.9438309037511092, -0.5701261625509358, -0.056459002696228125, -0.8170490125117932,0.0648031707788687]
[0.20872575660394488, 0.36920298460761697, 0.9527337295665788, -0.5545933923916337, -0.05385748700970335, -0.8140672595287076,0.16376824225703582]
[0.1755867547404001, 0.39518522364131287, 0.960921982448772, -0.5391919269096169, -0.05268822084734025, -0.798602468727257,0.26216428872401215]
[0.13945724211884053, 0.4177736138288016, 0.9683482862395434, -0.5240419163393656, -0.052942385191722154, -0.7708039697653521,0.35838305479410043]
[0.10073934797194181, 0.43664282159777845, 0.9749683310449774, -0.5092632913738799, -0.05460109261856261, -0.7310301538041851,0.4508486830111977]
[0.059870880789640445, 0.4515179185399317, 0.9807411748342683, -0.49497491378564606, -0.05763535670759751, -0.6798423601408742,0.5380449476931891]
