[0.2071500311579784, -8.388416312771617e-05, -0.05997867871576519, 0.9999999606806572, -0.00028019166462382576, 1.0861873765502751e-05,3.6517403867714296e-06]
[0.26535427055009686, 0.01806636800497621, -0.035129056771914885, 0.9964373152512039, 0.06736494034602525, 0.05070894610877619,0.0018012139481326875]
[0.3186326364644767, 0.04085023867115612, -0.0023143932539121115, 0.9857927599053472, 0.13376076013423044, 0.10133984888645756,0.0071364272701332325]
[0.36587085639114825, 0.06745526933344519, 0.037957502239959084, 0.9683055666810132, 0.197682782137311, 0.15183227920781037,0.01589987960885707]
[0.4061159202686624, 0.09690122441694328, 0.0851112066826055, 0.9443686493736452, 0.2579569292542794, 0.20210647537277698,0.02791145539546772]
[0.4385894997154518, 0.12806550411023584, 0.1385074052194741, 0.9145197238798896, 0.3134833876563263, 0.2520702593531948,0.042923474320905534]
[0.4626994031767453, 0.15970895525864626, 0.19744301897299285, 0.8794292083524852, 0.3632588711048295, 0.3016154311741132,0.060625009177898134]
[0.4780501823208706, 0.19050261171063596, 0.26114841853784676, 0.8398851319864138, 0.40639681943159395, 0.3506146057794714,0.08064730893312581]
[0.48445353599200286, 0.21905625526088213, 0.3287827033822388, 0.796775387646849, 0.44214510125908335, 0.3989185858331643,0.10257023422844055]
[0.48193856912830496, 0.24394985367009497, 0.3994282577094542, 0.7510677224517823, 0.4699008458796244, 0.44635435294429965,0.12592959517278657]
[0.47076132727409964, 0.2637688755193961, 0.47208593797328924, 0.7037879105243023, 0.4892220922450975, 0.4927237471099338,0.15022526582806386]
[0.45141242055035724, 0.2771441986977008, 0.5456722959148097, 0.6559965923177993, 0.49983601283317414, 0.5378028899762967,0.17492993647633245]
[0.42462105062671, 0.2827968401530737, 0.6190201890866914, 0.6087652943018398, 0.5016435451928754, 0.5813423920953671,0.19949835380963687]
[0.3913534280063199, 0.2795870819422913, 0.6908839796971764, 0.5631521607305643, 0.4947203425560246, 0.6230683679861417,0.2233768907940859]
[0.35280346705159726, 0.2665668145717611, 0.7599502794978219, 0.5201779353105248, 0.4793140352796141, 0.662684265806051,0.24601328226977495]
[0.3103738041984221, 0.24303313898627904, 0.8248548761704488, 0.48080272471866004, 0.4558378752670014, 0.6998735011175433,0.2668663594547853]
[0.26564560802197246, 0.20858054634459702, 0.8842060929299266, 0.44590405824018226, 0.4248609141156898, 0.7343028669250615,0.2854156164742083]
[0.25405695506240733, 0.24437388340355293, 0.8877910203044364, 0.4466493548253451, 0.440216880598325, 0.7527770586319872,0.20010035449183322]
[0.23877517721677627, 0.27849161057323957, 0.8923579475530722, 0.44579014169955744, 0.4525547977083834, 0.7639321863513785,0.11345888810937495]
[0.2203524519283138, 0.3104846297606476, 0.8977962259202222, 0.44362596854948183, 0.46177085317818123, 0.7676415266947756,0.02627100449817865]
[0.1993793546298964, 0.3400477892953192, 0.9039508460523221, -0.44046175036957946, -0.4678023311403753, -0.763854073851883,0.06067437103818565]
[0.17644945748577678, 0.3670199960751819, 0.9106268580123731, -0.43660319908122275, -0.47062761604002595, -0.7525951991034809,0.14658703850926347]
[0.1521255220628025, 0.39137635226469814, 0.9175948626611943, -0.43235231305781935, -0.47026567615189874, -0.7339665060006623,0.2306834179045624]
[0.12690901334755536, 0.4132129551920761, 0.9245974381115878, -0.4280029810519965, -0.4667750385327401, -0.708144881898076,0.3121943911330304]
[0.10121446695821179, 0.4327253586872548, 0.9313563414022674, -0.4238367551873066, -0.460252273330941, -0.675380755293427,0.39037300780827083]
[0.07534997316595399, 0.4501820005734186, 0.9375803057652657, -0.42011884519798637, -0.4508300112167355, -0.6359955770853302,0.46450197289540834]
[0.049504713967306525, 0.46589414013989916, 0.9429732383673988, -0.4170943830085226, -0.4386745232171327, -0.5903785523198992,0.5339008365826201]
[0.023744119159976464, 0.48018401024855517, 0.9472426125868759, -0.41498500307972697, -0.42398289737738415, -0.5389826571586734,0.5979328099649441]
