[0.20711085860449924, -5.255392919751081e-05, -0.060006739117301866, 0.9999999842322806, -0.00017053299353945008, -4.9401287335312915e-05,3.6673836270918178e-06]
[0.31102869674455474, 0.016213475809041002, -0.024590543264978393, -0.9950545250583731, -0.016062471119692612, -0.09796094124066437,0.003484705673070643]
[0.40569221914445913, 0.042327771045683756, 0.02800822094366473, -0.9802554049212001, -0.03188199503580059, -0.1946533636145448,0.013890556103168857]
[0.4875678790511093, 0.07654335332752878, 0.09610291794453313, -0.9557597217144795, -0.04687947363426491, -0.2887315762940699,0.030979770024594514]
[0.553701750344447, 0.11656788539166404, 0.17751684848661559, -0.9218274355223657, -0.0606594668213738, -0.3789443640786875,0.054367059293333964]
[0.6018540625815009, 0.15969741014568956, 0.26965643180247895, -0.8788184708318278, -0.07284599973686678, -0.46410710010112066,0.08352338165371803]
[0.630596809859566, 0.20297375535405007, 0.36959821716957997, -0.8271887062867501, -0.08308862798330485, -0.5431220401801504,0.11778613484640665]
[0.6393695538199035, 0.24335666886499707, 0.4741866667117001, -0.767484898614098, -0.09106814190028349, -0.6149970262352569,0.1563719337091181]
[0.6284908338776691, 0.2779009342653531, 0.5801392806903369, -0.7003385997162954, -0.09650182874507855, -0.6788622569526285,0.19839173087973674]
[0.5991250217814822, 0.3039284587858264, 0.6841553905141119, -0.6264591375799335, -0.09914821757171194, -0.7339848197118829,0.2428679977425463]
[0.5532068754542427, 0.3191856371868249, 0.783024831887656, -0.5466257424596253, -0.09881123854422873, -0.7797807192704314,0.2887536435647315]
[0.4933283222720397, 0.3219771573457537, 0.8737327346117426, -0.46167890962814884, -0.0953437362864098, -0.8158241850872419,0.3349523180726614]
[0.42259400687966814, 0.31126877374067774, 0.953556825133321, -0.3725110987228565, -0.08865028555631971, -0.8418540895883686,0.380339716625036]
[0.34445376190886934, 0.2867533537886534, 1.0201539266108455, -0.28005687725994377, -0.07868926692634345, -0.8577773631966801,0.42378548813917005]
[0.2625213127369434, 0.2488765950530602, 1.0716327478289136, -0.18528262214347452, -0.06547417012473464, -0.8636693475738552,0.46417533437211805]
[0.18038914849290633, 0.19882109705028295, 1.1066105612618022, -0.08917589789174364, -0.04907410312248597, -0.8597710852210153,0.5004328852661494]
[0.14681387354367376, 0.20920286633314122, 1.1079783868744004, -0.06697626892017251, -0.08236491140608612, -0.8480027465887965,0.5192509437145573]
[0.11492749567349894, 0.2204585078824459, 1.1064162930978712, -0.048878901928693666, -0.11746011073792838, -0.8344393783855871,0.53621348279501]
[0.08513160661808764, 0.23245775061401955, 1.1021189577215815, -0.03519413945212799, -0.1538555090288644, -0.8193690431846613,0.551111808946557]
[0.05779630721860868, 0.2450534521682773, 1.0953287007617087, -0.02616890093398549, -0.19100104460599807, -0.803107145532204,0.5637842693605777]
[0.0332528861419634, 0.2580815062357211, 1.086329564642132, -0.02198000965826199, -0.2283089148644204, -0.7859887053476411,0.5741199122437691]
[0.01178732416868742, 0.2713610414363803, 1.0754404314935635, -0.02272858249635284, -0.2651626529680211, -0.7683601427264636,0.5820608817624119]
[-0.0063652433404412165, 0.28469497211686173, 1.0630073443038077, -0.02843561521839876, -0.3009270110936082, -0.7505707798535295,0.5876034838319832]
[-0.021024997652732635, 0.2978709542837586, 1.0493952187131856, -0.03903887696918353, -0.3349584903357058, -0.732964273739978,0.59079789205602]
[-0.03207075995024434, 0.310662790081444, 1.0349791477239731, -0.05439120583929727, -0.36661634164011736, -0.71587019621499,0.5917464971935839]
[-0.03944211299881199, 0.3228323119921731, 1.0201355120738194, -0.07426027363738201, -0.3952738493553331, -0.6995959749388347,0.5906009377104817]
[-0.04314029600317887, 0.3341317636245946, 1.005233114227775, -0.09832986239971821, -0.42032969947382376, -0.6844194011908908,0.5875578824032578]
[-0.04322787580236215, 0.3443066779827524, 0.9906245537210637, -0.12620266830913443, -0.44121922861455704, -0.6705818969910299,0.5828536679479179]
[-0.039827225036723715, 0.35309923696040846, 0.9766380559207752, -0.1574046210171626, -0.4574253474458001, -0.6582827160276999,0.5767579237216663]
[-0.033117863842899276, 0.36025207802864834, 0.9635699552923619, -0.19139067837477192, -0.4684889336689111, -0.6476742303049222,0.5695663426326545]
[-0.023332745387406574, 0.36551249625980486, 0.9516780182138168, -0.22755202879433886, -0.47401849491576875, -0.6388584279087303,0.561592779297736]
[-0.01075358659501642, 0.3686369725589168, 0.9411757696631385, -0.2652246064086625, -0.47369891092012417, -0.6318847174565281,0.5531608751469526]
[0.004294636684473243, 0.36939594285695065, 0.9322279632187425, -0.30369879837567215, -0.46729907700095913, -0.6267491023411241,0.5445954234234992]
[0.021449896444620628, 0.36757870864053915, 0.9249473053704382, -0.3422301995979397, -0.4546782870683251, -0.6233947535942539,0.5362136952213439]
[0.04031987696034822, 0.36299837709556376, 0.9193925138447523, -0.3800512482567069, -0.435791213786066, -0.6217139749023736,0.528316950415636]
