[0.20713673351746795, -6.422491034826933e-05, -0.05999641809990554, 0.9999999798697473, -0.0002003481963033272, 1.0372776998923117e-05,3.6757306816959697e-06]
[0.251529979632045, -0.007080340888756382, -0.043923757899249405, -0.9994198493864439, 0.015055591981969697, -0.030476299469391753,0.0021187196847729404]
[0.2940132016424978, -0.01253682085817336, -0.023580643283045266, -0.9976550151919756, 0.029296812017459414, -0.06127928650909671,0.008427129573515092]
[0.3344880655813827, -0.01637101873680276, 0.0008580859611855285, -0.9946131648789518, 0.042325368584584085, -0.09274126512470114,0.018768941545123947]
[0.3728545708283893, -0.018555849690239268, 0.029288104819227417, -0.9901434932840203, 0.05357048392918592, -0.12515607201066312,0.03289412710153633]
[0.4089820450952873, -0.019098686639063917, 0.0616671521773656, -0.9840412398233901, 0.0625024070411823, -0.15877635569153514,0.05046143392947851]
[0.442683756531663, -0.018038765045495803, 0.097998885907744, -0.9760538916535054, 0.068644681725892, -0.1938015840743579,0.07104684559547911]
[0.47369704669363777, -0.015443329704108208, 0.13831019470522637, -0.9658889072411814, 0.07158524916369775, -0.23036747844171773,0.09415410690465344]
[0.5016705466577627, -0.011402838238820719, 0.18262354111483192, -0.9532227788865452, 0.07098614113041808, -0.2685371647615631,0.11922706371057869]
[0.526159603484207, -0.006025594481147138, 0.23092624279964383, -0.9377112206714496, 0.06659155026335348, -0.3082942917448987,0.14566352233107238]
[0.5466305401730517, 0.0005677831942242709, 0.2831388215315535, -0.919000240912138, 0.058234098567860645, -0.3495383175315706,0.17283029695230032]
[0.5624738277526254, 0.00824965046905285, 0.3390846485738468, -0.8967378360847635, 0.04583916402893758, -0.39208211433277107,0.20007908435288338]
[0.5730256940501449, 0.016890000715023945, 0.39846308479924525, -0.8705860268600977, 0.029427166902002824, -0.43565198402927496,0.2267627846350186]
[0.5775971614987477, 0.026360175603626163, 0.46082815494037194, -0.8402329467003825, 0.009113761122349776, -0.47989011892879674,0.2522518749026511]
[0.5755090263805527, 0.036535372638789865, 0.5255745158162668, -0.8054046896764403, -0.014892078637096434, -0.524359481995626,0.27595044026481047]
[0.5661308917329299, 0.04729579657768966, 0.5919320929363033, -0.765876626859982, -0.042292038372412466, -0.5685510212802124,0.29731147324163293]
[0.5489220689572305, 0.05852641124826624, 0.658970289186741, -0.7214839097987297, -0.0727044340710332, -0.6118930753908948,0.31585106847472033]
[0.5234719865388965, 0.07011536291195654, 0.7256121387992243, -0.6721308950163201, -0.10567204538607997, -0.6537627720236187,0.3311611642455639]
[0.48672858222534404, 0.15655359586946574, 0.7543353717455966, -0.6434843218367514, -0.1686063258711642, -0.6471708291275763,0.3723838776757779]
[0.43477171798991204, 0.23130299070050714, 0.7827917167827289, -0.6079246286997002, -0.22593436359135302, -0.6377816913529957,0.4154706046687476]
[0.37082232398104364, 0.2915009799448568, 0.810821273622552, -0.5664070258695494, -0.2768313090355403, -0.6251040702361306,0.4602090924324552]
[0.2986802149924497, 0.33512438164009245, 0.8382594558405907, -0.5199887191441971, -0.3206245558315916, -0.6086663082874428,0.5062972953871153]
[0.22250927953941935, 0.361115508355722, 0.8649381683405034, -0.4698054582893977, -0.3568065243911555, -0.5880309704728718,0.5533457447908369]
[0.14659323745110447, 0.36945317965187086, 0.8906870525305087, -0.4170464786446858, -0.38504389614187406, -0.5628090802942786,0.6008821613530079]
[0.07507629980711604, 0.3611613819826871, 0.9153347888911585, -0.36292836838510245, -0.40518309722972407, -0.5326736662186635,0.6483582516308586]
