[0.20712484626821637, -7.848390295208444e-05, -0.059993323601048795, 0.9999999687537852, -0.0002491824316827066, -1.967609478889436e-05,3.6600490275603116e-06]
[0.26870485445328635, -0.018182169625346033, -0.03675080033276448, 0.9976329803873472, 0.002320663651064519, 0.06855882760332072,0.004768450622188933]
[0.32537443828352147, -0.043804765652043304, -0.005716605698762228, 0.9905418414054854, 0.0047462559879869635, 0.13581183598745136,0.018959923123386725]
[0.37553777418761, -0.07601796830419694, 0.03264447697652534, 0.9787679765792928, 0.006883611827605172, 0.20044184652287073,0.04229574533668917]
[0.4178032560455134, -0.11363171600582285, 0.07775140418383356, 0.9623801463964078, 0.008591671734846762, 0.26120557385541543,0.07431207967546546]
[0.45103000516085034, -0.15523638868237016, 0.12891707004058148, 0.9414739892380303, 0.009733733627409629, 0.3169395919000338,0.11437341082673144]
[0.4743654637878235, -0.19925283566199098, 0.18536037411921885, 0.9161713848567706, 0.01017885012625292, 0.3665842611626424,0.16168600448886847]
[0.4872727474358583, -0.2439883727724806, 0.24621992599319326, 0.8866196436761575, 0.009803177438787456, 0.409205428224456,0.21531470611945427]
[0.48954681998422334, -0.287696672664906, 0.31056912175715334, 0.8529905276673225, 0.0084912643833536, 0.44401343270876753,0.27420271645841116]
[0.48131897863601936, -0.328639336667909, 0.37743230179058185, 0.8154791097503976, 0.006137270645306718, 0.47037901552219197,0.337193916353927]
[0.46304957611104025, -0.365146886680351, 0.44580167903163337, 0.7743024798086862, 0.002646103924643314, 0.4878457894384748,0.4030572584922528]
[0.43550934777873235, -0.39567695326099617, 0.5146547134100766, 0.7296983064842636, -0.002065533711945648, 0.4961390077039229,0.47051269921124306]
[0.39975013431495937, -0.41886755916169094, 0.5829716011174856, 0.6819232649363776, -0.00806819923061304, 0.49517044666047577,0.5382581106251458]
[0.35706617937944074, -0.4335836006359497, 0.649752547189391, 0.6312513416813855, -0.015418869934085354, 0.48503930265252815,0.6049965925174755]
[0.3089475216793048, -0.43895490331155596, 0.7140344964135148, 0.5779720284881208, -0.024160219952851312, 0.4660290898684504,0.6694635953160867]
[0.25702727861684244, -0.4344045638023508, 0.7749070106923609, 0.5223884180692691, -0.034320018278742974, 0.4386006123836915,0.7304532701200568]
[0.20302482412824824, -0.41966666878218717, 0.8315270003696873, 0.46481521498198636, -0.04591065371589935, 0.40338116863186463,0.7868434790921383]
[0.1486869889276535, -0.39479289443889726, 0.8831320422386421, 0.4055766757247418, -0.05892879110037629, 0.36115022798309687,0.8376189291767906]
[0.09572945309041869, -0.3601479144590277, 0.9290520474222689, 0.3450044924881218, -0.0733551620802797, 0.3128218952829204,0.8818919333970525]
[0.04578045808558292, -0.31639396695293875, 0.9687190773826932, 0.28343563538175653, -0.08915449266170834, 0.2594245484444576,0.9189203560147979]
[0.0003288407707343344, -0.2644653333028749, 1.001675145207133, 0.2212101682151084, -0.10627556862065934, 0.2020780949887507,0.948122359465442]
[-0.039321808455267795, -0.20553384907765998, 1.0275778811930327, 0.15866905305493134, -0.12465143876615101, 0.14196934447561058,0.9690876408485177]
[-0.07209132813665159, -0.14096688480428562, 1.0462039857086673, 0.09615195881587092, -0.14419975492406406, 0.08032603395724373,0.9815849223395859]
[-0.0971522956993677, -0.07227949060472003, 1.0574504373982374, 0.03399508906297642, -0.16482324640345983, 0.01839007205444482,0.9855655415112976]
[-0.11394961499317033, -0.0010825842373049718, 1.0613334700727215, -0.027470955983379963, -0.186410325616243, -0.04260941660765381,0.981163072428514]
[-0.12220992101644546, 0.0709708293250963, 1.0579853761234426, -0.08792326854682282, -0.20883582045567523, -0.10148266139836326,0.9686889946614207]
[-0.12194074087912343, 0.14223939001594532, 1.0476492370823165, -0.14704865920873386, -0.23196182800791856, -0.15710485416919204,0.9486245131602997]
[-0.11341974336471515, 0.2111451007693507, 1.0306717221430006, -0.2045456058533066, -0.25563868318169836, -0.2084402420576295,0.9216087153874947]
[-0.09717478088357916, 0.2762211930265359, 1.0074941322258144, -0.2601261124664599, -0.2797060349022225, -0.2545641842289415,0.8884233313911882]
[-0.07395576261983057, 0.33615449777502343, 0.9786418997723889, -0.3135174653111199, -0.30399402163414796, -0.294682697243468,0.8499744359102237]
[-0.044699683465272026, 0.38982093709066035, 0.9447127822459584, -0.3644638747900844, -0.3283245371816912, -0.32814906907623487,0.8072714975284503]
[-0.010490359362377917, 0.43631305650906577, 0.9063640097526175, -0.4127279921789546, -0.35251257696844157, -0.3544771862092359,0.7614042369255508]
