[0.20713980554060102, -6.968358376603191e-05, -0.059988998788512854, 0.9999999722183949, -0.0002355523820731997, -8.048492790693648e-06,3.6751823580298445e-06]
[0.2900410352660561, -0.007229614548632457, -0.027348864260347605, 0.9981443034895489, 0.0004493798213097556, 0.06086465420878218,0.001800371402060067]
[0.3664195348692087, -0.018534918216530846, 0.019448089079421638, 0.9925824321763078, 0.0010310589162270008, 0.12135856475611181,0.007151993625101024]
[0.4338353346440653, -0.03331620468642677, 0.0791716895611784, 0.9833337216935585, 0.0014086726941507663, 0.18110002539307105,0.015987126826459683]
[0.4901366497605958, -0.05068714129859119, 0.15021992316494914, 0.9704304450591297, 0.0014873534847223578, 0.23972477248048119,0.028188163138680847]
[0.5335314505010342, -0.06958597728759583, 0.2306665490824822, 0.9539177541330115, 0.0011809880687596703, 0.29688237955846286,0.04359330596224503]
[0.5626460533675549, -0.08882535984393057, 0.3183184092651429, 0.9338536329286025, 0.00041483924003550554, 0.35224040839341764,0.061999313458250604]
[0.5765686492109179, -0.10714824070710556, 0.41078066870871766, 0.9103088318299715, -0.0008720780511708619, 0.40548818227972366,0.08316492171409398]
[0.5748762549830296, -0.12328740170448962, 0.5055279842518885, 0.8833667788054689, -0.0027249183199930587, 0.4563401053626835,0.10681487331160695]
[0.5576442012032652, -0.1360259614803893, 0.5999794205481768, 0.8531234630760957, -0.005171271545597081, 0.5045384631568285,0.13264446424558152]
[0.5254379242817617, -0.14425617115398998, 0.6915748177303627, 0.8196872861963992, -0.008219813509773511, 0.5498556524618665,0.16032451144345414]
[0.5349551983653124, -0.07806315461473032, 0.7087193115203562, 0.8155127719853271, 0.031001387482824157, 0.5636154917199585,0.1277317900767755]
[0.5355891242922951, -0.012276238169789984, 0.7256386121196132, 0.8093448764874573, 0.06870930801514416, 0.5756558449517716,0.09412890134514854]
[0.5276659286867402, 0.05186933010702486, 0.7423208380767793, 0.8013607874645279, 0.10478619103689583, 0.5859167888619138,0.05951688005897989]
[0.5116833901523269, 0.11322508210948762, 0.75875100107755, 0.7917450210916933, 0.13913307661185756, 0.5943152764554257,0.023898969449419306]
[0.4882929488728026, 0.17075230467466745, 0.774910714808993, -0.7806875138329336, -0.17167025578454415, -0.60074511168622,0.012713764561829058]
[0.4582789660967107, 0.22354189357761378, 0.7907779650430268, -0.7683816885525333, -0.2023375348851407, -0.6050779557191761,0.05029682073914231]
[0.42253557644598083, 0.27083077870801964, 0.8063269451614277, -0.7550225134504637, -0.23109430919248, -0.6071653588205724,0.08880682119117081]
[0.3820416016372845, 0.3120146499928027, 0.8215279604919946, -0.7408045723966695, -0.25791944668189376, -0.6068417856090147,0.128176408821422]
[0.337834025153539, 0.3466567524049606, 0.8363474039278359, -0.7259201650518349, -0.28281098438038266, -0.6039285756391435,0.16830964503376358]
[0.29098056337723277, 0.3744925626000493, 0.8507478043698488, -0.7105574548021876, -0.3057856416189244, -0.5982387566243843,0.20907805929186096]
[0.24255190794440962, 0.39543021317356825, 0.8646879485775331, -0.6948986820069328, -0.32687815619438076, -0.5895826045833923,0.2503174886432297]
[0.1935942534823283, 0.40954659639823415, 0.8781230760467472, -0.6791184593641882, -0.3461404511152635, -0.5777738243362317,0.291825828473799]
[0.1451027602111868, 0.4170791596844986, 0.8910051455664727, -0.6633821653515505, -0.36364064119110584, -0.5626362055563199,0.3333617958986851]
[0.09799662708678904, 0.4184135006396746, 0.9032831711517402, -0.6478444506988581, -0.37946189021956733, -0.5440105944254257,0.3746447847262571]
[0.05309646282939848, 0.41406697961694966, 0.9149036241180952, -0.6326478717128722, -0.39370113091477654, -0.5217620092023124,0.41535586632039495]
[0.011104634011662937, 0.40466868949159074, 0.9258108971655872, -0.6179216630073876, -0.4064676609918815, -0.4957867199919728,0.4551399644434391]
