[0.20717627048956747, -7.165985246268718e-05, -0.05997013704405635, 0.9999999682994384, -0.00024727696546214317, 4.7348353551268165e-05,3.654900982890191e-06]
[0.2692514871096237, 0.012726899324904282, -0.040307744409947055, -0.998464807344032, -0.01621608145599244, -0.05296150851362126,0.0003818554958947686]
[0.32785925510580566, 0.028257381865713863, -0.014272258907729318, -0.9938631448863826, -0.03255083447633388, -0.10570740652070028,0.0015609670436473632]
[0.3822972807277225, 0.04620479338159732, 0.017675341368475178, -0.986215930496003, -0.04862934213863494, -0.15811677385528203,0.0035229738381981944]
[0.43195582945687305, 0.0662017469148045, 0.055019358754780534, -0.9755579967281227, -0.06432485875872318, -0.21002343648797672,0.006250095300367095]
[0.4763236662009189, 0.08783866961505968, 0.09720147440485671, -0.9619378151818717, -0.07951198000453351, -0.2612643290837727,0.00971777275368701]
[0.5149912299966675, 0.11067429457822095, 0.1436327547084224, -0.9454171582103573, -0.09406709765480668, -0.31168045329103145,0.013895075982188696]
[0.5476511586454819, 0.13424608248336406, 0.19370521355969503, -0.9260706701665805, -0.10786886418738414, -0.36111776349419117,0.018745209657349684]
[0.5740963686586903, 0.15808025125139713, 0.2468026102581027, -0.9039853530817181, -0.12079866894817087, -0.4094279652522091,0.024226107064648103]
[0.594215973563871, 0.18170113840957705, 0.30231020562954236, -0.8792599726087409, -0.13274112716776904, -0.456469213861623,0.030291096428796058]
[0.6079893859882342, 0.20463967753789764, 0.35962325091859826, -0.8520043909103329, -0.1435845825338603, -0.5021067030167351,0.036889623388620674]
[0.6154789936854788, 0.22644083399262732, 0.4181540430990405, -0.8223388339128601, -0.15322162340531784, -0.5462131363245469,0.043968011853833686]
[0.6168218253194653, 0.24666991263986035, 0.47733744419929314, -0.7903931009766944, -0.16154961208177723, -0.5886690773968403,0.05147024462177819]
[0.6122206277547371, 0.26491771803797903, 0.5366348285822721, -0.7563057255384764, -0.1684712258342335, -0.6293631773095911,0.059338744766013155]
[0.6019347631259092, 0.28080461186544436, 0.5955364883101771, -0.7202230956559513, -0.17389500767322477, -0.6681922813111835,0.06751513894116055]
[0.586271302243857, 0.2939835700875275, 0.6535625902284742, -0.6822985436260748, -0.17773592409705363, -0.7050614196953472,0.07594098437790822]
[0.5655766429484202, 0.30414239044849456, 0.7102628367870911, -0.642691413949756, -0.17991592633931028, -0.7398836906531533,0.0845584424537289]
[0.5402289205627664, 0.31100523693390664, 0.765215033643429, -0.6015661188817448, -0.18036451093877356, -0.7725800456047952,0.09331088329163102]
[0.5106314059666642, 0.3143337300754118, 0.8180228088032682, -0.5590911906340231, -0.17901927480136717, -0.8030789899153804,0.1021434078221185]
[0.47923851001280837, 0.31679129268089296, 0.8578528405482784, -0.5405491957350529, -0.1491265021799549, -0.8183126264576587,0.12622320990106406]
[0.4463822097654047, 0.3146568305714992, 0.89556120676672, -0.5226859333560193, -0.1177270658156958, -0.8302944063136123,0.15346319392773114]
[0.4127836615490529, 0.3078358746066769, 0.9307745188068471, -0.5056581207330192, -0.0850361235516208, -0.8386843907210754,0.1835407730965628]
[0.3705022285662275, 0.3445951313393985, 0.9400750888426566, -0.5019316649487704, -0.10482086964327549, -0.8300061771910571,0.21946966722914285]
[0.3255984822544447, 0.3758224820233764, 0.9480558923422353, -0.49932658637317157, -0.12551547257400278, -0.8184499072059659,0.25506582617039597]
[0.2787189915133921, 0.40155092790779146, 0.9547271508173947, -0.4975322866079448, -0.14760274594370051, -0.8040573932817858,0.29011508316778245]
[0.2304324342207427, 0.4218641265082721, 0.9601084478580341, -0.4961413155829658, -0.1714992445448123, -0.7868874837868611,0.32440698505387555]
[0.18123390461605657, 0.4368712291174939, 0.9642282527518902, -0.4946615714008202, -0.19753895112098208, -0.7670157278073384,0.35773616795827734]
[0.13155556803740381, 0.44668538507764327, 0.9671233641292398, -0.49253105034524974, -0.22595906259037782, -0.7445339270037076,0.38990370352116577]
[0.08178235931405031, 0.45140735779002367, 0.9688382808230716, -0.4891347987542372, -0.2568882586567234, -0.7195495770726007,0.42071840623701023]
[0.032271111730692005, 0.451115316675472, 0.9694245078611009, -0.48382366239343544, -0.2903377792052533, -0.6921852022102667,0.4499980927909551]
[-0.016628703880550745, 0.4458614254480334, 0.9689398061398234, -0.4759343819446965, -0.32619557229285334, -0.6625775867352145,0.47757078454989]
[-0.06455454346146576, 0.4356753661945554, 0.9674473948658431, -0.46481054639010017, -0.3642237033245307, -0.6308769087619209,0.5032758447333868]
[-0.11111254407029138, 0.42057444915810493, 0.96501511628046, -0.44982389034119696, -0.40405913975474483, -0.5972457815198868,0.5269650422140603]
