[0.20712098179154997, -9.43057339434421e-05, -0.059999306474566944, 0.9999999727143237, -0.0002305033929881169, -3.7765003334329864e-05,3.6527333125205216e-06]
[0.2707846371597122, 0.005361209668816781, -0.03765383891946167, -0.9977967508315111, -0.01677427682794328, -0.06418617868297151,0.0006341396193159684]
[0.33088898660944643, 0.014893518655406475, -0.007843014219778899, -0.9912168663642278, -0.033275370264014316, -0.12796615694088828,0.0025566084278721346]
[0.38634231354979215, 0.028011455619913313, 0.028857819813200875, -0.980387000298636, -0.04878068792656783, -0.19086238720897372,0.005772631959965722]
[0.4362011589250925, 0.044092944496080776, 0.0717468762691515, -0.9655147961352069, -0.06282474342461028, -0.25244446899416123,0.010296607784999285]
[0.47969877459538207, 0.06241321951340094, 0.12001526691090011, -0.9468834810382337, -0.07498109463965175, -0.3122959400470615,0.01614789811953789]
[0.5162660655845656, 0.0821771613634916, 0.17276934193761817, -0.9248445285852022, -0.08487375762805867, -0.3700186719541346,0.023350066753815117]
[0.5455441875797211, 0.10255411811561144, 0.22905526352700883, -0.8998085524118538, -0.0921872908303733, -0.4252370545865522,0.03192992048838252]
[0.5673883818331931, 0.12271345995793836, 0.2878849651239437, -0.8722346659626007, -0.09667528143883064, -0.4776019213338043,0.04191637138508502]
[0.5818630646658486, 0.14185909221389523, 0.3482626007378947, -0.8426185835940906, -0.09816700640668546, -0.5267941701042655,0.05333913928061452]
[0.5892286194888054, 0.15926122345735963, 0.40921057480423967, -0.8114797714340718, -0.09657208707480477, -0.5725280386586807,0.0662273168788188]
[0.5899207423213079, 0.1742838507858182, 0.46979426400603336, -0.779347981827772, -0.09188300759554135, -0.6145539969132997,0.08060782228831682]
[0.5845235454471018, 0.18640667298639735, 0.5291445970391765, -0.7467495222576332, -0.08417542198650772, -0.6526612233587661,0.09650376606759599]
[0.5737379092049675, 0.19524046028145808, 0.5864777445063964, -0.714193617851693, -0.07360623139544907, -0.6866796376352671,0.11393276164812423]
[0.5583467739231227, 0.2005352784669847, 0.6411112855733208, -0.6821592257691368, -0.06040947059519603, -0.7164814665257431,0.1329052093997117]
[0.5391791723856323, 0.20218136455711483, 0.6924763562321582, -0.6510826498582907, -0.04489009942721245, -0.7419823261150863,0.1534225855595172]
[0.5170748129694699, 0.20020285782514544, 0.7401254405798101, -0.6213462852348081, -0.027415849460029666, -0.7631418085491135,0.17547576775064436]
[0.492850935293509, 0.19474498129638615, 0.7837356352910799, -0.5932687952561474, -0.008407327159661544, -0.7799635676451528,0.19904342885811446]
[0.4672729799768566, 0.1860556221474651, 0.8231073918380342, -0.5670969884108988, 0.011673378900819258, -0.7924949034873034,0.22409053060532627]
[0.4410303531685087, 0.1744625551551523, 0.8581589141389488, -0.5429996207293974, 0.03233529900681496, -0.8008258520140554,0.250566947285218]
[0.41471824062925633, 0.16034777472658288, 0.8889165544314152, -0.5210633014604684, 0.05307207039934994, -0.805087791404332,0.2784062487559121]
[0.3888260546374007, 0.14412053585302825, 0.9155017007900248, -0.5012906271029417, 0.07337596606559936, -0.8054515827214347,0.30752467002537476]
[0.37988338007106803, 0.1659708975170488, 0.9092962358320605, -0.5155819217741583, 0.05491616133854559, -0.7914403300215184,0.323700017267431]
[0.3686904736898587, 0.18878087784435554, 0.9031107410725666, -0.5290751900452578, 0.03328844392264, -0.7765797555469397,0.34043384974828717]
[0.3549363077282032, 0.21221367966714494, 0.89710549113432, -0.541244468040076, 0.008521635965077932, -0.7609360126047873,0.35771244353198167]
[0.3383635013794127, 0.23586369652538158, 0.8914333731203054, -0.5515620610397249, -0.019276838802280524, -0.744576973032904,0.3755167473449887]
[0.3187812434116417, 0.25926557132818023, 0.8862377598938986, -0.5595098953181502, -0.0499201784263679, -0.7275717217469309,0.3938223489609995]
[0.2960766716359636, 0.28190557904034264, 0.8816505124749029, -0.5645910334672108, -0.0831430531557086, -0.7099900438539811,0.41259948529851104]
[0.270224301328162, 0.30323506524637645, 0.8777901408287555, -0.5663411195132593, -0.1186041113473636, -0.6919019082331994,0.4318130967249928]
[0.24129314201043475, 0.32268560142606184, 0.8747601502421071, -0.5643395156429575, -0.15589013554220843, -0.6733769515328745,0.4514229257235362]
[0.20945120162249722, 0.33968545523992466, 0.8726475979829659, -0.5582198927705846, -0.1945218089905982, -0.6544839665538416,0.47138365973607155]
[0.17496714751043502, 0.3536769222040842, 0.8715218820713417, -0.5476800425844294, -0.23396101856164347, -0.6352903989792952,0.4916451176540294]
[0.13820897292351814, 0.3641340256818216, 0.8714337807762822, -0.5324906890934022, -0.2736195864006223, -0.6158618563717193,0.5121524790852487]
[0.09963960360497034, 0.3705800666357099, 0.8724147579519685, -0.5125030929379552, -0.3128692906340692, -0.5962616332885443,0.5328465551875529]
[0.05980946911070137, 0.37260449416896, 0.8744765455784498, -0.48765526160753314, -0.3510530055654225, -0.5765502562696756,0.5536640995272708]
[0.019346155029049558, 0.36987857319335327, 0.8776110109347607, -0.4579766028936911, -0.38749676482627227, -0.556785052322738,0.5745381570975886]
[-0.02105865745607633, 0.3621693467762822, 0.8817903117599213, -0.42359088698018293, -0.42152252747052216, -0.5370197443765213,0.5953984493194292]
[-0.060664671992392324, 0.34935142753639903, 0.8869673386092604, -0.3847174140158662, -0.4524614075794569, -0.5173040769906313,0.6161717925489877]
[-0.09870050533647054, 0.3314162040851508, 0.8930764394497952, -0.3416703182402364, -0.47966711306702536, -0.4976834754009361,0.6367825473333948]
