[0.20714219662211797, -5.194974723337965e-05, -0.059993439688751746, 0.9999999920528219, -0.00012360801561711975, 2.453387858113095e-05,3.6747456775031564e-06]
[0.22692071176862494, 0.01303287711359765, -0.04720945537271168, 0.9998149449409794, 0.017096107795461907, 0.008776537645953923,0.0008782698113880089]
[0.24486198766881154, 0.02670819951376385, -0.03233211826894816, 0.999257456464659, 0.033978602392811946, 0.01783231708872159,0.003463920677352769]
[0.2608715858998622, 0.04073405802863435, -0.015458512401039265, 0.9983320261561225, 0.050191293859320675, 0.027483944326804136,0.007657178068986559]
[0.2748826655129651, 0.054868877674590665, 0.0033133363336099453, 0.9970460860976788, 0.06541017832355693, 0.03800019990130334,0.013288926835604386]
[0.28685034933317455, 0.06887125146876007, 0.023883235729501878, 0.9954098648891895, 0.07932399563670078, 0.04961571123382138,0.02012922741380182]
[0.29674683447592815, 0.08250018013487385, 0.04614628942877694, 0.993436199879501, 0.09163825189416644, 0.06252100968817927,0.027893922390517713]
[0.30455781070364923, 0.09551416172342345, 0.06998924713831697, 0.9911403004697987, 0.10207905348989631, 0.07685377732047667,0.0362528417481833]
[0.3102805931434484, 0.10766966078145321, 0.09528602045949591, 0.9885394660360539, 0.11039670940270131, 0.09269152538192647,0.04483939969023879]
[0.313924182635675, 0.11871957187651862, 0.1218927036863583, 0.9856527627096883, 0.11636906088843399, 0.11004591165554654,0.0532613401878211]
[0.31551125338330144, 0.12841231879940085, 0.14964248315511286, 0.982500663891026, 0.11980450066336101, 0.12885886358100185,0.061112358415538484]
[0.31508185114898324, 0.1364921952774769, 0.17834084289587884, 0.9791046599404489, 0.120544646982457, 0.14900062979135878,0.06798430178027504]
[0.3126983839467284, 0.14270145705683812, 0.20776147690674052, 0.9754868429896604, 0.11846664170679688, 0.17026983519078648,0.07347963786574954]
[0.3084513180207361, 0.14678452513426793, 0.23764329882164018, 0.971669473233211, 0.11348504547823465, 0.19239556515881137,0.07722386772701278]
[0.3024648697014495, 0.14849446655886475, 0.26768889861362455, 0.9676745333926218, 0.10555330743504408, 0.21504145404058214,0.07887756180947396]
[0.2949019199226627, 0.1476016971007085, 0.29756473484075285, 0.9635232782872375, 0.09466479146406732, 0.23781170296335793,0.07814770239327119]
[0.27673905704585045, 0.175135851444092, 0.3279426535106768, 0.9622429989287569, 0.12386590489192606, 0.23950773580456547,0.03717113271972619]
[0.25366904317199024, 0.19983646402662938, 0.35854163252539895, -0.9583912213142212, -0.15690888097440195, -0.2384065855096826,0.005307538488925653]
[0.22611833934188227, 0.22083986172681236, 0.3893227039681373, -0.9513406832788579, -0.19364913927653335, -0.23467023344858973,0.04879340866508634]
[0.194638268957447, 0.23730581150547364, 0.4202112388749536, -0.9404778158603376, -0.2338292978656229, -0.22850408363757113,0.09279666532366822]
[0.15991367153850444, 0.24844317664275734, 0.4510869574071094, -0.9252208819356884, -0.27708083944558554, -0.22015389524692097,0.13683855615244062]
[0.12276610827031278, 0.25354083183683407, 0.48177656520137446, -0.9050377993074642, -0.3229286596767861, -0.20990213256072743,0.18045707891494805]
[0.08414973482998096, 0.2520022599157921, 0.5120494430802165, -0.8794632009014007, -0.3707984320808712, -0.19806378291870322,0.22321231803501138]
[0.04513843602230323, 0.2433816808161006, 0.5416166792995298, -0.8481142982823751, -0.4200266553077827, -0.18498170072860193,0.26469136040964]
[0.00690345373332835, 0.2274191444574976, 0.5701335826158964, -0.8107051386524465, -0.4698731826004996, -0.17102154239051157,0.30451272957590114]
[-0.014406414455561628, 0.23926287494161888, 0.5931286867573131, -0.7718600678045856, -0.5106017248076882, -0.16810755408618105,0.33949633961395903]
[-0.03547052752534046, 0.24892312944886913, 0.6171899283618365, -0.7302762525177582, -0.5466945346487233, -0.16644126074097781,0.3743247086645359]
[-0.05599880312528095, 0.25643764893115195, 0.6421748612081569, -0.6864631505549152, -0.5779772616625506, -0.16598429033000284,0.40885185984036476]
[-0.07571636406018985, 0.2618817020422048, 0.6679286516972353, -0.6409414742896112, -0.6043307770501601, -0.16668825655077985,0.44293720048497975]
[-0.09436851474423415, 0.26536611978744623, 0.6942860630637794, -0.594237242706646, -0.6256918380720865, -0.16849536549322858,0.4764463610498884]
[-0.11172535527570562, 0.2670346530747759, 0.7210735606426479, -0.5468758052008791, -0.6420531138116847, -0.17133908642593643,0.5092519712218463]
[-0.12758594433058776, 0.2670607028379888, 0.7481115076679105, -0.4993759056173214, -0.6534625730174114, -0.1751448804852274,0.5412343682677224]
[-0.14178192996846087, 0.26564348462345133, 0.7752164201005903, -0.4522438545499875, -0.6600222420642479, -0.17983098067001732,0.5722822331625486]
[-0.1541805769452828, 0.26300370062256145, 0.8022032484626772, -0.4059678767076042, -0.6618863483211569, -0.18530921621841653,0.6022931506933481]
[-0.14973076297911958, 0.2762543389230537, 0.8132231998123992, -0.39623973403420615, -0.6536567472118029, -0.20130369469421686,0.612538776323136]
[-0.13815657197069467, 0.3025131731467441, 0.8322936795453932, -0.38155998245440215, -0.6357757540934174, -0.23412990598936062,0.6287959584934977]
[-0.12373140091407946, 0.3284787639249228, 0.84935825035742, -0.3699092305426975, -0.6160094228668697, -0.2687070109519203,0.6414796133657099]
[-0.10653190403311052, 0.3539851157610327, 0.8641727812111516, -0.36137104593198527, -0.5946835036266634, -0.30476735117318693,0.6502917493980829]
[-0.08667699548055526, 0.3788467872034872, 0.8765083909485907, -0.3559889128094142, -0.5721324462836742, -0.34200241156000377,0.6549585546837082]
[-0.06432771887587148, 0.40286175613590414, 0.8861570310152244, -0.3537657624904837, -0.5486949433780585, -0.3800650351480845,0.6552359982927995]
[-0.039686389156017146, 0.42581503861954395, 0.892936906427923, -0.35466401238860357, -0.5247094467475517, -0.4185723804230104,0.6509151996668306]
[-0.01299497366383931, 0.44748299740832054, 0.8966975845581114, -0.35860611235210615, -0.5005097149323003, -0.45710959409737323,0.6418274693609111]
