[0.2071365178452322, -8.880297170802411e-05, -0.059982536024672864, 0.9999999751661718, -0.00022280849569814332, -3.243612465795548e-06,3.6755200010764085e-06]
[0.26236167859778425, 0.008973935750542839, -0.03673333729100084, -0.9974751293741566, 0.02777988888919261, -0.06521792374281433,0.004273929806460111]
[0.3138958141604813, 0.02248984177998722, -0.006539173273833715, -0.9899312214502278, 0.05522534194076968, -0.12921339841129814,0.01703631640315553]
[0.3606290400680995, 0.0398341342908787, 0.03009577930593002, -0.9774243706742769, 0.0824497098048112, -0.19077803103381552,0.0380445507261829]
[0.4016093159566792, 0.060217451851928255, 0.07254908162807158, -0.9600475796103889, 0.10934450723635347, -0.24874912987456738,0.06690511197299526]
[0.4360752555380727, 0.08271871358903826, 0.12009435900937102, -0.9379299664202356, 0.1358026953656846, -0.3020267168471819,0.10307700195903739]
[0.46348115821862285, 0.10632342231976302, 0.1719181141799455, -0.9112356992180874, 0.16171914681769212, -0.3495926243730476,0.14588151016166]
[0.48351326100541525, 0.12996567765901545, 0.2271385552869165, -0.8801626414599085, 0.18699109942478337, -0.39052808182051757,0.19451444836776183]
[0.496096614087566, 0.15257200420099487, 0.2848259091257662, -0.8449407197968454, 0.21151859587310437, -0.424029469614659,0.2480606226860091]
[0.501392413922629, 0.17310502940326, 0.3440236493539757, -0.8058300281643204, 0.23520490673367084, -0.44942195466559665,0.30551026860262864]
[0.4973575953722585, 0.21438512785085442, 0.42017005385787143, -0.766735721036722, 0.22940263858512652, -0.46693370812795926,0.37611657196985326]
[0.48137709237759263, 0.24985798797988185, 0.4974173362140764, -0.7239623263831955, 0.22414548643586532, -0.47333382861332957,0.4489904649082299]
[0.45502685518339814, 0.2771848751606814, 0.5743038662934983, -0.6778115961966311, 0.21952726080604543, -0.46834804026651633,0.522522090444877]
[0.4203751670538217, 0.2944564879175696, 0.6494023942502165, -0.6286040154226716, 0.2156216636007442, -0.4519358881653774,0.5950783502772669]
[0.37987068589872497, 0.300287087194701, 0.7213480680074607, -0.5766754241154767, 0.212481335317633, -0.4242916752778724,0.6650366242943072]
[0.3362134553279805, 0.29388024306786487, 0.7888642513599413, -0.5223735145648379, 0.21013724120939006, -0.3858405524904417,0.7308182531874508]
[0.2922159225477033, 0.2750634956093185, 0.8507856039466002, -0.4660542482720458, 0.20859840537697458, -0.3372298510235511,0.7909210899453849]
[0.2506613236475064, 0.24429093541734842, 0.9060779693671114, -0.40807823859304304, 0.207851996683394, -0.2793158456346746,0.84395044702809]
[0.21416671281091376, 0.20261441858314122, 0.9538547127212111, -0.34880714518317824, 0.20786376522068, -0.21314623187611267,0.8886478011082107]
[0.19420945621745417, 0.22740015361424507, 0.9680240168139762, -0.37404972442753004, 0.15473735171475794, -0.23780291162334938,0.8829455990396294]
[0.17315879907204135, 0.25114342384956556, 0.9798669352509722, -0.39511102891845296, 0.10068765619936648, -0.26327838443751406,0.874319028160804]
[0.15130907597707532, 0.27377331491539225, 0.9894238613920172, -0.4119904873261297, 0.046144290824263995, -0.2893992507620832,0.8627761102600425]
[0.128947868470558, 0.29524387698687965, 0.996762709703926, -0.42473330595704495, -0.008471607188368696, -0.3159881410115909,0.848340347633239]
[0.10635124505120395, 0.3155318000586359, 1.0019767778378523, -0.43342869736882195, -0.06275240132105615, -0.34286485343448003,0.8310507762495384]
[0.08377958243178699, 0.3346336183108831, 1.005182212490728, -0.43820755471234013, -0.1163086949949776, -0.3698475115145052,0.8109619255477566]
[0.061474033913745854, 0.352562557943195, 1.0065151312298377, -0.4392396137272939, -0.16877372336044164, -0.3967537335360958,0.7881436842105124]
[0.039653689301179816, 0.36934514789787953, 1.0061284581010859, -0.4367301509507679, -0.2198073425521493, -0.4234018068432822,0.7626810718593493]
[0.018513449071507013, 0.3850177141440314, 1.0041885353749083, -0.43091627255487414, -0.2690995678400775, -0.44961185927424585,0.7346739172147417]
[-0.001777385751661812, 0.39962287574141714, 1.0008715771332215, -0.4220628532333214, -0.31637361924202284, -0.475207020254729,0.704236443865889]
[-0.021075826801471242, 0.4132061549602748, 0.9963600325127757, -0.4104581886452177, -0.3613884408024522, -0.5000145640835334,0.6714967653926665]
[-0.03926525203502096, 0.42581280460828536, 0.9908389272644422, -0.3964094280484806, -0.403940667768824, -0.5238670280419381,0.636596292172096]
[-0.056254853754987115, 0.43748494380634223, 0.9844922518576555, -0.38023785588036524, -0.4438660241909497, -0.5466032981055381,0.5996890527803311]
