[0.2071405220208431, -9.150084434933569e-05, -0.05998401552161747, 0.9999999647972209, -0.0002635030576350896, 3.09546503072076e-05,3.674982408018744e-06]
[0.2272843436343164, 0.012866381776237688, -0.04888074249837146, 0.9995270999760115, 0.030573821072144236, 0.0025447794798839226,0.002083740864805422]
[0.2458213309683408, 0.025240143052910658, -0.03541921013734034, 0.9981009147583695, 0.06079085872080361, 0.0055491052378965995,0.008260925223757858]
[0.26289060715099377, 0.03684459081355001, -0.019657192826234737, 0.9957470479567616, 0.08977739543218721, 0.009517606840635384,0.018364392580067328]
[0.2786300089473854, 0.04754990187858926, -0.0016156720705316208, 0.9925076807639136, 0.11694214801130032, 0.01488975151556211,0.032114372840609653]
[0.2931499896282005, 0.057274443517984795, 0.018714009606909193, 0.988440585279737, 0.14172188580858802, 0.022054840162704818,0.04912942580680505]
[0.30651209482231834, 0.06597184306654796, 0.04135836061615367, 0.9836178165970538, 0.16359015057888657, 0.031337392120431906,0.06893635732697548]
[0.3187139685317879, 0.07361388509875502, 0.06634616105826258, 0.9781240728408669, 0.18206544996706486, 0.04298426891621531,0.09098254054060896]
[0.32968225475290774, 0.0801712445637228, 0.09369021610988326, 0.9720547538150869, 0.19671880707011077, 0.057153889456600424,0.11465033558776193]
[0.33927405100131647, 0.08559430969766843, 0.12336777882003416, 0.9655137546475969, 0.20718055757525283, 0.07390783718630321,0.1392732485136708]
[0.3472868029756363, 0.08979638651371452, 0.15530111061404384, 0.9586110359407508, 0.21314629654843956, 0.09320510027650471,0.16415342616811973]
[0.35347576917302254, 0.09264140095196044, 0.18933968892732017, 0.9514600163413811, 0.21438188889848664, 0.11489912032222477,0.1885800497538245]
[0.3575774948545385, 0.09393783736043002, 0.22524551838937007, 0.9441748370651927, 0.2107274707015343, 0.1387377549218659,0.21184816615654606]
[0.35933717524308983, 0.09344010233417097, 0.26268285652372875, 0.9368675506809085, 0.20210038275323378, 0.1643661865732424,0.23327748387600983]
[0.3585374067846218, 0.09085782574276746, 0.301213434074987, 0.9296452883294497, 0.18849699272312986, 0.19133273631459877,0.2522306595867348]
[0.3550256568853288, 0.0858728624008913, 0.3402979458983812, 0.9226074604872067, 0.16999337790629687, 0.21909746725952198,0.26813061213113504]
[0.3487378436038976, 0.07816300184380527, 0.37930422732317237, 0.9158430463598973, 0.1467448565821792, 0.24704339239989972,0.2804764228459285]
[0.33971570530282985, 0.06743069565397415, 0.41752213301526964, 0.9094280260100297, 0.11898437217509698, 0.27449003450275705,0.2888574140372275]
[0.32811613529960115, 0.053434533983310106, 0.4541847230365496, 0.9034230073879231, 0.0870197505380326, 0.3007090252281966,0.2929650403798502]
[0.31421131971766403, 0.0360207990129215, 0.488494957653523, 0.897871097580497, 0.05122986652508145, 0.3249413772329238,0.29260228001057553]
[0.29837929508931155, 0.015152233637923299, 0.5196567320135567, 0.8927960638558948, 0.012059771356409728, 0.34641601831028546,0.28769027188332286]
[0.2810853724430399, -0.009068787524320249, 0.5469087661996415, 0.8882008255223739, -0.029985153101986465, 0.3643691416623388,0.2782720121375391]
[0.2628556878165081, -0.03638520585486635, 0.5695596248527582, 0.8840663123074717, -0.0743459333274158, 0.3780639020800074,0.2645129932248741]
[0.24424486663705625, -0.06638034644037932, 0.5870219891971308, 0.8803507189817085, -0.12041754400394564, 0.3868099747492931,0.24669874365083116]
[0.2594004296422383, -0.024813132078529997, 0.6119205097051488, 0.8800680811490161, -0.06893225522615837, 0.42377409106930053,0.20283992819588822]
[0.2675021858279707, 0.018970640327524144, 0.6371425732663849, 0.875652353296378, -0.018054123188065797, 0.456730429186397,0.15589842801527945]
[0.26827222901201175, 0.06375283517745342, 0.6626059982148035, 0.8672033885344071, 0.03185706720393565, 0.48544471353586255,0.10623954199680416]
[0.2616453991395566, 0.10828889773009746, 0.6882254025438652, 0.8548528124498803, 0.08045445015034554, 0.5097167400843717,0.05424569453234823]
[0.24776952190601448, 0.15134505230331186, 0.7139126698410649, 0.8387625033837275, 0.12740688590686847, 0.5293815733915691,0.00031320032538934613]
[0.22699918888702875, 0.19173469466418522, 0.7395774311086531, -0.8191228253660674, -0.1724015978694202, -0.5443104334130255,0.05515104798738218]
[0.1998833794345971, 0.22835287108068286, 0.7651275594187509, -0.7961506320950245, -0.21514661808320046, -0.5544112678949884,0.11173293951707472]
[0.167147412169128, 0.2602078188779585, 0.790469674291799, -0.7700870622423441, -0.2553730214099518, -0.5596290090925468,0.16901452211275445]
[0.12966988066896673, 0.2864486564269333, 0.8155096526484416, -0.7411951480622894, -0.2928369306987393, -0.5599455164086613,0.22657736683459984]
[0.08845537002770797, 0.3063884498636441, 0.840153143166643, -0.7097572607568144, -0.32732127756042506, -0.5553792093752845,0.28400589052496555]
[0.0446038643548778, 0.3195220443192762, 0.8643060808780313, -0.6760724172975804, -0.358637305722373, -0.5459843981533986,0.34089060780061875]
[-0.0007221628726536283, 0.3255382233004285, 0.887875198859953, -0.6404534744141933, -0.38662580641475874, -0.5318503213909618,0.39683128475620105]
[-0.04633193523340244, 0.324325945016283, 0.910768533922243, -0.6032242362206646, -0.41115807778938324, -0.5130999038222944,0.45143996788287144]
