[0.20711384882682712, -8.203740693124265e-05, -0.05999925615245408, 0.9999999678618279, -0.00025256975999495267, -2.171180908209688e-05,3.6684001597092886e-06]
[0.262303560608431, 0.010964868362939332, -0.04125480380011906, 0.9992711547150722, 0.018682281496111803, 0.03327816152540703,0.0008340731356147394]
[0.3146956530600588, 0.024027152979796376, -0.016295544540863904, 0.9970729493156413, 0.03707510471058925, 0.06678550842112253,0.0032659177331715644]
[0.3636677970505978, 0.038787927228349485, 0.014591585033548876, 0.993403421605356, 0.054392746443644634, 0.10069534110667798,0.007177698551684812]
[0.40864797162050137, 0.05487352021101687, 0.05108271980344828, 0.988259650828091, 0.07011881151107718, 0.13517833243208704,0.012370661190668443]
[0.449112706564851, 0.0718583937573898, 0.09281622530963618, 0.9816380221375269, 0.08376174604461277, 0.17036948485757233,0.018574230074156345]
[0.4845865119351483, 0.08926936765585769, 0.13938901932504788, 0.9735346326075467, 0.09486257860399269, 0.2063577800815911,0.0254534259793933]
[0.5146434059117355, 0.10658967611505767, 0.19035066213501664, 0.9639457984997677, 0.10300221250898281, 0.2431770995883245,0.032618093272140755]
[0.5389111691297055, 0.12326354910755531, 0.24519604250795907, 0.9528686535597848, 0.10780816849967094, 0.2807986761408576,0.039633714757155006]
[0.557078604238207, 0.1387021044625506, 0.3033576521471, 0.9403018262017807, 0.10896068411091635, 0.319125299736997,0.04603355327855573]
[0.5689056931483347, 0.15229133579903883, 0.3641985411853961, 0.926246181732632, 0.10619808466651412, 0.3579874596086532,0.05133182640260544]
[0.5742361531898663, 0.16340288346490725, 0.4270070736406229, 0.9107056142906879, 0.09932135044919886, 0.39714155743542845,0.05503759444353284]
[0.5730115301728896, 0.1714080846792278, 0.49099455156510885, 0.8936878719565666, 0.08819781525791959, 0.4362702771138025,0.05666902335949974]
[0.5652856624014861, 0.17569552728643054, 0.5552966512590984, 0.8752053975551201, 0.07276394308458459, 0.4749851443096004,0.05576767309433012]
[0.5512381322566766, 0.17569199848066855, 0.6189794201662904, 0.8552761670262511, 0.05302714187809332, 0.5128312558117906,0.05191245904045606]
[0.5322960189396602, 0.20067573951924267, 0.6559001585671046, 0.8342594508604947, 0.05285809902212899, 0.547911191661022,0.03178861541985912]
[0.5102368135170757, 0.22300728390346533, 0.692647027837633, 0.8120025429876545, 0.051321906848103165, 0.5813409125976656,0.007789441518533129]
[0.48538248679169527, 0.24225268241121603, 0.7290346601530594, -0.7885776215926786, -0.04842881892985394, -0.6127023881333464,0.019893913541281245]
[0.4581203244682355, 0.25802142741021744, 0.7648757115154423, -0.7640609615665717, -0.044192895506687584, -0.6416029719593164,0.051024125369023864]
[0.4288965860383422, 0.2699763469935673, 0.7999825367181373, -0.7385326763034058, -0.03863194861057069, -0.6676805742151761,0.08532121303856528]
[0.38518075257738493, 0.2876789989400963, 0.8417348305861725, -0.7144355822861956, -0.024104061618515055, -0.6758961996432181,0.17934636958893513]
[0.33897752488643806, 0.2972989406888038, 0.8824183466286308, -0.6875250872894815, -0.010578008332141444, -0.6723467441925984,0.27412992478189774]
[0.29151853577220493, 0.2984377554079344, 0.921621638559569, -0.6578886941866541, 0.0018837532378365412, -0.6569899084749196,0.36816189060960053]
[0.26968283515683167, 0.3132825625181549, 0.9262447378268465, -0.6406576440936487, -0.01380925838078634, -0.6626495162392476,0.38763733833989783]
[0.24596186483196017, 0.32754430254805744, 0.9302588683978619, -0.6225872144448745, -0.031059686829157097, -0.6667387775072887,0.4085093130296212]
[0.22040206191254158, 0.34099660487575645, 0.933514090376375, -0.6037224695152758, -0.049787777341361174, -0.6690560255546211,0.4305861025379694]
[0.1930845957391632, 0.35340787830681475, 0.935866730934275, -0.5841099073007262, -0.069907356577035, -0.6694261340478509,0.45364879449117634]
[0.1641270009099539, 0.3645471829022265, 0.9371818601158279, -0.5637973704634557, -0.09132617801476986, -0.6677041208073631,0.4774549835582138]
[0.13368375239141572, 0.37419051326931796, 0.9373356639399404, -0.5428339535012799, -0.11394629231811103, -0.6637782402383455,0.5017429512999777]
[0.10194569543734192, 0.3821272953133651, 0.936217676018988, -0.5212699062185144, -0.13766444118580345, -0.6575725030804901,0.5262362489380611]
[0.06913828084934383, 0.38816688066692595, 0.9337328307967931, -0.4991565335917254, -0.16237247310077013, -0.6490485715273782,0.5506486055099956]
[0.035518597418584846, 0.3921448125474286, 0.9298033039935183, -0.47654609213924637, -0.18795777930156907, -0.6382069881678152,0.5746890772588269]
