[0.20720377398191392, -5.003509641489295e-05, -0.05996292891674562, 0.9999999908009922, -9.856485349016097e-05, 9.31095353941258e-05,3.6877897848909023e-06]
[0.2554614490142403, 0.012338393436750661, -0.04423166011319357, -0.9996218305590099, -0.00239669029043612, -0.02739378903436697,0.0001790749751093436]
[0.3013575378687783, 0.027595389397588505, -0.023737548618670973, -0.9984847278449889, -0.004600091825323032, -0.054831617047323186,0.0007623565394367375]
[0.3443620869359943, 0.045415750888479454, 0.0013315427846233574, -0.9965672960102993, -0.0062247594860373985, -0.08253200401930104,0.0018289900546594354]
[0.3839920420840824, 0.06543374874522698, 0.03075825872339838, -0.9938344502345091, -0.006992464084640494, -0.1105976785540881,0.003513470014551887]
[0.4198154086816018, 0.08722897206531438, 0.06429644284163902, -0.9902381818669286, -0.006637808374888343, -0.13909824232472856,0.00599680373443233]
[0.45145516468184993, 0.11033233596126062, 0.10167094823234898, -0.9857186253428002, -0.004912243893023501, -0.16806076540819923,0.009499507494937425]
[0.4785931832779435, 0.13423237487756312, 0.14257671345403947, -0.9802054012609461, -0.001587872329885002, -0.1974617255642048,0.014272944249118695]
[0.5009743409989007, 0.158382015236834, 0.18667731500617574, -0.9736192149146525, 0.0035390173443889126, -0.22722055936877716,0.02058924732359479]
[0.5184108836101372, 0.18220606432857903, 0.2336032597750153, -0.9658736855574631, 0.01064472151165878, -0.2571950502933107,0.028730115840417677]
[0.5307870045960458, 0.205109663171742, 0.28295031932355375, -0.9568773780159798, 0.019875245967900985, -0.2871787298545825,0.03897480157856023]
[0.5380634693119817, 0.22648792698763578, 0.3342782298344942, -0.9465360049837956, 0.03134381874074874, -0.3169004140717094,0.05158763279355422]
[0.5402820025720994, 0.2457369380240567, 0.3871100856189283, -0.93475476549032, 0.045128824173951025, -0.346025939997659,0.06680543743252045]
[0.5375690587370772, 0.26226616462281904, 0.44093273978827197, -0.9214407826757097, 0.06127218557347597, -0.3741621074843307,0.08482523574921184]
[0.5301385205873741, 0.27551226306904736, 0.49519849321617015, -0.9065056021523479, 0.07977821815378454, -0.40086277108771723,0.10579257029911471]
[0.5182928341096759, 0.284954082631864, 0.5493283034021272, -0.88986771092154, 0.10061296819552384, -0.4256369676411374,0.12979082967375918]
[0.5024220863040776, 0.29012854884161193, 0.6027166802102244, -0.8714550360614517, 0.12370404829928118, -0.44795890802262106,0.1568319013488148]
[0.4830005751394978, 0.2906469561909552, 0.6547383583498225, -0.8512073822215273, 0.14894097246823498, -0.4672796084678967,0.18684845913702616]
[0.4605805048588649, 0.28621107034298215, 0.7047567501740434, -0.829078767354915, 0.1761759885512531, -0.4830398887964627,0.2196881526408393]
[0.4357825629994726, 0.27662833258054276, 0.7521340906725196, -0.8050396170913263, 0.20522539940351678, -0.4946844233674889,0.25510992068262067]
[0.409283291906928, 0.261825385640356, 0.7962430935394633, -0.7790787796881834, 0.2358713580500468, -0.5016764965560764,0.292782599029415]
[0.3705062458949865, 0.3074825078978122, 0.8211233773770522, -0.7759244835389865, 0.16150427329493564, -0.5167096103685446,0.32383443934365475]
[0.3254582709942632, 0.34696687686699695, 0.8457432248567631, -0.7650202633653442, 0.08921256915100809, -0.5293676667518181,0.3557456781798374]
[0.2752061879795773, 0.37930787641544395, 0.8699870217802486, -0.7467480369948131, 0.019854041337393456, -0.5396200965414458,0.38830830237784975]
[0.2209766263826517, 0.4037348861641126, 0.8937436336707448, -0.7215888340717871, -0.04577446380614226, -0.5474551486027844,0.42131593047792854]
[0.16411592847013404, 0.4197040867790518, 0.9169072833419897, -0.6901133955238912, -0.10694883587955398, -0.5528793906856552,0.4545655367244122]
[0.10604565820774287, 0.426916838509845, 0.9393783646847186, -0.6529713487300528, -0.1630280537939675, -0.5559170517092575,0.4878591016192014]
[0.048215536600752944, 0.4253289679387714, 0.961064184798253, -0.6108791752774908, -0.2134629330869079, -0.556609214455567,0.5210051744401237]
[-0.007944294063486602, 0.4151506966349454, 0.9818796274066064, -0.5646072090420892, -0.25780312689639906, -0.5550128689879286,0.5538203341499215]
