[0.2071356776041735, -6.496220583467895e-05, -0.05998873034877711, 0.999999986366054, -0.00016464022258989107, -1.2164728143973689e-05,3.6754080170574074e-06]
[0.26934166489983385, 0.012560112409676721, -0.03570856272776052, -0.9984540870551218, 0.012934419659868319, -0.05398772849398779,0.0027316667156523705]
[0.32745961599588386, 0.029884301561196546, -0.003227970550050585, -0.9938214137300622, 0.025669348185660065, -0.1074265267997174,0.010937253542541409]
[0.3802508501441495, 0.051321074627751956, 0.036989676375076996, -0.9861084619203887, 0.03833363164550025, -0.15974494827312877,0.024539468516823877]
[0.4266014407846328, 0.07611919477712789, 0.08436498039806087, -0.9753262895250899, 0.05088958749865134, -0.21039006569174046,0.04341542472051876]
[0.4655500212899891, 0.10338404863419871, 0.13821113482335812, -0.9614908298270486, 0.06329675718958473, -0.2588186664957977,0.06739289696335715]
[0.49631168271053977, 0.13210298510075955, 0.19774394715914628, -0.9446233203662215, 0.07551108164018486, -0.30450080599270013,0.09625028997161825]
[0.5182973885841999, 0.16117399799612686, 0.26209313017188296, -0.9247508388273433, 0.08748415936256435, -0.34692360146218665,0.12971670168970714]
[0.5311284424253812, 0.18943700944289796, 0.33031471380054667, -0.9019069347965942, 0.09916260543111, -0.3855953013000432,0.16747215370101148]
[0.5346456632106761, 0.21570695049046487, 0.4014044219751269, -0.8761323441025967, 0.11048752800809045, -0.4200496472493167,0.2091480710350341]
[0.5289130505844165, 0.23880779326378843, 0.47431185049728364, -0.8474757705119519, 0.12139413731051227, -0.4498505296311852,0.2543281007131385]
[0.5142158521297776, 0.25760666557013334, 0.5479552752436344, -0.8159947178274095, 0.1318114998611306, -0.47459691588670977,0.3025493619443765]
[0.49105307739149995, 0.2710471747381647, 0.6212369139462938, -0.7817563539639379, 0.14166244861105418, -0.49392801231480754,0.3533042206672237]
[0.46012463489142963, 0.2781810825787284, 0.6930584596391814, -0.7448383873773959, 0.150863657085598, -0.5075285983179207,0.4060426770048272]
[0.4223133966502657, 0.2781975075539499, 0.762336699531615, -0.7053299353115988, 0.1593258831217894, -0.5151344524411638,0.46017544613868794]
[0.39773307280386533, 0.29925226744893973, 0.7870632356960738, -0.7009659980799816, 0.13166458344062462, -0.5196007733649238,0.4704531255308179]
[0.3719815191544883, 0.31669688692022274, 0.8115278632845874, -0.694469470098194, 0.10651198034187251, -0.5243429057312183,0.48107366416644465]
[0.34547891253179824, 0.33044999306712197, 0.8357203821502135, -0.6860280976746284, 0.08403931894936667, -0.5292144478550335,0.49217365863376894]
[0.3186415777341357, 0.34046802303615686, 0.8596146664582506, -0.6758437893533653, 0.06439482194538101, -0.5340478141815553,0.5038664619390838]
[0.29734134934911216, 0.3646005242780429, 0.8661265720633889, -0.6779997210050732, 0.026847513736639936, -0.5433926128261523,0.49428742412605614]
[0.2748122219582829, 0.38618392392151346, 0.8731979932787819, -0.6765597345843932, -0.008348609392223535, -0.5538138299704782,0.4852705101216663]
[0.25122929856625853, 0.4051941773865592, 0.8808954530969324, -0.6718737008218666, -0.04086587110606373, -0.565159856821994,0.4769801326676147]
[0.22675323032881134, 0.42159897094400994, 0.8892567054081075, -0.6643206252771204, -0.07042382184123572, -0.577262017504115,0.46956059810824097]
[0.2015387422814927, 0.43535510231776453, 0.8982899294011751, -0.6543026535042031, -0.09679169287455551, -0.5899372400240294,0.4631343850770181]
[0.17574315931038026, 0.44640862192578595, 0.9079735511913024, -0.6422388894159806, -0.11979010428249603, -0.6029908892931183,0.4578007506188813]
[0.14953422249422868, 0.45469755657195365, 0.9182566928298904, -0.6285591185992292, -0.13929201580438097, -0.6162197232538782,0.4536346783831969]
[0.12309656865596794, 0.46015687469617134, 0.9290602360993275, -0.6136975284093046, -0.15522292081536027, -0.6294149319220023,0.45068617901094005]
[0.09663636304315433, 0.46272521745751083, 0.94027847604496, -0.5980865153944805, -0.16756029467886224, -0.6423652184207982,0.4489799482311223]
[0.07038371834905818, 0.4623528196883401, 0.9517813273025024, -0.5821506679960352, -0.17633231952072034, -0.6548598808738257,0.44851538353342085]
[0.04459269342893883, 0.4590099836369646, 0.9634170351823723, -0.5663010085912512, -0.18161591779042568, -0.6666918543305927,0.44926695565432917]
[0.019538832065729816, 0.45269544854679733, 0.9750153333978935, -0.5509295738617799, -0.18353413669888705, -0.6776606727228817,0.4511849265605443]
[-0.004485634050465315, 0.4434440202047334, 0.9863909814751669, -0.5364044062658619, -0.1822529346065788, -0.6875753121731458,0.4541964011921052]
