[0.20705915186574064, -7.29821574173983e-05, -0.06000439048080762, 0.9999999766757727, -0.00020207216761401148, -7.61706609682658e-05,3.6501893665243163e-06]
[0.26973018887676875, -0.015939573981077055, -0.0368254431163515, 0.9973812149804021, 0.013411847839909305, 0.0708816332149764,0.00516027271700681]
[0.32781356254512406, -0.038642012444726405, -0.005714490977136694, 0.9895264342984964, 0.02675552103071727, 0.14035907610481338,0.020516034555482853]
[0.3798073700186988, -0.06735719876200208, 0.03284726938704938, 0.9764891912459014, 0.039560239718645765, 0.20690765502626451,0.04575007218421995]
[0.42439320602945724, -0.10102722943245346, 0.07825683190897773, 0.9583583432755559, 0.05156257357923796, 0.2691409088651954,0.0803352852439963]
[0.46047812137602123, -0.13839643326911027, 0.12980030019642455, 0.9352573694518748, 0.06250695484072195, 0.3257637673820819,0.12354959062470684]
[0.487228810166084, -0.17805532872270308, 0.1866658178762936, 0.907343426921141, 0.07214819509768274, 0.37559994220055504,0.17449133785402318]
[0.5040968588033805, -0.21848990954701658, 0.24795825742151412, 0.8748061506464228, 0.08025391183449794, 0.41761677306175143,0.23209855510954588]
[0.510834217423165, -0.25813447771485826, 0.31271538061602056, 0.8378662060324129, 0.08660684350720789, 0.4509469972363275,0.2951716130153919]
[0.5074984120753665, -0.2954261202188702, 0.3799251554712603, 0.7967736060434157, 0.09100703297254062, 0.47490697601132115,0.3623988200834674]
[0.49444738982955316, -0.3288588753959414, 0.4485438924717769, 0.7518058063002281, 0.09327386016345408, 0.48901098819399474,0.43238440079286566]
[0.47232426494905644, -0.35703565637202705, 0.5175148479363849, 0.7032655934134547, 0.0932479061824488, 0.49298128496722443,0.5036782562166797]
[0.4420325981378376, -0.37871609300486897, 0.5857869343320143, 0.6514787834573533, 0.09079263240637542, 0.4867536913792406,0.5748068688997474]
[0.4047031789055567, -0.392858615421506, 0.6523331767180225, 0.5967917489961386, 0.08579585975759581, 0.47047863530232953,0.6443046891825659]
[0.3616535806742884, -0.39865532542798654, 0.7161685611270466, 0.5395687944314955, 0.07817103498302772, 0.4445175827996199,0.7107453298808288]
[0.3143420082502677, -0.3955584778995397, 0.7763669344508702, 0.480189400634767, 0.0678582725806878, 0.40943495739087576,0.7727719003863431]
[0.2643171485530932, -0.3832977119479047, 0.8320766359953699, 0.4190453608502287, 0.05482516290774869, 0.365985717592572,0.829125829763065]
[0.21316586118904876, -0.3618875188616837, 0.8825345678555836, 0.3565378306987048, 0.039067338978961766, 0.31509886024578476,0.8786735608731904]
[0.16246060129545495, -0.3316247971117462, 0.9270784440669574, 0.293074315766792, 0.020608796502996, 0.25785720453969313,0.9204305432847717]
[0.11370845150909939, -0.29307671015369313, 0.9651569964193152, 0.22906562073084483, -0.0004980362102735057, 0.19547389141445246,0.9535820107019727]
[0.06830355412945507, -0.24705941639703569, 0.9963379570789759, 0.16492278423307727, -0.024172479723729864, 0.12926610347444756,0.9775000976763887]
[0.027484582465942854, -0.1946085691507395, 1.020313683866854, 0.10105402379755205, -0.050306035454104656, 0.06062657015148025,0.9917569289210346]
[-0.007701321577092152, -0.13694277527260895, 1.0369043422325932, 0.03786171494617997, -0.07876306516599707, -0.009006529649683308,0.9961334009713061]
[-0.03642697970034864, -0.07542144386691779, 1.0460586076441363, -0.02426057164967277, -0.1093817128885886, -0.0781806208306587,0.9906234683649093]
[-0.058105118807460505, -0.011498641870081004, 1.0478519022481625, -0.08493095166480268, -0.1419750621103663, -0.14546007421795887,0.9754338429624916]
[-0.0723992936068457, 0.053325304792158995, 1.0424822292129885, -0.1437820046537299, -0.17633251911152042, -0.2094571642465204,0.9509791134338055]
[-0.07922560910848113, 0.1175526715994171, 1.0302637161207948, -0.20046342590414434, -0.2122214113735438, -0.2688619771804213,0.9178723901806992]
[-0.07874541089480326, 0.17973587929248205, 1.0116180241463486, -0.2546445319591861, -0.2493887881770175, -0.3224706273447549,0.8769116769519987]
[-0.07134944820771502, 0.23852202548941148, 0.987063821618106, -0.30601660039124273, -0.2875634087769197, -0.3692111751148213,0.8290622620695732]
[-0.057634327294263155, 0.29269285435084114, 0.9572045580547216, -0.35429502580001376, -0.32645790194445606, -0.4081666896713575,0.7754355075659856]
[-0.03837234825250724, 0.3411988177177136, 0.9227148071499672, -0.3992212755422816, -0.3657710791987599, -0.4385949607251056,0.7172644918039034]
