[0.20712497406520358, -7.989175412648974e-05, -0.05998376832903478, 0.9999999774040188, -0.0002125103123717517, -4.23217476302721e-06,3.663075734676431e-06]
[0.27989783835396276, 0.010533089982936745, -0.03696837444660256, -0.9978793909046919, -0.02953276718792619, -0.057987524115680936,0.0014085158282698372]
[0.3484672868852382, 0.028361839814255795, -0.005326891101287312, -0.991510356923446, -0.059037250238607654, -0.11571556116924371,0.005632415209483744]
[0.4113273864814289, 0.052685352262052974, 0.034426706142545116, -0.980910932965617, -0.08805716575351978, -0.17291704376350653,0.012624306874827379]
[0.46713516866599447, 0.08256664738085388, 0.08167049030147125, -0.9661120721168457, -0.11634669213124846, -0.22933184688967148,0.022311775867997066]
[0.5147433251785489, 0.11688305777572135, 0.135684777418643, -0.947158664745581, -0.14365717994441768, -0.2847038978672993,0.034594349060964674]
[0.5532271706098498, 0.15436105998439786, 0.1956630508827126, -0.9241109372870575, -0.1697366403714755, -0.33878249940903177,0.049344367419292975]
[0.5819053677669227, 0.19361465765802632, 0.26072346651125894, -0.8970461520714382, -0.194329577532066, -0.39132362735528653,0.0664080945633594]
[0.6003540698659336, 0.23318628711149364, 0.3299208095868297, -0.8660605388228618, -0.2171772302603644, -0.4420911968762205,0.08560705224946225]
[0.6084142866438362, 0.271589200304042, 0.4022587951680575, -0.8312713770191857, -0.23801827608663093, -0.4908582910356721,0.10673957147616257]
[0.6061924273035078, 0.30735028308055923, 0.47670262168361804, -0.7928191390893153, -0.2565900356218632, -0.5374083457296858,0.12958254609834866]
[0.5940541111442312, 0.33905228475882143, 0.5521917039085273, -0.750869597706727, -0.2726301995276267, -0.5815362851510442,0.15389337411983692]
[0.5726114668207718, 0.3653744666064086, 0.6276525239652851, -0.7056157964235151, -0.2858790832154978, -0.6230496020914569,0.17941207024933584]
[0.5427042639657151, 0.3851307198071586, 0.7020115472597968, -0.657279781721784, -0.29608239679961557, -0.6617693775751704,0.20586353185771092]
[0.5053753371699534, 0.3973042573194036, 0.7742081537848585, -0.6061139963108632, -0.3029945000815265, -0.697531234522274,0.23295993917893612]
[0.4618408727496646, 0.40107804847144457, 0.8432075338093138, -0.552402238169452, -0.30638209494613866, -0.7301862203673405,0.2604032694638323]
[0.42821757355327844, 0.4153245175235891, 0.8628026379657344, -0.5350221153421382, -0.3192169076588865, -0.7296001207096903,0.2820205060273589]
[0.3940814619183387, 0.4266413945763683, 0.881753021737783, -0.5176100782079603, -0.331186047755833, -0.728278230999466,0.3033256121096753]
[0.3425438808303605, 0.4473030408295965, 0.894176984671929, -0.5039056911415262, -0.3543369840171624, -0.713262969487972,0.33433559868790935]
[0.2912205082652206, 0.4618186487524012, 0.9052512340189163, -0.49083918577248553, -0.37563724099097073, -0.6971576874871189,0.3632419519666027]
[0.24090357989740674, 0.47043037794635356, 0.9151066365695779, -0.47848970550387626, -0.39500563329619576, -0.6803004470755786,0.390140299251248]
[0.1923186310661119, 0.4734741629182583, 0.9238794914319428, -0.4669309145487336, -0.4123683637349868, -0.6629896685848228,0.4151777366128872]
[0.14611499007099896, 0.47136485909859993, 0.9317080930617891, -0.45623061361069905, -0.4276593422475495, -0.645476770027776,0.4385440155187485]
[0.10285935692931145, 0.4645809928329351, 0.9387293110194842, -0.4464503864502477, -0.44082047006877045, -0.6279604724024385,0.4604617364199544]
[0.06303228908634836, 0.45364972194379855, 0.9450752552177232, -0.43764527912388274, -0.45180188781399006, -0.6105828969015975,0.48117584087269705]
[0.027027302618639414, 0.4391325313401985, 0.9508700935206628, -0.42986351352320196, -0.4605621863942498, -0.5934275313216582,0.5009427085752615]
[-0.004847790507942672, 0.4216120863979925, 0.9562270853489707, -0.42314623667211015, -0.4670685798392727, -0.5765190926864123,0.5200191726130797]
[-0.03236774849123782, 0.40168055203172615, 0.9612458905007317, -0.41752730706443647, -0.47129703928842814, -0.559825262535558,0.5386517650954795]
[-0.05538543884038963, 0.37992956450166304, 0.9660102068022766, -0.4130331191416597, -0.47323238759512964, -0.5432602217246751,0.5570664963133053]
[-0.07382652147837236, 0.35694192303807726, 0.9705857835653184, -0.40968246682225556, -0.4728683541776033, -0.5266898641665897,0.5754594538105839]
[-0.0876837201384016, 0.33328495595562047, 0.9750188502770403, -0.4074864468012423, -0.4702075899378425, -0.5099385248794818,0.5939884837956728]
[-0.09701107544372316, 0.309505417019345, 0.9793349916352854, -0.4064484021417778, -0.46526164225990313, -0.4927970180755545,0.6127661867416115]
