[0.20714133641860283, -8.498831946470117e-05, -0.05998033294415178, 0.9999999554355808, -0.0002975541741911677, 2.4020202612790376e-05,3.6578619738492926e-06]
[0.2682557049737692, 0.004864884884508046, -0.03402743942985159, 0.996665644896085, 0.05421115930998521, 0.06095204683962828,0.0018948551919457553]
[0.32559502610313235, 0.012505427976081685, 0.00035956357325997446, 0.9866759173783586, 0.10796459206952877, 0.12147966223248041,0.007548018860449039]
[0.3780099250908113, 0.022507890920857178, 0.04266422147321891, 0.9701588690039595, 0.16021491458490042, 0.18120961139382397,0.016912326156110897]
[0.4244432711739913, 0.034449821157372475, 0.09224002612673404, 0.9473264112190002, 0.2102333614423737, 0.2397506739045928,0.029903489860951177]
[0.46395046262563977, 0.04782618560382996, 0.14832057611587868, 0.9184716525562462, 0.25731949577561747, 0.29672063124765097,0.0464043913479762]
[0.4957174384562917, 0.062062630588955114, 0.2100315664554804, 0.8839652730437932, 0.30081013571360676, 0.3517491728585593,0.06626596183481641]
[0.5246616082777397, 0.1104541582945006, 0.29575601242424987, 0.8376261269394503, 0.3421966921966432, 0.4199959984350984,0.0699089165743328]
[0.5352382630814562, 0.1595358147929738, 0.38746449415221806, 0.7851556119510825, 0.37705508973451873, 0.4861787499898828,0.0706423908520266]
[0.5272442393452978, 0.20532245007033967, 0.48282270179226594, 0.7274964766761974, 0.4046073917920248, 0.5498578401252499,0.06854261874023607]
[0.5014745944670173, 0.24390057648569974, 0.5793967624885641, 0.6656879948250336, 0.4242120491357324, 0.6106099138635783,0.0637115688505835]
[0.459682177556757, 0.27166085477204205, 0.6747146936497339, 0.6008461251781848, 0.43537602653786933, 0.6680304267844079,0.05627608963582783]
[0.40448292939848984, 0.2855145008999435, 0.7663287086971804, 0.5341421798074322, 0.43776402807729226, 0.7217361287912069,0.04638693641092564]
[0.3392122426556638, 0.28308124868296636, 0.8518768066200041, 0.46678042673136466, 0.43120464049187535, 0.771367449128461,0.03421768057319414]
[0.29618493017630554, 0.28616761825289266, 0.8945978875165168, 0.43614397169336566, 0.42205401662823355, 0.7947633863644183,5.19429902526257e-05]
[0.25236823457546226, 0.28194935593908804, 0.9348125555974153, -0.4059861511129369, -0.41075122198987063, -0.8155720595263134,0.03606791452717387]
[0.23414041512493006, 0.3004133255747685, 0.9414489602137186, -0.41172845369389777, -0.4047701012997167, -0.8109555194066089,0.09482610957224019]
[0.21485247604700008, 0.31749409885798785, 0.9478614431005103, -0.41767567417238566, -0.39821534352573096, -0.8022440227835312,0.15289244354586204]
[0.19461294867087264, 0.33314098730404945, 0.954064376970059, -0.4237900888655367, -0.3910597257000916, -0.789536589002174,0.21001482362329127]
[0.1735310315722831, 0.34731107864349836, 0.9600715238903657, -0.43003177881168475, -0.38327843294750674, -0.7729415877262535,0.26595415772756886]
[0.15171619865213798, 0.35996892616173426, 0.9658959423761644, -0.4363587800136338, -0.37484921348410083, -0.7525751805854322,0.32048350943873655]
[0.12927787101506308, 0.37108625083704394, 0.9715498993075411, -0.44272724403977826, -0.36575252424318627, -0.7285600617586208,0.3733870844110105]
[0.10632514421868727, 0.3806416652884432, 0.9770447871296176, -0.4490916083947416, -0.35597166645578154, -0.7010245132105172,0.4244591050125744]
[0.08296656140358766, 0.38862042671933467, 0.9823910467591846, -0.45540477602836343, -0.34549291055094633, -0.6701017812180444,0.4735026309726234]
[0.059309922069372786, 0.39501422411274967, 0.9875980965945099, -0.4616183033113977, -0.33430560978089485, -0.6359297717453325,0.5203283835472176]
