[0.20710827494329542, -6.705753098343027e-05, -0.0600061353321935, 0.9999999863641995, -0.00015407884722163273, -5.9311523538639736e-05,3.6678639366702386e-06]
[0.27671526129653895, -0.01011993948237183, -0.03506295605191018, 0.996761425347981, 0.03785453960890476, 0.07074494566718706,0.0053709805256034]
[0.34204987579967694, -0.02528789612186707, -0.0010219248334066566, 0.9870564649299276, 0.07531112005238862, 0.13997281521104452,0.021339663502136907]
[0.4017072961511571, -0.04495111762189133, 0.0415544351248093, 0.9709775763063813, 0.11166856151650859, 0.20608213024460206,0.04756925764468696]
[0.4544309368287229, -0.06830791626633147, 0.09195888030009977, 0.9486778889229535, 0.14639190080992184, 0.26759555014551645,0.08350027537837845]
[0.49914645830942606, -0.09440108145989992, 0.1493523318953238, 0.9203696087985365, 0.17896422417825134, 0.32313128732123986,0.1283657307010876]
[0.5349903718104356, -0.12214926037541654, 0.21277915045326912, 0.8863218274742579, 0.20889238505476349, 0.3714318680663053,0.18120694521347525]
[0.5613324004691278, -0.15038235639820216, 0.2811845026624039, 0.8468577450643864, 0.23571246652174851, 0.4113903361259176,0.24089330437540446]
[0.5777909546589924, -0.17787981076248235, 0.353433482624488, 0.8023513371527491, 0.2589949298877661, 0.4420733605130798,0.30614555686192724]
[0.5842412956261263, -0.20341054314063062, 0.4283316164302911, 0.7532235012177929, 0.27834939420721005, 0.4627407731546276,0.37556217703323996]
[0.5808161907201068, -0.22577327728612573, 0.5046463530724791, 0.6999377238168726, 0.29342899558964036, 0.4728611357503785,0.44764824764782973]
[0.5678990976800762, -0.24383596964722687, 0.5811291270276222, 0.6429953148549223, 0.30393427972233494, 0.4721230172775792,0.5208462683374049]
[0.5461101470798224, -0.2565730922737308, 0.6565375686020817, 0.5829302598486938, 0.30961658610969267, 0.4604417521472415,0.5935682560903104]
[0.5162854136112137, -0.2630995950590061, 0.7296574375190255, 0.5203037451252543, 0.31028088806106935, 0.43796154227221135,0.6642284778622602]
[0.4794501712419903, -0.2627004837794989, 0.799323863202799, 0.4556984143187042, 0.30578805837299244, 0.40505286229525506,0.7312761429790497]
[0.43678700788135677, -0.25485509565442965, 0.8644414915872827, 0.38971241731512046, 0.2960565368869191, 0.36230522395053905,0.7932273844586304]
[0.3895998263132964, -0.23925532828090473, 0.9240031626547053, 0.3229533149127265, 0.2810633825906623, 0.3105154509820012,0.8486958737115559]
[0.33927487511787835, -0.21581727490055275, 0.977106774750829, 0.256031903889878, 0.26084469959852286, 0.25067170823520174,0.8964214419414157]
[0.2872400325686646, -0.18468593238950498, 1.0229700303161506, 0.18955602789299766, 0.23549543311829954, 0.18393361556410176,0.935296123340288]
[0.23492360582330993, -0.14623287099956364, 1.0609428021760388, 0.12412443956333538, 0.20516853831790402, 0.11160885725084262,0.9643870889693329]
[0.1837139062151308, -0.1010469793241428, 1.090516908980199, 0.060320778616538846, 0.1700735317652317, 0.035126769073698313,0.9829560048926089]
[0.1349208195733705, -0.04991861682362496, 1.1113331417090249, -0.001292270818377238, 0.13047444175779832, -0.04399055349213652,0.9904744223288043]
[0.08974051005679737, 0.006182287626575744, 1.1231854392312366, -0.06017858238713901, 0.08668718031041561, -0.12415903244872603,0.9866348897404249]
[0.04922428005447487, 0.06613346596605876, 1.1260221685130967, -0.11583389076603266, 0.03907636575912927, -0.20376463868141614,0.9713575651695383]
[0.014252461516155147, 0.12869198336657806, 1.1199445230294667, -0.1677907409095736, -0.011948369199968372, -0.2811960219134455,0.9447921999035189]
[-0.014485959152273544, 0.19252933524370874, 1.1052021099979747, -0.21562303218822934, -0.06593654375148257, -0.35487707257494294,0.9073154597760923]
[-0.03650747372015854, 0.25626885463731897, 1.0821858520649252, -0.25895011083376235, -0.12240142418132634, -0.4232987517835297,0.8595236460947839]
[-0.05154163997727161, 0.3185242562555478, 1.0514183808843067, -0.2974403691232403, -0.18082499827044957, -0.4850495421522694,0.8022209723475177]
[-0.05953203544516494, 0.37793812266029037, 1.0135421475963597, -0.3308143151837035, -0.24066327510336621, -0.5388439019651877,0.7364036435277803]
[-0.06063069982221847, 0.4332191561140903, 0.9693055175767901, -0.3588470831265577, -0.30135185317923335, -0.5835481477329828,0.6632400702569231]
