[0.2070882252661047, -8.418541269226566e-05, -0.06000464771532332, 0.9999999663363641, -0.0002533499799120955, -5.592482762305562e-05,3.670471021665755e-06]
[0.2920679740675142, 0.016631264669208373, -0.02416236732528515, -0.9965651383490796, 0.0008816183551869264, -0.08261104706105567,0.005706371862407158]
[0.36827424554251703, 0.04400756949632702, 0.02680965244560768, -0.9862755376650215, 0.001499882891642512, -0.163529470042514,0.02272502106707228]
[0.4323640588231595, 0.07992288709316828, 0.09148949901016404, -0.9692026181870887, 0.0021009520133919535, -0.24098915312707042,0.05065667749692483]
[0.4816362920406596, 0.12160982216892391, 0.16807333066384783, -0.9454649641083365, 0.0026776312660671806, -0.31335946282753935,0.08885200611613338]
[0.5141719488661924, 0.16582092530176798, 0.25442885006836496, -0.9152274369805733, 0.003222711717848147, -0.3791268220617353,0.13642289221580112]
[0.5289307094203531, 0.20902085759609818, 0.3481571990102266, -0.8786999901896727, 0.003728964517648168, -0.43692951450139256,0.19226289663341936]
[0.5257989688452547, 0.24759424361410354, 0.44666139898953594, -0.8361361601221177, 0.0041891435158879844, -0.485588993258923,0.2550727395050866]
[0.5055872947027633, 0.2780575124398291, 0.5472193172765681, -0.7878312458217777, 0.004595997623788682, -0.5241369732862239,0.32339022580638466]
[0.4699780298055521, 0.29726296274452685, 0.6470590553803425, -0.7341201913413525, 0.004942294308335804, -0.5518376839329592,0.3956239236742559]
[0.42142647405062694, 0.30258387280027293, 0.7434346368828328, -0.6753751872675822, 0.00522085529807449, -0.5682047695399235,0.4700898201039006]
[0.36302154996241887, 0.29207066469009, 0.8336999128296588, -0.6120030100229769, 0.005424605216706587, -0.573012449160405,0.5450501100708576]
[0.3135716090299312, 0.32072162834987983, 0.8440371952454024, -0.6032878117404845, -0.0589733592093701, -0.5706709324888389,0.5539861423548967]
[0.2625622386884537, 0.3418790766806317, 0.8534566105578723, -0.5881908887387286, -0.1210420552338661, -0.5684021010161477,0.5624049704882914]
[0.21109756728459983, 0.35561226527220724, 0.8619863028579334, -0.5671149096043553, -0.18014888929825898, -0.5662426124780466,0.5703475789403202]
[0.16023305749478556, 0.3621494129934396, 0.8696573951363, -0.5405254443931685, -0.23572053915502597, -0.5642238857300741,0.5778576625395636]
[0.1109533849640499, 0.3618648808242354, 0.8765035363260217, -0.5089428985552459, -0.2872491845037658, -0.562371915682947,0.5849810770129229]
[0.06415311202178706, 0.3552634554620261, 0.8825604331489888, -0.47293383715740994, -0.33429768704561885, -0.5607071413237712,0.5917652776025669]
