[0.20712800824877978, -9.175683007241364e-05, -0.059996397125873874, 0.9999999486279387, -0.0003202845933512451, -1.2185849815508985e-05,3.661222915884658e-06]
[0.31425396481783013, 0.016018676491927404, -0.0161926529902138, -0.9945399812683708, -0.00997615116890604, -0.10379516077205163,0.0041553179021860745]
[0.40939648984118804, 0.04181663357671537, 0.049453119543240526, -0.9782124405703108, -0.019968189982559767, -0.2059802461650126,0.016547830434767166]
[0.48784996547632176, 0.07498567542496505, 0.13440217504548535, -0.9512013029941486, -0.029353438608810945, -0.30495205192598956,0.03686058667739104]
[0.5457929759973806, 0.11247926048963325, 0.23534697152212603, -0.9138109161116245, -0.037839975784011284, -0.3991832967286705,0.06457895509165207]
[0.5804943527741475, 0.1507323420563602, 0.3483426937874988, -0.8664624983236036, -0.045151410949724434, -0.4872406315510696,0.09899826288265617]
[0.590455502881221, 0.18590963368624722, 0.4689639529614732, -0.8096892951749962, -0.051031711770790814, -0.5678128510175044,0.13923927568087463]
[0.5754808893456962, 0.21417447902242376, 0.5924803737329944, -0.7441304488673604, -0.05524972827859516, -0.6397365260896757,0.1842675223155622]
[0.536672906299751, 0.23196091347872352, 0.7140440315649734, -0.6705236525916687, -0.05760334571400586, -0.7020185186984018,0.23291604771286534]
[0.47635198369043796, 0.2362312609748994, 0.828881237436613, -0.5896966754770373, -0.05792320333395838, -0.7538549058309135,0.28391110299093214]
[0.39790727877611404, 0.22470248416638275, 0.9324810064362024, -0.502557857108237, -0.05607592251730536, -0.7946459176335181,0.3359002184592834]
[0.37615686098236334, 0.25678228621289606, 0.9342671928301526, -0.5000311644391574, -0.08115797177361313, -0.7802820146396436,0.3667999397997676]
[0.35192996543112126, 0.28727737937425246, 0.9354217508447695, -0.49655769347076195, -0.10678303991976054, -0.7642821534098898,0.3973671217144588]
[0.32523318309183746, 0.3160334539295009, 0.9359887770570959, -0.491954018370768, -0.13295130223464194, -0.7466738848088795,0.4275316418551771]
[0.29607697000565614, 0.3428624414699897, 0.9360154158329566, -0.4860319037617769, -0.15962525636730449, -0.7274882207061599,0.4572238563211252]
[0.26448626005212894, 0.3675418047918684, 0.9355514191236834, -0.4786049162818576, -0.18672924175011657, -0.7067595854730774,0.48637476571897403]
[0.23051115453317098, 0.389816341530298, 0.9346486935922738, -0.46949502023029904, -0.21415003572739336, -0.6845257595314813,0.5149161802805934]
[0.19423715434245944, 0.4094024732108133, 0.9333608388158228, -0.4585389892668868, -0.2417385086159935, -0.6608278150423684,0.5427808836358802]
[0.15579441692436308, 0.4259948840396849, 0.9317426803403253, -0.44559447109805916, -0.2693122944062469, -0.6357100438420115,0.5699027948403765]
[0.11536555751338694, 0.43927527185670423, 0.9298498013629707, -0.4305455508446777, -0.2966594093703005, -0.6092198777523486,0.5962171282606124]
[0.0731915707915376, 0.4489228811868242, 0.9277380767860894, -0.41330767114008543, -0.32354272802693895, -0.5814078014114448,0.6216605509243415]
[0.02957552287817594, 0.45462640883903677, 0.925463213326388, -0.39383178266936963, -0.34970520523716814, -0.552327257788568,0.6461713369480713]
[-0.015116248405538161, 0.45609680909509864, 0.92308029927377, -0.37210761747271215, -0.37487571514544654, -0.5220345465668557,0.6696895186604833]
