[0.20709815806646245, -6.800440395144983e-05, -0.059986832810991264, 0.9999999888177717, -0.00014881832672898512, -1.428528126407341e-05,3.673291796828612e-06]
[0.23435974017341235, -0.01675682346458548, -0.047598034189781036, -0.9970310861231132, 0.07566788621706447, -0.013726998963176614,0.003867014232181624]
[0.2595633218412698, -0.03192735574028683, -0.032691212843569906, -0.9882079784563875, 0.1497704555148882, -0.027881956733152406,0.015375254753461125]
[0.2834491287967465, -0.04543146792597464, -0.015266149154708392, -0.973713143766816, 0.221069684828163, -0.04284618189317777,0.03427991836188743]
[0.30668593790534066, -0.0573320019409223, 0.004870942078605556, -0.9538455438521586, 0.28823142196680146, -0.05898351545483755,0.0601853035961834]
[0.32977637378872315, -0.06786800480127914, 0.028079392955196958, -0.9290133650831328, 0.3499991372196689, -0.07661129533207997,0.09254988314386088]
[0.35298046678676975, -0.07739934809552626, 0.05483881105612745, -0.8997241083948584, 0.4052172361812701, -0.09598689338258799,0.1306982653804171]
[0.37626455112965274, -0.08633673122604728, 0.08568998951371987, -0.8665722707117066, 0.452852268855193, -0.11729591756089536,0.17383610082433631]
[0.3992802474877981, -0.09506455738106848, 0.12116648960635934, -0.8302249189683399, 0.49201159842541975, -0.14064241505581362,0.2210675960563769]
[0.42137552371516984, -0.10386494017256896, 0.16172212693151974, -0.7914055096216035, 0.5219591493733351, -0.16604136179464607,0.2714152388857604]
[0.4416369117655874, -0.11285106673413356, 0.2076599624289166, -0.7508763497634334, 0.5421279192410793, -0.19341366589599904,0.3238412888900222]
[0.45895914157821216, -0.12191731027251511, 0.25906837260334, -0.7094201295955241, 0.5521290098247117, -0.2225838489469268,0.37727054804559707]
[0.47213598811007124, -0.13071192783401683, 0.3157693494240857, -0.6678209792919523, 0.5517570102920604, -0.2532805009188758,0.43061389790087956]
[0.4799642361591058, -0.13863604230078172, 0.3772833873138014, -0.626845515584253, 0.5409916449112632, -0.28513953377870765,0.4827920732619576]
[0.48135151627393313, -0.14487009145387375, 0.4428142058350063, -0.5872243444443553, 0.5199956799210298, -0.31771018712258187,0.5327591380294644]
[0.4754184525455186, -0.14842626785570084, 0.511255207633807, -0.5496344759736503, 0.48910916571205365, -0.3504636682152818,0.5795251367272338]
[0.4615861109734302, -0.14822292213216384, 0.5812180742799937, -0.5146830862612675, 0.4488401700687023, -0.38280424039425825,0.6221774152003997]
[0.43964108832294546, -0.1431747005710781, 0.6510823607631002, -0.4828930290468102, 0.3998522339400817, -0.41408250957809223,0.659900135454322]
[0.40977260598433896, -0.13229054549697783, 0.7190634689482692, -0.45469045826174065, 0.3429488513617458, -0.4436106001879442,0.6919915519110619]
[0.3725784809175006, -0.11477076172314679, 0.7832950638014985, -0.430394871914983, 0.2790553381575731, -0.4706788605973116,0.7178786684822617]
[0.3290396034397933, -0.090094236097223, 0.8419209352925975, -0.41021182953096946, 0.20919850850806795, -0.4945736955492299,0.737128956575193]
[0.28046530582903945, -0.058087606115638096, 0.8931905779812592, -0.39422853082599807, 0.13448462316964283, -0.5145960898989654,0.749458882043832]
[0.2284145057893804, -0.01896964727026154, 0.935552411421722, -0.3824123740572046, 0.05607610709052668, -0.5300803654048518,0.7547390625863774]
[0.17459953013704765, 0.026633744680680985, 0.9677386237330858, -0.37461254014938306, -0.024832443335247062, -0.5404127007026294,0.7529959544646433]
[0.12078088862029576, 0.07770605204009548, 0.9888360862015186, -0.3705645750266247, -0.10703843256525808, -0.5450489443986586,0.7444100468822396]
[0.06866186036907551, 0.13288743214465085, 0.9983386290799244, -0.3698978693124024, -0.18935508848900012, -0.5435312624720132,0.7293106220651442]
[0.01979153377383485, 0.19054941681596244, 0.9961771325209721, -0.37214586347115725, -0.2706344195794176, -0.5355031836778286,0.7081672171960014]
[-0.024516061477567037, 0.24889119605476415, 0.9827252944695068, -0.3767587392566269, -0.3497888161019015, -0.5207226399175606,0.6815779990588562]
[-0.06324076768071016, 0.30604975999536255, 0.9587804952096528, -0.3831182966283815, -0.4258108410636229, -0.49907264184988653,0.6502553318337598]
[-0.09568927757416287, 0.36021495453949015, 0.9255207815865334, -0.3905546605922925, -0.497790802886687, -0.4705692823802214,0.6150088813433761]
