[0.20712710212104277, -7.83780064067017e-05, -0.05998211293597598, 0.9999999748546432, -0.0002240232553453412, -9.530595707661343e-06,3.6690780414626185e-06]
[0.2786664292999072, -0.00904129010160996, -0.034058999117898864, -0.9951876188386448, 0.06405731750288614, -0.0741150192053087,0.0022863317343899832]
[0.3457488711103902, -0.02267047398748992, 0.0015285860215060731, -0.9808825172763502, 0.12648084136543494, -0.14760878250814935,0.009150486083494176]
[0.4069061646067793, -0.04036906506169175, 0.04614697166886528, -0.9573961194492144, 0.18611767370683763, -0.21984768306245495,0.020490930911292168]
[0.46082537156092845, -0.061363938105756285, 0.09899705978942774, -0.9252396552308745, 0.24165220313167274, -0.2902227884435135,0.03614590126049118]
[0.5063843966779583, -0.08473228697775315, 0.15913018319714792, -0.8851127961255476, 0.29185904832844983, -0.3581476457786325,0.05589184078959942]
[0.5426817742917478, -0.10943325342636102, 0.22546691806424474, -0.8378881410120995, 0.335629963104682, -0.4230653300272032,0.07944631864732259]
[0.5690598403932664, -0.13434354769755336, 0.29681844973296656, -0.7845918748646531, 0.37199812580823144, -0.4844551147630748,0.10647171488911074]
[0.5851206202788838, -0.1582958725738303, 0.3719100368178794, -0.7263810345448393, 0.40015927175417254, -0.5418386802958918,0.1365796266576617]
[0.5907339964998722, -0.1801188718711621, 0.4494060749530636, -0.6645178917804533, 0.4194891983852024, -0.594785779958001,0.16933593800949287]
[0.5860379692165363, -0.19867727720492628, 0.5279362291098941, -0.6003420279452659, 0.4295572545770267, -0.6429192923973073,0.20426648767274433]
[0.5714310731630836, -0.2129109244950677, 0.6061220828902405, -0.5352407267811008, 0.4301355159097383, -0.6859195956626668,0.24086326127881424]
[0.5475572637410933, -0.22187135412454548, 0.6826037450114361, -0.4706183485962311, 0.4212034448166218, -0.7235282076435114,0.2785910278227488]
[0.5152838209807316, -0.2247547942543089, 0.7560658574803011, -0.40786537189408906, 0.4029479360970179, -0.7555506469150829,0.3168943343624972]
[0.47567303640048436, -0.22093045240482476, 0.8252624665511142, -0.34832779533301844, 0.3757587520431255, -0.7818584781213626,0.35520476833958603]
[0.4299486370500365, -0.20996320153867287, 0.8890402460386163, -0.2932775842414554, 0.3402194550365283, -0.8023905165682564,0.392948393453225]
[0.3794580571039865, -0.1916299378133371, 0.9463596021999495, -0.2438848218174779, 0.29709404657801786, -0.8171531775626846,0.4295532627907319]
[0.32563178533623116, -0.1659291012093867, 0.9963132392408156, -0.20119218617994974, 0.2473096180408062, -0.8262199670776129,0.464456911937923]
[0.26994109304399716, -0.13308307990830404, 1.0381418233409863, -0.16609232149962877, 0.19193540780877247, -0.8297301214051779,0.497113735075881]
[0.21385547936871993, -0.09353345663509502, 1.071246449529809, -0.13930860572760909, 0.13215873986287938, -0.8278864144358679,0.5270021486109978]
[0.15880115886811003, -0.04792929202275971, 1.0951976882022647, -0.1213797404487486, 0.06925838849949675, -0.8209521619287456,0.5536314496626487]
[0.1061218605562628, 0.002891131692764306, 1.1097410648487585, -0.11264850186707463, 0.004575971138442876, -0.8092474624767134,0.5765482807105097]
[0.05704311086392609, 0.05792447140535395, 1.1147989058860632, -0.11325489784091115, -0.06051398517905262, -0.7931447246878096,0.5953426168289091]
[0.012641038888930865, 0.11603156453737537, 1.1104685634851381, -0.12313387635994226, -0.124634628967158, -0.7730635392713945,0.6096531981413522]
[-0.02618342403741051, 0.1759707684530816, 1.0970171111538267, -0.1420176281483638, -0.186437332728229, -0.7494649631181968,0.6191723373331022]
[-0.05872427093790631, 0.23643429110429567, 1.074872677749679, -0.16944242251175323, -0.24463151798943045, -0.7228452899871817,0.6236500401690703]
[-0.08448360410881284, 0.2960863206199926, 1.0446126588549096, -0.2047598134618661, -0.2980130875541626, -0.6937293889630446,0.6228973858722302]
[-0.10317803395321093, 0.3536017171525577, 1.0069491094501057, -0.24715195485931032, -0.3454908279344871, -0.6626636973417084,0.616789123807952]
[-0.1147382745931554, 0.4077040280242368, 0.962711679144728, -0.29565067102715137, -0.3861101916324225, -0.6302089589671599,0.605265453066915]
[-0.11930214244238514, 0.457201626619644, 0.9128284996232839, -0.3491598450892104, -0.41907392891647466, -0.5969328022257723,0.5883329621113165]
