[0.20711748055002627, -8.011861882575927e-05, -0.060002702896012824, 0.9999999663913887, -0.0002588734313404016, -1.3722359215023558e-05,3.669494862039255e-06]
[0.24237284191690264, -0.013839628634486182, -0.04600994068241743, -0.9974873631268755, 0.06826166029773544, -0.01860102116213674,0.00364803334901282]
[0.27563171067658476, -0.026545469875183633, -0.028583894039206248, -0.9900386656682351, 0.13496579745104065, -0.03737501560550826,0.014518340426982197]
[0.3072603751111627, -0.03803146492463632, -0.007779622399387537, -0.9778150523930887, 0.1990995807333755, -0.05645804895587907,0.032397051924380534]
[0.33758061072322776, -0.0482486571566568, 0.01649767174671557, -0.961080545866667, 0.2594392197489944, -0.07598351528102049,0.05693839669504045]
[0.36680158759005926, -0.05724572266455579, 0.04446878011702893, -0.9401956306927922, 0.3148315479760144, -0.09606076974933701,0.0876675592244615]
[0.3949643681113774, -0.0651370699558195, 0.07644166216028109, -0.9156085356502879, 0.3642153010768571, -0.11676811521850944,0.1239896413985748]
[0.42190409752084257, -0.07206220997517518, 0.11276065720034992, -0.8878443875695169, 0.40664053460798505, -0.13814660805845402,0.16520088909260078]
[0.4472334592495375, -0.07814090091108458, 0.15374766951477775, -0.8574924952190892, 0.4412857921260922, -0.16019485209119827,0.21050197071302462]
[0.47034913835235914, -0.08342907004896148, 0.1996399181869722, -0.8251920662574294, 0.4674726827562562, -0.1828649268343706,0.25901305603448543]
[0.4904610623273311, -0.08788053929706166, 0.2505291797999792, -0.7916166980083286, 0.48467758256972, -0.20605957011774975,0.3097904097154262]
[0.5066422351764133, -0.09131912501275345, 0.3063074419155565, -0.757458012557484, 0.4925402353990678, -0.22963070617245177,0.3618441854006207]
[0.5178952108011399, -0.09342478276036158, 0.36662352731746856, -0.7234088277358617, 0.4908690946498702, -0.25337937910163044,0.4141570838673605]
[0.5232298133600157, -0.09373620030801634, 0.43085456542503325, -0.6901462674530271, 0.47964331680294436, -0.2770571189114084,0.46570352267020193]
[0.5217457245014853, -0.09167071797589768, 0.4980952226123777, -0.6583152172787551, 0.4590113881242971, -0.30036873372779577,0.5154689554863539]
[0.5127131018495236, -0.08656080910080656, 0.5671664212436787, -0.6285125240722718, 0.4292864370600086, -0.32297648818608543,0.5624689770286087]
[0.4956445064222521, -0.07770473216055712, 0.6366439569787323, -0.6012723219739674, 0.39093835434011437, -0.34450559499455685,0.6057678540095403]
[0.47035208777847315, -0.06442751696800691, 0.7049060540469403, -0.5770528415702532, 0.34458290943264847, -0.3645509150735867,0.6444961341091493]
[0.4369851469809617, -0.04614730400824464, 0.7701975713237991, -0.5562250250934837, 0.2909681142283003, -0.38268473215676957,0.6778670029853071]
[0.39604476971533076, -0.02244132703912173, 0.8307073784103143, -0.5390632288967911, 0.23095814134967593, -0.3984654409725398,0.7051910837115206]
[0.3483740627921666, 0.006894411806551301, 0.8846544423233099, -0.5257382460981845, 0.16551515404921194, -0.41144696470693726,0.7258894031483855]
[0.2951244826341257, 0.04179744601371277, 0.9303774697155148, -0.5163128283264303, 0.09567944622560612, -0.4211886979150803,0.7395042850613667]
[0.23770065127410722, 0.08190801314646695, 0.9664225860719473, -0.5107398271619106, 0.02254832376988915, -0.42726575585417903,0.7457079695967769]
[0.1776877558945996, 0.12655873721106514, 0.9916235294687984, -0.5088630144913834, -0.052745818431711194, -0.42927930071720843,0.7443088022430313]
[0.11676698228274077, 0.17478688593145192, 1.005169195798862, -0.5104205780017659, -0.12905775642637132, -0.42686670971739377,0.735254881788337]
[0.05662533092269695, 0.2253694522500841, 1.0066540742768852, -0.5150512248806856, -0.20525156383169443, -0.419711349568224,0.718635105138324]
[-0.001133464051775484, 0.27687942481391625, 0.9961081130879839, -0.5223027649338263, -0.2802221424326494, -0.40755172667181816,0.6946775962414191]
[-0.05507037427952378, 0.3277598137737308, 0.9740037917330321, -0.5316429852077776, -0.3529157115338752, -0.39018979220985345,0.6637455558323031]
[-0.10397905006976829, 0.3764104399385482, 0.9412395695671627, -0.5424725731997099, -0.42234883803615403, -0.3674981961560833,0.6263306172921944]
