[0.20712113770681026, -9.42874996126421e-05, -0.0599812272819486, 0.9999999430557065, -0.0003374047715087743, -5.769141632573246e-06,3.6498265990493865e-06]
[0.30737319190032886, 0.001797668541871495, -0.00812548881035341, 0.9925550881917903, 0.02138230726611953, 0.11988038875402554,0.0024261559613615283]
[0.3936154762892938, 0.0036757339777789516, 0.06760443593465504, 0.9703274956665554, 0.04264633724196401, 0.23780958789105786,0.009614623258413033]
[0.46062963347028757, 0.005809141028490441, 0.16340365885589667, 0.9336843783624983, 0.06300194383069746, 0.35185944760769416,0.021428154484170372]
[0.5042189557031246, 0.008547430314476129, 0.27436683488084956, 0.8832306558118784, 0.08200912054213567, 0.46017573889507496,0.0376351180999414]
[0.5214342685223422, 0.012288660358739045, 0.39475806065957814, 0.819798244544733, 0.09924675739342557, 0.561004880745286,0.05791755492277225]
[0.5107281700525906, 0.01744293314925453, 0.5183253848083379, 0.7444313422362636, 0.11431852549181612, 0.6527245764583565,0.08187721730097829]
[0.4720292493171428, 0.024394096642186947, 0.6386412826161537, 0.6583679783432459, 0.12685839915959765, 0.7338720259556485,0.1090431161268056]
[0.40673284256500863, 0.03346262496882553, 0.7494490564120403, 0.5630181728488383, 0.13653573636360447, 0.8031691967672728,0.13888042015279925]
[0.3176099904328123, 0.04487258312446498, 0.8449949998352501, 0.45993910715518344, 0.14305984565521018, 0.8595446928787779,0.17080052463130135]
[0.20864119645502277, 0.0587252634446459, 0.9203273058963116, 0.35080776588841156, 0.1461839764395769, 0.9021518259180115,0.20417208285535227]
[0.08478603920230068, 0.0749815624454824, 0.9715450164768746, 0.23739155437496962, 0.14570867900959494, 0.930382565944661,0.23833277525121002]
[-0.048296627461024554, 0.09345449051819923, 0.9959836387706628, 0.12151743294458912, 0.14148449121648624, 0.9438771279337701,0.2726015766632085]
[-0.18456046709208848, 0.11381242763838204, 0.9923281607153301, 0.005040135332300223, 0.1334139197066955, 0.9425290333642402,0.3062912736755632]
[-0.31789649859983515, 0.13559291758678543, 0.9606488025411152, -0.11018994619281842, 0.12145269512414444, 0.9264855724914572,0.3387209804105474]
[-0.29192566613103316, 0.10146356123236079, 0.988643431358506, -0.0719768956538581, 0.11385339800161119, 0.9500724717185527,0.28145875139728826]
[-0.26057840807194604, 0.07255423343922066, 1.0140199928712534, -0.03322096607691341, 0.10829923738465068, 0.9683316067469794,0.2224894199049326]
[-0.22476498452302593, 0.04968052698180432, 1.036614924371356, 0.005918008328320205, 0.10481365603084317, 0.9811335927990338,0.1623451501219985]
[-0.18551690993902156, 0.03350368189379338, 1.056281667964627, 0.0452788700524707, 0.10340962026510563, 0.9884028831182932,0.1015677852807868]
[-0.14396084122309294, 0.024512955662563576, 1.0728916918618847, 0.08469986409444634, 0.1040895562232931, 0.9901184434739919,0.04070338069816915]
[-0.10128996576276597, 0.02301241216455579, 1.0863353830416753, -0.12401936685002687, -0.10684533581073083, -0.9863138702913926,0.019703302576597567]
[-0.058733636560710185, 0.029112472709924474, 1.0965228044923592, -0.16307661462001938, -0.11165831249593165, -0.9770769512398133,0.0791142867663391]
[-0.017526046687532187, 0.04272644649348972, 1.1033843112848634, -0.20171242827472288, -0.118499406817429, -0.962548672909081,0.13700379244531707]
[0.021125240854521714, 0.0635721261710242, 1.106871020818418, -0.23976993062636978, -0.12732924123962383, -0.9429216859590858,0.19286352387334185]
[0.05607008970613214, 0.09117840075319741, 1.106955133711255, -0.27709525309318417, -0.13809832375302908, -0.9184382437748171,0.24620777010821152]
[0.0862451147431679, 0.12489670613534673, 1.1036301029672784, -0.3135382282875764, -0.150747279376495, -0.8893876361409218,0.2965782693363364]
[0.11070077718790505, 0.16391700690516822, 1.096910650228598, -0.34895306522655817, -0.16520712848511532, -0.8561031447072441,0.34354878633035474]
[0.12862555367845735, 0.20728788498482292, 1.0868326291128494, -0.3831990039443943, -0.18139961065871912, -0.8189585519942038,0.38672935593829266]
[0.13936656197386987, 0.2539402043153627, 1.0734527368235918, -0.4161409463854216, -0.19923755252330055, -0.7783642403313651,0.4257701489998423]
[0.14244612130316422, 0.30271372899470284, 1.0568480764019677, -0.44765006056837076, -0.2186252778425483, -0.7347629213848387,0.46036492103484644]
[0.13757383415369195, 0.3523859974427571, 1.0371155731484825, -0.477604355141894, -0.23945905790989178, -0.6886250407639192,0.49025400841532535]
[0.12465389554632408, 0.401702699223594, 1.0143712498756088, -0.5058892215936637, -0.2616276000942324, -0.6404439055639264,0.5152268414691867]
[0.10378746230038914, 0.44940876551578335, 0.9887493667456168, -0.5323979415316996, -0.28501257220575676, -0.5907305855647832,0.5351239490209311]
[0.07527004500819287, 0.49427936973972, 0.9604014324944911, -0.5570321566256972, -0.30948916017289013, -0.540008641133106,0.5498384341986113]
