[0.20712287979599145, -7.639686400704644e-05, -0.05998562351328529, 0.9999999684057356, -0.0002507582183663504, -1.71876222626834e-05,3.6646855763129834e-06]
[0.26441771359766636, 0.00461388944189222, -0.03770192489987856, -0.9983772020248531, 0.03216932766413506, -0.046794667810765564,0.004284378501442433]
[0.31844403831176826, 0.014410871599448528, -0.008385989112071668, -0.9935304618837477, 0.06342981792003438, -0.09264438391347128,0.01705572153243546]
[0.36820897164137456, 0.028918631405160024, 0.027553260586085954, -0.985480957843014, 0.09338577550320737, -0.13658973456687556,0.038073915919312695]
[0.41279887583325914, 0.04761964788666283, 0.06968072462029526, -0.9742639906506417, 0.12140861507541932, -0.17772823993131673,0.0669499621946993]
[0.4513796179055099, 0.06988347780796667, 0.11753594859765934, -0.9599290095434104, 0.14689624276371346, -0.21521602393145622,0.10314966573889864]
[0.48319773867830074, 0.09497444930609504, 0.1706294321010763, -0.9425396863481338, 0.16928132943520352, -0.24828548444804233,0.14600373069142134]
[0.5075838548140044, 0.12205903060962578, 0.2284351192094437, -0.9221739990590719, 0.1880391245604266, -0.27626141832231055,0.19472039400251062]
[0.523959254557393, 0.15021382378063283, 0.29038006961317303, -0.8989243161125411, 0.2026947073455375, -0.29857527461288835,0.2484003520640539]
[0.5318461862193827, 0.17843530885356257, 0.3558325497883863, -0.872897471011277, 0.21282957921933587, -0.31477724748661173,0.30605368773499547]
[0.5308818175733612, 0.20565250719859118, 0.42408994602258293, -0.8442148156044362, 0.21808751042926014, -0.3245459638957435,0.36661846683946264]
[0.5208353079210386, 0.23074363588158242, 0.49436797507672453, -0.8130122392354256, 0.21817956331700836, -0.3276955698976133,0.4289806411409232]
[0.5016269278566863, 0.2525575903582285, 0.565792648745773, -0.7794401401558537, 0.2128882256802377, -0.32418007211106853,0.4919948700206192]
[0.4733477280973223, 0.26994073572254584, 0.6373963355552206, -0.7436633350918448, 0.20207059933928373, -0.31409484629989265,0.5545058561012539]
[0.4362779364456916, 0.2817690322285596, 0.7081190615308457, -0.7058608926554957, 0.18566060146296065, -0.29767528229156737,0.6153697811857801]
[0.390902081321372, 0.2869850030543193, 0.7768159125846946, -0.6662258764306909, 0.16367014920168277, -0.2752925922114689,0.6734754282881796]
[0.3379188213213811, 0.28463851180520733, 0.8422710581902338, -0.624964984034259, 0.13618931155842898, -0.24744686615898293,0.7277645832110808]
[0.30768933810617377, 0.30540949719300575, 0.8537337920237178, -0.6210680350800297, 0.07145460864665087, -0.27427593409358314,0.7307129714751736]
[0.2764112529335224, 0.3225410969346898, 0.8648204627792513, -0.6104848064463453, 0.009615307266053565, -0.30086170075213775,0.7325968086095376]
[0.24455786173644037, 0.33603261566861276, 0.8754977143312089, -0.5938742632389175, -0.048648031393033926, -0.3271601300200697,0.7334255093936035]
[0.21258946741034362, 0.34594793217104414, 0.8857333633805117, -0.5719619332636109, -0.10277610212054593, -0.35312777376218607,0.7332103348480726]
[0.18094425976374554, 0.35241230624174397, 0.8954965045813047, -0.5455194287990516, -0.1523367536186788, -0.3787218500874424,0.7319643615409317]
[0.1500298146525285, 0.35560786070383543, 0.9047576110559414, -0.515343577980792, -0.19702757723870137, -0.4039003200024545,0.7297024475382539]
[0.12021540930716333, 0.355767850441456, 0.9134886299768281, -0.48223568669333655, -0.23667519091343786, -0.4286219623089652,0.7264411950818225]
[0.09182533108265727, 0.35316986022515917, 0.9216630729118661, -0.4469814428095983, -0.27123130324125033, -0.45284644660459106,0.7221989100819098]
[0.06513333251088585, 0.348128099426142, 0.9292561006493577, -0.4103319532620486, -0.3007657207210445, -0.4765344042505816,0.7169955585196093]
[0.0403583572246409, 0.34098498389135956, 0.9362446022382659, -0.3729863713193877, -0.32545653480283243, -0.4996474971749587,0.7108527198589935]
[0.017661629771283657, 0.33210221264494094, 0.9426072680005562, -0.33557652739837357, -0.3455777929526966, -0.5221484843843393,0.7037935375749977]
