[0.20717753744935377, -8.575823155634555e-05, -0.059974693353101335, 0.9999999667234659, -0.0002494207786478756, 6.579321468427596e-05,3.6871987721225333e-06]
[0.31031669388574434, 0.014805462407020792, -0.024638989967323083, -0.9959640256629974, -0.02297694099204014, -0.08672101387999005,0.002680581920323529]
[0.4045116658975995, 0.040100698128400426, 0.027783500651802323, -0.9838975663970122, -0.04565522180879719, -0.17247173133252489,0.010708942561627249]
[0.48623989557473124, 0.07398024691417189, 0.09570275676141826, -0.9639249350912711, -0.06724321774750161, -0.25642470259682454,0.023946629708191797]
[0.5525526120420544, 0.11404539598545377, 0.17707137383817664, -0.9362517991144792, -0.08721464136765691, -0.3377095940349659,0.04217114040135518]
[0.6012083865713321, 0.15745412637930822, 0.26944729309217147, -0.9011626766980598, -0.1050668189857822, -0.415490052845596,0.06507541518085948]
[0.6307710432043987, 0.20108101428108816, 0.370068053895222, -0.8590175233400317, -0.12032806380992006, -0.48897432156890785,0.09227223038780669]
[0.6406672307075381, 0.24169278685787451, 0.4759342742173945, -0.8102474201278287, -0.13256462393829488, -0.5574252529811164,0.12329974045080211]
[0.6312010496871435, 0.2761302024844088, 0.5838998000609715, -0.7553494209517282, -0.14138711023983883, -0.6201695909347326,0.15762809332654923]
[0.6035253367859725, 0.30148662885644983, 0.6907657815584708, -0.6948806265583041, -0.14645631648183785, -0.6766063927052601,0.19466702737465913]
[0.5634017484617483, 0.3335022147414463, 0.7416887532636989, -0.6596741410219106, -0.1745514804527408, -0.6968942499312737,0.22068124694112212]
[0.5186085842872601, 0.3590219993016604, 0.791136722207441, -0.6223161357311161, -0.1994986917284843, -0.7152527835268481,0.24766177513780854]
[0.47018576325376843, 0.3773849854330869, 0.8387985920117047, -0.5830485838548717, -0.22112529311348605, -0.7316329223651095,0.275447309883022]
[0.4192631617187914, 0.3880951722134098, 0.8843752361116559, -0.5421278011676808, -0.23927213703994565, -0.7459949369617642,0.30387142949748763]
[0.36703458547110945, 0.3908332223903911, 0.9275806465761152, -0.49982462170669645, -0.25379491085913936, -0.7583086320717165,0.332763443429836]
[0.33077750650998705, 0.41044199014222005, 0.9256145046197518, -0.4857442273425851, -0.28958503499446786, -0.7489313164867671,0.3453909904673342]
[0.2933395104363801, 0.42693708962569377, 0.923266344299826, -0.46862896331852855, -0.32481959545937483, -0.7393377963171328,0.3581323052749297]
[0.25498447728211115, 0.44022966216614523, 0.9205542287461606, -0.4484702508208604, -0.3591993934078267, -0.7295372411710781,0.3709793035313648]
[0.2159855348393764, 0.45025326730968235, 0.9174964119639417, -0.425291970845828, -0.39241957733067245, -0.7195388748538175,0.38392371955349475]
[0.17662313919318254, 0.45696513582635245, 0.9141112792203036, -0.3991513814570676, -0.4241733269883024, -0.7093519671787383,0.3969571135680074]
[0.137182965303716, 0.4603472558449082, 0.9104172882869368, -0.3701396107548648, -0.45415565382537376, -0.6989858258216355,0.4100708791771623]
[0.09795362263117628, 0.460407262785382, 0.9064329117196583, -0.33838171232888026, -0.48206726899238406, -0.6884497882252353,0.4232562510114037]
[0.059224215258782666, 0.4571791051957983, 0.9021765803505816, -0.30403627556410623, -0.5076184686985074, -0.6777532135611806,0.4365043125614941]
[0.021281770278187142, 0.4507234607036166, 0.8976666281626902, -0.2672945889081408, -0.5305329858561493, -0.6669054747565235,0.4498060041826512]
[-0.015591437741280773, 0.44112787904175055, 0.8929212387102519, -0.22837936001461773, -0.5505517568633485, -0.6559159505916565,0.4631521312629771]
[-0.0511206346663412, 0.4285066324703982, 0.8879583932416549, -0.18754300247986821, -0.5674365529107953, -0.6447940178764708,0.4765333725483118]
[-0.08504133228633284, 0.4130002578430621, 0.8827958206739339, -0.14506550461431778, -0.5809734263929296, -0.6335490437114046,0.48994028861547767]
