[0.20717940177271155, -6.605463273088047e-05, -0.059967083861201045, 0.9999999819993671, -0.00017864962176494597, 6.38129043808514e-05,3.6730998338869097e-06]
[0.2799450515973138, 0.007917349657404494, -0.027135805146893344, -0.9969743573760956, 0.029112446325620996, -0.07189739915727755,0.005035890971655178]
[0.34651062042649844, 0.021215988193358175, 0.017904876524461683, -0.9879465455349088, 0.05745963229234335, -0.14233092232304834,0.020048001724354655]
[0.40475125280143603, 0.03894478546693174, 0.07412366016688451, -0.9730045052787301, 0.0846434525982848, -0.20999473231661897,0.044720588533777854]
[0.4528074270704804, 0.059954363050925955, 0.14022188182088968, -0.9522935621244536, 0.11010248810745417, -0.2735794425575981,0.07854108643723656]
[0.4891418246253394, 0.08287852871399808, 0.21466392653001193, -0.9260146800127956, 0.13329807364825214, -0.3318643974477933,0.12080752323046068]
[0.5125854066574087, 0.10619002870358067, 0.2957122366447984, -0.8944220730890207, 0.1537214359843594, -0.3837441905740993,0.17064369748301533]
[0.5223714018804384, 0.12826255941421502, 0.3814661709805521, -0.8578201875127063, 0.17090046361451544, -0.42825265151063907,0.22701811360795987]
[0.5181562919106941, 0.14743686128714611, 0.46990393173284956, -0.8165600911489953, 0.1844060249143764, -0.464583775020761,0.2887662575604742]
[0.5000272791989651, 0.16208861005993708, 0.5589267496369551, -0.7710353164078055, 0.19385775662727261, -0.49210913400295836,0.35461572339395087]
[0.46849612584014616, 0.17069577857162843, 0.6464045010024624, -0.7216772083371986, 0.19892925115247054, -0.5103913951877227,0.42321363839185894]
[0.4244796511786848, 0.1719031653176992, 0.7302219215621347, -0.6689498362558075, 0.199352578390905, -0.5191936426534329,0.49315578420057704]
[0.3692675634368552, 0.16458187204879043, 0.8083245805002562, -0.6133445326485731, 0.19492208600012084, -0.5184843067814182,0.5630167744222706]
[0.3044786677005627, 0.14788165938282652, 0.8787637829665839, -0.5553741276811002, 0.1854974306836964, -0.5084375932626516,0.6313806263019852]
[0.23200683199734923, 0.1212743134312789, 0.9397395807165266, -0.4955669514520932, 0.17100580248878858, -0.48942940605255514,0.6968710559599154]
[0.15395839768587105, 0.08458641390285271, 0.9896410886129565, -0.43446067895289375, 0.15144331389473564, -0.46202885754734924,0.7581808332540879]
[0.07258298296142392, 0.03802020032915586, 1.0270833303960163, -0.37259609460218635, 0.12687553562643697, -0.4269855565251703,0.8140995536576557]
[-0.00980015780757812, -0.017838417679114107, 1.0509398715640412, -0.3105108541484701, 0.09743717149492746, -0.3852129574051118,0.8635392200208764]
[-0.09087789746651892, -0.08202527460935291, 1.0603705418637799, -0.24873332167144982, 0.06333087502805106, -0.33776814107004266,0.9055570759684651]
[-0.1684187032711676, -0.15321694208802092, 1.0548436063386428, -0.18777655836703522, 0.024825221079227185, -0.28582847595799293,0.9393751938696967]
[-0.12736661235589758, -0.1330492864317828, 1.0649815650718166, -0.22213663959259813, 0.025698516771780533, -0.30667542731753106,0.9251730010467495]
[-0.08972031958747151, -0.10717691829867096, 1.072519788040189, -0.2574019086965026, 0.021102134530972778, -0.32699796317500723,0.9090496627781295]
[-0.05625307575106218, -0.0762164028964973, 1.0774020521138121, -0.2926719766244782, 0.010885848548085464, -0.3468465606021962,0.8910230500938437]
[-0.02763919005020256, -0.04088600840593838, 1.0796099810243627, -0.32702982064698544, -0.0049659546372693535, -0.36627806568172355,0.8711298492777046]
[-0.004439334585438923, -0.001986652280377893, 1.0791637303357298, -0.35956129832931644, -0.026333034361829422, -0.3853539347173619,0.8494260350630198]
[0.012910008574552843, 0.03961945530605, 1.076121523877322, -0.38937465221563816, -0.05296081724452801, -0.4041383952233343,0.8259871001141912]
[0.02410256024427803, 0.08303143781147895, 1.070578052150161, -0.41561961968066385, -0.08446465315430343, -0.4226965533319706,0.8009080333629426]
[0.028963593838943397, 0.12733254714932116, 1.0626617779611278, -0.4375057702857642, -0.12033672387875641, -0.44109247509819516,0.7743030429131326]
[0.02744678323724299, 0.17161203190866034, 1.0525312279999475, -0.45431970815574313, -0.15995547103113758, -0.45938726966962756,0.746305022449918]
[0.019626984177611488, 0.21498506518968594, 1.040370380260849, -0.4654407990651371, -0.2025973607659889, -0.4776372024253142,0.7170647633481806]
[0.005689628769642047, 0.25660986973903155, 1.0263832852051002, -0.4703551106509769, -0.2474507574821324, -0.49589186596132073,0.6867499179318669]
[-0.01408239087568005, 0.29570138978046323, 1.0107880825316653, -0.46866728888888376, -0.2936316377463394, -0.514192436219039,0.655543722550278]
[-0.039323339984344084, 0.3315411165004828, 0.9938105946559425, -0.4601101340027028, -0.34020083995536937, -0.5325700401178596,0.6236434922698528]
[-0.0695996886617779, 0.36348295965750815, 0.9756776919114408, -0.44455168354476715, -0.38618251544927285, -0.5510442597778777,0.5912589019918739]
