[0.20709835148312325, -8.037560282307732e-05, -0.06000913032908051, 0.9999999808297868, -0.0001824202209408633, -7.106235942616375e-05,3.66475068875948e-06]
[0.2389977965811399, -0.004114410979289121, -0.04680020865348125, 0.9994540281237643, 0.026876193786462724, 0.01876041888468989,0.004166840290396631]
[0.2691953738654595, -0.013922221649217853, -0.030788916936138333, 0.9977662638868734, 0.05310897472133732, 0.036988437461594435,0.016546145999254323]
[0.29735793233727165, -0.02933746300979878, -0.012033277756917232, 0.9948263231701526, 0.07771122336064, 0.05402479354631856,0.03691712575249845]
[0.3231427684791021, -0.05009991596991553, 0.009560689599408284, 0.9904543773832167, 0.09991609577179739, 0.0693075779226167,0.06491039801639044]
[0.34616774088551483, -0.07584311097976439, 0.03421992090336953, 0.984406859966562, 0.1190124453314226, 0.08231357785426582,0.10001823237709721]
[0.3659906852756868, -0.10607572279304925, 0.06227222715011749, 0.9763842779144146, 0.1343614242997327, 0.0925698428062333,0.14160357941988605]
[0.3821016451133389, -0.1401599538336353, 0.09410345389628172, 0.9660409139350007, 0.14541147513684255, 0.09966415848006623,0.18891138403128793]
[0.39393010834164527, -0.1772908866754052, 0.13010690007091402, 0.9529961762275618, 0.1517113775271779, 0.10325420099308223,0.2410819694662637]
[0.40086787719211403, -0.21648113335584104, 0.17062857160662118, 0.9368473107289049, 0.1529210602765746, 0.10307517129240726,0.2971662409610959]
[0.4023065384900863, -0.25655499526992165, 0.21591216977228053, 0.9171831552285189, 0.1488199369009962, 0.0989457424554576,0.3561424240325501]
[0.3976868988771891, -0.29615576929633675, 0.2660477866357665, 0.8935985868100191, 0.1393125787302822, 0.09077218869981718,0.4169340245378169]
[0.3865563516963508, -0.33376883421994097, 0.32092809503595277, 0.865709294316138, 0.12443159847999975, 0.07855060394265197,0.47842867561906394]
[0.3686290818761367, -0.36776180748414455, 0.38021538843758973, 0.8331664964362349, 0.1043376791827024, 0.062367158787187606,0.539497521239673]
[0.3438433953806654, -0.39644149055319877, 0.443322173323189, 0.7956712238629629, 0.07931674673780545, 0.0423963870023202,0.5990147774241433]
[0.3124103461885707, -0.418125660268269, 0.5094071835675488, 0.7529877908373986, 0.04977434772645099, 0.018897535006972232,0.6558771106913864]
[0.2748482479803464, -0.4312261639724007, 0.5773877242529742, 0.7049560971719707, 0.016227356133692486, -0.00779095032727009,0.7090224785336301]
[0.23199857525846668, -0.4343383869464494, 0.6459682215946528, 0.6515024261763414, -0.020706808153978677, -0.03725867997143799,0.7574480890128389]
[0.18502011058838339, -0.42633111636405985, 0.7136838205647966, 0.5926484362845247, -0.060323211069170164, -0.0690321736669727,0.8002271553594176]
[0.1353598732656316, -0.40643023438796466, 0.7789568974461111, 0.5285180838783636, -0.10184439846951225, -0.1025851153353714,0.83652414646892]
[0.08470123231421937, -0.374289605432664, 0.8401635023700628, 0.45934226094023367, -0.14443702138915207, -0.1373497940717859,0.8656082648837072]
[0.03489150730368357, -0.330043006758994, 0.8957060709644482, 0.3854609827139848, -0.1872297251708061, -0.17272948567516458,0.8868649195881112]
[-0.012146867074814952, -0.2743319684906198, 0.9440882878221675, 0.30732301634890535, -0.22933190736814504, -0.20811150867979877,0.8998050010086172]
[-0.05451604489593312, -0.20830587396216288, 0.9839877773765621, 0.22548290028748555, -0.26985293025835977, -0.24288067348346098,0.9040718091817382]
[-0.09044669313537809, -0.13359251791262974, 1.0143223543073712, 0.14059536460253663, -0.3079213639691226, -0.2764328337545678,0.8994455322508944]
[-0.11839891657395836, -0.052239389381965734, 1.0343058838697292, 0.05340722321906247, -0.3427038358160971, -0.30818824605908046,0.8858452203494641]
[-0.13715295811849268, 0.03337192253908863, 1.0434903643743367, -0.03525313141371637, -0.37342307046968104, -0.33760444666190054,0.8633282485593965]
[-0.1458830182901762, 0.12063377810274432, 1.0417916161577319, -0.12448844346961428, -0.3993747238154581, -0.3641883636806453,0.8320873110313928]
[-0.14420864352494875, 0.20683681699088263, 1.0294968973842085, -0.21334727759515348, -0.41994264042898805, -0.3875073980245466,0.7924450355504237]
[-0.1322196925602761, 0.2893030584454913, 1.0072538102948958, -0.3008403819708925, -0.43461219984288346, -0.4071992275333271,0.7448463528940711]
[-0.11047278232268433, 0.3655194543404643, 0.9760409486996828, -0.3859583988570616, -0.4429814594508474, -0.4229801150146737,0.6898487973727753]
