[0.20712627523534968, -5.395968611476585e-05, -0.05998410167548819, 0.9999999839487999, -0.00017908572482789982, 4.150794423367003e-06,3.6707536080510692e-06]
[0.2902278951633071, 0.008539186094655165, -0.027169716068139338, -0.99754656570636, 0.010113082550403173, -0.06923626131951943,0.0022169635249530946]
[0.3669035201566281, 0.02083982794854751, 0.0195300176680189, -0.9901987408752897, 0.020031217213768736, -0.13793634632431823,0.008875148935299922]
[0.4348877334804145, 0.03619383488093342, 0.07897843555207684, -0.9779815211292113, 0.029915675393266956, -0.20557309891008219,0.019922291536478565]
[0.4921675612553352, 0.05374416888499986, 0.14971116605248727, -0.960936966316641, 0.039743802653929544, -0.27161762771052333,0.03527663863924723]
[0.5370421293329237, 0.07246651770781945, 0.22997345470988778, -0.939124715090386, 0.04948585518626188, -0.33554498450480075,0.054822285765544536]
[0.5681726142735921, 0.0912118973930634, 0.31776458940905944, -0.9126226998176495, 0.05910294812349748, -0.3968360533517015,0.07840788264518637]
[0.58462101816033, 0.10875464780578942, 0.41088833160781074, -0.8815280189921622, 0.06854526091799826, -0.4549798978484746,0.10584512974733327]
[0.5858766421910955, 0.12384405411755925, 0.507008130111583, -0.8459579337314755, 0.07775055399962906, -0.5094766436554556,0.13690717760254703]
[0.5718695088841748, 0.13525769513179647, 0.6037057909089243, -0.8060509490314964, 0.08664304455101822, -0.55984095023012,0.17132705811339535]
[0.5429703771085571, 0.14185454905318545, 0.6985422003857518, -0.7619679353995973, 0.09513268183407357, -0.6056060994885455,0.20879628955563956]
[0.4999773975246986, 0.14262588098713103, 0.7891186509288397, -0.7138932424142984, 0.10311485422524641, -0.6463287006633294,0.24896380454226424]
[0.44408985775173027, 0.13674199464987716, 0.8731372983417222, -0.662035752762197, 0.11047055111661598, -0.6815939808356387,0.29143535250413527]
[0.4138243769704629, 0.19726547435502084, 0.8881282768557501, -0.663905030506027, 0.046264348686720594, -0.671640176354594,0.3255598163406456]
[0.3752219647572509, 0.25161478882510996, 0.9027079090092548, -0.659578409508669, -0.0170758487813502, -0.6599040143132698,0.3594320923229356]
[0.3294948266934349, 0.29864244809804974, 0.9168599912239592, -0.649260949025389, -0.07895837185657219, -0.6463801592414624,0.39296117533847097]
[0.2780102712666398, 0.33743398686501896, 0.9305687145554573, -0.6332132041193259, -0.13882545586697828, -0.6310675488366936,0.4260543154780974]
[0.2222465276896272, 0.36732798080557894, 0.9438186872828601, -0.6117462929806773, -0.1961582918312545, -0.6139696100105362,0.4586171775607128]
[0.16374623181910858, 0.3879277742146583, 0.9565949577389599, -0.5852165282517077, -0.2504814026648992, -0.595094473575457,0.4905540230188648]
[0.10406912080027539, 0.39910471090649413, 0.968883037352437, -0.554019701651509, -0.30136631076199616, -0.5744551854033338,0.521767914769487]
[0.04474547841816634, 0.4009929442472604, 0.9806689238683579, -0.5185851132110196, -0.34843447465715355, -0.5520699117885852,0.5521609454896745]
