[0.20709085707156039, -6.157998979398722e-05, -0.0600026369407122, 0.999999974365756, -0.00022040705424721397, -5.172833519591095e-05,3.6602340210951245e-06]
[0.2592411339987135, 0.01362378571603094, -0.041216686014845266, 0.9968004104472492, 0.07019469422104306, 0.038139886720775625,0.0026449340892700643]
[0.30841833807693536, 0.02941795192566678, -0.016782748546830234, 0.9872341489457486, 0.13950895189830367, 0.07612766706890046,0.01051502744871733]
[0.35417137314722125, 0.04698308148104119, 0.01303170879276691, 0.9715024269506078, 0.20664163334965105, 0.11370930048816923,0.023504569303837507]
[0.3960951086839899, 0.0659442375698885, 0.04796549310746742, 0.9499360711322336, 0.2705527139474424, 0.1506851244716393,0.04143287342794862]
[0.4338181118918648, 0.08589203140638182, 0.08776116534047346, 0.9229886223822354, 0.330262222154758, 0.18685942098043998,0.06405017065706932]
[0.46699234406812157, 0.10638252608947504, 0.1321580009786367, 0.8912269093522092, 0.38486839424916636, 0.2220416784484792,0.09104069522120273]
[0.49528624733000715, 0.12693518247995708, 0.18088108270740555, 0.8553192652974612, 0.4335642800998106, 0.2560478106969623,0.12202658755302945]
[0.5183823067914285, 0.14702992225559694, 0.23362743881073503, 0.8160216311545911, 0.47565247314835607, 0.28870132288047395,0.15657256606033376]
[0.5359797443672089, 0.16610457411225116, 0.2900503523633703, 0.7741618312416374, 0.5105576761442183, 0.31983441515334143,0.1941913109856632]
[0.5478025153458402, 0.18355404425879984, 0.3497431146847998, 0.7306223454633789, 0.5378368584510365, 0.34928901540912577,0.23434949480558914]
[0.5536122735324547, 0.19873250336707313, 0.4122235737199504, 0.6863219326550932, 0.5571868099497845, 0.37691773319899496,0.2764743857479246]
[0.5532254825573097, 0.2109597097098254, 0.47692082922801027, 0.6421964830703862, 0.5684489496868081, 0.4025847277669506,0.31996094402411474]
[0.5465334163350725, 0.21953230238017118, 0.5431653510373662, 0.5991794935328378, 0.571611303344221, 0.42616648404094476,0.36417932437060824]
[0.533523443620781, 0.22374051796219002, 0.6101836472530031, 0.558182566112782, 0.5668076211798228, 0.44755249137756115,0.40848269354032457]
[0.5142997573329986, 0.22289033502288913, 0.6770983930884303, 0.520076330217072, 0.5543136660955967, 0.4666458208621748,0.4522152675435341]
[0.48910160830582944, 0.21633056526157154, 0.7429346583292878, 0.4856721787234567, 0.5345407587419629, 0.4833635980038792,0.49472047075325515]
[0.4583171458004667, 0.2034839235944636, 0.8066325556968119, 0.4557051914583845, 0.5080267218613862, 0.4976373687221275,0.5353491174962083]
[0.4316466278292389, 0.21772414042348384, 0.8452781078873783, 0.45344576541957704, 0.48506421179392384, 0.5387958793336749,0.5184579526565738]
[0.4033086808706601, 0.22713398474242238, 0.8817028017132803, 0.4527700401892012, 0.4612970703593196, 0.5791227847572272,0.4968109336156087]
[0.37417228366622823, 0.23154444382237077, 0.9156246091997563, 0.4536659164788575, 0.43687886414134397, 0.618091285957238,0.4704117946179664]
[0.34512491316977145, 0.23094479910193322, 0.9467789611252744, 0.45610853139469304, 0.4119644577240363, 0.6551680717223888,0.4393234468551437]
[0.317044067503706, 0.2254843986688118, 0.974921926888316, 0.46006028927577275, 0.3867089236392102, 0.6898201337741788,0.40366932215499135]
[0.30607902764829986, 0.25273398795923, 0.9735067510003192, 0.4747904529750044, 0.3852978060878129, 0.7165798700119054,0.33560827802876025]
[0.2925497775531879, 0.2799329669162164, 0.9714956816890261, 0.4890539108722439, 0.3841146385070179, 0.7366729006945685,0.26569767429813373]
[0.2763631410886641, 0.30681731210367535, 0.9689113350848715, 0.5028410791674899, 0.3831678081629202, 0.7499768942360776,0.1945968602041294]
[0.25745542758335827, 0.3331031772760853, 0.9657767765775885, 0.516142921692962, 0.38246533087022877, 0.7564354922897214,0.12297195238340576]
[0.2357956268170827, 0.358490412506399, 0.9621154016104195, 0.5289509553576484, 0.382014836397676, 0.7560584746899223,0.05148916825737808]
[0.21138816288492235, 0.3826665498075404, 0.9579508179367585, -0.5412572548442681, -0.3818235543909083, -0.7489212454724862,0.01919180738441399]
[0.18427514188325494, 0.40531119799269, 0.9533067299197765, -0.5530544565577298, -0.3818983008352338, -0.7351636482375628,0.08842435304164224]
[0.15453803598708546, 0.4261007806631563, 0.9482068254408726, -0.5643357618252061, -0.38224546507990326, -0.7149881262823213,0.15558127016549425]
[0.12229875529672395, 0.4447135433888303, 0.942674665965302, -0.5750949393489933, -0.38287099744485875, -0.6886572499080221,0.22006090565994957]
[0.08772006868852039, 0.46083474951365366, 0.9367335802931288, -0.58532632691435, -0.3837803974301019, -0.6564906400219211,0.28129297384214413]
[0.05100534564613248, 0.4741619787161547, 0.9304065625008601, -0.5950248323555442, -0.3849787025470422, -0.6188613235345236,0.3387440179524221]
[0.012397602494391813, 0.4844104385993212, 0.9237161745538538, -0.6041859337843396, -0.3864704777903377, -0.5761915620271526,0.39192245541990095]
[-0.027822151589144556, 0.49131819726646214, 0.9166844540419863, -0.6128056790861803, -0.3882598057678871, -0.5289482006682664,0.44038315580254883]
[-0.06933726115754285, 0.49465124412494804, 0.9093328274612613, -0.6208806846902973, -0.39035027750573986, -0.47763758932948486,0.48373150557847533]
[-0.11179844370981967, 0.49420828708418924, 0.9016820294322119, -0.6284081336209668, -0.39274498394376733, -0.4228001322398745,0.5216269197079153]
