[0.20712619282084355, -9.227507935686489e-05, -0.059984549521603106, 0.9999999710569768, -0.00024024543174447133, 1.2439702375378977e-05,3.6650204487724387e-06]
[0.2668165871533995, -0.0009697723072497823, -0.036578012307460106, -0.9982130605787598, -0.006447308863220003, -0.059403386991980424,0.0005962485125508329]
[0.3230495092049919, 0.00030100360214976515, -0.005826087766425264, -0.9928656399352872, -0.01297872887186605, -0.11850581506529455,0.00239696234298557]
[0.37493132189580175, 0.0034956943128890586, 0.0316815008189722, -0.9840027243518221, -0.019199922869901385, -0.17703344699008125,0.005400007110382724]
[0.4216794309625883, 0.008329510987481373, 0.07526180826723988, -0.9716983531169509, -0.02496446991105606, -0.23470573017213608,0.009607602002066465]
[0.46263478804403546, 0.014468930985720486, 0.12415678358507548, -0.9560539637223107, -0.030137200497425503, -0.2912505864981877,0.015022099104278246]
[0.4972702681047272, 0.021544281435799194, 0.17755240568923025, -0.9371961765235639, -0.03459746192866286, -0.3464070244251321,0.02164522503079758]
[0.5251948178430984, 0.02916266544962043, 0.2345981895541664, -0.9152740504454342, -0.038241976606100354, -0.39992757102538334,0.029477139281223967]
[0.5461534432048905, 0.03692069622679422, 0.29442641387405327, -0.8904558847482918, -0.04098721275716547, -0.4515804853862666,0.03851533364570391]
[0.5600232697522387, 0.04441654012827488, 0.3561704473026859, -0.8629256543513936, -0.04277120047111264, -0.501151718874531,0.048753401333469885]
[0.5668060617743703, 0.05126082995812721, 0.41898160102729054, -0.8328791763290602, -0.04355474124411874, -0.5484465925370111,0.06017970826720806]
[0.566617717657993, 0.057086090824554986, 0.4820440088312129, -0.800520112682754, -0.04332197601475109, -0.5932911672246223,0.07277600207358031]
[0.559675364136038, 0.06155441857465797, 0.5445871289176493, -0.7660559191346688, -0.042080294484258575, -0.6355332877980526,0.08651599664486342]
[0.5462827458613109, 0.06436325951647726, 0.6058955707513058, -0.7296938513517971, -0.03985958688597201, -0.6750432888896378,0.10136397169469215]
[0.5268146460935411, 0.0652492539313542, 0.6653160704682576, -0.6916371386361245, -0.036710857803870706, -0.7117143560403192,0.11727342744480745]
[0.5017010776257164, 0.0639902184014764, 0.7222615649253846, -0.6520814307288894, -0.03270423964780982, -0.7454625424820032,0.13418583443825716]
[0.47141195066768193, 0.06040544692053243, 0.7762124418173177, -0.6112116160764579, -0.02792646048679753, -0.7762264482705965,0.15202951747308635]
[0.43644285828301305, 0.05435460217833159, 0.8267151660040496, -0.5691990998709876, -0.022477836658397737, -0.8039665747700603,0.1707187108014629]
[0.416587778341969, 0.13939070488865077, 0.842950564864101, -0.5539133770815322, -0.08521878247671037, -0.7885338055696298,0.2532432966086115]
[0.37996738064920654, 0.21852040118364138, 0.8589169094107838, -0.5317308914001638, -0.1455067143526935, -0.7646323585133549,0.3338074467763948]
[0.3281853859521934, 0.2884292379959046, 0.8745797499544596, -0.5029761777604729, -0.2025806664948459, -0.7325376718758488,0.4115393024374232]
[0.2634981351905246, 0.3462163198339925, 0.8899048855582554, -0.46805820455221947, -0.25572034110669095, -0.692615411107692,0.48560530947648595]
[0.188711442153211, 0.38952154495289204, 0.9048584761712274, -0.4274653410134569, -0.30425552710045656, -0.6453163094872,0.5552196116591102]
[0.10705303627845862, 0.4166277167675104, 0.9194071540028302, -0.3817592694690468, -0.3475748951698702, -0.5911700253323174,0.61965276854921]
[0.02202660612328948, 0.42653295909971, 0.9335181337237901, -0.3315679200706087, -0.3851340506789148, -0.5307781022407906,0.6782396947756499]
[-0.06274572032437734, 0.41899028090918156, 0.947159321082215, -0.2775775190294696, -0.4164627355343469, -0.46480612973891794,0.7303867281090353]
