[0.20711353535974572, -8.997597076992543e-05, -0.05999744531807551, 0.9999999751820121, -0.00022250549072125257, -1.0671337709330742e-05,3.661232615460702e-06]
[0.2470601157891099, -0.007285248178489452, -0.041531228053351854, -0.998226660487426, 0.0528387842591859, -0.027406116416883685,0.0007084864690739127]
[0.28472358938462033, -0.016591064127156278, -0.018377601494125317, -0.9929420426057987, 0.10517002000381527, -0.054747362757944215,0.002844853119546114]
[0.3194851295119294, -0.02777685980506995, 0.009217042447748708, -0.9841832868336049, 0.15693479612304836, -0.08193790739839926,0.006395859159725913]
[0.35077375801785765, -0.04055199160773371, 0.04094440953311071, -0.9720117932383326, 0.20785659727327715, -0.10890355686857892,0.011345663354261409]
[0.3780771534653804, -0.05457221833864252, 0.07643837662176933, -0.9565125151969198, 0.2576661646551973, -0.13557154972016647,0.01767231648697498]
[0.40095131519825417, -0.06944748014662529, 0.11527986498783221, -0.9377930231686112, 0.30610374831278836, -0.16187100179085756,0.0253479731805571]
[0.4190288873068328, -0.0847508041802429, 0.1570024468200544, -0.9159823302228645, 0.35292122552763433, -0.18773332540714976,0.03433915874242516]
[0.43202597419233074, -0.10002814157903617, 0.2010986082340494, -0.8912294999108544, 0.39788405713128505, -0.21309261682742645,0.04460708713911369]
[0.4397473105302363, -0.1148089194396498, 0.2470265831743818, -0.8637020606779574, 0.44077305686032925, -0.2378860067454341,0.056108025463051325]
[0.4420896823740629, -0.12861707504002615, 0.2942176647697643, -0.8335842540851056, 0.48138595266609424, -0.2620539692771242,0.06879369958971082]
[0.4390435322199061, -0.1409823282302535, 0.3420838941245392, -0.8010751465725512, 0.519538723075478, -0.2855405855320162,0.08261173514036049]
[0.43069271832819356, -0.15145144175569258, 0.3900260212710457, -0.7663866363081019, 0.555066696184324, -0.3082937586128959,0.09750612737518854]
[0.4465892276558538, -0.1064673909453965, 0.42445636652942687, -0.793102039290555, 0.5015251303167444, -0.33036935503150094,0.1015765139685646]
[0.45562216435263075, -0.06020242032585139, 0.45948674063080475, -0.8139060991672827, 0.4483429857823394, -0.35332051355578875,0.1082129545791466]
[0.4576976591969253, -0.01388215820990219, 0.4950273836008329, -0.8289752743626968, 0.3961768459154769, -0.37681031864682557,0.11771951841998955]
[0.45293435046528396, 0.03125767423545365, 0.5309677378079706, -0.8385609577775626, 0.34564862541596375, -0.40043866594545213,0.13035115133767927]
[0.4416692662901978, 0.07400539209937125, 0.5671740472286012, -0.842984187327729, 0.29733701412828795, -0.4237498790385031,0.14630242636243956]
[0.4244588757304495, 0.11321087044448906, 0.6034876201327222, -0.8426293809107273, 0.2517696752828988, -0.44624218936488635,0.16569751194505417]
[0.40207379417375116, 0.14782591087639932, 0.6397238343130862, -0.8379371994915774, 0.20941630891819166, -0.4673788816501109,0.18858165407797464]
[0.3754856702598357, 0.17694632343926964, 0.6756719449953303, -0.8293966544884607, 0.1706826772362437, -0.4866008614080165,0.2149144362107719]
[0.3458450209746394, 0.19985402361817034, 0.7110957348164448, -0.8175365862723346, 0.13590567328228997, -0.503340360483646,0.24456504162299758]
[0.31444921583571406, 0.21605693809005924, 0.7457350232565692, -0.8029166492173604, 0.1053494978217447, -0.5170354623712414,0.2773096975744439]
[0.28270041772911736, 0.2253241343817372, 0.7793080302004247, -0.786117945228449, 0.0792029918804434, -0.5271451020253415,0.31283143013079795]
[0.25205402643269137, 0.22771339182217248, 0.8115145654553784, -0.767733451939274, 0.05757815438758182, -0.5331641758270508,0.3507222042092408]
[0.22404561775755755, 0.2589997615907115, 0.8251257025793672, -0.756371144142673, -0.003832028951499777, -0.5382426667354627,0.3717295247460399]
[0.191283494313903, 0.2868972622260555, 0.8388459898176406, -0.7394521408538413, -0.06326975753769973, -0.5420900636822095,0.39413935609732]
[0.15418222285258693, 0.3105890068127463, 0.8526240141494318, -0.717233215119946, -0.12018357789209398, -0.5445562416454588,0.41784078596845164]
[0.11330575425342633, 0.3293116125081618, 0.866408403488187, -0.690029131646112, -0.1740538420350372, -0.5455032015159152,0.442709063255364]
[0.06935960515831766, 0.34238336121096813, 0.8801481152018936, -0.658208722513288, -0.22439900513936414, -0.5448062722243274,0.46860696734568663]
[0.023177649740461076, 0.3492309750696591, 0.8937927195070673, -0.6221902678347401, -0.2707814370108401, -0.5423551606072644,0.49538627730766555]
[-0.024296182001966024, 0.3494139681926208, 0.9072926760983583, -0.5824362417854954, -0.3128126701378597, -0.5380548411318613,0.5228893244182543]
[-0.07203080276182065, 0.3426456070333375, 0.9205996024284088, -0.5394474930424031, -0.35015801457567985, -0.53182627936183,0.5509506109070371]
[-0.1189347840897872, 0.3288096214598139, 0.9336665321144785, -0.49375693633927253, -0.3825404784104872, -0.5236069848448494,0.5793984774022254]
