[0.2071486949634972, -4.91561759870023e-05, -0.05997762463122874, 0.9999999923785114, -0.00012326512080853102, 5.930099003561198e-06,3.6771406961635825e-06]
[0.24266367837772612, -0.01824004560153204, -0.04375592696224914, -0.9986923907079872, 0.044381407093314354, -0.025362366053473733,0.0007415082955440983]
[0.2751443410118737, -0.03936703769837821, -0.02381115411426879, -0.9948033550214608, 0.08808380083102584, -0.050979606376363715,0.0029340420782790434]
[0.30419221883353, -0.06295865461882119, -0.00029758728847009697, -0.9883999462032932, 0.13068386376633304, -0.07710647309388234,0.006470386654021375]
[0.3294778579953676, -0.08849298042699666, 0.02663008756928642, -0.979592520647091, 0.1716502320735819, -0.10396957638467628,0.011181167548844101]
[0.3507387931311978, -0.1154047896279953, 0.0568151077048831, -0.9685327853706758, 0.21047407912001423, -0.13176291508707907,0.016835673091920963]
[0.3677782161135229, -0.14309066148085275, 0.09009472258705617, -0.9554111207281606, 0.24667610483869887, -0.1606382875216181,0.02314800796374603]
[0.4121070750931004, -0.1320194384744656, 0.1229841820259023, -0.9573352374574485, 0.21809530503089716, -0.18603764480357265,0.03651952575966278]
[0.4539911493389341, -0.11521631581118506, 0.15816080012423708, -0.9577914292956019, 0.18783782934475426, -0.21125645485931402,0.0521846540202578]
[0.4926694270657605, -0.09301471377772022, 0.19547002759254456, -0.9565830395965895, 0.15583539609306818, -0.2361534759127043,0.06996966124695846]
[0.5274135319805068, -0.06584235266087227, 0.2347388460729545, -0.9534946660748874, 0.12205258676398585, -0.26059266508647155,0.08968026948046565]
[0.5575400238532533, -0.03421856876485734, 0.27577276783680904, -0.9482967981998172, 0.08649013197732476, -0.284444559117594,0.11110325100067142]
[0.5824233069852243, 0.00124997046972454, 0.3183530637414638, -0.9407509106617343, 0.04918754000229737, -0.307587570076876,0.13400819650992704]
[0.6015089072417453, 0.0398754325635161, 0.362234395082347, -0.9306149229661884, 0.010225008682347046, -0.32990918293653815,0.15814943997443492]
[0.6143267845753055, 0.08089710576821253, 0.4071430171944665, -0.9176489279425081, -0.030275426251843263, -0.3513070428876081,0.183268123875374]
[0.6205042636333825, 0.12349197607984833, 0.45277570866990435, -0.9016210862968519, -0.07214954050133449, -0.37168992148486296,0.20909438733956454]
[0.6197780964332305, 0.1667876775687058, 0.49879956022932387, -0.8823135803960226, -0.11519138852015268, -0.39097855197929876,0.23534965849076922]
[0.6120051238391688, 0.2098777898869168, 0.5448527321711735, -0.8595285183090456, -0.1591545951313225, -0.4091063255738249,0.261749031397492]
[0.5971709813445611, 0.25183933510171763, 0.5905462596515922, -0.8330936788014842, -0.20375446345578, -0.426019841793491,0.28800370720028245]
[0.5753963027938744, 0.29175219705897487, 0.6354669517037058, -0.8028679894859734, -0.248670876935639, -0.4416793076826076,0.313823478388447]
[0.5469399150091078, 0.32872005731818565, 0.679181393897266, -0.7687466336647989, -0.2935519592694032, -0.4560587821126681,0.33891923476846875]
[0.5121985869625193, 0.3618923197002927, 0.7212410269760529, -0.7306656865101977, -0.33801844261659997, -0.46914626309146107,0.3630054694284205]
[0.47170299757587186, 0.3904863880157806, 0.7611882358632379, -0.6886061880400592, -0.3816686816965766, -0.48094361758940873,0.3858027629566036]
[0.42610971312307433, 0.4138095755308352, 0.7985633462953042, -0.6425975687576395, -0.4240842396133621, -0.4914663550279732,0.407040224319226]
[0.376189113670574, 0.4312798663076725, 0.8329123912271958, -0.5927203537043346, -0.4648359605835995, -0.5007432471909179,0.4264578671400336]
[0.3228093717219852, 0.44244472267408036, 0.863795477195597, -0.5391080818707825, -0.503490435407872, -0.5088157989064128,0.44380890065165063]
[0.2669167578501669, 0.44699714321418993, 0.8907955531049924, -0.4819483902480779, -0.5396167576669332, -0.5157375753908692,0.45886191529943005]
[0.20951271945721242, 0.444788223595278, 0.9135273613713732, -0.4214832250830954, -0.572793462379773, -0.5215733936287408,0.47140294386771014]
[0.1516283414003733, 0.4358355581606652, 0.9316463348374387, -0.35800815691928256, -0.6026155343409316, -0.5263983865718417,0.4812373800577158]
[0.09429694262980476, 0.4203269415130485, 0.9448571930082115, -0.29187079053352233, -0.6287013706435534, -0.5302969502630505,0.4881917376666289]
[0.03852568327583257, 0.39861898239053617, 0.9529219884041147, -0.22346827568848804, -0.6506995810470385, -0.5333615852096478,0.4921152348877999]
