[0.20705401622196484, -5.962258027033036e-05, -0.06001883727869846, 0.9999999746009373, -0.0002059021139386443, -9.159194520733398e-05,3.6551805605739076e-06]
[0.249922961795666, 0.0074190838086458395, -0.043959882602747274, 0.999532936237385, 0.0015753434553530436, 0.030497716621359035,0.0011475846603976696]
[0.290943939363512, 0.014265265397242306, -0.023759528366653127, 0.9980966064464178, 0.002916342655564142, 0.06143506886037662,0.004515690399150006]
[0.3299441521557259, 0.02038843770977672, 0.000412779865091667, 0.9956053630777683, 0.003388656879635504, 0.09305329469509573,0.009978094092824859]
[0.36675898300290305, 0.025710897330202175, 0.028419733885286347, 0.9919192095008681, 0.002585689886018372, 0.12565637967863227,0.017322536680468008]
[0.40121541857487564, 0.030167189332348406, 0.06015248749549623, 0.9868476054868899, 0.0001330051180320084, 0.1595060323511168,0.026260455023382537]
[0.4331172359894889, 0.03370230847259327, 0.09552271643935834, 0.980154712031636, -0.0043020523002170715, 0.19480940366417454,0.036435272363411715]
[0.4622329963283513, 0.036268858465507384, 0.13445094301578595, 0.9715659361442557, -0.011001638146356256, 0.2317082979592377,0.04743269272417848]
[0.48828773041445783, 0.03782347685954776, 0.17685186861681915, 0.9607756331133201, -0.020189786952182237, 0.27027017824901856,0.05879273822308521]
[0.5109589956317411, 0.03832289586649065, 0.22261763438717277, 0.9474557981580704, -0.032026053323164466, 0.3104812242922825,0.07002322334169832]
[0.5298777390043258, 0.03772004780314164, 0.27160006154062377, 0.9312655572044538, -0.046600558947842464, 0.35224165122093143,0.0806143226454148]
[0.5446341334587286, 0.035960634831926096, 0.32359300200124685, 0.9118612482501137, -0.0639305585863799, 0.39536344047994354,0.09005385916461561]
[0.5547882746701583, 0.03298056528790617, 0.37831595281280117, 0.8889068707792898, -0.08395860701519431, 0.4395705749059212,0.09784292036891298]
[0.5598853492372511, 0.028704613577852416, 0.43540005266171383, 0.8620846712518483, -0.1065523758420595, 0.48450180732526366,0.10351139789201254]
[0.5594746251286399, 0.02304658961817454, 0.4943774870868057, 0.831105628023326, -0.13150613495771782, 0.5297159285866657,0.10663304618176468]
[0.5531313856025597, 0.015911210784934557, 0.5546751843681943, 0.795719599262468, -0.15854387884269325, 0.5746994379704161,0.10683966411206511]
[0.5404807398848482, 0.007197759486116978, 0.6156134930625995, 0.755724902529212, -0.18732404369745836, 0.6188764579462047,0.10383402212187418]
[0.5212221075556354, -0.003194511068344938, 0.6764103032602445, 0.7109771045713213, -0.21744572810124074, 0.6616206777457673,0.09740118523474729]
[0.49515309610163416, -0.015359384573321672, 0.7361908172845321, 0.6613968144075848, -0.248456298301824, 0.7022690575626741,0.08741791873345027]
[0.46219147684723105, -0.029375385117181192, 0.7940029035009311, 0.6069762916124046, -0.2798602299359631, 0.740136978664544,0.07385990748683618]
[0.422394014817559, -0.045296568461166725, 0.848837691728982, 0.5477847045361854, -0.3111290115730178, 0.7745344854379945,0.056806570932440945]
[0.37597102119847936, -0.06314288502373615, 0.8996548032922502, 0.4839718995431408, -0.3417119125020233, 0.8047832343515862,0.03644331232769539]
[0.3722804344457705, -0.02714928173438657, 0.9187014488863819, -0.4651416044371882, 0.30791783398773803, -0.829950744703538,0.003414190964389747]
[0.3651122074468004, 0.009358079887671802, 0.9359942489607768, -0.4464315711218128, 0.2731077068737937, -0.8508929280599223,0.04574120384795154]
[0.3544875676972303, 0.045842712340716234, 0.95140929013707, -0.42792002419006087, 0.2374614448705564, -0.8674145027925461,0.08993661902876882]
[0.34051373738678437, 0.08178062835329923, 0.9648588447721261, -0.4096830854932491, 0.20116253885899946, -0.8794103213004274,0.13539161425587581]
[0.323378498616928, 0.11667548751870954, 0.9762921648888336, -0.3917943561028289, 0.164397195880844, -0.8868638034305132,0.18150299908610185]
[0.30334207121899437, 0.150072129293225, 0.9856955801379675, -0.3743245094877763, 0.12735346724314914, -0.8898434416805624,0.22768597953316216]
[0.2807267343704261, 0.18156802026689625, 0.9930919059272748, -0.3573408981886192, 0.09022036977605873, -0.8884975096741384,0.27338606888807754]
[0.25590470271568916, 0.2108222507160312, 0.9985391807522156, -0.3409071762106367, 0.05318700430572966, -0.8830471427846908,0.3180898983005693]
[0.22928482181439344, 0.23756183491305577, 1.002128764189246, -0.3250829392879989, 0.01644167540888482, -0.8737779926809327,0.36133471103687803]
[0.20129867483223973, 0.2615851956952759, 1.0039828387345153, -0.3099233850879741, -0.019828983499049695, -0.8610306853115288,0.40271635891898544]
[0.17238669211939361, 0.28276284044471856, 1.0042513694709438, -0.29547899533019834, -0.055440875723513826, -0.8451903339100691,0.44189565746073217]
[0.14298482861309264, 0.3010353571228154, 1.003108585226601, -0.281795241690812, -0.09021329353123722, -0.8266753745823098,0.4786029967414139]
[0.11351232297384883, 0.31640896996702716, 1.0007490532719028, -0.2689123172455537, -0.12396975317481504, -0.8059260016789155,0.5126411471480213]
[0.08436098019222588, 0.32894899017469303, 0.9973834265432069, -0.2568648950801825, -0.15653880889284089, -0.7833924833460357,0.5438862418031816]
[0.05588633014008664, 0.33877157350871834, 0.9932339477557155, -0.24568191556154817, -0.1877548421825906, -0.7595236344162881,0.5722869598078151]
[0.02840091290568148, 0.3460342514050299, 0.988529798489783, -0.23538640361884777, -0.21745882276481263, -0.734755714330718,0.5978619754186444]
[0.002169832890583707, 0.35092573310048253, 0.9835023833450101, -0.22599531723288707, -0.24549903779908033, -0.7095020023819408,0.6206957770474594]
