[0.20716729368016437, -6.031455156930381e-05, -0.059970769454079975, 0.9999999894387556, -0.00013638833553447375, 5.007181902602871e-05,3.6774968932887213e-06]
[0.2648843987241003, -0.022059062886043243, -0.041278347745184546, 0.9982796248075622, -0.011821958994942258, 0.057292112710659975,0.003955477309278917]
[0.31784010857709905, -0.052522492225675246, -0.016693053801850766, 0.993135436130558, -0.023510417727404993, 0.11349880017945456,0.015725397224682733]
[0.36452795173599695, -0.09053985105953738, 0.013489489861655796, 0.9845912744453352, -0.03520506078268891, 0.16765571509448363,0.035102523806066356]
[0.40362713377536424, -0.13495376749303975, 0.04890654172235176, 0.9726867408705236, -0.04690861371885819, 0.218788082762992,0.06174026995849797]
[0.4340437111249402, -0.18439782197856297, 0.08913355096374054, 0.9574769707456235, -0.05862295145027291, 0.2659795105393612,0.09516354358831704]
[0.4549440727535224, -0.23734089683280044, 0.13369038967910668, 0.9390323331707737, -0.07034882618096418, 0.308389461845444,0.13477855815184864]
[0.46577961951322644, -0.2921367218999938, 0.18204840062904895, 0.9174380476700884, -0.08208560576325909, 0.34526909036406617,0.17988506678695163]
[0.4663018577488618, -0.347076857748856, 0.23363813947129747, 0.8927937201773152, -0.09383102494338968, 0.37597509525046147,0.22969074801007916]
[0.45656747804052394, -0.40044524768874257, 0.2878576785359398, 0.8652128010048223, -0.10558095185915738, 0.39998130293617773,0.2833274234580582]
[0.4369333574865655, -0.4505724315410401, 0.34408132990196594, 0.8348219679036079, -0.11732917204021566, 0.41688773245096283,0.3398687479392592]
[0.40804179016038655, -0.49588754844005734, 0.4016686389150399, 0.8017604377505295, -0.1290671920299556, 0.42642695798306096,0.39834898004751423]
[0.37079660086231614, -0.5349663609289106, 0.4599734954907257, 0.7661792108067818, -0.14078406460027232, 0.4284676433354459,0.4577824185098125]
[0.3263311183786379, -0.5665737033604109, 0.5183532096342867, 0.728240251876406, -0.1524662373676626, 0.4230151866183333,0.5171830758060374]
[0.2759692638295791, -0.5896989865749014, 0.5761773995820858, 0.6881156130530787, -0.1640974264423001, 0.4102094784880122,0.5755841567192352]
[0.22118123685354457, -0.6035836681741951, 0.6328365457770505, 0.6459865030754671, -0.17565851655218825, 0.3903198420107235,0.63205691542751]
[0.16353544911643297, -0.6077399117511122, 0.6877500714216314, 0.6020423086141747, -0.18712748888350944, 0.3637372853155245,0.6857284803870699]
[0.10464845531803783, -0.6019599961281354, 0.7403738204420531, 0.5564795730849071, -0.19847937766731324, 0.3309642581586727,0.7357982612112612]
[0.04613466365015674, -0.5863163831854794, 0.7902068161326647, 0.5095009388214584, -0.2096862563231352, 0.2926021589835358,0.7815525854396588]
[-0.01044242942272736, -0.5611526962097864, 0.8367971982682416, 0.4613140586470107, -0.22071725374362242, 0.24933688875804613,0.8223772547310351]
[-0.06361583826993321, -0.5270661862686401, 0.8797472527740212, 0.4121304830519233, -0.23153860107227262, 0.20192279067315158,0.8577677586384617]
[-0.11205604283425503, -0.48488255929000557, 0.9187174657929469, 0.3621645293196425, -0.24211370909067645, 0.15116534971686427,0.8873369386078862]
[-0.1546060368071639, -0.4356242901750704, 0.9534295528249266, 0.3116321390388705, -0.2524032760937926, 0.09790305240733842,0.9108199539231149]
[-0.19030946566599516, -0.38047375322030685, 0.9836684331522878, 0.2607497304991276, -0.26236542589349093, 0.04298882398290898,0.9280764636348269]
[-0.21843114068267355, -0.3207326434965835, 1.0092831396160868, 0.20973305248800803, -0.2719558753535515, -0.012728532271291424,0.939090002620071]
[-0.23846952321125303, -0.25777924731187657, 1.0301866735732146, 0.15879604599167996, -0.28112813062518366, -0.06842247128782576,0.9439645943421103]
[-0.25016108725219655, -0.1930251398421714, 1.046354834152991, 0.10814972024562651, -0.28983371102261, -0.12330600792692732,0.9429187061326018]
[-0.2534767745454124, -0.1278728455308993, 1.0578240693658394, 0.058001049490637425, -0.2980223992549676, -0.17664779553848728,0.9362767134408985]
[-0.24861104298017825, -0.06367589561062094, 1.0646884138380217, 0.008551896660176887, -0.3056425165153424, -0.22778662324898674,0.9244580960922496]
[-0.23596426481183355, -0.0017025631561882679, 1.0670955936257251, -0.0400020299397005, -0.31264122072169304, -0.2761440125100266,0.9079646408650589]
[-0.21611944654708332, 0.0568956424328874, 1.0652423924040466, -0.0874721810967742, -0.31896482600927284, -0.3212346394002321,0.8873659694581773]
[-0.18981440990243206, 0.11110987290823195, 1.0593693850772177, -0.133678126678251, -0.324559141391308, -0.3626743613447067,0.8632837481444555]
[-0.1579106877288735, 0.16009363906615784, 1.0497551543068757, -0.17844846577478782, -0.32936982633551726, -0.40018568408850436,0.8363749642432823]
[-0.12136044745173864, 0.2031759867113014, 1.0367101124459384, -0.22162168193950943, -0.333342760849793, -0.4336005656000188,0.807314674333797]
[-0.08117275712304965, 0.23986809784185853, 1.020570055789851, -0.2630469387850347, -0.33642442753218965, -0.4628605166697209,0.7767786394229055]
[-0.03838045779887832, 0.2698635225790429, 1.001689579862031, -0.30258481155511374, -0.3385623029193169, -0.488014021840343,0.7454262628492094]
[0.005991194906204419, 0.29303248405018945, 0.980435483638602, -0.3401079506661669, -0.3397052553642631, -0.5092113674698883,0.7138842375420595]
[0.05095310109447387, 0.3094109042060808, 0.9571802872457207, -0.3755016736154927, -0.3398039465911087, -0.5266970247186018,0.6827312905863068]
