[0.20713258999670234, -9.425289607963238e-05, -0.05998038037020262, 0.9999999609990564, -0.0002774537884905988, 3.174579523671404e-05,3.672286914386202e-06]
[0.3029558046895275, 0.018853881158715384, -0.026551305386394997, -0.9962917189705381, 0.0058731361616901874, -0.08563948327830381,0.005847724872281753]
[0.3901455420410862, 0.04896227907832891, 0.022283444878320957, -0.9852034706342216, 0.011345781857615526, -0.16942049310380944,0.023282852075856935]
[0.4653928838758373, 0.0883294944266504, 0.0852112819960032, -0.966818667951918, 0.01657587006368665, -0.24958988471329516,0.05188249492955303]
[0.5259368684935473, 0.1344573006978048, 0.16054118703190842, -0.9412756544416282, 0.0214468233115303, -0.3244482429167975,0.09095885769693807]
[0.5696948519466368, 0.1843853209821143, 0.24624966337576004, -0.9087666099717047, 0.025846433562076894, -0.392421847474072,0.13957185997790972]
[0.5953586265298696, 0.23485053136370665, 0.34003567699690634, -0.8695360851166644, 0.029668243185581707, -0.4520999165903881,0.19655141171009305]
[0.6024514779232686, 0.2824633153948082, 0.43938307993959336, -0.8238791363891687, 0.03281286651320421, -0.5022679924180901,0.2605251392977766]
[0.5913433757076025, 0.3238908874016119, 0.5416288093815724, -0.7721390767419131, 0.0351892382052167, -0.5419366779322361,0.32995090664287424]
[0.5632236475878909, 0.356038520012249, 0.6440349981804954, -0.7147048587000457, 0.036715775381411825, -0.5703650445338198,0.4031533613435755]
[0.5200326737311632, 0.37621912565580345, 0.7438630277990355, -0.652008110316149, 0.03732144128542673, -0.587078155826498,0.4783636410239614]
[0.46435624080636434, 0.38230234649718153, 0.8384475036760599, -0.5845198468136897, 0.03694669919892456, -0.5918782922306804,0.5537612999165785]
[0.3992881067086287, 0.37283537047587173, 0.9252681378381066, -0.5127468832803525, 0.035544346375212456, -0.5848496101500517,0.6275174632106877]
[0.328267947772956, 0.34712915712160036, 1.0020175836237915, -0.4372279760703958, 0.03308021891527792, -0.5663561247652933,0.6978381875469003]
[0.3038848660429729, 0.3619588851408562, 1.0091961257457513, -0.44294588627409215, 0.006582948966815702, -0.5654531740171821,0.6957142478127453]
[0.2730535167411575, 0.3828722409620001, 1.0138991365638257, -0.4534736810238344, -0.03250813516962439, -0.565499566108001,0.68812432197834]
[0.24027323137723852, 0.4010102810419283, 1.018149769141772, -0.46028005232349567, -0.07397700304550116, -0.5651203992613869,0.6806677682923857]
[0.20580154217839927, 0.4161588283613076, 1.0219461356372526, -0.46296543602640183, -0.11745605712663104, -0.5643482515808612,0.6733335953498644]
[0.17497122624047465, 0.4349081725123485, 1.0179719481231262, -0.4684957077940534, -0.16647083974946186, -0.5650511497643418,0.658419645394678]
[0.14190897099557476, 0.45101178746024306, 1.0135076529566185, -0.4682710194309757, -0.2178456113703479, -0.564963809938647,0.6434915970137939]
[0.10686608938007462, 0.46417742822836994, 1.0085750552462807, -0.46186162465147007, -0.2708693796643364, -0.5641086952446616,0.6285658269297879]
[0.07013524194519076, 0.4741379991228657, 1.0031962174845055, -0.44892813484093513, -0.3247658569116595, -0.5625087276875753,0.6136567437973615]
[0.03204781487245789, 0.4806577123371013, 0.9973933264598219, -0.42923081583665423, -0.3787051862626455, -0.560187116163455,0.5987768227966471]
[-0.007029646904922569, 0.4835379633020878, 0.9911885700059052, -0.4026373330647589, -0.43181695977838, -0.5571671889714535,0.5839366530745475]
[-0.04669991967166412, 0.4826227748986575, 0.9846040249039263, -0.3691287669419229, -0.4832043189154025, -0.5534722317514528,0.5691449975862952]
