[0.20713276369911263, -5.9890650719210264e-05, -0.059995359999226866, 0.9999999848947447, -0.000172311677221192, -2.248866218953462e-05,3.6683376320198373e-06]
[0.2541525852003861, -0.0020113795110496702, -0.04290696425976484, 0.9983257599610635, 0.049166903335409476, 0.030317699927963807,0.00302153696813766]
[0.2992649774273332, -0.0065969063525619185, -0.020900012553492664, 0.9933145757327491, 0.09791941323782472, 0.05994827299554246,0.012006111480449323]
[0.34193823286762753, -0.013709822070876395, 0.005821708679902476, 0.9850555942139174, 0.14550779679286263, 0.08817650585815849,0.026792931810448575]
[0.38166357688364827, -0.023202992539585545, 0.037030183727149224, 0.9736955800057219, 0.1913726702459249, 0.1143410591812789,0.04711200213925201]
[0.41795445297728884, -0.0348902778072282, 0.07247327936922265, 0.959436148109188, 0.23498131979527248, 0.13782677261693382,0.07259364847337912]
[0.45034631510708284, -0.04854794092980372, 0.11187338240752162, 0.9425299800751158, 0.27583588135581816, 0.15807842170318165,0.10277653335315574]
[0.47839732949212865, -0.06391610128465282, 0.15492478530757797, 0.9232760761111168, 0.313480928963081, 0.17461312900348436,0.13711764888925057]
[0.5016903127988778, -0.08070039282238478, 0.2012901366627295, 0.9020141280312248, 0.34751034336073244, 0.18703115051703864,0.17500406516892125]
[0.5198361355515961, -0.09857401957604811, 0.250596350874056, 0.879118113728818, 0.3775733447275812, 0.1950247946826467,0.2157661718715517]
[0.5324787044586894, -0.11718041605719741, 0.3024304284536198, 0.8549892278927865, 0.4033795879143031, 0.19838527302572373,0.25869211756041777]
[0.5393015114774641, -0.13613671712946457, 0.35633567159068147, 0.8300482757241728, 0.42470323472864113, 0.19700732773568388,0.30304312431863784]
[0.5400356078477272, -0.15503821989130967, 0.4118087870632766, 0.8047276662346288, 0.44138593545184135, 0.1908915311839968,0.3480693357710506]
[0.5621603422402943, -0.1265599994198754, 0.4567537540035218, 0.7860031990736976, 0.4244370624897339, 0.25417853777969546,0.3707363240406516]
[0.5785755039448904, -0.09424707591116793, 0.5026438968390069, 0.7637225643007454, 0.4081165595119582, 0.31968876905002575,0.384665841443318]
[0.5888053876914539, -0.05881688853020897, 0.5488961760251115, 0.7380659517459893, 0.3927189144858867, 0.3861984581150285,0.38971945810786623]
[0.5925169660560617, -0.02105717059103305, 0.5949273398121728, 0.709246253856648, 0.37852438893679774, 0.45249025188539027,0.385929540614646]
[0.5895276558074868, 0.018197663875368912, 0.6401646960436246, 0.6775071662429597, 0.3657958802698714, 0.5173770189072895,0.37349489149602977]
[0.5798085236132016, 0.058090915264993194, 0.6840565284025151, 0.6431209626418208, 0.3547759810488819, 0.5797245822844553,0.3527730706510564]
[0.5634829354554121, 0.09776795636536117, 0.7260819345345063, 0.6063859675534735, 0.34568426783293743, 0.6384729152706418,0.32426961281139505]
[0.5408208078604595, 0.13639975859164255, 0.7657598788899966, 0.567623753134624, 0.33871484959100423, 0.6926553760485498,0.2886244195749025]
[0.5122287634082708, 0.17320484422457136, 0.8026572732763494, 0.5271760899649426, 0.3340342027963488, 0.7414156060745112,0.24659566216916345]
[0.47823662284960033, 0.2074689999905525, 0.8363959224760047, 0.4854016840091397, 0.3317793170824198, 0.7840217720421873,0.19904158078462778]
[0.43948077706107214, 0.2385621867441275, 0.8666582002498487, 0.4426727344434239, 0.3320561718544066, 0.8198778937037426,0.14690060697523843]
[0.3966850703733242, 0.26595219695964395, 0.8931913519055831, 0.3993713489768938, 0.33493856053616095, 0.8485320670444996,0.09117026642239162]
[0.35063988982333155, 0.2892147413507356, 0.9158103525991149, 0.35588585485338037, 0.3404672752322508, 0.8696814630916592,0.03288533968133899]
[0.3021801909488196, 0.30803978297449264, 0.9343992848372309, -0.3126070448501366, -0.3486496605436559, -0.8831740553331099,0.026904231996612602]
[0.25216319927910763, 0.32223407624088635, 0.9489112334192235, -0.2699243982839973, -0.35945954113861533, -0.8890071016785506,0.08715521017438721]
[0.2014465081801404, 0.33172000399067186, 0.9593667304454256, -0.2282223172855946, -0.37283752349403665, -0.8873224784658608,0.1468522188352272]
[0.1636319520589646, 0.3449846847434528, 0.9537025889061111, -0.2054391182360048, -0.38991163722835054, -0.8687057616951239,0.22608401856392865]
[0.12553197666997806, 0.3542273129819212, 0.9461882722386235, -0.18427772982310253, -0.4087077466511066, -0.8409858307744359,0.3028902912858893]
[0.08767155465237135, 0.3594251540955987, 0.9369382254526234, -0.16489891108583105, -0.4290512500348092, -0.8044998717500166,0.376169284126817]
[0.050569639412153734, 0.36062216380342504, 0.9260847124130857, -0.14744627739075625, -0.45075408468462985, -0.7597191877129956,0.44486751538456504]
[0.014730308406189649, 0.35792776361770184, 0.9137763432678848, -0.13204516598272203, -0.47361636060196616, -0.7072422403263432,0.5079960931039915]
[-0.019365823062293064, 0.3515144398448987, 0.9001764344618773, -0.11880165374779741, -0.4974280882211161, -0.6477857071907841,0.5646460321961099]
