[0.20708178926722523, -5.8434837165911026e-05, -0.05999560061076728, 0.9999999816159767, -0.0001887199032442291, -3.375483599647961e-05,3.6682070589041664e-06]
[0.28120308739072536, 0.013825053221357828, -0.031086325325654918, -0.9982083784682967, -0.015422403151122836, -0.057797079890878934,0.0012962225216845672]
[0.34957515284378665, 0.03352735446072175, 0.009247398966438114, -0.9928343025207308, -0.03068049913366121, -0.11537567650458146,0.005216127125930131]
[0.4102519473949404, 0.05811013595391332, 0.06017977549184267, -0.9839093558196005, -0.04523775863110362, -0.1724452882429384,0.011770611177978027]
[0.4615344213294091, 0.08635506995529377, 0.12065439767168193, -0.9714858272945057, -0.05875738237559981, -0.22874136003575918,0.020982077858708936]
[0.50202778260874, 0.11681246797974745, 0.18940712232371062, -0.9556360625647253, -0.0709188822646517, -0.2839881283013769,0.032878124155765284]
[0.5306881538589883, 0.14785918053802413, 0.26499298803924703, -0.9364515959184544, -0.0814231433059353, -0.3378958027343775,0.04748796405882088]
[0.5468570915636433, 0.17776367177677174, 0.3458166827055198, -0.9140420587379446, -0.08999717212952954, -0.3901584968047005,0.06483803851046463]
[0.5502828322548153, 0.20475594296369523, 0.43016602699608364, -0.8885338823119928, -0.09639846216015738, -0.4404530512890831,0.08494696043338425]
[0.5411275500319996, 0.22709980991143086, 0.5162479043134569, -0.8600688163455752, -0.10041891098686032, -0.4884388682687557,0.10781996767979267]
[0.5199603502851827, 0.2431649405482133, 0.6022260306480176, -0.8288022874879732, -0.10188823183118893, -0.533758842352492,0.13344307655155782]
[0.4877361777790047, 0.2514960332398193, 0.6862599195009487, -0.7949016248044883, -0.10067680820873358, -0.5760414422226943,0.16177714305205518]
[0.4457612743609387, 0.25087656724253254, 0.7665443577794402, -0.7585441812683071, -0.0966979488023221, -0.614903959836723,0.19275204781930413]
[0.3956462725295218, 0.24038468642999788, 0.8413486698019862, -0.7199153820110842, -0.08990950810787171, -0.6499569076883429,0.22626122346491995]
[0.3392484446107969, 0.21943898784466692, 0.9090550106130076, -0.6792067312140706, -0.0803148474564422, -0.6808095074236244,0.26215673966760455]
[0.2786050305143164, 0.18783227776374445, 0.9681948999016766, -0.6366138101252261, -0.0679631204321652, -0.7070761768027386,0.30024515186258804]
[0.2158599257531317, 0.1457517276530798, 1.017483187788343, -0.5923342987395698, -0.05294887636377581, -0.7283838874823337,0.34028430390577696]
[0.15318631037764815, 0.09378430544493352, 1.0558486377923932, -0.5465660531768701, -0.03541098533232961, -0.7443802343042474,0.38198125400287186]
[0.17233353094633128, 0.12748275831310246, 1.0462038291637343, -0.5666128814649235, -0.06970246442805975, -0.7323456479755249,0.37116204129999664]
[0.18561462842128784, 0.16432245082738323, 1.035380915550729, -0.5829403578059487, -0.10636825801231949, -0.7209927125755952,0.35921559172923245]
[0.1926341643557572, 0.20338405279872102, 1.0235351761014442, -0.5952701795162177, -0.1449474047172489, -0.7104711786698427,0.3462287791676896]
[0.1931366025899848, 0.24371406638417853, 1.0108255063344287, -0.6033845858176817, -0.18494678817140378, -0.7009235078427632,0.33230703166815906]
[0.18700548141937584, 0.2843456460399308, 0.9974118114515226, -0.6071299924792919, -0.2258492503122784, -0.6924826951768925,0.3175736217730059]
[0.17425959557197607, 0.3243179143257736, 0.9834524073373008, -0.6064195352320656, -0.26712210340708603, -0.6852701643172505,0.3021687129020951]
[0.15504673599204957, 0.36269337880214486, 0.9691014727490185, -0.6012344800225695, -0.3082258944445431, -0.6793937616140898,0.28624816978578127]
[0.12963557598788827, 0.3985732132648798, 0.9545065952983152, -0.5916244776909814, -0.3486232714250246, -0.6749458749302204,0.26998214372892665]
[0.09840629135384646, 0.43111032467816274, 0.9398064522060561, -0.5777066605451127, -0.3877877995300789, -0.6720017014981948,0.2535534462021072]
[0.06184046141291048, 0.4595202750125253, 0.9251286645019062, -0.5596635982093431, -0.42521257621931535, -0.6706176877293459,0.23715572683123234]
[0.020510721854925085, 0.4830902551877968, 0.9105878603794445, -0.5377401497157899, -0.4604184979628397, -0.6708301621262206,0.22099147426765503]
