[0.2071854950408487, -6.105547940968478e-05, -0.059973947946937875, 0.9999999768367387, -0.00020352018533549085, 6.994682058922298e-05,3.6740997666071485e-06]
[0.292287019568132, 0.008662354493815767, -0.03372026252159849, -0.9973516085925044, -0.015042027412919485, -0.07113672540675305,0.001752868408428642]
[0.3722375445444405, 0.024091337419162306, 0.0034315122671406406, -0.989433537310085, -0.029966171398922, -0.14168364960360294,0.0070033743828976066]
[0.4452163708632795, 0.045418915187530676, 0.05068213950746461, -0.9763154285272467, -0.044251124058054446, -0.2111956838409664,0.015697298054251557]
[0.5096264019675065, 0.07159702707756888, 0.10703951987000382, -0.9581123115552204, -0.057588992971865434, -0.2791669629197219,0.027750912579186028]
[0.5641406609092914, 0.10137904190460456, 0.1713421631243511, -0.934982892471758, -0.06968650826590612, -0.34510527003749103,0.04304804226909029]
[0.6077389413735412, 0.1333691484249618, 0.24228609055315187, -0.9071272366450399, -0.0802694812637986, -0.4085363885721145,0.061441078496630955]
[0.6397334490667993, 0.16607663328801042, 0.31845445264419325, -0.8747838647269949, -0.08908691340469194, -0.469008287385616,0.08275227028269072]
[0.6597827289451879, 0.1979728990501452, 0.3983490865745264, -0.8382263170705491, -0.09591468131681519, -0.5260951009628749,0.10677527813637311]
[0.6678936327686988, 0.22754900930225883, 0.4804232013224213, -0.797759251424643, -0.10055873246150983, -0.5794008676112401,0.1332769773947108]
[0.6644115405456399, 0.2533715749780574, 0.5631143656131816, -0.753714147342574, -0.10285773559556356, -0.6285629912019912,0.161999495107286]
[0.649999489028962, 0.2741349123542969, 0.6448769853923308, -0.7064446978291521, -0.10268514124358763, -0.6732553945108736,0.19266246245408275]
[0.625607262256015, 0.2887076020662552, 0.724213492402763, -0.6563219742065729, -0.0999506192024739, -0.7131913350888507,0.22496546279109567]
[0.5924318469887064, 0.29617184897372106, 0.7997035222381697, -0.6037294538874832, -0.094600852574206, -0.748125857738921,0.2585906537045732]
[0.5518709364368108, 0.2958543712190807, 0.8700304367646636, -0.5490580026317151, -0.08661968068571879, -0.7778578610610276,0.2932055399366443]
[0.5080078137280702, 0.33290525208609745, 0.8956617516440549, -0.53732649559732, -0.11435557624107305, -0.7621166502328319,0.3426094726500757]
[0.4608167344950404, 0.36388014668330826, 0.9199185968047384, -0.5250094000359048, -0.14153365009218485, -0.7434514360038191,0.38937554888485465]
[0.41119005520342555, 0.3884937489560716, 0.9427031221514091, -0.5122002728521817, -0.16803179782485345, -0.7222057656687086,0.4333993856072858]
[0.36003727203543495, 0.4065909631500446, 0.9639348770212025, -0.49899603119831176, -0.19373713140361348, -0.6987155614821642,0.4746213742621552]
[0.3113322870986805, 0.4290682714421179, 0.970008805354669, -0.5002283277405749, -0.22616431152960376, -0.6628291164376341,0.5091943506351128]
[0.26229434928750905, 0.44549312451614675, 0.9743114856595079, -0.5018439428780636, -0.2571655373849783, -0.6255019293738928,0.5392271133090698]
[0.21376180063555902, 0.4560236972938749, 0.976940320985409, -0.5039214252961827, -0.28662732886653075, -0.5872499438511909,0.5648411059059663]
[0.1665122319607972, 0.4609255197793164, 0.9780040283965407, -0.5065345292922198, -0.3144486491875508, -0.5485411060873255,0.5862145277893818]
[0.12124955846678473, 0.4605566699772987, 0.9776187628703413, -0.5097514950773939, -0.3405413109657854, -0.509789441334947,0.6035724929910814]
[0.07859434924453952, 0.45535193916458816, 0.9759042568072015, -0.5136343633528934, -0.3648302943237919, -0.4713508321533812,0.6171766280044951]
[0.039077331541958714, 0.44580661952113, 0.9729800822176795, -0.5182383294425137, -0.3872539758446793, -0.43352054094964254,0.6273143810433895]
