[0.2071368448293966, -8.192371712308594e-05, -0.060000350603349684, 0.9999999683375729, -0.00025138957994683245, -1.0706117310203258e-05,3.6758238532754285e-06]
[0.257486091090697, 0.01101824395670027, -0.036124602588150506, -0.9984167198988502, -0.008534433191296239, -0.05559504488197395,0.0006386400363340848]
[0.30412315836964565, 0.024099122387221835, -0.0058900096426107995, -0.9936648431855822, -0.017201055424838307, -0.1110295367397186,0.0025971293013311277]
[0.3462854781761562, 0.03885122090468575, 0.030218103326911383, -0.9857549362450508, -0.025630646321340253, -0.1661199444608445,0.005868533887828826]
[0.38330011278288245, 0.05490788572762232, 0.07164459750310631, -0.9747048351730304, -0.03370787558468686, -0.22069237434012512,0.010446976691908524]
[0.414591516464985, 0.07185493753734803, 0.11777523342121068, -0.9605397631800288, -0.04132111462195673, -0.27457143488676733,0.016323479429194765]
[0.43968706266576785, 0.08924087081357336, 0.16794738750606175, -0.9432925321855423, -0.04836358621273695, -0.32757991756506016,0.023485311573396624]
[0.4582204330213251, 0.10658734947995414, 0.2214605497786673, -0.9230037906657247, -0.05473444685040027, -0.3795386189081051,0.03191519233864031]
[0.46993301407144583, 0.12339975994194431, 0.2775864166297942, -0.8997223099025567, -0.06033978705549336, -0.4302663315238018,0.04159037290955064]
[0.4746734857351147, 0.13917761459711253, 0.33557843217836814, -0.8735052993563592, -0.06509353629752057, -0.4795800266595964,0.05248163067037569]
[0.47239581158662725, 0.1534246341160791, 0.3946806731949224, -0.844418740636364, -0.0689182607136845, -0.5272952454463969,0.06455221089879049]
[0.46315585459748126, 0.16565837298733638, 0.45413601409622234, -0.8125377285010179, -0.07174584355545272, -0.573226709841658,0.07775675416985063]
[0.44710684386495225, 0.17541928786407726, 0.5131935483933648, -0.7779468065021351, -0.07351804019683099, -0.6171891577903914,0.09204024948213976]
[0.43652663649784496, 0.19279972576441587, 0.5580461605282114, -0.7577421160111806, -0.08978899388550861, -0.6373561834271056,0.10743331721193634]
[0.4219703126859845, 0.20859029301743912, 0.6020279377794392, -0.7372323494515275, -0.10531989150960372, -0.655591038241632,0.12488624404571387]
[0.40379218108664794, 0.2223519885290395, 0.6449037699364945, -0.7164059739167058, -0.12029276332241204, -0.6719157805655891,0.1442959301423632]
[0.3823850668298612, 0.23369941000439656, 0.6864727865911366, -0.6952059052854129, -0.13487592330760523, -0.6863620929398863,0.16554247776141917]
[0.3581693942263886, 0.24230061834349734, 0.7265664478806915, -0.6735329227365736, -0.1492155103192572, -0.6989704912812564,0.18848974982245562]
[0.3315836877785182, 0.24787523131171407, 0.7650456990702091, -0.6512504907748281, -0.1634277204123388, -0.709789486130926,0.2129860649065298]
[0.30307679370832297, 0.2501912584281512, 0.8017973311773987, -0.6281908603092334, -0.1775919518904122, -0.7188747049967794,0.23886502499004042]
[0.27310197915385126, 0.24906122981449677, 0.8367297121503151, -0.604162286657375, -0.19174506185766235, -0.7262879849940892,0.265946471094014]
[0.24211291735944462, 0.2443381759775501, 0.8697680702429251, -0.5789571725715038, -0.2058769053328234, -0.732096445099101,0.29403756095412203]
[0.2367976531360259, 0.2555850819705095, 0.8738844079219483, -0.5759374875081179, -0.2284571210349849, -0.7216740837083424,0.3086905752286054]
[0.2303383303842715, 0.26748257875929704, 0.8776903829064289, -0.5708437675071245, -0.2521787908797949, -0.711008601458705,0.32405249448262774]
[0.22260094253180007, 0.2798937693317505, 0.8813016838417996, -0.5634284868197202, -0.2767784700594899, -0.7001909938019012,0.3401096748848448]
[0.21347549073767605, 0.2926537997276001, 0.8848324929473432, -0.5534799826447355, -0.3019528512293567, -0.6893113432808878,0.3568392585889949]
[0.20288031298778048, 0.3055739247917503, 0.8883935868885441, -0.5408282834845307, -0.32736370434325157, -0.6784578996377991,0.37420936824310924]
[0.1907657279090441, 0.31844628346867454, 0.8920905089139645, -0.5253502571614465, -0.3526436279795983, -0.6677161861962393,0.3921793896131439]
[0.1771168856392531, 0.3310492690863554, 0.8960218385144824, -0.5069739689255064, -0.37740251873417135, -0.6571681407619996,0.4107003389972307]
[0.16195573683680461, 0.3431533635965297, 0.9002775832534767, -0.4856821528649579, -0.4012346507791504, -0.6468912989003174,0.4297153113511938]
[0.14534205211782594, 0.3545272913142449, 0.904937715465434, -0.4615147144935027, -0.42372624495271244, -0.6369580269937473,0.44916000433307474]
[0.12737344737322662, 0.36494433769790346, 0.9100708742573784, -0.4345701986952885, -0.44446339599105744, -0.6274348119670676,0.468963312810165]
[0.1081843949991034, 0.3741886724157937, 0.9157332507066732, -0.4050061748939675, -0.46304021795452016, -0.6183816139894891,0.4890479877620829]
[0.08794422648348024, 0.38206151355424167, 0.9219676713680982, -0.3730385100820976, -0.47906706170480795, -0.6098512878352815,0.5093313529627838]
[0.06685415741695896, 0.3883869714409012, 0.9288028922238296, -0.33893951988713406, -0.4921786545958174, -0.60188907790779,0.5297260723376196]
[0.045143391208615956, 0.3930174161930744, 0.9362531120758554, -0.3030350078291626, -0.5020420114386862, -0.594532191215009,0.5501409604725481]
[0.02306438196841154, 0.39583822266658597, 0.9443177111372393, -0.2657002230014738, -0.5083639673418217, -0.5878094518341064,0.5704818284046727]
