[0.20705444240353582, -7.903445145957299e-05, -0.060015207525121975, 0.9999999813364112, -0.00018192217978861737, -6.494677069424681e-05,3.6626365110137112e-06]
[0.26680195565863585, 0.010156537221559772, -0.03546362137447723, -0.9991711942696703, -0.00314298294375379, -0.040572540342107555,0.0009566452448323341]
[0.3224303108449227, 0.02405257804799295, -0.002314731133336967, -0.9966791074899253, -0.0062884339362350595, -0.08109395120574382,0.003870835769757282]
[0.3726077898536125, 0.04106031921751469, 0.0388565948976157, -0.9925261091582736, -0.00907875630462419, -0.12137819370228306,0.008765438760928853]
[0.4161458978491884, 0.06047335803402825, 0.08731389243430535, -0.9867162698296909, -0.01134578132091153, -0.16129575782364738,0.01568294002074711]
[0.4520327324124324, 0.08145212094042917, 0.1421739021480367, -0.9792554346860883, -0.012932435247106371, -0.20070494872184366,0.024679329709331285]
[0.47946117073096267, 0.10305313735923137, 0.2024241754229134, -0.9701513489796723, -0.013696138337537706, -0.23944863260233917,0.03582077905952971]
[0.49785107872746936, 0.12426219456400663, 0.26694317991441674, -0.9594138134115683, -0.013511954917348478, -0.2773516423631226,0.04917955050488954]
[0.506864905798757, 0.14403032513066136, 0.3345225689990554, -0.9470548653512998, -0.012275439749924524, -0.3142189701250484,0.06482927122011849]
[0.5064162032537964, 0.16131148462501807, 0.40389124792667264, -0.9330889810647066, -0.009905130686786683, -0.34983485013145593,0.08283972136123667]
[0.49667079175392886, 0.1751007101706054, 0.4737408371931179, -0.9175332934762701, -0.006344643169510425, -0.38396280856281806,0.10327130533789836]
[0.4753485779226141, 0.20532259893194982, 0.5384808185625788, -0.897773458981508, -0.03254142267680492, -0.4158713151240003,0.14140339958990764]
[0.44521503633455595, 0.23047702754778343, 0.6022883822568564, -0.8750131364682688, -0.05938999540563632, -0.44473775083947253,0.18175030242596216]
[0.40718897245288005, 0.2492082190692853, 0.6642915431227053, -0.849135025181074, -0.08672483689557305, -0.47047613324478854,0.22383190059329205]
[0.3624204200391058, 0.2603416170604217, 0.7236346399559992, -0.8200359789441012, -0.11434022019907217, -0.49304600783565333,0.26715714746070784]
[0.3122575807049852, 0.26292234861873054, 0.7794873279448039, -0.787633726272083, -0.14199111866399297, -0.5124521659529971,0.31123048223042626]
[0.2582076891548363, 0.2562480592485329, 0.8310540164988087, -0.7518734958189077, -0.1693952303369063, -0.5287436714524101,0.3555581979411915]
[0.2365725750767502, 0.2797898320991228, 0.8416046201684342, -0.7223201921989219, -0.22126283347313905, -0.5291577875732019,0.3863784858345315]
[0.21420694314935274, 0.29957217539720243, 0.8525324066383125, -0.6889757663975885, -0.2666523725031257, -0.5299188628692633,0.41640713770378296]
[0.1917914931513487, 0.31575086882542913, 0.8636166434715773, -0.6529653936086882, -0.3053523905781889, -0.530995299088641,0.4454661655652437]
[0.16993364143936712, 0.32859851585189004, 0.8746204733431593, -0.6154084062160229, -0.33732895461185464, -0.5323443386813794,0.473382694036245]
[0.1491475187921599, 0.3384856296885661, 0.8852953332257555, -0.5773916285111702, -0.3627204977853434, -0.5339123571904167,0.499990342557679]
[0.12983833014496224, 0.3458584605588698, 0.8953857049322961, -0.5399439979228651, -0.381828772720811, -0.5356352737856568,0.5251305751012384]
[0.1122915877440207, 0.35121450320981706, 0.904634106056966, -0.504013028843761, -0.3951061718566542, -0.5374390775261677,0.5486540054208486]
[0.09666753357114842, 0.3550766977660401, 0.9127862243383311, -0.470443628605009, -0.40313974985215956, -0.539240465836687,0.5704216461516199]
[0.08300086178974479, 0.3579673714082502, 0.9195960943570122, -0.43995971773859704, -0.4066323531266841, -0.5409475906075452,0.5903060904089691]
[0.07120564538671405, 0.3603829621336479, 0.9248312133772837, -0.41314903971775135, -0.4063813224107176, -0.5424609062815854,0.6081926149931268]
[0.06108517103573722, 0.36277051974541474, 0.9282774931072312, -0.3904514704142811, -0.40325528417966006, -0.5436741132873268,0.6239801948569734]
[0.05234620005805019, 0.365506895462995, 0.9297439462040414, -0.3721510562625351, -0.3981695850274213, -0.5444751892237744,0.6375824191439929]
[0.044617008158121765, 0.3688814137975302, 0.9290670104655715, -0.3583719244047204, -0.39206094865315994, -0.5447474993079402,0.6489282998432012]
[0.03746841843443965, 0.3730826735084997, 0.926114419760142, -0.3490781198311179, -0.38586194769882043, -0.5443709767697238,0.6579629649334542]
