[0.2070900733231465, -9.720298558008076e-05, -0.06000591233550599, 0.9999999465354116, -0.0003196664993868657, -6.876902349105668e-05,3.650316766120797e-06]
[0.26810178973970394, -0.016543035983651935, -0.03794476572737426, 0.9977177766107983, 0.01076183927918371, 0.06648555703243476,0.004805388248773881]
[0.3247522633918644, -0.03981025221084226, -0.008541051344315764, 0.9908700191018467, 0.021603566753321417, 0.13169904945046437,0.019111554685197624]
[0.37564076330663715, -0.06913353499392266, 0.027791843301860047, 0.9795017953203432, 0.03196645200715331, 0.19425871231831718,0.04263720908700009]
[0.4195281690662276, -0.10353231950359269, 0.07053844830429834, 0.9636879868628552, 0.04161600976283989, 0.25290600031110294,0.07491412893625207]
[0.4553737702082552, -0.14184235427814657, 0.11908965870798427, 0.9435326613223105, 0.05032457847010967, 0.30646259231061157,0.11530062156859403]
[0.4823657025417867, -0.18275317827104576, 0.1727527229158285, 0.9191682744762272, 0.05787350661850972, 0.35385446390619013,0.16299496557174892]
[0.49994405393169855, -0.22485025190524496, 0.2307625926307203, 0.890754655399924, 0.06405526142943578, 0.39413374893919945,0.21705219490643646]
[0.5078159236068115, -0.2666603271878064, 0.2922944304603462, 0.8584777827050284, 0.06867544174088698, 0.4264979276102769,0.27640386764242525]
[0.505961994351026, -0.3066985383890674, 0.35647705085138, 0.8225483617874555, 0.07155467770738914, 0.45030593592220547,0.33988039762862426]
[0.4946344661580926, -0.3435156446169758, 0.4224070538352453, 0.7832002145707938, 0.07253040089380741, 0.4650908571491048,0.4062354728956564]
[0.4743464927183977, -0.3757438603641829, 0.4891633994603497, 0.7406884947374252, 0.0714584694366919, 0.47056892918672877,0.47417204029068233]
[0.44585354802462906, -0.4021397693171004, 0.5558221639660506, 0.6952877428382574, 0.06821463417110954, 0.4666446804751944,0.5423693027153984]
[0.41012741929791274, -0.4216229279602586, 0.6214712168376826, 0.6472897969511109, 0.06269583296422691, 0.4534120899991734,0.6095101540864544]
[0.36832376488658464, -0.43330892447622305, 0.6852245608888543, 0.5970015757070347, 0.05482130194783734, 0.43115175188133487,0.6743084682144501]
[0.3217443833357967, -0.43653585911244475, 0.7462360853692545, 0.5447427515136526, 0.04453349388829214, 0.4003241104658595,0.7355356613891371]
[0.271795505353764, -0.4308834470660714, 0.8037124946205216, 0.4908433326668504, 0.031798795560804644, 0.3615589157064411,0.7920459644809541]
[0.2199435383770036, -0.41618420533934997, 0.8569251917351727, 0.4356411737496114, 0.016608037692052505, 0.3156411293259618,0.8427998684716983]
[0.16766976010560894, -0.3925264613935565, 0.9052209176641995, 0.37947943426393077, -0.0010232072139339477, 0.2634935878729431,0.8868852468992638]
[0.11642547088576284, -0.36024920372811703, 0.9480309708392923, 0.32270400582410014, -0.021054542061263195, 0.2061567978414264,0.9235357088859312]
[0.06758907526225633, -0.3199290725576429, 0.9848788601277694, 0.26566092845426664, -0.04342087843922031, 0.1447662989679938,0.9521457961318178]
[0.022426472447597847, -0.2723600526296799, 1.0153862742647741, 0.20869381657850253, -0.0680327852476933, 0.08052808336936054,0.9722827052057428]
[-0.01794400226015732, -0.21852667061556985, 1.0392772832029207, 0.15214131516748736, -0.0947770501110838, 0.014692599236528159,0.9836942911896072]
[-0.05258102236429972, -0.1595717080707184, 1.0563807204434783, 0.09633460621363693, -0.1235174492259501, -0.05147210251612752,0.9863131886195926]
[-0.08074325244362045, -0.09675961061396395, 1.0666307297020032, 0.04159498524876785, -0.15409571952982543, -0.11670750256405263,0.9802569689984367]
[-0.10190525905723866, -0.031436899145756286, 1.0700654935425882, -0.011768473000722866, -0.18633272537268797, -0.17979144704789027,0.9658243391356648]
[-0.11576599893891112, 0.03500903425752989, 1.0668241952205375, -0.06346114150125408, -0.2200298102328075, -0.23956410676354464,0.9434874693809441]
[-0.12224979821511348, 0.10119133670968891, 1.0571422972531364, -0.11320494294637391, -0.25497032245891593, -0.2949525068764902,0.9138806236292456]
[-0.12149999936984443, 0.1657639261968239, 1.0413452505728593, -0.16074031060783942, -0.2909213025539707, -0.3449931037015332,0.8777853420195508]
[-0.11386570404819013, 0.22745923258009865, 1.0198407759306212, -0.205827992870845, -0.3276353181544645, -0.3888519276106999,0.8361125008287017]
[-0.09988227057660351, 0.2851222542052061, 0.9931098839867092, -0.24825068764016844, -0.3648524316147008, -0.42584186391866574,0.7898816406052875]
[-0.08024642721550439, 0.3377398948932102, 0.961696821796644, -0.2878144942339096, -0.4023022839880678, -0.4554367055029952,0.7401980116748771]
