[0.20715346776064708, -8.735885430858588e-05, -0.059985914258236184, 0.999999968469724, -0.00024919950826677396, 3.076696791858948e-05,3.6810338814597512e-06]
[0.2340307319275488, -0.009780865539248776, -0.04837418551849397, 0.9998732537546664, -0.005386400547190147, 0.014693743605432436,0.0029252374364852796]
[0.25908073661219216, -0.024940310798919875, -0.03452712012686235, 0.9994511456854804, -0.011041758977555024, 0.028988843576468575,0.011624710523771122]
[0.28168260259240985, -0.0453183002972306, -0.018496837569811964, 0.9985990975491845, -0.01771563305863144, 0.04255621799627275,0.025980127581294036]
[0.30123896317052934, -0.07057079105614805, -0.0002633575385977138, 0.9970974355136587, -0.025875464236125186, 0.05504925784913241,0.04579021350583947]
[0.31717232195995493, -0.10025285842502195, 0.020258768473308514, 0.994647807115979, -0.03594037705801344, 0.06614092299374769,0.07077716723518565]
[0.3289255453314272, -0.1338110364256278, 0.043208633492115706, 0.9908819854284743, -0.048266989673978584, 0.07552974163211135,0.10059049055513986]
[0.3359681359783691, -0.17057401718719414, 0.06876259056986547, 0.9853728149208073, -0.06313679344267874, 0.08294537893535166,0.1348118134367022]
[0.33780926808525596, -0.20974396612956084, 0.0971141803648691, 0.9776470325731496, -0.08074542332643177, 0.08815368055367705,0.17296064557462504]
[0.33401777047780506, -0.2503909600479821, 0.1284514434375684, 0.9671996515175955, -0.10119409631929048, 0.09096110531406515,0.21450097038104077]
[0.3242483915970423, -0.29145305585184234, 0.16293283807742884, 0.9535095554710222, -0.12448344415327657, 0.09121847139100565,0.2588485855365643]
[0.3082728449485395, -0.33174423994445174, 0.20066307378205187, 0.9360559213851057, -0.15050991013139425, 0.08882395146215118,0.3053790834991325]
[0.2860133915486231, -0.3699720055614731, 0.24167019640855056, 0.9143350658034479, -0.179064819442305, 0.08372526465183895,0.3534363562782968]
[0.25757613628985, -0.40476559239721677, 0.28588522194259824, 0.8878772979032816, -0.20983616911256936, 0.07592102622359288,0.40234150143539177]
[0.22328085555875282, -0.4347150527600263, 0.333125513265532, 0.8562633594156029, -0.2424131193038236, 0.0654612297963503,0.45140200077674225]
[0.183684074505145, -0.45842034916013186, 0.38308293271493143, 0.819140038645591, -0.27629310344983704, 0.05244685110602549,0.49992103964808293]
[0.139592294329146, -0.47454871691744616, 0.435317589885841, 0.7762345625124752, -0.3108914122339791, 0.037028576784756635,0.5472068331641377]
[0.09206273066775994, -0.4818976227579264, 0.4892577487203604, 0.7273673965304485, -0.3455530470753225, 0.019404676051884343,0.5925818261377913]
[0.0423896388201489, -0.47945989415816354, 0.5442061722053062, 0.6724631173818448, -0.37956658399492343, -0.00018195262924367944,0.6353916358977014]
[-0.007924775798914277, -0.46648705292796777, 0.5993528801352217, 0.6115590654119436, -0.4121797397440505, -0.021447514204925668,0.6750136115601129]
[-0.057214796848730654, -0.4425466139425972, 0.6537939894590103, 0.544811534039638, -0.44261629003349867, -0.04407177031340561,0.7108648895787448]
[-0.10370978717174201, -0.40756914049991533, 0.7065560119852043, 0.4724993086066584, -0.4700939555904316, -0.06770314247754086,0.7424098334358439]
[-0.14560461548386744, -0.36188119353099735, 0.7566247144998601, 0.3950244273210387, -0.49384284638944154, -0.09196438357024321,0.7691667550305367]
[-0.18113859372040075, -0.30622096106084473, 0.8029774143920703, 0.31291010032168387, -0.5131240383623656, -0.11645872629096853,0.7907138265150402]
[-0.2086787722265827, -0.24173427168713768, 0.8446174007456712, 0.22679578805762013, -0.5272478505791449, -0.14077640922010903,0.8066941038498345]
[-0.22680286684044215, -0.16994982495030933, 0.8806090454075849, 0.13742950565159628, -0.5355913944805899, -0.1645014744339858,0.8168195970003046]
[-0.2343768244560867, -0.09273373840870641, 0.9101121070378716, 0.04565748420734705, -0.5376149801785767, -0.18721872577569007,0.8208743362673557]
[-0.23062210246547687, -0.012224829879626468, 0.9324137369310168, -0.047588618348553, -0.5328769878407349, -0.20852073376876873,0.8187163995071771]
[-0.2151681490960577, 0.06924666850347018, 0.946956768748144, -0.14130670673936455, -0.5210468442473614, -0.22801477188593136,0.8102788807146267]
[-0.18808630766001133, 0.14925312150540748, 0.9533630123981207, -0.23444113580987871, -0.5019157850430416, -0.24532956946865328,0.7955697963781224]
[-0.14990238564109376, 0.22537145404110492, 0.9514504693602058, -0.32590114811566684, -0.4754051311076895, -0.2601217690312298,0.774670941916266]
[-0.10158636560086573, 0.29528764911101263, 0.9412436342425693, -0.41458047583682217, -0.4415718617733611, -0.2720819799404034,0.7477357261336602]
[-0.044519108374972784, 0.3568980563197369, 0.9229763344739313, -0.49937769184959296, -0.40061132709897873, -0.2809403264759557,0.7149860267463638]
[0.019562682052679956, 0.4084018455911153, 0.8970868740371022, -0.5792168746455213, -0.35285700474977594, -0.28647139595734666,0.6767081243956958]
