[0.20712754430827923, -6.349970388318113e-05, -0.06000020524417864, 0.9999999845938968, -0.0001753197435127436, -7.854577206148214e-06,3.6741740839990123e-06]
[0.29625360813487206, 0.01826773721011842, -0.02652100083181419, 0.9950735447768091, 0.06270034571843221, 0.07679337663889042,0.00029057959757824243]
[0.37720991543010496, 0.04646494961447935, 0.02178233747544231, 0.9803691236543838, 0.12419162245236436, 0.1531390108349983,0.0011250147837290664]
[0.44694114528238604, 0.08279915754199918, 0.08368510015307842, 0.9561796399180797, 0.1829404522666055, 0.22857618353367193,0.0024930807853927655]
[0.5028804405130847, 0.12500054104487096, 0.15760617443831992, 0.922986779958167, 0.23764420822995694, 0.3026574320676259,0.004371856749931788]
[0.5430670186908633, 0.17037500434481093, 0.24164919810526297, 0.8814511450473499, 0.2870819917568526, 0.37494335605009,0.006729684801690174]
[0.566234817169883, 0.21594283414113116, 0.3336519067489719, 0.8323987447804609, 0.33013924251633403, 0.4450052300954308,0.009526564247785587]
[0.5718679270286346, 0.2585925943247158, 0.43124238570106954, 0.7768041184732652, 0.36583015428683124, 0.5124275533117431,0.012714650777254656]
[0.5602201884743151, 0.2952426443641303, 0.5319007588810021, 0.7157704363442584, 0.39331743608632513, 0.5768105204562245,0.01623885516436385]
[0.5322980647993182, 0.32300228715206647, 0.6330247063789801, 0.650506994943727, 0.41192901377995295, 0.6377724001015804,0.02003753488399196]
[0.4898076980681144, 0.3393245626494189, 0.7319971039669307, 0.5823045751287477, 0.42117133170565746, 0.6949518057048749,0.02404327101177374]
[0.4350687901536402, 0.34214310558951044, 0.8262540235531174, 0.5125091747763438, 0.4207389852836069, 0.7480098460960863,0.028183721824866084]
[0.3708995626106748, 0.32998625902924267, 0.9133513251945719, 0.44249466145975297, 0.4105204925569129, 0.7966321426085943,0.03238254365069393]
[0.30047844968740806, 0.3020627427341568, 0.9910281088358424, 0.3736349117994287, 0.39060009350259567, 0.8405307008539297,0.036560368739915826]
[0.22718930231520465, 0.2583145620547515, 1.057265376443328, 0.307276013704882, 0.3612555490244418, 0.8794456259939458,0.040635829274216724]
[0.15445767254129614, 0.199434441258247, 1.1103383804834142, 0.2447091050678425, 0.3229519950214531, 0.9131466712802654,0.04452661606646161]
[0.08558616917689789, 0.12684679707823265, 1.1488612994796408, 0.18714440773515245, 0.27633198903982875, 0.9414346106082475,0.04815056007616726]
[0.09065015714232424, 0.15086727335840355, 1.1385589369278772, -0.21417024084254863, -0.30181746050206704, -0.9288871457468612,0.014352663159778001]
[0.09360336254216792, 0.17451905779990465, 1.1267956881370182, -0.24266654227303858, -0.3250079973049948, -0.9110379238918683,0.07411242932085506]
[0.09451860345699245, 0.19753400617248018, 1.1136817259887903, -0.2724688538660121, -0.345778260586537, -0.8883347369190862,0.13061207203619785]
[0.09349957665576858, 0.21966193996242978, 1.0993367699322272, -0.3034050916332947, -0.3640153248434064, -0.8612790789456808,0.18340267669971866]
[0.09067747851327941, 0.2406744038513035, 1.0838887333681448, -0.335296482159252, -0.37961923608561504, -0.8304161588647434,0.23210882736709953]
[0.0862071688525568, 0.2603678055498716, 1.067472286891702, -0.3679585351047693, -0.39250349871897633, -0.7963242903937308,0.27643289324144543]
[0.08026298797708838, 0.2785658825764565, 1.0502273546847336, -0.4012020463662779, -0.4025954886698426, -0.7596038730547255,0.3161577874012633]
[0.07303434359224875, 0.2951214602441391, 1.0322975622231692, -0.43483412627825335, -0.4098367906838994, -0.7208661846501556,0.3511481616834664]
[0.06472118722576707, 0.3099174854617758, 1.0138286541086423, -0.46865924711692564, -0.4141834581591731, -0.6807222083516447,0.3813500336121206]
[0.055529499096342375, 0.32286734132392614, 0.9949669012380835, -0.5024803040650054, -0.4156061943100453, -0.6397717154186034,0.40678887328465413]
[0.04566689621624819, 0.3339144672325355, 0.975857516684285, -0.5360996837325386, -0.4140904539014883, -0.5985928178432397,0.42756620951148844]
[0.03533847102912199, 0.3430313278502455, 0.9566430995711073, -0.5693203342978528, -0.4096364652384257, -0.5577321940154776,0.4438548445839379]
[0.024742957365848715, 0.3502177909675343, 0.937462125889319, -0.6019468313351003, -0.402259172541507, -0.5176961750474444,0.455892795175687]
