[0.20707011409819248, -9.022912330851613e-05, -0.06001227946615112, 0.9999999701989568, -0.00022794492334381926, -8.73493776886554e-05,3.644731748706667e-06]
[0.2955858135455103, 0.00010674069408366009, -0.031208048937534844, 0.9955413246510286, 0.050806065505589804, 0.07935599795489559,0.004340530900693383]
[0.37880044302963745, -0.0005978587002929742, 0.009997773428542467, 0.982190579388246, 0.10088622034743121, 0.15756350326090454,0.017244672949706597]
[0.4549347207837204, -0.0020464399040198197, 0.06265130193241025, 0.9601343925977089, 0.14907136624002557, 0.2333207955037629,0.03848483212711644]
[0.5223821064823154, -0.00403282964623173, 0.1255424167011578, 0.9296809814035125, 0.1944495224573879, 0.30545385602577274,0.06768011430015752]
[0.5797469147004747, -0.006310337361741389, 0.1972349185820133, 0.8912556073441088, 0.23615192696371942, 0.37284832809134466,0.10430644279475353]
[0.6258768271728149, -0.008601315037948372, 0.27610217246657476, 0.8453943509015545, 0.2733664259612747, 0.4344678179795198,0.14770546286787675]
[0.659888963036515, -0.010607867299373163, 0.36036727342811536, 0.7927362696058065, 0.3053500038655626, 0.48937087898923176,0.19709572493607797]
[0.6811888524695626, -0.012023330934137542, 0.4481466508602376, 0.7340140586999762, 0.33144026396494747, 0.5367263925569735,0.25158595466840333]
[0.6894818636034198, -0.01254411700434508, 0.5374959383307502, 0.6700433559512897, 0.3510656862761528, 0.5758270884588957,0.31019018240740415]
[0.6847768489421366, -0.011881497220270933, 0.6264568835640465, 0.6017108525750353, 0.3637545080341214, 0.606100978284374,0.3718444727315489]
[0.6673819990571027, -0.009772919759432772, 0.7131040552306898, 0.5299613900881788, 0.3691420935535216, 0.6271205124537549,0.43542496786756335]
[0.6378931112224805, -0.005992457987403354, 0.7955901213445822, 0.45578423794950473, 0.3669766835319036, 0.6386093103691833,0.49976693657194926]
[0.62858290479169, 0.03520365091547874, 0.8105397819608964, 0.47081986189545716, 0.3520608488093251, 0.676949702798582,0.4428554123653814]
[0.6162559344055978, 0.07678165356888517, 0.8232509455086764, 0.48523867037513774, 0.3403379674783077, 0.7106393570024743,0.379084693629818]
[0.6006880949641278, 0.11877580386310004, 0.8340328628673971, 0.49854340133464337, 0.3319146770901045, 0.7387568875691038,0.3090718123463659]
[0.5815321516434601, 0.16110835533341308, 0.8432435293915559, 0.5102291601672652, 0.32682657708623597, 0.760459726051333,0.23356283454144391]
[0.5583541364185173, 0.20354298187139488, 0.8512742610231069, 0.5197929897038636, 0.32503664269607313, 0.7750020732878266,0.15342169064104036]
[0.5306842700732745, 0.24564954881272444, 0.85853322361468, 0.5267436025596741, 0.32643492862822554, 0.7817512139143611,0.0696164784901154]
[0.4980789886972059, 0.28678436157984166, 0.8654285108888446, -0.5306111043817104, -0.330839580666624, -0.780201836032812,0.016796512202937427]
[0.4601895287968547, 0.3260889942606956, 0.8723513808950502, -0.5309565351491442, -0.3379991505111116, -0.7699880375078176,0.10469075475438291]
[0.416831705828262, 0.3625094788435091, 0.8796602535536335, -0.5273810572953546, -0.3475961863842524, -0.750892745980975,0.19288907602637687]
[0.3680510834610743, 0.3948361080714712, 0.887666043174637, -0.5195346240298918, -0.35925204945722655, -0.7228543314825627,0.28018450144824036]
[0.3141777246708636, 0.4217624808454692, 0.8966193507507642, -0.5071239687744294, -0.3725328844195441, -0.6859702473952971,0.36536194384330895]
[0.25586515885194994, 0.4419608197676223, 0.9066999731172606, -0.4899197669710132, -0.38695665190959305, -0.6404975962821686,0.4472203043587698]
[0.19410907585820233, 0.4541691389922621, 0.918009102178078, -0.4677628345066733, -0.40200111139722394, -0.5868505804401448,0.5245945418384993]
[0.1302425190295637, 0.45728465314080835, 0.9305644903241539, -0.440569242412582, -0.41711262580250763, -0.5255948616311459,0.5963772643747228]
[0.06590591495521891, 0.4504569946292255, 0.9442987513908714, -0.40833424508264177, -0.4317156439528984, -0.45743891888682353,0.6615394036236828]
