[0.20712312884858355, -8.87862752688087e-05, -0.05999819967330705, 0.9999999747265977, -0.0002226357456943921, -3.109253128851381e-05,3.6583293056297424e-06]
[0.24954854015854216, -0.007523731611740304, -0.043949672739743956, 0.9993132381194565, 0.02261573521715309, 0.028993897794881502,0.0045754268057099125]
[0.28946006024817816, -0.021981353649835333, -0.02380227269752805, 0.9972040040123852, 0.044680286968762604, 0.05707761857321666,0.01816567631734504]
[0.3260874300932602, -0.04309899327122397, 0.0002816343052164383, 0.9935628856812886, 0.06521767820838939, 0.08330309699970859,0.040497415671067814]
[0.35869614318467363, -0.07037967238927707, 0.028258238743015696, 0.988211909545276, 0.08351191162880132, 0.10679688212618453,0.07111545835546974]
[0.3865690857611692, -0.10318428753620698, 0.06018688484883128, 0.9809105922615232, 0.0989018660846964, 0.12674953346113982,0.10939555128750142]
[0.4089974425816528, -0.14071669155066813, 0.09620257942983912, 0.9713642213423848, 0.11079752223139584, 0.1424346526503609,0.1545568771930165]
[0.42528459519090284, -0.1820057058032198, 0.13647852498859991, 0.9592341218797176, 0.11869449483257209, 0.15322602527372103,0.20567766406905955]
[0.4347650509244407, -0.22588907772127553, 0.18118150733726587, 0.9441496390922824, 0.12218652484821857, 0.1586124829683124,0.2617135693731902]
[0.4368384721508677, -0.2710047820326006, 0.23042349984373997, 0.9257215201351413, 0.12097563251616479, 0.15821014815394666,0.3215184481753788]
[0.431016830352376, -0.31579480194228743, 0.2842131580037448, 0.9035563400636669, 0.11487968780652054, 0.15177178339798225,0.3838670647820984]
[0.4169808022354014, -0.35852562654997366, 0.3424109483230477, 0.8772715869845062, 0.10383721556723625, 0.13919303353880588,0.44747926739369104]
[0.3946399578233806, -0.3973282365825195, 0.40469147889394524, 0.8465110010009994, 0.08790931796368641, 0.12051541957259826,0.5110451160559966]
[0.3641902353670013, -0.4302584541635973, 0.47051618555231517, 0.81095975109664, 0.06727866491672407, 0.09592601736799544,0.5732504361448099]
[0.32616177918857214, -0.45537638278793857, 0.5391189021178595, 0.7703590338860531, 0.04224557256622933, 0.0657538298074008,0.6328022632500285]
[0.28145049831479024, -0.4708414698747021, 0.6095060444443596, 0.7245196882436921, 0.013221258705521361, 0.030462936228619873,0.688453650714292]
[0.2313276828736711, -0.47501770552064426, 0.6804722154342503, 0.6733344399958476, -0.019281568970736806, -0.009357423670193382,0.7390273280710004]
[0.17742362091644304, -0.4665818360393296, 0.7506310494238174, 0.6167884206903533, -0.05466057265711127, -0.05300560467502232,0.7834377267990942]
[0.12168325778147249, -0.444626397480565, 0.8184601214878624, 0.554967643268374, -0.09223781489286165, -0.0996828584973041,0.8207109284947678]
[0.06629435024584582, -0.40874899224014516, 0.8823578128926854, 0.4880651643658703, -0.1312756305335092, -0.14851083502454532,0.8500021388448729]
[0.013591071607523195, -0.3591196093179619, 0.940709207464206, 0.4163847168856329, -0.1709939669858336, -0.19855088400351384,0.870610347549317]
[-0.0340616093701663, -0.2965189249433018, 0.9919574473203238, 0.3403416561507567, -0.21058878406395257, -0.2488247183646612,0.8819898982674198]
[-0.07439544655356346, -0.22234234403239175, 1.0346765422172854, 0.26046112698259677, -0.2492510789890277, -0.29833597007285656,0.8837587622843969]
[-0.10536955221140548, -0.13856691808215577, 1.067641433696333, 0.17737342593743047, -0.28618608639268417, -0.34609214984006853,0.8757033833128304]
[-0.12529462532053465, -0.04768101169708429, 1.0898911775043756, 0.09180660110931504, -0.3206321980756713, -0.39112651369453555,0.8577800369763087]
[-0.13294129349312112, 0.04742053928975779, 1.100781423881748, 0.004576399748230823, -0.35187915285391685, -0.4325193424435665,0.8301127253357458]
[-0.12762394549165695, 0.14357027481759335, 1.10002292804896, -0.08342626016041288, -0.3792850629799197, -0.4694181544063783,0.7929877025715313]
[-0.1092530420065986, 0.23748304967823453, 1.0877035806899047, -0.17125005583075373, -0.4022918699974663, -0.5010563970818053,0.746844800916031]
[-0.07835113472129634, 0.32592230643626496, 1.0642923657704864, -0.25789996724131586, -0.42043885887227483, -0.5267701990540041,0.6922657945007199]
[-0.03603051644706465, 0.4058668117042987, 1.0306246759554432, -0.34235557949007156, -0.4333739040156764, -0.5460128085900776,0.6299601014078625]
[0.01606665530750617, 0.47466671324706483, 0.9878694827958729, -0.4235905897947147, -0.44086217335203876, -0.5583663989914296,0.5607481795084375]
