[0.20714178428782856, -8.505138629002001e-05, -0.05998929588317041, 0.9999999742210456, -0.00022697160481273765, -5.332459956572399e-06,3.655660438140218e-06]
[0.288042308816283, 0.016246487578155368, -0.028563912514983247, -0.9972717230879288, -0.03879821661877611, -0.06279514352967679,0.0007607006794027432]
[0.36187990784877605, 0.04056302369959601, 0.01612074153071566, -0.9891028418286206, -0.07719662769921659, -0.125326886607284,0.0030692754422520915]
[0.4260827635093934, 0.07148651873782651, 0.07300493829091809, -0.9755957918454587, -0.1143495505976947, -0.18732071389213395,0.006926857763747135]
[0.478464959964957, 0.1072119865397804, 0.14071749666081582, -0.9569194195707665, -0.14965714862195567, -0.24850687625931758,0.012340776577253352]
[0.5173198090173378, 0.14559515878031318, 0.21761132735823116, -0.9333059579954014, -0.18254745502590783, -0.308614897141013,0.019319955913318206]
[0.5414916859193035, 0.18425703035896385, 0.3018060796212302, -0.9050469184297807, -0.21248483938675167, -0.3673735556223112,0.027873627337776218]
[0.5504231647844137, 0.22070034801035918, 0.39123677093956655, -0.8724879604859871, -0.23897778659819818, -0.42451105576034137,0.03800973371216191]
[0.5441753808995481, 0.2524325469223605, 0.48370713235238527, -0.8360228498764753, -0.261585845476199, -0.4797554189195893,0.04973306694954921]
[0.5234207774176772, 0.2770893358311899, 0.576946284059095, -0.7960866326912704, -0.2799256222460637, -0.5328351297113089,0.06304319000464124]
[0.48940866071244327, 0.29255309470361684, 0.6686672717570089, -0.7531481709020352, -0.29367571513989715, -0.5834800589878105,0.07793219981221036]
[0.44390523496944273, 0.2970604824712785, 0.7566259451143269, -0.7077021965792374, -0.30258050949147836, -0.6314226794312965,0.09438239312817982]
[0.38911095605691337, 0.28929414523908004, 0.8386786473739373, -0.6602610514084111, -0.3064527775315047, -0.6763995807678683,0.11236390111302527]
[0.3491927760266058, 0.3296338518688773, 0.8499429030340622, -0.6449660670666428, -0.3267122182345719, -0.6724236508577922,0.15850656944086128]
[0.3053502048468516, 0.3641459027061531, 0.86115874070641, -0.6291633377705197, -0.3453811280170502, -0.6655183014497786,0.20481884984183177]
[0.2584397639462654, 0.39248923533800417, 0.8723289395437835, -0.6129669794334783, -0.3624492214016632, -0.6556042102803167,0.2511676004030948]
[0.2093398495509074, 0.4144458703274108, 0.8834537565934946, -0.5964905576273967, -0.37791424802968676, -0.642597413062837,0.2974027580949171]
[0.15893388372840683, 0.4299208059370411, 0.8945308183049855, -0.5798465387077317, -0.39178189446835116, -0.6264124347740708,0.34335462757311686]
[0.10809381726802425, 0.43893979971504093, 0.9055550357014003, -0.5631457509918433, -0.4040656487141536, -0.6069659880962909,0.3888317167661828]
[0.05766420614886998, 0.4416451035667668, 0.9165185440520591, -0.54649685852434, -0.414786628274361, -0.5841811469396475,0.43361921565826983]
[0.008447079708164947, 0.43828923200374525, 0.9274106676932148, -0.5300058498908615, -0.4239733728814628, -0.5579918880023051,0.47747819959931687]
[-0.03881218297229099, 0.42922685869174704, 0.9382179104496278, -0.5137755444575346, -0.431661603062093, -0.5283478807736692,0.5201456211881446]
[-0.08343775272709641, 0.41490495526553955, 0.948923971910831, -0.49790511831782436, -0.4378939459421526, -0.4952193965613622,0.5613351356627565]
[-0.12483481177797986, 0.3958513092733203, 0.95950978961495, -0.48248965212215444, -0.4427196298227699, -0.4586022002808657,0.6007387842167186]
