[0.20713721970285992, -7.764339733609399e-05, -0.05999563267202852, 0.9999999588281759, -0.0002869100492683113, 3.586312545997419e-06,3.6617816748676845e-06]
[0.2793201177118816, -0.003482736778150705, -0.027296798601748995, -0.9965897326904525, 0.028963353312636164, -0.07720144516526466,0.003156853695520657]
[0.34517562041719696, -0.004963658082760234, 0.017110448844744303, -0.9864171607081769, 0.057268113671069314, -0.1534381306307481,0.012581267246109081]
[0.40294404167319986, -0.004835013892710859, 0.0718563622832735, -0.9696046959492951, 0.08483390543748008, -0.2277672537791869,0.028142853216890144]
[0.4511728252489497, -0.003502631677743097, 0.1353345995944659, -0.946354066262919, 0.11129555457409968, -0.2992723290814364,0.049632185584105815]
[0.48874784325431087, -0.0014368590694846207, 0.20576857593885858, -0.9169428049369822, 0.13629123583331115, -0.3670811177696428,0.07675965402682615]
[0.5149080245734111, 0.0008554469697881744, 0.2812801709271797, -0.8817194991439097, 0.1594639471811442, -0.4303792493516084,0.10915894881487574]
[0.5292435823713624, 0.0028584075356987045, 0.35995714788718247, -0.8410978594030897, 0.1804632850113014, -0.48842289958429885,0.14639147800379826]
[0.5316791064802906, 0.004072412982631342, 0.4399158545890169, -0.7955497384137602, 0.19894757067401564, -0.5405503190347931,0.18795167044772218]
[0.5224436759334973, 0.004035833157524531, 0.5193562051524406, -0.745597249597958, 0.21458636337364295, -0.5861920256192332,0.23327310849400498]
[0.5020308667034195, 0.002342151505931502, 0.5966065622644809, -0.6918041540096423, 0.22706337700953497, -0.6248794968809194,0.28173542498925896]
[0.4711520296166041, -0.0013480150936442427, 0.6701569051216729, -0.6347666984758005, 0.23607979958982567, -0.6562522228633959,0.33267189048462137]
[0.4306864593219747, -0.0073000647218712, 0.7386795289932163, -0.5751040976057218, 0.2413579940311285, -0.6800630078226476,0.3853776083604133]
[0.3816320516591246, -0.0157033124929261, 0.8010374173009113, -0.5134488574162694, 0.24264553909650194, -0.6961814382349334,0.4391182280794494]
[0.32505975841677137, -0.026672820835741018, 0.8562812940202499, -0.4504371386730897, 0.23971954956341163, -0.7045954650933322,0.493139080007888]
[0.2620746197167806, -0.04025401642070027, 0.9036371418216839, -0.38669935366053654, 0.23239119609499514, -0.7054110798248772,0.5466746292964052]
[0.19378542765825274, -0.05642876030046419, 0.9424866041978897, -0.32285118110743183, 0.22051032833389803, -0.6988500947666126,0.5989581412755899]
[0.12128420799550543, -0.075121488935553, 0.9723431320485623, -0.25948517066901206, 0.20397009003267097, -0.6852460704750206,0.6492314467687783]
[0.04563576786654856, -0.09620414411416854, 0.9928269540438024, -0.197163091064969, 0.1827114031078952, -0.6650384626769917,0.6967546927407627]
[-0.03212337904275979, -0.11949885226503228, 1.0036419283233036, -0.13640915516707738, 0.15672718881629175, -0.6387650908850758,0.7408159618548509]
[-0.11097825893437648, -0.14477767811395142, 1.004557070464822, -0.07770423157348609, 0.1260661891755501, -0.6070530581024857,0.7807406438701325]
[-0.18992312068912917, -0.17175923213034622, 0.9953950662047951, -0.02148112612994893, 0.09083625057032328, -0.5706082761743517,0.8159004424339099]
[-0.14785350407020365, -0.1726769320734964, 1.0025850767306976, -0.0474852442926102, 0.10151303005161699, -0.5713942849346246,0.8129875936619574]
[-0.10700980533855735, -0.16762678943574624, 1.008491490442711, -0.07557340404194586, 0.10817603424228721, -0.5719149200530709,0.8096295019561812]
[-0.06816258173667857, -0.15686228923380455, 1.0131083780092216, -0.10520613573316043, 0.11051836841764637, -0.5721482479006131,0.805831087555361]
[-0.03204116433659583, -0.14073395174212336, 1.0164339577859722, -0.1358017354537847, 0.10830309281862768, -0.5720725891281924,0.801599202533178]
[0.0006785572126276479, -0.1196830095748396, 1.0184706043444314, -0.1667453888662387, 0.10136897039298684, -0.5716666577262396,0.7969426200031113]
[0.029385391446589887, -0.09423353148489721, 1.0192248334897593, -0.19739908160732547, 0.08963499432699412, -0.5709096993583811,0.7918720133652328]
[0.053542942881236524, -0.06498313885224262, 1.0187072637194596, -0.22711212777864007, 0.07310358694958406, -0.5697816282846675,0.7863999256486719]
[0.07269837284527184, -0.032592487144295426, 1.0169325542361962, -0.25523213306856507, 0.05186238557039439, -0.5682631621939224,0.780540729049793]
[0.08648967134054887, 0.0022262925650509136, 1.0139193197906469, -0.2811161975521851, 0.026084556861462195, -0.5663359542722006,0.7743105748120311]
[0.09465131686564968, 0.038721978112000385, 1.009690022791496, -0.3041421555033543, -0.003972391010133433, -0.5639827218447676,0.7677273336387104]
[0.09701823241716948, 0.07611723843904833, 1.0042708432785994, -0.32371964582854584, -0.0379693007026333, -0.5611873709424611,0.7608105268747817]
[0.09352797882715573, 0.11362197532268198, 0.9976915275108111, -0.339300807117096, -0.07548953568137605, -0.5579351161596927,0.7535812487371008]
[0.08422116049813685, 0.15044678153400404, 0.9899852160708602, -0.3503903958327491, -0.11604457226659433, -0.5542125951906318,0.7460620799154034]
[0.06924005273511252, 0.18581627230022688, 0.9811882525348828, -0.35655513479484546, -0.15908093013948219, -0.5500079774522124,0.7382769929073463]
[0.04882549352114941, 0.218982051783855, 0.9713399738927193, -0.3574321116745721, -0.2039883310659241, -0.5453110662274171,0.7302512494906893]
[0.023312115029557833, 0.2492350858841957, 0.960482484035845, -0.35273606353790005, -0.2501089509074178, -0.5401133937897333,0.7220112907737067]
[-0.00687797926741799, 0.27591726674434436, 0.9486604117518844, -0.34226540319691806, -0.29674760776863907, -0.5344083089996038,0.7135846203010723]
[-0.0412429579767718, 0.2984319725692323, 0.9359206547771356, -0.3259068659052968, -0.3431827098591178, -0.5281910568960128,0.7049996807266034]
[-0.079210266755651, 0.31625344829018354, 0.9223121115606004, -0.3036386803045912, -0.3886777707420572, -0.5214588498409024,0.6962857245962139]
[-0.12014671457666187, 0.32893485773332043, 0.9078854024838742, -0.27553219499122067, -0.43249328745744126, -0.5142109298107617,0.6874726798140618]
