[0.20714732259952595, -5.682285779987521e-05, -0.059976320352923274, 0.999999971888174, -0.00023076365402185318, 5.439068154602375e-05,3.6662089385085465e-06]
[0.24154964711343768, -0.0185624426784149, -0.05143594592181021, -0.9978186940131322, 0.06385982725763158, -0.016594032990235073,0.0021010496596004383]
[0.27372031340387215, -0.03829722881239613, -0.0410352891510701, -0.9913294827680732, 0.12677906031637148, -0.03351265085246765,0.008356356438266531]
[0.30393177392077836, -0.0590414470639022, -0.028842160133183525, -0.9806020370235232, 0.18828889810744975, -0.05117821878996046,0.01864740615438018]
[0.3324598369755631, -0.08067537603502521, -0.014844739423405445, -0.9657513268742945, 0.2477056340337743, -0.0699385712958571,0.03278551133595362]
[0.3595459657525288, -0.10317114524141438, 0.0010437992280714903, -0.9469360275611626, 0.3043690939526967, -0.0901118909883229,0.05051199318586253]
[0.38536372568642413, -0.1265759801533994, 0.018976068516135453, -0.9243563593845339, 0.35765002417772557, -0.11197783980086935,0.07150345771061654]
[0.40999165818650857, -0.15098825022959703, 0.039157108593022794, -0.8982513643907325, 0.4069571035888821, -0.1357695268911286,0.09537839260804737]
[0.43339441111307353, -0.17652821496226143, 0.06182754083765116, -0.8688956586370375, 0.45174349512880163, -0.16166648990991161,0.1217049508061679]
[0.45541339297983174, -0.20330573243362518, 0.0872440491298426, -0.8365957063134073, 0.4915128578899297, -0.1897888456165901,0.15000976230354907]
[0.47576757561064775, -0.2313874108147881, 0.11565813054043955, -0.8016856688102002, 0.525824747934113, -0.22019274196425231,0.17978759487415424]
[0.49406439091215243, -0.2607657316745615, 0.14729414270370716, -0.7645228878748358, 0.554299343837009, -0.252867217181568,0.21051166668912374]
[0.5251948766899438, -0.2502645016094233, 0.1806369211380249, -0.7769101354440874, 0.5134560473769294, -0.29661768824893125,0.21163996757269285]
[0.5536049168123639, -0.23632580881323692, 0.2151428615077694, -0.7853505146549253, 0.4727442674072986, -0.3385717142530052,0.21238319395037436]
[0.5789799949052115, -0.21927950254285267, 0.25046805129944383, -0.7900473526039149, 0.43265149541772524, -0.37858439168104735,0.2128655033861593]
[0.6010747918644392, -0.19949031566956085, 0.28627602543794123, -0.7912720457863102, 0.39361405829921214, -0.4165287775318394,0.2132142118954637]
[0.6197147978506696, -0.1773446772572492, 0.32224394540386836, -0.7893538282618242, 0.35600736483890294, -0.45229655921636025,0.2135582180809365]
[0.6347951298429574, -0.15323778684180855, 0.35806827389593476, -0.7846681602989078, 0.3201380103852635, -0.48579854984900533,0.21402640370827183]
[0.6462767277518494, -0.12756152501956292, 0.39346981877459486, -0.7776240572421085, 0.28623792958270255, -0.5169650058130771,0.21474602681124355]
[0.654180220923352, -0.10069372070320241, 0.42819803659075867, -0.7686507036000713, 0.2544607339299438, -0.5457457651140684,0.21584112352146964]
[0.6585778607410969, -0.07298921708484787, 0.4620345051525147, -0.7581837139837184, 0.2248803145559103, -0.5721102066728078,0.21743093477214218]
[0.6595839991502335, -0.044773079745451874, 0.49479549583817406, -0.7466514101491312, 0.19749173240381696, -0.596047032342936,0.21962837382640832]
[0.6573446534021322, -0.016336176193816047, 0.526333599199734, -0.7344614818473924, 0.17221435938411792, -0.6175638750486582,0.22253855023194555]
[0.652026731374027, 0.012066768146429901, 0.5565383812536571, -0.7219883885033545, 0.14889717642414896, -0.6366867380146702,0.22625736530660037]
[0.6438074979024181, 0.04021666094138057, 0.5853360721383231, -0.7095618392044142, 0.1273260791060055, -0.6534592715863199,0.23087019362017497]
[0.6328648404361585, 0.06792723091997588, 0.6126883129328015, -0.6974566605580718, 0.10723299008565242, -0.6679418956006792,0.23645066416029595]
[0.6193688430329314, 0.09504018138161477, 0.6385900097879803, -0.6858843263529028, 0.08830653097698524, -0.6802107766550408,0.24305955396277326]
[0.6034751036279264, 0.12141868277926349, 0.6630663665462643, -0.6749863804953908, 0.07020396599679976, -0.6903566709159533,0.25074380595718465]
[0.5853201340955883, 0.14693966424070287, 0.6861691871813171, -0.6648299364225642, 0.05256409638650046, -0.6984836443076023,0.2595356816359]
[0.5650190704082372, 0.17148542737876263, 0.7079725571824803, -0.6554053832748753, 0.035020759270605537, -0.7047076830023862,0.26945205790981247]
[0.5426657964723063, 0.19493514327112332, 0.7285680280060468, -0.6466263728346398, 0.017216567808531365, -0.709155208099243,0.2804938761779505]
[0.5183354558541264, 0.21715680313897068, 0.7480594405531664, -0.6383321029539542, -0.001183478331189845, -0.7119615092080264,0.2926457502231188]
[0.4920891967418569, 0.23800017439432436, 0.7665575320255025, -0.6302918543234297, -0.020478881786187262, -0.7132691123536241,0.30587573806464813]
[0.4639808732842335, 0.2572912670604939, 0.7841744752535491, -0.6222116793969557, -0.04092139468097678, -0.7132260981654076,0.3201352813657572]
[0.43406531677962035, 0.2748287431038679, 0.8010185005773618, -0.6137430864984498, -0.06270396376457202, -0.7119843867211272,0.3353593144209778]
[0.4024076983914763, 0.2903826061696909, 0.8171887475664561, -0.6044935099540302, -0.08595118510605036, -0.7096980056660889,0.35146654315297027]
[0.369093435673866, 0.30369539588578304, 0.8327704873689412, -0.5940383097943719, -0.11071154409975432, -0.7065213583262019,0.3683598929424772]
[0.3342380517299441, 0.3144859844654166, 0.8478308464447738, -0.5819340033212553, -0.13695167365943584, -0.7026075084766318,0.3859271225149079]
[0.2979963806488294, 0.3224559396334456, 0.8624151491166554, -0.5677323966528096, -0.16455281459120377, -0.698106498216999,0.4040415995267931]
[0.25768797958079076, 0.3344842989703968, 0.8689309585298847, -0.5608382255315696, -0.19387677610591705, -0.6800191615225306,0.43063467165518754]
[0.21642350776007663, 0.34225376788901807, 0.8748681719970158, -0.5515457585910625, -0.22490737608608719, -0.6605910419952209,0.45698295766685815]
[0.17467212645193986, 0.345543115192155, 0.8802487940350456, -0.5394510849105008, -0.2574041693041711, -0.6399408884113958,0.4829195377627076]
[0.13295744073611498, 0.34418361129869557, 0.8850806592793625, -0.5241804559217697, -0.2910579425739106, -0.6181976930260508,0.5082831258575844]
[0.09185173165840368, 0.3380731281873477, 0.8893571995800751, -0.5054008581427641, -0.32549511343317067, -0.5954998502763166,0.5329191608870616]
[0.05196668282605044, 0.3271895444883785, 0.8930576807746954, -0.4828298984271635, -0.3602836769780423, -0.5719942366704104,0.5566808371983283]
[0.0139407177431883, 0.3116026042662495, 0.8961479001721278, -0.456244781585934, -0.39494059126190056, -0.5478352184362166,0.5794300666087729]
