[0.2071397401937937, -6.001857483082337e-05, -0.059979923539023844, 0.9999999828531992, -0.00018511935988927667, -3.3153237732544195e-06,3.6650661349107117e-06]
[0.2644562076366111, -0.011658389903023883, -0.03707111085673734, 0.9970275720765444, 0.03523330389903939, 0.06830167570527865,0.005432854807586174]
[0.3179951502480768, -0.028141272887811937, -0.006912322548708244, 0.9881218396926423, 0.07018345575721723, 0.13499478830752976,0.021585170608739608]
[0.36659110511204324, -0.04890934186048606, 0.03006519193644208, 0.9733579106552549, 0.1042008801084472, 0.19850007908489856,0.048106890907136525]
[0.4092102449749989, -0.07319632315074918, 0.07332328744101663, 0.9528602471770449, 0.13683057403734936, 0.2573101475947246,0.08441700837563351]
[0.44498003486513665, -0.10009363671914137, 0.12222604793830552, 0.9268014633215252, 0.1676316007159299, 0.31001855986139965,0.12971964603697714]
[0.4732139303441489, -0.12857965815215422, 0.17605058113811278, 0.8954006816269335, 0.19618156228086062, 0.35535011471405215,0.18302106418599462]
[0.49343035845823546, -0.15755264623623175, 0.2339992837639458, 0.858921448077518, 0.22208088819451796, 0.3921883068154014,0.24315089374382828]
[0.505365409215637, -0.18586626317738764, 0.2952133514087721, 0.8176692261167162, 0.24495689645281493, 0.41959940055694667,0.3087871412383402]
[0.5089788704693844, -0.21236653237752895, 0.3587872842471218, 0.771988494565991, 0.26446758729217934, 0.43685260188576963,0.3784844300036952]
[0.5044534554825462, -0.23592903519886427, 0.42378412205608135, 0.722259478230486, 0.28030513174327626, 0.44343589901605673,0.45070487315807084]
[0.4921872928869352, -0.25549514469694795, 0.48925112931467235, 0.6688945435985577, 0.29219902045276014, 0.43906723604352893,0.5238509179371756]
[0.4727799657874157, -0.2701061308609064, 0.55423564384647, 0.6123342953400294, 0.299918841615058, 0.4237007837046316,0.5962994592340269]
[0.44701259312679703, -0.27893404707744596, 0.6178008006736453, 0.5530434122444535, 0.30327666058905356, 0.3975281767318168,0.6664364936130385]
[0.41582263521798773, -0.28130841862787737, 0.6790408464824285, 0.4915062637862089, 0.30212897778145154, 0.3609746951722056,0.7326915741899797]
[0.3802742703079707, -0.27673789711040914, 0.7370957692714769, 0.42822235063239394, 0.29637824561872556, 0.3146904753233201,0.7935713318181401]
[0.34152532474398134, -0.26492621475063366, 0.7911649821696645, 0.3637016141009291, 0.285973929859639, 0.25953694225452784,0.8476913488683151]
[0.3007918413762704, -0.24578196371776698, 0.8405198197691226, 0.2984596608132805, 0.27091310507527716, 0.19656875793000486,0.8938057080661036]
[0.25931143604022844, -0.21942193120649095, 0.884514629226657, 0.23301294955665228, 0.2512405787967399, 0.1270116745272866,0.9308335895521621]
[0.21830661838135035, -0.18616793411718563, 0.9225962663568924, 0.16787398766700723, 0.22704854355458906, 0.0522367695972669,0.957882353442509]
[0.17894924032963486, -0.14653731040024576, 0.9543118384097189, 0.10354658406437584, 0.19847576076078613, -0.02626838363282492,0.9742666212799992]
[0.1423271839610609, -0.10122743029219955, 0.9793145695614534, 0.04052120541798275, 0.16570628506519888, -0.10693099289327125,0.9795229562191098]
[0.10941431238928367, -0.05109478282239338, 0.997367701667768, -0.020729519202059087, 0.12896774240728692, -0.1881261013175157,0.9734198366866638]
[0.08104458603780457, 0.002870635300694424, 1.0083463808002837, -0.07975510140534826, 0.0885291794328077, -0.26821071386658607,0.95596271954295]
[0.05789109659566835, 0.059574755664650265, 1.0122375187653232, -0.1361312625268227, 0.044698506210276844, -0.34555826845408744,0.9273940942277109]
[0.040450597557225444, 0.11785171137916191, 1.0091376574193325, -0.189463729301198, -0.002180441780623117, -0.4185927187440647,0.8881885367236938]
[0.029033919647774194, 0.17649787950552331, 0.9992489013921616, -0.23939171965291098, -0.05173119264716825, -0.4858215056309207,0.8390428790803419]
[0.023762458340869423, 0.23430658101899732, 0.9828730210677045, -0.2855910852737833, -0.10354824486349358, -0.5458667199812444,0.7808617143993877]
[0.024570716080546198, 0.29010232092826715, 0.9604038616468006, -0.3277770811757889, -0.15720095550508453, -0.597493799731848,0.7147385563450229]
[0.031214680788236082, 0.3427734831711574, 0.932318225173744, -0.36570673621484545, -0.212237670860272, -0.6396371589829589,0.6419330642700231]
