[0.20716195253410286, -8.935505777742446e-05, -0.05997656263150103, 0.9999999517263479, -0.0003092939768966731, 2.9515546508290084e-05,3.6565817709310108e-06]
[0.27902984481532694, 0.014834890169677031, -0.023472267289390558, -0.996379160968813, 0.008148782038078586, -0.0844817064381822,0.005000621528693715]
[0.3429097596713673, 0.03639875370971566, 0.026139012702084435, -0.9855545373953755, 0.015786289499586884, -0.16744066111669054,0.019916623409318084]
[0.39620241828746755, 0.06314838264757476, 0.0875632463739586, -0.9676094151873814, 0.023024533117877003, -0.24744425785375165,0.044421050985360686]
[0.4367340806386266, 0.09321880673077675, 0.1591535144412698, -0.9426818630826161, 0.029671690136815497, -0.3230931548716227,0.07798274869876357]
[0.4628522771289634, 0.1244278065959421, 0.2389543918402512, -0.9109635253634274, 0.03554404236974107, -0.3930804793090504,0.11987415607887213]
[0.47349829682552624, 0.15438677149169353, 0.3247548476380711, -0.8726980142781914, 0.0404685261632786, -0.4562195052107572,0.1691869892465909]
[0.4682531164057063, 0.18062328620209694, 0.4141482223147116, -0.8281788684798407, 0.04428515850930559, -0.5114687197338772,0.22485180735997087]
[0.4473546727357891, 0.20070961608771665, 0.5045976502166318, -0.7777470959886185, 0.04684931092313446, -0.5579537344975185,0.2856610349830218]
[0.41168569705718405, 0.21239096107557776, 0.5935051476534989, -0.7217883239320685, 0.04803380436814867, -0.5949855687061186,0.3502949358822002]
[0.36273267909879825, 0.21370733801068506, 0.6782824886483574, -0.6607295808476961, 0.04773080046213189, -0.6220749107924914,0.4173499695011205]
[0.30251785250850294, 0.20310322660498953, 0.7564219433956152, -0.5950357406190518, 0.04585346642755331, -0.638942054059156,0.48536890975543606]
[0.2588185074696933, 0.2078365749038651, 0.8035603585683273, -0.5558275668356886, 0.008186995221056686, -0.648127658426377,0.5204990177104184]
[0.21388331341594882, 0.20322089120249134, 0.8476203998987316, -0.5130713953101919, -0.0237844778088557, -0.6542803722214222,0.555075883511084]
[0.16959890213262635, 0.18908283964152384, 0.888188261872904, -0.46750382865126644, -0.04968118495334635, -0.6573923422253816,0.5889034372810757]
[0.12786452317197755, 0.16561743763389888, 0.9248865120362337, -0.4199036365307713, -0.06922005425571572, -0.6574710777026479,0.6217887921968268]
[0.09052112552346984, 0.13338495037839115, 0.9573778898794064, -0.3710786327332031, -0.08221943289497159, -0.6545393677851609,0.6535432879333153]
[0.05928228085392286, 0.0932942126624318, 0.9853686095910528, -0.32185202817524916, -0.08860197306748738, -0.6486351177530691,0.6839835132117509]
[0.03566953880237838, 0.04657300011773781, 1.0086111262252442, -0.27304852358652293, -0.08839562432122369, -0.6398111053598577,0.7129323017133384]
[0.020954628385978124, -0.005273434389567996, 1.026906332444791, -0.2254804110161465, -0.08173271480171838, -0.6281346587938565,0.7402196957667747]
[0.01611064933340381, -0.06051409599184649, 1.040105161094673, -0.17993395311837665, -0.06884714279188793, -0.6136872583017574,0.7656838723929477]
[0.0320947985024309, -0.008022474355169631, 1.0408502310188503, -0.20617451609848925, -0.09522141409293651, -0.6328190252635189,0.7402466024739495]
[0.04362642330333899, 0.045646386305629706, 1.037767121848286, -0.22926655738870944, -0.12570773415014438, -0.6503988626430139,0.7131730019501863]
[0.05060963429096027, 0.09991949448884985, 1.0308455200473448, -0.2487009960621947, -0.159956369808845, -0.6662961027572804,0.6845518809890954]
[0.05301336746749385, 0.154214620308154, 1.0200983802841908, -0.26400631912921757, -0.19755631924050462, -0.6803849017261042,0.6544834220139922]
[0.0508722301036934, 0.20794829393607628, 1.0055622295638604, -0.2747561353152975, -0.2380392800577599, -0.6925453001520148,0.6230789472398673]
[0.04428636099356449, 0.26054390013490775, 0.9872972866098815, -0.28057631142728323, -0.28088458553049067, -0.7026642757135998,0.5904605818453147]
[0.03342029408156725, 0.3114397412625527, 0.9653873919621282, -0.2811515623160261, -0.32552506444368634, -0.7106367770262745,0.5567608127049722]
[0.018500831336590175, 0.36009693975921586, 0.9399397461314483, -0.2762313703594512, -0.37135376237803563, -0.7163667280701462,0.522121943717261]
[-0.0001860521545751651, 0.40600705206955046, 0.9110844550769465, -0.2656351178114975, -0.41773144501658616, -0.7197679925474418,0.48669544987995605]
