[0.2071772696475318, -9.207136263732591e-05, -0.05997869391360314, 0.9999999580690816, -0.00028247424399807495, 6.369186674865985e-05,3.6719165151200773e-06]
[0.26764845989310354, 0.00523392105755722, -0.04104450830139725, -0.9995344163231713, 0.00013184909808034836, -0.03040381150181726,0.0025576253585825005]
[0.3252094199074287, 0.01579234867797448, -0.015139965216094453, -0.9981118236095823, -0.0006952473876700229, -0.06057065857063908,0.01017347148928379]
[0.37883130334600973, 0.0312920811673445, 0.01739219867125094, -0.9956437352718959, -0.00285557605875633, -0.09039435614396794,0.02267726783625777]
[0.42753807050111375, 0.051317708773007197, 0.05616416220778059, -0.9919861995164005, -0.006970384493552667, -0.11971281851137544,0.039794909135249426]
[0.47040844426323036, 0.07533438544260823, 0.10073859739101637, -0.986944900217769, -0.013608693389400147, -0.14837541393584072,0.061149848223357305]
[0.5065811909586598, 0.10269293249522851, 0.15061920966729386, -0.9802821663139545, -0.023271794973834057, -0.1762463465806338,0.0862700601744061]
[0.5352652434354486, 0.13263625944384091, 0.20523778346752997, -0.9717256626001506, -0.036379324420873445, -0.20320767362693196,0.11459678345446535]
[0.5557554985039955, 0.16430839273867037, 0.26393973612703964, -0.960978531545508, -0.053257229705006015, -0.22916188164737833,0.14549488442079528]
[0.5674543120122825, 0.19676745277939633, 0.32597047598382495, -0.9477307161162227, -0.07412792241416168, -0.25403395604510026,0.17826466285965975]
[0.569897861165764, 0.22900376743175074, 0.39046495859223973, -0.931671160459446, -0.09910284273154962, -0.2777728886089197,0.21215489078626515]
[0.5627857292775126, 0.25996396034251495, 0.456442726436379, -0.9125005594981761, -0.1281776171925244, -0.3003525807417457,0.2463768548547848]
[0.5460113749337488, 0.28858132955755944, 0.5228104055159231, -0.8899443106518636, -0.16122992915345577, -0.32177211343198214,0.2801191548271322]
[0.5196906480900977, 0.3138121805892541, 0.5883731353213268, -0.8637653114898024, -0.19802016049317073, -0.3420553692772255,0.31256299693630535]
[0.48418526630160863, 0.3346770580624722, 0.6518557598730688, -0.8337762464073721, -0.2381948002841013, -0.36125000653965367,0.34289771189022367]
[0.4401182001995269, 0.3503051017236162, 0.7119338516173106, -0.7998510134492565, -0.28129255343093057, -0.37942580000730824,0.37033622285339446]
[0.3883782486689923, 0.3599791103617013, 0.7672738310491535, -0.7619349590449955, -0.3267530209896899, -0.39667237804496513,0.3941301890941178]
[0.3301116949189579, 0.36317840273151036, 0.8165806423217123, -0.7200536133252763, -0.37392776542798334, -0.413096399334688,0.41358455608976114]
[0.26669978334490546, 0.3596162799471244, 0.8586507093497407, -0.6743196513128574, -0.4220935197820644, -0.4288182261300347,0.42807125265542556]
[0.1997217800077138, 0.34926886529727585, 0.8924272855101828, -0.6249378449084221, -0.4704672507308791, -0.4439681630942109,0.4370417899351248]
[0.1309044956120891, 0.33239235052054283, 0.9170548732446127, -0.572207816331448, -0.5182227431427074, -0.45868234169630145,0.440038535624826]
[0.0620602672526085, 0.3095262137034108, 0.9319291670263098, -0.5165244544955895, -0.5645083386135498, -0.4730983394617052,0.43670445926551027]
