[0.20711340606731762, -8.084470365247841e-05, -0.05999556949776057, 0.9999999750057337, -0.00022244604887398229, -2.2201109451398712e-05,3.660406565803906e-06]
[0.32355415471445614, 0.012587557427793217, -0.010967396882060665, -0.9928292193772368, -0.032626258775447385, -0.11500283210300871,0.0001303740450082555]
[0.42596387124513174, 0.032001200711975285, 0.06378238183352644, -0.9714201074141714, -0.06441494783993221, -0.22845871435186607,0.0005524879287290893]
[0.5088048489520571, 0.05642235115697538, 0.1607060814016478, -0.9361395501774074, -0.09410407230941265, -0.33880042716141273,0.0011986340855100538]
[0.5675946305896913, 0.08357533639498757, 0.2751938578884229, -0.8875918321807655, -0.12069923633515942, -0.444531860857459,0.001964300564062265]
[0.5991429365311196, 0.11082586383347327, 0.4018064154186446, -0.8266076615825912, -0.143272628832251, -0.5442291737325544,0.0027081541384865395]
[0.6017118342034042, 0.13538845187743234, 0.5345479360042711, -0.7542291284955368, -0.16098308433364153, -0.6365628485859322,0.0032570059033963372]
[0.5750903414351816, 0.15454662792158605, 0.6671647599444399, -0.671690854635108, -0.1730943602526757, -0.7203180524894345,0.0034119651381008353]
[0.520580116090389, 0.16586965017097055, 0.7934540831202304, -0.5803976888949396, -0.17899125488568451, -0.7944129390560248,0.0029556150341231106]
[0.44089449966931704, 0.1674098055234884, 0.9075665529778462, -0.48189936788398524, -0.17819323525692038, -0.857914572956259,0.0016600153515798136]
[0.4185196854890796, 0.219545968138615, 0.9093344841249831, -0.48034055586618274, -0.19757820886134247, -0.851878079913684,0.06737609914417453]
[0.39029411686499915, 0.26807803123037227, 0.9110320937014587, -0.4781702148284739, -0.21607434144415244, -0.8410611645120222,0.1314581384701928]
[0.35681112400788895, 0.3123846160880539, 0.9127033182522275, -0.47542583107017355, -0.23364184233376034, -0.8257654200167267,0.19363171167636856]
[0.31872113370255667, 0.3519391511189877, 0.9143912349807719, -0.47214651754239395, -0.25024373554129153, -0.8062925515495813,0.2536691942483285]
[0.2767172467762457, 0.38631288830592647, 0.916137673659846, -0.46837285569768294, -0.2658459513000614, -0.7829378464920048,0.311385816557892]
[0.23152126621052327, 0.4151758785159486, 0.9179828396651041, -0.46414673302610954, -0.28041740748009986, -0.7559846233689413,0.3666348824553512]
[0.1838704306948791, 0.43829612439372234, 0.9199649511673185, -0.45951117688166504, -0.2939300806498137, -0.7256997586623913,0.4193023327950474]
[0.13450505021671233, 0.4555371530444113, 0.9221198934031072, -0.4545101852141291, -0.3063590665939157, -0.6923303599800411,0.46930084860591303]
[0.08415718224811791, 0.4668542612508455, 0.9244808928050359, -0.44918855483062164, -0.31768263013436965, -0.6561016220341459,0.5165636943148928]
[0.033540431836891274, 0.47228968446007147, 0.9270782136107549, -0.44359170781785556, -0.3278822441391634, -0.61721586972255,0.5610385021512703]
[-0.01665909127407281, 0.4719669285930702, 0.9299388793887764, -0.4377655167606403, -0.33694261764208844, -0.5758527609955999,0.6026811946672402]
[-0.06579066861077154, 0.46608448265865027, 0.9330864217170562, -0.4317561293944296, -0.34485171303524914, -0.5321705918658353,0.6414502333775877]
[-0.11324576701477375, 0.4549091022678895, 0.9365406580313282, -0.4256097933296563, -0.35160075233458904, -0.4863086175600491,0.6773013681268276]
