[0.20718343256435737, -9.620503579591105e-05, -0.05996775690787602, 0.9999999467044405, -0.000315596243479786, 8.352617851163828e-05,3.6749221702659373e-06]
[0.24678629922739592, -0.018689042941824476, -0.045395439968229756, 0.9995558561722554, -0.019269485579244926, 0.022530474059176058,0.003025732296432693]
[0.28269968330681017, -0.0455447518442958, -0.026955866787670174, 0.9981999661870763, -0.03863601437578702, 0.04426932250121429,0.01201303386150213]
[0.3134433767115368, -0.0799233081386318, -0.004781457484535262, 0.9958157559152732, -0.05881262111059596, 0.06461049703689424,0.02678692855928749]
[0.33767785464482314, -0.12082394272194293, 0.021009109968867873, 0.9922131654672407, -0.08016727649618063, 0.08289840860194064,0.047054180514901164]
[0.35423890785080836, -0.16700615161826626, 0.05030759050939937, 0.9871345110189853, -0.10302472638022106, 0.09852746072553192,0.07241341307084348]
[0.36217160621215416, -0.21701375190919983, 0.08300969967927638, 0.9802625572571166, -0.1276538573305117, 0.11095692021306532,0.10236392628856797]
[0.360764051099967, -0.26920323825744197, 0.11900592600118068, 0.9712305470698062, -0.1542565169799011, 0.11972431259868978,0.13631669149625777]
[0.34958062331133477, -0.32177801077957047, 0.15817024654128015, 0.9596339393770121, -0.18295808665366248, 0.12445703662653695,0.1736072779520751]
[0.32849357738379625, -0.3728300432124386, 0.20034750348748567, 0.9450435627701702, -0.21380006213061023, 0.12488193184586148,0.2135104236285823]
[0.2977109886680538, -0.42039021623387535, 0.24534030020255648, 0.9270198562283494, -0.24673485055732716, 0.12083257919109314,0.2552559254647234]
[0.2577983474267603, -0.4624878694519179, 0.29289633174803753, 0.9051278394528234, -0.2816229386419228, 0.11225416514573716,0.29804549499293853]
[0.20969062563997276, -0.4972191814427871, 0.3426970740002181, 0.8789524349982457, -0.318232530516872, 0.09920579463175397,0.34107020368681507]
[0.15469150669295426, -0.5228228596704736, 0.39434871613957817, 0.8481137528684589, -0.3562416943865271, 0.0818601949111016,0.38352812917061474]
[0.09445672325375502, -0.5377604272234178, 0.4473761347610415, 0.812281945878523, -0.39524299663069834, 0.06050081126296328,0.4246418088821563]
[0.030959112608998834, -0.5407972626990545, 0.5012205776735551, 0.771191250942966, -0.4347505418171538, 0.03551635370821337,0.4636751119889744]
[-0.033565953275426816, -0.5310796174971077, 0.5552415573128168, 0.7246528474035856, -0.47420927847620403, 0.007392911290131517,0.49994915323421657]
[-0.09669474090186671, -0.5082022244598144, 0.6087232551381214, 0.6725661882200724, -0.5130063748685556, -0.02329619488686077,0.5328568936507616]
[-0.15590733286369676, -0.47226092242733114, 0.6608855185222244, 0.6149284927740051, -0.5504844176269382, -0.055902597728798624,0.5618761022608042]
[-0.2086945567303498, -0.42388501699382597, 0.7108993007007086, 0.5518421304531702, -0.5859561402714751, -0.0897168411707458,0.5865803893290377]
[-0.25267483115268496, -0.3642448995680098, 0.7579061632177586, 0.4835196711876769, -0.6187203492651546, -0.1239837998725893,0.6066480646543926]
[-0.2857147430640375, -0.29503172845859377, 0.8010412400462554, 0.4102864316484941, -0.6480786834191491, -0.15791922003744951,0.6218686228180451]
[-0.30604619061684213, -0.21840766365457107, 0.8394588638835959, 0.3325804027103535, -0.6733528188401668, -0.1907270140802136,0.6321467101813211]
[-0.3123724391030177, -0.1369271252243484, 0.872359887897832, 0.25094950373971936, -0.6939017168100061, -0.2216169243007778,0.637503484574303]
[-0.30395552317662566, -0.05343166396571344, 0.899019608980457, 0.16604617093653012, -0.709138506378544, -0.2498221616863718,0.638075336789374]
[-0.28067812321979835, 0.02907687939446598, 0.9188151181949205, 0.0786193489347109, -0.7185465972052285, -0.2746166256883884,0.6341100019029768]
[-0.2430743297338014, 0.10757837207416412, 0.9312508753869468, -0.01049598426107708, -0.7216946312583712, -0.2953313193061654,0.6259601467858119]
[-0.1923255175863298, 0.17918349118704752, 0.9359813303450835, -0.10039157054781901, -0.7182499041222816, -0.31136959088354504,0.6140745766307948]
[-0.1302197634959446, 0.24128090332421714, 0.9328294925359673, -0.19010066020833408, -0.7079899174094645, -0.3222208593137897,0.5989872566741122]
[-0.05907569675171899, 0.291673154785667, 0.9218004828920761, -0.27861454315844153, -0.6908117624724563, -0.32747251230219615,0.5813043943209099]
[0.018365811589250144, 0.32869225676372993, 0.9030892796180108, -0.36490048729359753, -0.6667390814193713, -0.32681970723104614,0.5616898705214131]
