[0.20715497945640576, -7.462245485268895e-05, -0.05997214238749696, 0.9999999692261978, -0.0002432992993939233, 4.8369847797484096e-05,3.6623194055001857e-06]
[0.24912683039729733, -0.011651199176191512, -0.043526152327907575, -0.9982257489595928, 0.054799267765948435, -0.023005040678182872,0.0036280118207220927]
[0.28887875300264954, -0.022065672814712473, -0.022471671619279515, -0.9929657923647138, 0.10807576417886255, -0.046161147360545766,0.014412247049962839]
[0.3265106374759823, -0.031135382783597232, 0.0030759344537827638, -0.9843204099658632, 0.1588215137066676, -0.06970340120853977,0.032101295433663586]
[0.36208129445919296, -0.03875606704773925, 0.03312992073288251, -0.9724537533395097, 0.20583407555720112, -0.09379577817708389,0.05628839091294177]
[0.3955443546040641, -0.04488659280715222, 0.06780371917037162, -0.9575896909117483, 0.24798302833911495, -0.11856899128480183,0.08641640944293476]
[0.42669800551694054, -0.04952420115480419, 0.10726554236997524, -0.9400061794967397, 0.2842317473794556, -0.1441109212848802,0.12178973132406491]
[0.45515394161205464, -0.05267360094957163, 0.15168010823361017, -0.9200282697138356, 0.3136573493916385, -0.17045828683168607,0.16158905455006722]
[0.4803291359751143, -0.05431403242889315, 0.2011427365940479, -0.898019917182147, 0.3354684166392809, -0.19758980418077135,0.20488884563467194]
[0.5014619479370442, -0.05436877669093105, 0.25561183624650174, -0.8743748010913674, 0.34902015724086566, -0.2254210488790673,0.25067705873943574]
[0.51765183868422, -0.05268147038600169, 0.3148460972488872, -0.8495063766792815, 0.3538267095977634, -0.25380118885029285,0.29787670619677]
[0.5279197756755497, -0.04900299870916064, 0.3783525017500909, -0.8238374077116432, 0.3495703560542782, -0.28251171079033843,0.34536882472128494]
[0.5312844565488576, -0.04299173285536402, 0.4453505773668587, -0.7977892387844798, 0.336107472646074, -0.311267210999222,0.3920163525516698]
[0.5268479455252251, -0.0342285410065791, 0.5147571875066762, -0.771771074812337, 0.31347110690245694, -0.33971826891221124,0.43668841407535586]
[0.5138833255339592, -0.022246458913626116, 0.5851946637298153, -0.7461695362309869, 0.28187014281117384, -0.36745636792777897,0.47828450054519595]
[0.49191661568923906, -0.006573303947255055, 0.6550233445947741, -0.7213387531795358, 0.24168507986474239, -0.39402077496204885,0.5157580384545383]
[0.4607955198766256, 0.01321598911458699, 0.7223977215214028, -0.6975912503333325, 0.19346052020657306, -0.41890723877864683,0.5481388509115466]
[0.4207385339138473, 0.03744179099134151, 0.7853435434961822, -0.67518985638125, 0.13789452292217336, -0.4415783188018525,0.5745540416288647]
[0.3723594663256618, 0.0662623209575944, 0.8418515376018378, -0.6543408487661704, 0.07582504615964684, -0.461475112004702,0.5942468653776001]
[0.31666439281816827, 0.09962207626995806, 0.8899819900240953, -0.6351885157565773, 0.008213754770988119, -0.47803010666181545,0.6065931921876574]
[0.25502030103217294, 0.13721178595784467, 0.9279734114580925, -0.6178112848326326, -0.06387247760431916, -0.49068085923756677,0.6111152242548218]
[0.18909700074307473, 0.17844485710275382, 0.9543479630875304, -0.6022195295021159, -0.13928199866344032, -0.49888416526760465,0.6074921833075825]
[0.12078607893926291, 0.22245411138695004, 0.9680062920642458, -0.588355126851217, -0.2168003296772024, -0.5021303774453848,0.595567750811191]
[0.05210258251917657, 0.2681110272252261, 0.9683049286321285, -0.576092796295397, -0.29517320140554554, -0.49995751472461913,0.5753541124376657]
[-0.014923447184904941, 0.31406783674022243, 0.9551104021270717, -0.5652432070909412, -0.37313021586989187, -0.4919648053805866,0.547032530211209]
[-0.07835760564515407, 0.35882083519708974, 0.9288256747293336, -0.5555577991926609, -0.4494086660877578, -0.4778253147255472,0.5109504390925422]
