[0.20713898772801612, -9.821260045835047e-05, -0.059979160773308685, 0.9999999488475693, -0.000319746586286591, 7.320865469557319e-06,3.6584966042630645e-06]
[0.28916540466343155, 0.012639113150862313, -0.02386590746416059, -0.9960878138564615, -0.022738231002496938, -0.08539114272422396,0.0006266432669262786]
[0.363282358675116, 0.029707532916567837, 0.026890750134526742, -0.9843793056561748, -0.04544677864250105, -0.1700751118620312,0.002535593028194309]
[0.42694660719978, 0.050282036947129696, 0.09077189424850252, -0.9649983260385622, -0.0674582791348515, -0.2533684471012918,0.005660506374662753]
[0.47798811915266504, 0.07330975702135135, 0.16588084632822714, -0.9381496990168405, -0.08843062211099628, -0.3346000336790983,0.00989872565637874]
[0.5146805225949133, 0.09756314734834946, 0.25000928305259545, -0.9041165207608362, -0.10802994977528542, -0.4131277246087909,0.01511059225951511]
[0.5357928590049444, 0.12170071974452625, 0.34071223473255907, -0.8632565020044388, -0.12593338955556754, -0.4883469987577405,0.021123492760756316]
[0.5406209543454449, 0.14433217309605867, 0.43538897506595836, -0.8159973552638916, -0.14183176731290764, -0.5596987871070407,0.027736865254375184]
[0.5289977021955076, 0.16408461658408313, 0.5313666474536136, -0.762831292797133, -0.155432293151814, -0.6266763002187771,0.03472802498168933]
[0.5012825492489975, 0.17966663085590945, 0.6259834527896395, -0.7043087138291751, -0.16646120995341268, -0.688830715806787,0.04185864505987436]
[0.45833142434533497, 0.18992713428060487, 0.716668345474393, -0.6410311709771049, -0.1746663925848273, -0.7457756148054476,0.04888170924468284]
[0.4014492083169424, 0.19390640474382248, 0.8010144398859186, -0.5736437158599345, -0.17981988338646523, -0.7971900866799395,0.05554873979232757]
[0.3323275592925201, 0.19087712361640613, 0.8768437035170306, -0.5028267324236076, -0.1817203470803017, -0.8428204590664063,0.06161709500053163]
[0.2529714518188563, 0.18037392238101646, 0.9422609844264641, -0.4292873734238363, -0.18019542575761197, -0.8824806422634165,0.06685712815582968]
[0.16561813451137192, 0.16221058344893863, 0.9956959638619615, -0.35375072068847085, -0.1751039721789526, -0.9160511146788196,0.07105900249252417]
[0.07265234853686589, 0.13648473194416016, 1.0359322109102358, -0.2769507931530756, -0.16633813733957892, -0.9434766101244622,0.07403896532458927]
[-0.02347842050640804, 0.10357051203690201, 1.062123114138168, -0.19962152818268208, -0.15382528620704472, -0.964762600920141,0.07564489854006429]
[-0.12034514798868108, 0.06410033034067697, 1.0737950447121196, -0.1224878613425001, -0.13752971380966872, -0.9799707012357364,0.0757609817961109]
[-0.21561185531277668, 0.01893723630444738, 1.0708386373595433, -0.046257027572745836, -0.11745413252615898, -0.9892131421511183,0.07431132853188371]
[-0.30710106284701894, -0.030860130253796587, 1.0534895339183818, 0.0283897973014882, -0.09364090057339186, -0.9926464928195798,0.07126248270985762]
[-0.392848257680299, -0.08407787746514708, 1.0223002978427695, 0.10080540156643819, -0.0661729613788555, -0.9904648202619117,0.06662469527825805]
[-0.4711442296877448, -0.1393902707809653, 0.9781054613424878, 0.17038388338731994, -0.035174463814841156, -0.9828924931984382,0.06045193290005715]
[-0.5405648376998273, -0.19540407499791768, 0.9219818007720731, 0.23656734056831255, -0.0008110342103554161, -0.9701768425864432,0.052840606629236314]
[-0.5999884338230097, -0.2507018962541561, 0.8552059483191562, 0.2988518178683993, 0.0367103273212418, -0.9525808929589406,0.043927043996472674]
[-0.6486017594027571, -0.30388290277968233, 0.7792113437881963, 0.35679243700113894, 0.07714175137437138, -0.9303763741998237,0.0338837634343185]
[-0.6858955994883607, -0.353599690050298, 0.695546320739101, 0.4100076470495209, 0.1201954266608552, -0.9038372131381774,0.02291464416794638]
[-0.7116518220676258, -0.39859048351684784, 0.605834823670949, 0.4581825464698165, 0.16554496869386956, -0.8732336885532301,0.011249116689802151]
[-0.7259236224565954, -0.43770630380294073, 0.511740889364532, -0.5010712419298895, -0.2128272436828249, 0.8388274122518301,0.0008644721558084187]
[-0.6899262455171855, -0.46124652206616856, 0.5836655022655849, 0.46651312600717576, 0.20470509629398584, -0.8589298516938062,0.05196957459455799]
[-0.647154058968358, -0.47813447819983423, 0.6559134018800541, 0.42727516157029605, 0.19610510244405932, -0.8763127034607441,0.10514167039668318]
[-0.5981200027925838, -0.48718937473404933, 0.7276156969610396, 0.38343218813956326, 0.18656828788546462, -0.8906187712277214,0.1580197310174178]
[-0.5435533329207117, -0.487344231077124, 0.7977692352495068, 0.3351644856883052, 0.1756376678460079, -0.9015130633328209,0.20997707924243295]
[-0.48439927632987634, -0.4777023049987102, 0.865258504441353, 0.28275591144772294, 0.16287366613976867, -0.9086875176877409,0.26040018935870723]
[-0.4218062532207431, -0.4575917692272505, 0.9288853639258723, 0.22658946634433483, 0.14786912015106993, -0.9118654308284933,0.30869624731684864]
[-0.3571004491549989, -0.4266152099720928, 0.9874054759051998, 0.16714038994189787, 0.13026348502800678, -0.9108055330870131,0.35430043101372444]
[-0.29174837466000403, -0.3846906052206062, 1.0395699261496414, 0.10496694196632866, 0.1097558698881793, -0.9053056563832882,0.396682818684841]
[-0.22730888659844797, -0.33208076062466674, 1.0841702171194727, 0.04069908399965716, 0.08611656708076923, -0.8952059463367431,0.43535483812534886]
[-0.16537690589106666, -0.2694087151828824, 1.1200845959460461, -0.024974674558386156, 0.059196771903432775, -0.8803915762061469,0.46987517530954126]
[-0.10752169596260579, -0.19765734814728478, 1.1463235589303766, -0.09132195782531624, 0.02893623378872503, -0.8607949265126732,0.4998550678777972]
[-0.055223020017924423, -0.11815227976865213, 1.1620723599265892, -0.15758238650727788, -0.004631370166818838, -0.8363972009977361,0.5249629168200378]
[-0.009808739116301077, -0.032528108278354, 1.1667284440116987, -0.2229842481065481, -0.04137549352234808, -0.8072294567271413,0.5449281584063572]
[0.027602572690495437, 0.05732099644911034, 1.1599319265106098, -0.2867615793930114, -0.08106830612359416, -0.7733730335828792,0.5595443478877186]
[0.056150639244130135, 0.14930437906683236, 1.141587531747157, -0.34817125524591636, -0.12338684135775449, -0.7349593759873212,0.5686714165918374]
[0.07527120338892918, 0.24120885515727117, 1.1118767819575546, -0.4065096764691219, -0.1679176772045797, -0.6921692473836737,0.5722370746425886]
[0.08472017823258979, 0.33078003543016127, 1.0712596665720227, -0.46112865724662944, -0.2141640615790392, -0.6452313456525295,0.5702373424998722]
[0.08458273823668906, 0.41580702265802005, 1.0204655041925834, -0.5114501303624754, -0.26155533269328474, -0.5944203351793651,0.5627362057102454]
[0.07526675226862785, 0.494206228120886, 0.9604732104935395, -0.5569793147696573, -0.3094584287103362, -0.5400543186057336,0.5498643985330839]
