[0.20715533819160525, -7.686804753066499e-05, -0.059978468616792485, 0.9999999824635001, -0.00018716155835079334, 5.478347122415958e-06,3.6794970579839053e-06]
[0.2505611530028322, -0.002183087539795628, -0.04946479116719381, -0.9994701919157993, -0.026199489521577857, -0.019297742462633022,0.0007206638954511563]
[0.29294108574735256, -0.0027118799688629924, -0.03607213084735336, -0.9978417744146793, -0.05284214595234819, -0.03887598879989744,0.002856280613962795]
[0.3341392586693012, -0.0016593671844238357, -0.019883415402159377, -0.9950274918804516, -0.0799849781104078, -0.05901559256830191,0.006312963851303566]
[0.37400247928459013, 0.0009642432021252116, -0.0009689829599099087, -0.9908848183704023, -0.10785121541604638, -0.07997276526791611,0.010942982762460642]
[0.41237422299481974, 0.005134559133130413, 0.020612113949620287, -0.9852200761378443, -0.1366333199399341, -0.10197553196935873,0.01654473743214184]
[0.4490891409042535, 0.010812898679087685, 0.0448092436165862, -0.9777940941635364, -0.16648390856892267, -0.12521534619048671,0.022867765192971106]
[0.48396841988180855, 0.017946198118273148, 0.0715759143880593, -0.9683292613073958, -0.1975076478326255, -0.1498395342681456,0.02961899245082945]
[0.5168162865501968, 0.026466960998103754, 0.10086428670168099, -0.9565178143758204, -0.22975432446080832, -0.17594474418691614,0.03647009961958408]
[0.5474178995384132, 0.036293281412006384, 0.13261874280860533, -0.9420311729141552, -0.26321326928338046, -0.2035715532936318,0.04306584285433386]
[0.5755388167368339, 0.047328978658355725, 0.16676882515045105, -0.9245301080193333, -0.2978092827279548, -0.23270036560026966,0.049033155479961676]
[0.6009261585631246, 0.059463882285613515, 0.20322188859791626, -0.9036755124473493, -0.33340017752402706, -0.2632487029255648,0.053990834759022444]
[0.6233115168057838, 0.07257430609308602, 0.24185583280357373, -0.8791395241945316, -0.3697760189661669, -0.2950699654683308,0.05755960627961364]
[0.6424155841056169, 0.08652374687527473, 0.2825122878700336, -0.8506167458898353, -0.4066601059546035, -0.3279537071078765,0.05937234904380654]
[0.657954404336397, 0.10116383860255117, 0.32499061899332793, -0.8178352979687505, -0.44371169779365166, -0.36162743938698644,0.05908425949313502]
[0.6509650389653472, 0.14732452222071218, 0.39624615590834983, -0.7810673616477967, -0.4744581601924489, -0.4046202375821855,0.03325197940398025]
[0.6329506853276673, 0.19176930245668045, 0.46917375588331456, -0.7403214771911971, -0.4991688383906779, -0.4501312346801899,0.011681299346962392]
[0.6039489417354015, 0.23227497671440545, 0.5428035423771065, 0.6961231815264451, 0.5175527998022045, 0.49751808896675975,0.005231320030660099]
[0.5644811812460875, 0.2666174192479992, 0.6160914626397423, 0.6490367103942405, 0.529384195602744, 0.5460846503892881,0.017183614749755702]
[0.5155567175139899, 0.2926788956316925, 0.6879387346313658, 0.5996582572225544, 0.5345057372959263, 0.5950956261199167,0.023974718256769532]
[0.4586521233317692, 0.30855628623098913, 0.7572135803528417, 0.5486088149043827, 0.532831371058694, 0.6437921519200664,0.025510063721037483]
[0.39566558291714254, 0.31266430335711537, 0.8227746962288061, 0.49652669155293366, 0.52434810855547, 0.6914079088262288,0.021803881359529587]
[0.32884760427294496, 0.303827817121866, 0.883495847003769, 0.4440597958941185, 0.509116983769209, 0.7371854134652358,0.012979240436421692]
[0.298645845291009, 0.3353854250531324, 0.8900648960075074, -0.4292387849627643, -0.5046834510948786, -0.7478784023497282,0.041552075441202437]
[0.2645332928359414, 0.3639764975738378, 0.8965936986372327, -0.41369939393750993, -0.5001086357890419, -0.7543813799991501,0.09824915966835937]
[0.2268064730302462, 0.3890570054758128, 0.9030487775299835, -0.39745463851903773, -0.49536354935019394, -0.7563450938443087,0.15680198759111205]
[0.1858419809296393, 0.41011157510815033, 0.9093949028130784, -0.3805201382082396, -0.49041908691523645, -0.7534389999247509,0.21684837329249132]
[0.142094195529256, 0.4266657045337362, 0.9155953687107758, -0.362914118451917, -0.48524617498311484, -0.7453588545390359,0.2779742258785528]
[0.0960910764438129, 0.4382979450995358, 0.9216122892951667, -0.3446574031286918, -0.47981592029142694, -0.731834503730542,0.33971490437269475]
[0.04842799294512662, 0.44465173919014905, 0.927406910782344, -0.3257733973097507, -0.4740997592721599, -0.7126377113689383,0.40155772212495877]
[-0.00024041281772055854, 0.4454465870078691, 0.9329399376117733, -0.30628806026423055, -0.4680696075078375, -0.687589857206101,0.4629456284860331]
[-0.049210270633420886, 0.44048820598177324, 0.9381718694075537, -0.286229868714503, -0.46169800860653554, -0.6565693302802584,0.5232820708181881]
