[0.20713176978676964, -6.336963831481144e-05, -0.059998720382483675, 0.999999975718453, -0.00022031922507391045, 3.017917947581116e-06,3.6640260095022666e-06]
[0.2741475768517378, 0.011941240177169847, -0.03653981050660576, 0.994004931970769, 0.08803684020619015, 0.06474150373659743,0.003499668301586125]
[0.3370150159144249, 0.027792906905648927, -0.004882622458380004, 0.9760963612577381, 0.17469065581508217, 0.12855091368057756,0.013918724876537345]
[0.39458255727995584, 0.047086746724106135, 0.03438833803690952, 0.94661765192838, 0.25816871408560493, 0.19051556775739958,0.031108753865458652]
[0.4458244334506916, 0.06931611735191949, 0.08056047746550002, 0.9061333448409425, 0.3369638358890222, 0.2497451263668599,0.05481885192452611]
[0.48986383545283857, 0.09388912945639147, 0.1328104776138032, 0.8554173915280431, 0.40966497913442224, 0.30538679378137185,0.08470299478817916]
[0.5259915223896547, 0.12014762148199971, 0.1902242013462735, 0.7954370680826697, 0.47498610374489664, 0.35663697535172084,0.12032514193328407]
[0.5536793091037426, 0.14738786830111683, 0.2518185421805259, 0.7273328900738217, 0.5317923888479685, 0.4027522192929092,0.16116566642703334]
[0.5725880877715096, 0.1748822338583863, 0.3165645602032774, 0.6523949593622471, 0.5791232495671674, 0.4430592847060849,0.20662901307713033]
[0.5825702420924916, 0.20190095211917636, 0.3834112106882517, 0.5720362498019869, 0.6162116702561997, 0.47696419067751233,0.2560524695524133]
[0.5836665189634487, 0.22773323020473174, 0.4513089592610174, 0.4877634038204091, 0.6424994508927232, 0.5039601166605759,0.30871591846151497]
[0.576097623508947, 0.2517069120303044, 0.5192325890389651, 0.401145664353495, 0.6576480518808144, 0.5236340416548867,0.3638524237213923]
[0.5602509907077544, 0.2732060178662069, 0.5862025404216887, 0.3137826054383325, 0.6615448177454937, 0.5356720286807316,0.42065949214000065]
[0.5366633528775109, 0.29168558130565037, 0.6513041818278583, 0.22727134909872423, 0.654304460038847, 0.5398630814148521,0.47831084116647404]
[0.5059998602112694, 0.30668333509242407, 0.7137044875703296, 0.14317396549198175, 0.6362657820159925, 0.5361015212912218,0.5359684963783944]
[0.4690306159333909, 0.3178279449731682, 0.772665694399456, 0.06298574743776494, 0.6079837300310914, 0.5243878555483198,0.5927950375894036]
[0.42660555451602417, 0.32484364921325315, 0.8275556175622558, -0.011894970418155262, 0.5702169568998947, 0.5048281292815779,0.6479658105399064]
[0.3796286185204767, 0.32755132318532365, 0.8778544265542482, -0.08019481295000803, 0.5239111784773788, 0.4776317771897192,0.7006809220044088]
[0.3290321765341562, 0.3258661459058475, 0.923157805753224, -0.14079060066845023, 0.47017869430784115, 0.44310801303984965,0.7501768397933034]
[0.27575257269174724, 0.31979219118668367, 0.9631765512897785, -0.19273129658737143, 0.4102745244672497, 0.40166081657676517,0.7957374254839403]
[0.2207076104489753, 0.309414393394739, 0.9977327782617593, -0.235256212754108, 0.3455696858699676, 0.3537825983357993,0.8367042366828895]
[0.16477665423911295, 0.2948884407865921, 1.0267530273038858, -0.2678091078666418, 0.2775221908187135, 0.30004664227006766,0.8724859470554889]
[0.10878388835356902, 0.2764292233062721, 1.0502586624388606, -0.2900478976456018, 0.2076463971643375, 0.2410984439770312,0.9025667460791426]
[0.05348510987810154, 0.2542985033153317, 1.068354039368056, -0.3018497955964983, 0.1374813721271273, 0.17764607833585572,0.9265135962673651]
[-0.0004417404551541222, 0.2287924852487071, 1.081212991796653, -0.3033118013570885, 0.0685589499414511, 0.11044974430523732,0.943982243224602]
[-0.010348495748662713, 0.24110848254144301, 1.0709379160742103, -0.33075395402020186, 0.03471899665329789, 0.06992386876791716,0.9404823580205627]
[-0.01907351126116562, 0.25260770941175564, 1.0598233693495123, -0.35512327696282014, 8.672121660585878e-05, 0.02912551232888732,0.9343656431880396]
[-0.02654508252208118, 0.26332016527999336, 1.048057651473319, -0.3764344647177304, -0.03496622599311622, -0.011802526353327441,0.9257079221785636]
[-0.0327163638001849, 0.2732811334270524, 1.035824864464626, -0.3947466565218904, -0.07008113946255283, -0.05271411815930543,0.9145955022867246]
[-0.037565126529721604, 0.2825279990533833, 1.023300833284765, -0.4101607562004959, -0.10491757379364104, -0.09346051687257707,0.9011246243268487]
[-0.04109279354738632, 0.291097332741199, 1.010649316543194, -0.42281612241972943, -0.13915820997689116, -0.1338910946694854,0.8854008662669013]
[-0.0433228422789355, 0.29902235854282855, 0.9980185905804221, -0.43288669805570046, -0.1725131988282344, -0.1738540958186484,0.8675385041850093]
[-0.044298691288870595, 0.3063309000649489, 0.9855384809533555, -0.4405766559886809, -0.20472391775493726, -0.2131974045521198,0.847659834125188]
[-0.04408119940594375, 0.3130438688357311, 0.9733179043163458, -0.44611564577754026, -0.23556608801647277, -0.2517693229708802,0.8258944586204029]
[-0.042745914530616706, 0.3191743284466537, 0.9614429713042398, -0.44975373128957186, -0.2648522114290745, -0.28941935477047004,0.8023785418220515]
[-0.04038021012701226, 0.32472713700377187, 0.9499756875680043, -0.4517561133726248, -0.29243329782039545, -0.32599899051882436,0.7772540373243846]
[-0.03708044154543078, 0.32969914081609086, 0.9389532758981188, -0.4523977340043086, -0.3181998672572132, -0.36136249018812744,0.7506678928995795]
[-0.032949242271575196, 0.3340798653936605, 0.9283881277210149, -0.4519578590104358, -0.34208222392365883, -0.3953676586358833,0.7227712364634653]
[-0.028093062796020776, 0.33785262695446727, 0.9182683775030785, -0.4507147354141481, -0.3640500112982204, -0.4278766097475978,0.6937185476727737]
[-0.022620033117916768, 0.3409959697494218, 0.9085590790800977, -0.4489404167894223, -0.3841110707457419, -0.4587565149943629,0.6636668196118642]
[-0.016638205194699177, 0.34348532234110324, 0.899203948976151, -0.44689584570717295, -0.40230963759326727, -0.48788033222311167,0.6327747150598791]
[-0.010254205293681883, 0.3452947599474378, 0.8901276286998192, -0.44482627656512846, -0.41872391999332287, -0.5151275105850288,0.6012017218381035]
[-0.0035722996073042383, 0.3463987602050878, 0.8812384061016648, -0.44295711489576867, -0.4334631162060386, -0.5403846676181673,0.5691073117219372]
