[0.20708908640304263, -8.544469963538008e-05, -0.060005038319555504, 0.999999966962045, -0.0002481757590094519, -6.686825169182828e-05,3.6522416106280634e-06]
[0.22090700385601347, -0.005817420147180005, -0.05018440838331195, -0.9978470967604812, 0.065510486772915, -0.002846619423899913,0.0012018183350094688]
[0.23388035557792, -0.010855822784262448, -0.039023618487139755, -0.9914549554016349, 0.13024391604039723, -0.005536289418055441,0.004789910592484869]
[0.2459932211281926, -0.015139731253192637, -0.02657283633051588, -0.9809258384795277, 0.19393147670106622, -0.007783192477068291,0.010700638422288567]
[0.25723270682517785, -0.018619728371529896, -0.012876473271737715, -0.9664276231371278, 0.2560760352461228, -0.009378118585651697,0.018835187865850908]
[0.26758462285486617, -0.021257746944230223, 0.0020259984763495442, -0.9481901466158263, 0.31620968060653387, -0.0101262532911337,0.029057576389916483]
[0.27702951740194737, -0.023026384010025207, 0.01809840079124625, -0.9265002481087722, 0.3739024589800868, -0.009851584943409472,0.04119693795819314]
[0.2855392867451354, -0.023907752554852515, 0.0353054628201874, -0.901695580839055, 0.42877028431598113, -0.008400986078654952,0.0550503970541407]
[0.293074552166902, -0.023891966729583103, 0.053609814785664345, -0.8741573279278253, 0.48048185186890285, -0.0056478973838776664,0.07038648527846524]
[0.32495493668489867, -0.01280750814233137, 0.08240081901177235, -0.8949567381124409, 0.4399035158993746, -0.03875822052949458,0.0635227041922474]
[0.35425772327858845, 0.0014121777853993087, 0.11396436634691576, -0.9117257512308434, 0.400055821865645, -0.07381595263150315,0.057120040888128824]
[0.38059051594567717, 0.018362232598555545, 0.14823788138094487, -0.9243824754110616, 0.3613661993263567, -0.11077356159174473,0.051582237152165505]
[0.40358317851717374, 0.03758924156136447, 0.1851511671037991, -0.9328819142112793, 0.32424943834079434, -0.1495153619149509,0.047315879201599374]
[0.4228924703836754, 0.058587218447158536, 0.22461778167312427, -0.9372159277182511, 0.2891035952750341, -0.1898567745384178,0.04471936037261497]
[0.4382100897365148, 0.08079424154310838, 0.2665261655339136, -0.9374128373906847, 0.2563060620419699, -0.2315453183687725,0.04417171489978167]
[0.44927396613587056, 0.1035909208352718, 0.3107309505947269, -0.9335366826146326, 0.226209837533344, -0.27426334939906266,0.046021590502858624]
[0.45588228424271277, 0.12630180997598353, 0.35704488638959264, -0.9256861404519185, 0.19914003799047916, -0.31763252236262507,0.05057662881152003]
[0.4579093868898054, 0.1482007117320217, 0.40523180467659625, -0.9139931234267701, 0.1753906806788982, -0.36121990899176726,0.058093517775647335]
[0.45532242413088275, 0.16852057169549037, 0.4550010140738579, -0.8986210733753727, 0.15522177250478414, -0.4045456670204647,0.06876896917312174]
[0.44819740813731634, 0.18646832811923802, 0.5060034710335216, -0.8797629723454103, 0.1388567321661789, -0.44709211601871035,0.0827318573223834]
[0.43673321969643825, 0.2012447073126273, 0.5578300141891084, -0.8576390942477414, 0.12648017110008788, -0.48831404085539953,0.1000367324530229]
[0.42126210245738754, 0.2120685497197574, 0.6100118778783684, -0.83249452340292, 0.11823605490237393, -0.5276500118861704,0.12065889433354017]
[0.40225528088463625, 0.2182048496829616, 0.6620236198845822, -0.8045964682671759, 0.11422626309717472, -0.5645344836090583,0.1444911792709044]
[0.3803225446407149, 0.21899532067566663, 0.7132885109572871, -0.7742314004449294, 0.11450956115544653, -0.5984104111904751,0.17134257716025333]
[0.35620494598602437, 0.2138899848946847, 0.7631863425361443, -0.7417020505807116, 0.11910099454882822, -0.6287421074975481,0.20093875564805716]
[0.33505793149309815, 0.24708966051445502, 0.7868364210261475, -0.729697293863508, 0.06806214719722975, -0.6447875156710097,0.21715999420239385]
[0.31008601743879144, 0.2779448018285861, 0.8100559043805167, -0.7137438248378535, 0.01952324097897807, -0.6598023909195565,0.23419948869360388]
[0.2785981162684368, 0.31287695857213216, 0.8303894376891182, -0.6963850870453773, -0.03467122186841039, -0.670680322157548,0.2530486561624103]
[0.24266085110679958, 0.3440231459435643, 0.8501679397117274, -0.6746984830806533, -0.08573981316136772, -0.6805386678195565,0.2725761599445244]
[0.20276603367670215, 0.3707669367062118, 0.8693550189282068, -0.649114169278042, -0.13333177440210922, -0.6893440809237161,0.29270833823569187]
[0.15949530259486341, 0.3925620328159321, 0.8879159576566601, -0.6200901774706001, -0.1771504175003793, -0.6970688528307463,0.3133702535295088]
[0.11350914928669854, 0.4089456291828291, 0.9058178330692924, -0.5881059027339459, -0.21695520316431394, -0.7036909276244003,0.33448612133918676]
[0.06553396666264177, 0.4195499293913118, 0.9230296295339676, -0.5536554584639046, -0.25256305371287835, -0.7091938844458643,0.35597973464361127]
[0.0163474460535578, 0.42411152972047506, 0.9395223417958903, -0.5172409874083266, -0.28384889536805313, -0.713566888455446,0.37777488169968215]
[-0.03323731388229957, 0.42247844624322495, 0.9552690685647071, -0.47936601682192764, -0.31074543523340026, -0.7168046112661958,0.39979575493669584]
[-0.08238859485147682, 0.4146146227733427, 0.9702450961251733, -0.44052894430860534, -0.3332421881599145, -0.7189071218583273,0.4219673487346081]
[-0.13027333496836943, 0.40060182311012216, 0.9844279716441098, -0.40121673818651177, -0.35138377840999924, -0.7198797491395867,0.444215843985798]
