[0.20707992850462767, -7.975137351883284e-05, -0.060015979660503344, 0.9999999780090411, -0.0001903186551453939, -8.801915327473421e-05,3.654564851268925e-06]
[0.24760358412353356, -0.015626267360392618, -0.0455269455999765, -0.9973739452519828, 0.06879149432908935, -0.02243367549920819,0.003110280383234044]
[0.2857680482996277, -0.03165082195052586, -0.027164180825358486, -0.9895765649105371, 0.13619046915982197, -0.045135231182695745,0.012376962308016682]
[0.3217196903489235, -0.04790463958131738, -0.005029196541056324, -0.9767816149120081, 0.20120982222210362, -0.06818617570949942,0.027621181244699363]
[0.3555914937180501, -0.0642119428064907, 0.02088296221534902, -0.959274042204081, 0.2627159932689342, -0.09173908412477112,0.048554703975092955]
[0.38745180355407, -0.08045514967625836, 0.050667550578800624, -0.9374433892619957, 0.319640075369735, -0.115921642444779,0.07478159505866282]
[0.41726265601452117, -0.09654930875394518, 0.0844828909930824, -0.911774804163112, 0.37099730306917517, -0.14082932365676337,0.10580552540910368]
[0.4448517460997219, -0.11240892974324015, 0.12251407718349014, -0.8828378382322417, 0.4159048452171205, -0.16651885918012313,0.14103893309188045]
[0.4699008537011276, -0.1279112131547799, 0.16493027776716035, -0.8512732855376123, 0.45359754771931765, -0.19300267186206524,0.17981386678208244]
[0.49195206713197137, -0.1428601531878087, 0.21183879026483365, -0.8177783630732433, 0.4834413150714409, -0.2202444158440463,0.22139431126557374]
[0.5104315454131451, -0.1569560377529957, 0.26323928114635664, -0.7830905682953212, 0.5049438697127566, -0.2481557447135075,0.26498976707054667]
[0.5246889807068543, -0.16977448885064098, 0.31898170997797154, -0.7479705809349289, 0.5177626838738023, -0.27659440273945896,0.30976983329056523]
[0.5340494947507264, -0.18075840371737523, 0.3787312702517674, -0.7131845980040743, 0.5217099384804739, -0.3053637052272355,0.354879524332359]
[0.5378735494857094, -0.18922503626347606, 0.4419432947995268, -0.6794865041483218, 0.5167544265083299, -0.3342134437090166,0.3994550380311908]
[0.5356196709624063, -0.1943890937068697, 0.5078504922821343, -0.6476002836756612, 0.5030203825865109, -0.362842220437322,0.4426396845672984]
[0.5269044445749941, -0.19540123182307179, 0.575464137939499, -0.6182030756089101, 0.4807832852285153, -0.3909011851140645,0.4835996830323412]
[0.5115543694010584, -0.19139984338119032, 0.6435899816948505, -0.5919092590745596, 0.4504627414136392, -0.41799911562077974,0.5215395353759494]
[0.4896447511657754, -0.18157267931473264, 0.7108587124702358, -0.5692559335642774, 0.41261262398392773, -0.4437087543637099,0.5557166957470023]
[0.46152181957534155, -0.16522374266396583, 0.7757698861424305, -0.5506901275920818, 0.3679086891423492, -0.46757428333916295,0.5854552667677043]
[0.4278055940908872, -0.1418401530315543, 0.8367473437367361, -0.5365580307112666, 0.31713395301253183, -0.4891197947573664,0.6101584727776918]
[0.38937258221162085, -0.11115336709085927, 0.8922033712923685, -0.5270964986106974, 0.261162151638225, -0.507858590590745,0.6293196832033926]
[0.3473190466987546, -0.07318929612361934, 0.9406082323059196, -0.5224270300906803, 0.2009396469910644, -0.5233031242343819,0.6425317865010831]
[0.3029071854654686, -0.02830248328045379, 0.9805612776085088, -0.5225523592625033, 0.13746617170873512, -0.5349753810166935,0.6494947460688042]
[0.2574979959592151, 0.022809449357447373, 1.0108596341920713, -0.5273557475636144, 0.07177482677167309, -0.5424174819375779,0.6500212035326353]
[0.21247572513650895, 0.07911347770787511, 1.0305605087246592, -0.536602999447461, 0.004911758706904631, -0.5452022870187594,0.6440400312402235]
[0.16916954141866786, 0.13927173276980875, 1.039033413792176, -0.5499471642537719, -0.06208405405366871, -0.5429437712189626,0.6315977739479669]
[0.128778343601816, 0.20169394387972028, 1.035999121344095, -0.5669358261668039, -0.12820048236562331, -0.5353069470958265,0.6128579588458744]
[0.09230441857548012, 0.2646090518132851, 1.0215528408181753, -0.5870208256851703, -0.19247098734582802, -0.5220171142945375,0.5880982924865766]
[0.06050098974758766, 0.32615172098403894, 0.9961699693503486, -0.6095702009703546, -0.25399203769705203, -0.5028682264233628,0.557705802129835]
[0.033837614851998266, 0.3844582219443114, 0.9606937190302826, -0.6338820870491819, -0.31193885252940085, -0.4777301807593128,0.5221700167498025]
