[0.20708373556808515, -9.082381208111522e-05, -0.06000986592612442, 0.9999999468860208, -0.00032480468690876196, -2.6766854032083023e-05,3.661525646522272e-06]
[0.2474418120608754, -0.017298166667612545, -0.047035315256145266, -0.9968467980389019, 0.0766049680542261, -0.020394108615823997,0.003495774987881376]
[0.28540263076376843, -0.03482295261420659, -0.03058765935696786, -0.9875045432777511, 0.1515099885571654, -0.04106175542113504,0.013908005426486389]
[0.3213395155961389, -0.05243510111304949, -0.01073378156103183, -0.9721768195502236, 0.22369413978690095, -0.062210515290342376,0.03103248526175204]
[0.3555911377402072, -0.07003720541946995, 0.012610450284234465, -0.951197346287295, 0.29186330901625235, -0.08405265267199956,0.05453960803757248]
[0.38838939322589344, -0.0876406343110647, 0.039659006184500745, -0.9250220381990211, 0.35479940712811486, -0.10676805965563602,0.0839773242312343]
[0.4198009295424926, -0.10532579310045218, 0.0707204515920874, -0.8942182309845101, 0.41138317772296423, -0.13049481522577921,0.11878021577973061]
[0.4496878922896128, -0.12319113605810594, 0.10615125937520145, -0.859451275968658, 0.46061492853598573, -0.1553208522324394,0.15828084125194547]
[0.4776916837078072, -0.14129671602602892, 0.14630113693484575, -0.8214688222255679, 0.5016327548011521, -0.1812769596559445,0.20172312043948523]
[0.5032414141078427, -0.1596086962360444, 0.19145443883173208, -0.7810831597439815, 0.533727880278749, -0.20833131658269674,0.24827748570587682]
[0.5255864725158458, -0.1779512715613091, 0.24177207148145355, -0.7391520433288858, 0.556356806021813, -0.2363857184836942,0.29705749162895695]
[0.5438504442974843, -0.19597184556256184, 0.29723833579158987, -0.6965584531206525, 0.569150028113158, -0.2652736166963685,0.3471375450304734]
[0.5571016556902013, -0.2131241369068163, 0.3576168919965513, -0.6541897729889559, 0.5719171619203074, -0.2947600493363727,0.3975713950133974]
[0.5644340999717373, -0.22867224796210261, 0.42241948407115704, -0.6129168820194536, 0.5646483901358069, -0.32454349716114606,0.447411007579168]
[0.5650515315132081, -0.24171676705746478, 0.4908902633927074, -0.5735736565230722, 0.5475122331640745, -0.3542596521702095,0.4957254420772487]
[0.5583471866796595, -0.25124187183124486, 0.5620075537361754, -0.5369373704050266, 0.5208497214187269, -0.38348704098235237,0.5416193472902996]
[0.5439719319437238, -0.2561803464440635, 0.6345037664541444, -0.5037104605571492, 0.48516512795185285, -0.4117544003042636,0.5842507033584501]
[0.5218846178836014, -0.2554916094604, 0.7069029791592892, -0.4745040916806141, 0.4411134947478806, -0.438549659106354,0.6228474518109295]
[0.4923799448479661, -0.24824644114725564, 0.7775745111205911, -0.4498239123670606, 0.3894852552735235, -0.46333034241561344,0.6567226793589057]
[0.4560910855376881, -0.23371123267402194, 0.84479974098352, -0.43005834236935253, 0.331188317910667, -0.48553517582571387,0.6852880513141326]
[0.4139664890112533, -0.21142434148910016, 0.9068484887611938, -0.415469671004443, 0.2672280283109963, -0.5045966387320203,0.7080652268970881]
[0.3672225164026567, -0.18125755763123425, 0.9620605854644169, -0.4061881799676783, 0.19868547230345135, -0.5199541886437944,0.7246950305210277]
[0.3172756342064801, -0.14345673684022914, 1.0089278271221602, -0.4022094320764012, 0.12669461379314054, -0.5310678593111747,0.7349441995085291]
[0.2656596336090207, -0.09865725345659436, 1.046171384834695, -0.4033947922981584, 0.05241878340152184, -0.5374319223038228,0.7387095786452537]
[0.21393460151820493, -0.04787193531448897, 1.072809929156413, -0.40947517063357464, -0.022972957029631983, -0.5385882954240289,0.7360196844597018]
[0.16359503184986213, 0.007548607471676738, 1.0882142157834591, -0.42005789983351516, -0.09832905167643835, -0.5341393821136828,0.7270336160447345]
[0.11598447868234221, 0.0659810520005027, 1.0921446410606097, -0.43463658634818825, -0.17253778202893744, -0.5237600338530418,0.7120373434858522]
[0.07222351852978137, 0.1256154801622998, 1.0847692634687265, -0.45260370209931305, -0.2445482108522969, -0.5072083423267894,0.6914374584075178]
[0.03315656724878238, 0.18455639297129436, 1.0666609396280282, -0.473265619313896, -0.31338929462566206, -0.48433498957459925,0.6657525226863491]
[-0.0006785999143798056, 0.2409311693340824, 1.0387734683558416, -0.49585973230982766, -0.37818676746796864, -0.45509091202798846,0.6356021999452872]
[-0.02905679493179581, 0.2929978321407971, 1.0023978957397843, -0.5195732601649568, -0.43817745559604465, -0.41953306770329346,0.6016943990369185]
[-0.052047157701379215, 0.3392439787341105, 0.9591013287064637, -0.5435632838203394, -0.4927207448795092, -0.3778281341865748,0.5648106984334866]
