[0.20711296815224509, -9.677724199023812e-05, -0.05999992622088475, 0.9999999579649785, -0.0002887234922041273, -2.6371227563295334e-05,3.6530754136988495e-06]
[0.2706596454500875, 0.0002527576042108657, -0.03869876363567801, -0.9981031655196895, -0.001728138801275434, -0.06153650013622133,0.0005862310500126928]
[0.3308843399508415, 0.0029703949826134814, -0.010383179554500577, -0.992443774691781, -0.003418786010691732, -0.12262991121982475,0.002360265230992611]
[0.3868783332577849, 0.007790059586454165, 0.02433448273171962, -0.9831272929323593, -0.0044664594720929185, -0.18279021704438,0.0053397737914607024]
[0.437862495067654, 0.014378216578345758, 0.06472218520906897, -0.9703264526514783, -0.004576726778600993, -0.2415662348115728,0.009559448506731428]
[0.4832083872269115, 0.022352062723195586, 0.10995199793036989, -0.9542764438489068, -0.003487869715177638, -0.29852523534339603,0.015066099133639762]
[0.5224527368554199, 0.03129981296567055, 0.1591270556595176, -0.9352684172017487, -0.0009803462549100945, -0.35325865092896913,0.02191693979553715]
[0.5553046590044284, 0.040801894758253056, 0.2113105618863106, -0.9136414313055453, 0.0031149442801620005, -0.40538741209423157,0.030177445876481763]
[0.5816453850529044, 0.05045180192191044, 0.26555564083963096, -0.8897730597360182, 0.008909832466941513, -0.4545668316866778,0.03991882492948917]
[0.601520642439827, 0.05987537525115538, 0.32093479857510976, -0.864068910066646, 0.01645368835060227, -0.50049096183577,0.051215153193227066]
[0.6151262128064603, 0.06874736835072172, 0.37656777010317477, -0.8369513370028602, 0.025730028195334244, -0.5428963576966706,0.06414023649692323]
[0.6227875479780738, 0.07680431959446009, 0.431646600448073, -0.8088476545961404, 0.036655029912944545, -0.5815651912782026,0.0787642604862884]
[0.6249346268209649, 0.08385297554258499, 0.4854569305765183, -0.7801781674787667, 0.04907801818300625, -0.6163276689466062,0.09515030011274264]
[0.6220734739358552, 0.08977378469140848, 0.5373946290102007, -0.7513443478044249, 0.06278392794906193, -0.6470637172215362,0.11335076210188616]
[0.614755920125916, 0.09451928698503316, 0.5869771191881401, -0.7227174828877106, 0.0774977021224334, -0.6737039130650044,0.13340383658311972]
[0.6035492557687088, 0.098107545821281, 0.6338489919936672, -0.6946281084131193, 0.09289052728863657, -0.6962296468238082,0.15533003517042862]
[0.5890074077293251, 0.10061108593919628, 0.6777817516113144, -0.6673565237480706, 0.10858776131596656, -0.7146725181315552,0.17912889250698755]
[0.5716451595536496, 0.10214209320832385, 0.718667809396797, -0.6411246597671578, 0.12417836028808527, -0.7291129772147982,0.20477590661887496]
[0.5519167397638807, 0.10283488275275353, 0.7565091026772767, -0.6160895362944003, 0.13922557031936345, -0.7396782359861439,0.23221979038450957]
[0.530199835288538, 0.1028268341120242, 0.7914009614236865, -0.592338506596439, 0.15327861365084655, -0.746539484855607,0.2613801020580953]
[0.506785761673042, 0.10223911359165336, 0.8235120642919442, -0.5698864412744309, 0.16588506891709315, -0.7499084621661428,0.29214531715149433]
[0.4818761572802402, 0.10115854595574392, 0.8530615065326397, -0.5486749545074396, 0.1766036234104226, -0.7500334333853227,0.32437139716503016]
[0.4555861859666267, 0.09962195613646856, 0.8802941372751043, -0.5285737231099701, 0.1850168611594776, -0.747194646499354,0.3578809027694342]
[0.42795385351198845, 0.09760417755982066, 0.9054554062856328, -0.5093838945793143, 0.19074374509734274, -0.7416993383092569,0.39246269020259855]
[0.42272348437949797, 0.12011815724608649, 0.9054680228016881, -0.5203394176241581, 0.173744277205018, -0.7347679882350012,0.39896844495542155]
[0.4159048446996464, 0.14329852529100792, 0.905231651456938, -0.5312892932398408, 0.15466040819171364, -0.7273638855731469,0.405898537803005]
[0.407334333558237, 0.16698659817827158, 0.9048204009857737, -0.5419115695995805, 0.13337734872157905, -0.719559241988713,0.4132515346018093]
[0.39686410460150323, 0.1909933947883861, 0.9043020547555217, -0.5518627810348491, 0.1098244103744481, -0.7114270873028233,0.4210196779797929]
[0.38436697745947457, 0.21510174300003282, 0.9037371316749311, -0.5607837116098088, 0.08397817275112433, -0.7030406854067954,0.4291888744565182]
[0.36974105710011246, 0.23906915511047744, 0.9031780496590005, -0.5683055858941056, 0.055864909266535416, -0.6944729491726505,0.43773873009095393]
[0.352913942960738, 0.26263142636565306, 0.9026684025987896, -0.5740565919023645, 0.025562216587329913, -0.6857958583701098,0.4466426345737599]
[0.33384641707346885, 0.2855068928619102, 0.9022423603311719, -0.5776686342889027, -0.006800195133062128, -0.6770798845849166,0.4558678933588354]
[0.3125355105139851, 0.30740126828542597, 0.9019241995269008, -0.5787842105747323, -0.04104058103290612, -0.6683934270924339,0.4653759071089703]
[0.2890168601491311, 0.32801296380826694, 0.9017279717360409, -0.5770632995411343, -0.07692612547163284, -0.6598022635741434,0.4751223974146647]
[0.2633662825666859, 0.3470387823427312, 0.9016573130690827, -0.5721901490241837, -0.11417479315029731, -0.6513690194733095,0.48505767743552825]
[0.23570050891125752, 0.36417986760329935, 0.9017053981724317, -0.5638798502345298, -0.1524580551637117, -0.6431526596702257,0.4951269658121018]
[0.2061770427452866, 0.37914778031997587, 0.9018550393016177, -0.5518845874251153, -0.19140446345068557, -0.6352080060178077,0.5052707419044236]
[0.17499312258473382, 0.3916705687087, 0.90207892942821, -0.5359994552262903, -0.23060403308782992, -0.6275852841157452,0.5154251401339549]
[0.1423837909754145, 0.40149869808789074, 0.9023400264608963, -0.5160677412241347, -0.26961337833057253, -0.6203297025168912,0.5255223809394808]
[0.10861909240844766, 0.408410705418109, 0.9025920738411789, -0.4919855783066855, -0.3079615354623097, -0.6134810673542636,0.535491235606902]
[0.07400044254321408, 0.4122184485440016, 0.9027802510129379, -0.46370587984966943, -0.3451563935794531, -0.6070734351521636,0.5452575219991211]
[0.03885623063759963, 0.4127718269697864, 0.9028419455852408, -0.43124148083780145, -0.3806916436141284, -0.6011348063419065,0.5547446279969482]
