[0.20717822672074732, -5.1523116839326376e-05, -0.05997069068538646, 0.9999999937710677, -9.200136008483283e-05, 6.308739336739272e-05,3.6871799108485595e-06]
[0.24002089577144053, -0.014566473025274298, -0.047277426403528555, 0.9995966865552104, -0.019551680948613422, 0.020408600814559974,0.002772185549423357]
[0.27024396431162995, -0.03572591186363239, -0.03180925467156001, 0.9983502631605745, -0.03938770091496077, 0.04030063610230053,0.01100998608516749]
[0.2968487916271645, -0.06307892609590807, -0.013652175808013256, 0.9961343836134421, -0.059959153832788485, 0.05929498290556311,0.024602736777704026]
[0.3189075343574003, -0.09602062415022443, 0.007148919392201442, 0.9927431731522462, -0.08159324912716304, 0.07696289893591775,0.043361803973797304]
[0.3355750737913165, -0.13379779658392546, 0.030586765741189625, 0.9878979025589802, -0.10457049608213491, 0.09289852153381244,0.06702693611926455]
[0.34610292642026375, -0.17551339484664402, 0.05668493419041726, 0.9812560940906145, -0.1291111786912046, 0.10672591398233366,0.09526993561263127]
[0.34985627839691624, -0.22013124791596336, 0.0854880853399759, 0.9724228166578265, -0.15536350203057184, 0.11810563397413311,0.1276992838806235]
[0.3463346783504796, -0.26648284029205016, 0.11704975803704498, 0.9609638764378107, -0.18339374810253192, 0.1267407191762909,0.16386565058363525]
[0.33519620162517355, -0.31327816137902303, 0.15141830760525463, 0.9464205588256769, -0.21317872885559278, 0.1323819940345889,0.20326820472231658]
[0.3162841341196488, -0.3591225773434289, 0.18862170421934588, 0.9283255357617767, -0.24460076654954985, 0.13483261266800184,0.24536163354751264]
[0.28965449285875844, -0.40254136662513246, 0.22865196724646267, 0.9062195200559645, -0.2774453681853784, 0.13395176475733306,0.2895637647572873]
[0.2556020795750601, -0.44201301701770646, 0.2714500430760516, 0.8796682261741596, -0.31140169289280056, 0.129657484538792,0.3352636786563356]
[0.21468232160346343, -0.47601164529281803, 0.31689193050623055, 0.8482791856220733, -0.34606584060159945, 0.12192851716574345,0.381830189889202]
[0.167725946221128, -0.5030580284323221, 0.36477681905647047, 0.8117179648609125, -0.38094691872358427, 0.11080521157672865,0.4286205731465793]
[0.1158435963096324, -0.5217778018271411, 0.41481793301191994, 0.7697233446589158, -0.4154757726758164, 0.09638942437069979,0.4749894039618261]
[0.06041784062022789, -0.5309644660624362, 0.46663667036534273, 0.7221210416914099, -0.4490161976041445, 0.07884343479904413,0.5202973844107989]
[0.0030806505832984415, -0.5296440337921856, 0.5197604952038397, 0.6688355855585606, -0.4808783842866836, 0.05838788659240009,0.5639200242194276]
[-0.05432472684831621, -0.5171375203049126, 0.5736248897247204, 0.60990000645052, -0.5103342934828015, 0.035298787702467777,0.6052560504561703]
[-0.10979753058710391, -0.4931171025342791, 0.6275795041228119, 0.5454630394763661, -0.5366346013858492, 0.009903613912903675,0.6437354235958432]
[-0.161247762405788, -0.4576516906907788, 0.6808984659151617, 0.4757936099970106, -0.5590268156123924, -0.017423423575406473,0.6788268442122728]
[-0.20657668981011895, -0.41123790141362576, 0.7327946321063228, 0.4012824287904964, -0.5767741273952873, -0.046266873273849915,0.7100446427858371]
[-0.24376618394079952, -0.35481299332561755, 0.7824373953044971, 0.3224405950071213, -0.5891745421979376, -0.07617621588764263,0.7369549549669532]
[-0.27097256129592884, -0.2897472010661852, 0.8289734956406367, 0.23989517700266283, -0.5955798184442195, -0.10667261807831004,0.7591810959613858]
[-0.28661990056493575, -0.2178140333136989, 0.8715501508000527, 0.15438181455505764, -0.5954137428160218, -0.13725616223966944,0.776408060318633]
[-0.28948741793049404, -0.14113841319541853, 0.9093397025721226, 0.0667344589216085, -0.5881892806937602, -0.16741343948041723,0.7883860871113432]
[-0.2787854514823469, -0.06212394806583072, 0.9415648949793002, -0.022127562066082438, -0.5735241616201796, -0.19662538724239062,0.7949332450757497]
[-0.2542149483641426, 0.016637978524188114, 0.9675238499769803, -0.11121489984326496, -0.5511544917034682, -0.22437524908557352,0.7959370075111042]
[-0.21600605994754749, 0.09247329861799594, 0.9866137942740825, -0.19948564655763648, -0.5209460269352334, -0.250156532200092,0.7913548023709097]
[-0.16493249603590415, 0.16273944240437738, 0.9983526159008421, -0.28586453249291016, -0.48290279253516954, -0.27348083819256275,0.7812135387753074]
[-0.10229960842124179, 0.22494270783270304, 1.002397391129976, -0.3692634438859089, -0.43717279248191016, -0.29388544463909094,0.7656081268850086]
[-0.02990568477548379, 0.27685245871460173, 0.9985591191377876, -0.4486028090653368, -0.3840506189921005, -0.31094051876898743,0.7446990234572265]
[0.05002246265812963, 0.3166057373747736, 0.9868130298613247, -0.5228333747375695, -0.32397684235081986, -0.3242558503804819,0.7187088502133163]
