[0.20713038380890958, -6.552195303184523e-05, -0.05998542806424581, 0.9999999866838477, -0.00016259283253811427, -1.3508342439451566e-05,3.660624833828685e-06]
[0.2712005148080192, 0.0038886542825035293, -0.03329355271826076, -0.9985683327284671, 0.005290780122269237, -0.05313559746271585,0.00314655364926651]
[0.3309552201970406, 0.012846080434345774, 0.002643609744879205, -0.9942480261387778, 0.009816162853539843, -0.10591302342272757,0.012527447283227208]
[0.38501606027895335, 0.026341652290030958, 0.047199669463193206, -0.9869634385648376, 0.013155261234349912, -0.1579503832846868,0.02796044453060447]
[0.4321183505484425, 0.04375835150876421, 0.09965952780009732, -0.9765922293161635, 0.014757663598156008, -0.20888747522877343,0.04915131429533253]
[0.47111633152393906, 0.06434034010192378, 0.15922241856208935, -0.9629707049405636, 0.014121502030321299, -0.2583762341552324,0.075694955118835]
[0.5009899685800342, 0.08720628646259196, 0.22499933570163055, -0.9459011122446058, 0.010807711936521245, -0.3060845103061601,0.107081986196341]
[0.5208552002358, 0.11136381349790628, 0.2960062656294029, -0.9251606620906573, 0.004452716327922133, -0.35169962080134354,0.1427070403500517]
[0.5299787902894874, 0.1357262756542995, 0.37115517221012356, -0.9005120321638904, -0.005220786501318629, -0.39493162445059626,0.18187862800555127]
[0.5277981262781142, 0.15913319877045878, 0.4492450508540753, -0.8717150540237789, -0.01839520756102255, -0.4355162748072693,0.22383041639845694]
[0.513945422198435, 0.18037563084232835, 0.5289555451796133, -0.8385392542184679, -0.03515184731570493, -0.47321761176728444,0.267733745871336]
[0.48827491254239097, 0.1982273501719456, 0.6088455890907334, -0.8007768919518476, -0.055467236886447974, -0.5078301580005523,0.31271118555826577]
[0.4508908526159361, 0.21148237901992925, 0.6873592968019946, -0.7582561174601161, -0.07921214389022127, -0.539180693021048,0.35785091430366406]
[0.40217354457683807, 0.21899859534317215, 0.7628408860433548, -0.710853866370831, -0.10615328197538218, -0.567129584642807,0.4022216995816777]
[0.3428002533323895, 0.21974647947563797, 0.8335598120446136, -0.658508106150444, -0.1359576974844751, -0.5915716648089662,0.44488823767776126]
[0.27375780543929373, 0.21286124648254437, 0.8977465509126763, -0.6012290613304191, -0.16819974150206657, -0.6124366441919237,0.4849266126140291]
[0.1963438978705631, 0.19769587506933092, 0.9536386495218998, -0.5391090643371753, -0.20237047237203404, -0.6296890674140682,0.5214396293346114]
[0.11215467664703332, 0.17387192732638565, 0.9995358106304917, -0.4723307080067697, -0.23788927409669655, -0.643327818099225,0.553571778546614]
[0.023056946802586437, 0.141324630688497, 1.0338619653597596, -0.40117301359022023, -0.27411742128087946, -0.6533851901057632,0.5805235963057125]
[-0.06885560979560988, 0.10033852178077493, 1.055231558493919, -0.3260153733923893, -0.31037327276575377, -0.6599255480881651,0.6015651908521896]
[-0.05377951741064556, 0.0919323718846074, 1.062480355300513, -0.30056492332387374, -0.30793536025514484, -0.6551923650239269,0.6209343810630893]
[-0.03752730296093987, 0.08769216903152352, 1.0680459946389738, -0.2786664910212077, -0.3032816500356448, -0.6498597282559156,0.638786005736453]
[-0.020932715427304557, 0.08776503102711976, 1.0718997910914096, -0.260472363778176, -0.2971421140546751, -0.6440054918030196,0.6550707124352907]
[-0.004844414029678598, 0.09213837824493021, 1.0740250544710699, -0.2460145886484006, -0.29024711634785766, -0.6377096996916783,0.6697460507857147]
[0.009904779010510968, 0.10063981571433962, 1.0744174780771254, -0.23520770698966634, -0.28330909885574296, -0.6310541386909226,0.682776656835358]
[0.02252801438020192, 0.11294301045718066, 1.0730853984647262, -0.22785418083612322, -0.2770050198981713, -0.624121879577884,0.6941344038865116]
[0.03231276115785362, 0.12857929732822973, 1.0700499213843797, -0.2236523565175384, -0.2719599337546001, -0.6169968092649384,0.7037985189052551]
[0.03864626860710685, 0.14695451419263142, 1.0653449100291648, -0.2222067554644045, -0.2687320715307123, -0.6097631561827187,0.7117556637771729]
[0.04103718250523947, 0.16737035918047605, 1.059016833283299, -0.22304043152214828, -0.2677997473499075, -0.6025050113641971,0.7179999808542955]
[0.039132524951349654, 0.18904938788546255, 1.051124473273577, -0.22560908945932406, -0.2695503707004158, -0.5953058477136147,0.7225331024157842]
[0.03272944842729866, 0.2111626339957885, 1.0417384931676614, -0.2293166216749444, -0.2742717964588041, -0.588248039969874,0.7253641238457088]
[0.021781398378530208, 0.23285874829848208, 1.0309408678209895, -0.23353169021750414, -0.28214618979832584, -0.5814123878869665,0.726509540514107]
[0.006398553437689122, 0.2532935114540148, 1.0188241815275043, -0.23760495977972698, -0.293246525087286, -0.5748776451538941,0.7259931485314581]
[-0.013157352045365878, 0.2716585862752148, 1.0054907987586406, -0.24088657479906225, -0.30753577728492504, -0.5687200565633042,0.7238459097307695]
[-0.03648349282327893, 0.2872084340348401, 0.9910519153601244, -0.24274347044757497, -0.32486880260349066, -0.5630129059116763,0.7201057814147389]
[-0.06305116867642187, 0.299284422928256, 0.9756264991975518, -0.24257611320536202, -0.344996843705202, -0.5578260770744281,0.714817511586966]
[-0.0922250579126177, 0.3073352995758529, 0.9593401306802112, -0.2398342817423191, -0.36757453481804886, -0.553225630646908,0.7080324005649546]
[-0.12328565358035795, 0.3109333689881391, 0.9423237549298391, -0.23403152264398008, -0.39216922522684006, -0.5492733984770547,0.6998080300478033]
