[0.2071181242538663, -9.408127512906688e-05, -0.06000071173242033, 0.999999973515714, -0.00023007227321071865, -4.678327051764701e-06,3.665264243187296e-06]
[0.25418390716124223, 0.006672361220424265, -0.04559579069535061, 0.9997864006416562, 0.00026806804254934783, 0.020631138646939783,0.0011988951819668656]
[0.2995077093344828, 0.013292307968735772, -0.026634739044230166, 0.999123626422856, 0.0002545885607998922, 0.041587893567174475,0.004728785991319173]
[0.3427802592419668, 0.019643619029782657, -0.0032835947529110954, 0.997947556759784, -0.0007713865418118361, 0.06317258514704227,0.010454826914921295]
[0.3837036088232298, 0.025605866247759224, 0.024288929440791335, 0.9961533381221362, -0.003289908948655361, 0.08566369425308956,0.018150342535276837]
[0.4219807930954395, 0.03106019631929212, 0.055907737717075634, 0.9935981521208758, -0.0077502798685137615, 0.10929788934193295,0.027506665543824187]
[0.4573074713800543, 0.03588806880675299, 0.09138425278206977, 0.9901050461821396, -0.014561686719066684, 0.13425787046705895,0.03814156554482114]
[0.48936653964331345, 0.03996921596585111, 0.1305065792334399, 0.9854677215986984, -0.024084574540581934, 0.16066168807073405,0.0496097262896278]
[0.5178264775816633, 0.04317927680525968, 0.17302780586294642, 0.9794561803402448, -0.03662291065133718, 0.18855383687658736,0.06141501288642238]
[0.5423439116921923, 0.04538762377321333, 0.2186534952899055, 0.9718231139799591, -0.05241748500654401, 0.21789838192462435,0.07302422580565252]
[0.5625705548223686, 0.046455920457971624, 0.2670295153817767, 0.9623109022857457, -0.07164037011112369, 0.24857432415634637,0.08388200094508515]
[0.57816434432224, 0.046237919639501704, 0.3177314004767167, 0.9506590757337551, -0.09439064349693303, 0.28037335812704317,0.09342648552654989]
[0.5888042669405245, 0.04458093351172482, 0.37025638823262264, 0.9366120856865024, -0.12069145308023492, 0.3130001156819688,0.1011053988787732]
[0.5942080509603701, 0.041329286137099436, 0.4240191610635259, 0.9199272184441787, -0.15048848157183253, 0.34607492816315194,0.10639207572291319]
[0.5941516452837275, 0.03632989985981204, 0.4783521349641626, 0.9003824849768404, -0.18364984095280432, 0.3791390773556244,0.10880108770993875]
[0.5884892090676549, 0.029439983123878938, 0.5325108924909963, 0.8777843169705126, -0.2199674023038217, 0.411662443405683,0.10790304672984162]
[0.5771722180933407, 0.020536589851682358, 0.5856850637565447, 0.8519749019057624, -0.2591595404464187, 0.4430533978134333,0.10333821076561991]
[0.5602662645947514, 0.009527624629843884, 0.6370146353913787, 0.8228389952066472, -0.3008752473829647, 0.47267073274159666,0.09482853942288436]
[0.5477651580973589, 0.07180093299581279, 0.6638528390769011, 0.8358168336715976, -0.23504984936310827, 0.4939819134489987,0.046299654975294334]
[0.5268002311023458, 0.13077640627296158, 0.691672762349239, -0.8414421902910096, 0.16846928057033145, -0.5134050248935464,0.002902122747338818]
[0.4979287276523716, 0.18511617125482893, 0.7203068643731553, -0.8396656129287702, 0.1020485042332748, -0.5308278620267657,0.052626439598336475]
[0.46194062997416163, 0.23357086913852199, 0.7495691951652694, -0.8305572294762557, 0.03670431043501057, -0.546147257492781,0.10271638278936406]
[0.4198445138610678, 0.2750226603741481, 0.7792573091916462, -0.8143063019962039, -0.026660742835375634, -0.5592697215911595,0.15300924753778877]
[0.372845135342889, 0.3085258270737582, 0.8091544401732624, -0.7912185910144867, -0.08717421681071226, -0.5701120239043301,0.2033373486504588]
[0.32097208599268945, 0.33628097757970155, 0.835017589397736, -0.7635193217173561, -0.1475539878645633, -0.5759383336177756,0.25211327196145983]
[0.26691377732819344, 0.3547884749802853, 0.8606564034379537, -0.7297891713091708, -0.20362073734918973, -0.5792453847970844,0.30070108904445975]
[0.21227046063203464, 0.3638506956935982, 0.8858984338743332, -0.6906337743006127, -0.25469476753002296, -0.5800024905234971,0.348930761290344]
[0.15866553633805924, 0.36354976223792623, 0.9105684616883327, -0.6467396056471958, -0.30017981849145986, -0.5781903824655619,0.3966306098652392]
[0.10769549945520986, 0.35425097998005706, 0.9344902167196274, -0.5988624579549237, -0.3395729267906216, -0.5738013849385575,0.44362817142921906]
[0.060879337888711305, 0.3365970682322775, 0.9574881268648473, -0.5478147041778397, -0.37247268123740196, -0.5668395238178163,0.48975106519165257]
[0.01960912227353862, 0.3114931087445103, 0.9793890768729113, -0.49445157026623343, -0.3985857260749227, -0.5573205694885067,0.5348278661920952]
