[0.20714497914618085, -9.559492983448416e-05, -0.05998224034371627, 0.9999999450762246, -0.000331283174315706, 9.252457907349017e-06,3.6604000701501207e-06]
[0.3170626698439326, 0.01933328778805473, -0.023075320381507558, -0.9959081683952384, -0.02647791653323041, -0.08634625162122536,0.003188242566831249]
[0.4164658044687545, 0.05162441795682032, 0.03254462454870424, -0.9836588613546238, -0.052701367663606925, -0.17168610203905008,0.01271584411462706]
[0.5011017495438548, 0.0943611908304435, 0.10503861361358188, -0.9633785547938988, -0.07775794656566014, -0.2550463874063661,0.02840426341367085]
[0.5674914180091661, 0.14435023008130377, 0.19201318774347487, -0.9352768153837449, -0.10108180990508818, -0.33547462225397795,0.049965229264992514]
[0.6131138102406158, 0.19782264091565946, 0.2905991668786621, -0.8996440554587762, -0.12212985318594766, -0.41206260373165643,0.07700183792841206]
[0.6365350823405909, 0.25067157560950776, 0.3975460234477679, -0.8568484917849527, -0.14038893034024938, -0.48396003746595423,0.10901510216353058]
[0.6374747480524451, 0.29871174133356376, 0.509328758606621, -0.8073322797164859, -0.15538275705918336, -0.5503872148502597,0.14541218197194852]
[0.616805346276372, 0.33794515086024435, 0.6222637591206706, -0.7516068566483789, -0.16667842270024844, -0.6106465352470256,0.1855161595012792]
[0.5764858448488317, 0.36481702757510703, 0.732629820166838, -0.6902475360175732, -0.17389243833656476, -0.6641326861999857,0.22857719490759557]
[0.5194329685088329, 0.37644635000583015, 0.8367903521921962, -0.6238874003128637, -0.1766962518342452, -0.7103413175252582,0.2737848771116954]
[0.44933830184780443, 0.37081702327460914, 0.9313127536215144, -0.5532105485797068, -0.1748211647675981, -0.7488760706775389,0.32028156371544464]
[0.37044220892909313, 0.3469180056110809, 1.013081026706546, -0.4789447607023286, -0.16806259052561304, -0.7794538526264511,0.3671764882006914]
[0.3234201717466534, 0.38379448128862603, 1.01267134400544, -0.48133355143008266, -0.2042177801755643, -0.7563454091539078,0.3931344968069794]
[0.2743744028378795, 0.41315988343201493, 1.011648903623739, -0.48199765322090193, -0.23840698022995943, -0.7330316189610111,0.4165393374827571]
[0.2244690690050338, 0.4351163811954537, 1.0101686300518402, -0.48117143135559576, -0.2705001499811959, -0.7097818891467911,0.4376224312653206]
[0.17478995704845046, 0.4499342815516978, 1.0083744505786179, -0.4790968796787741, -0.300396236161349, -0.6868100646805209,0.4566401386602983]
[0.12632371344487398, 0.45802956239944725, 1.0063963505406723, -0.47602030370487464, -0.3280235158105616, -0.6642727801540144,0.4738638170217832]
[0.07994229008965424, 0.45993993576510295, 1.0043477981348168, -0.4721890156203685, -0.35333956322459265, -0.6422694067021492,0.4895699090040066]
[0.03639231124985558, 0.4563005044356985, 1.0023235876448937, -0.467848083112604, -0.3763308470732961, -0.62084355303983,0.5040303039677653]
[-0.003711112062627187, 0.4478198914608621, 1.0003981409823177, -0.4632371728056971, -0.3970119684125585, -0.599986044136666,0.5175032033808153]
[-0.03988671851104943, 0.4352575122550472, 0.9986242977359997, -0.4585875274271879, -0.4154245547682709, -0.5796392678450809,0.530224705342764]
[-0.07178624089265523, 0.41940244235010005, 0.9970326136690899, -0.4541191136899516, -0.4316358296972105, -0.5597027495240318,0.5424013027992216]
[-0.09919101363418767, 0.4010541278537617, 0.995631176995297, -0.4500379752821052, -0.44573688117446897, -0.540039787999263,0.554203465292804]
[-0.12200664325714193, 0.3810050056222756, 0.9944059410307203, -0.4465338223489504, -0.4578406557721964, -0.5204849636287765,0.5657604458221455]
