[0.20705430987292003, -7.68844397126171e-05, -0.06002124754369631, 0.9999999833975675, -0.0001703119793400769, -6.469391068888761e-05,3.659618923069088e-06]
[0.2665538255304772, 0.006347482536647209, -0.041377284238646034, 0.995067271683208, 0.07931314787027394, 0.05949048518410956,0.003381060840084942]
[0.3234338683311986, 0.014673610132831003, -0.01678183320735077, 0.9803042698455688, 0.15766120665772243, 0.11817709430227889,0.013440863813304104]
[0.37699364667930974, 0.024784230048033616, 0.013412667648545346, 0.9559200593523423, 0.23375407144555496, 0.1751398655519659,0.030031678356037334]
[0.42658838665892596, 0.03653378794035377, 0.04877199335861504, 0.922259493865012, 0.30650683576467097, 0.2295477697279994,0.052903752402667224]
[0.4716407633561835, 0.0497515677086168, 0.08878847568971288, 0.8797976140978099, 0.3748861975980259, 0.2806056701232935,0.08171263655612172]
[0.5116508601267541, 0.0642453646928286, 0.1328908232913919, 0.8291319644877195, 0.43792630456047305, 0.32756543536799937,0.11602423363641019]
[0.5462044332551086, 0.07980560624505362, 0.18045518872960659, 0.7709729460258131, 0.4947434597197758, 0.36973634452388066,0.1553211547050296]
[0.5749793024455773, 0.09620980570161658, 0.23081722347610356, 0.7061323737440235, 0.5445494419560273, 0.40649462892881183,0.1990102828198534]
[0.5977497351096026, 0.11322722690676794, 0.28328483908878327, 0.6355104384097404, 0.5866632196012144, 0.4372920090181055,0.24643142715227404]
[0.6143887431667561, 0.1306236313719309, 0.33715137721733807, 0.5600812993878427, 0.6205208648756392, 0.46166310031980806,0.2968669333777638]
[0.6280549398866943, 0.15005996160049379, 0.38802014094741044, 0.5261300155685936, 0.6131948612789379, 0.4936100031971149,0.3217583465314307]
[0.636521684614975, 0.16918551286447348, 0.4397096491234149, 0.49269374417339257, 0.6023521260754527, 0.5244830145301951,0.34545963314706557]
[0.6398880505021541, 0.1874379431274757, 0.49167978014943375, 0.46019821501933106, 0.5880686543990414, 0.5541644661964695,0.36782414957626813]
[0.6383601908835426, 0.20428896465973712, 0.5433922910249822, 0.429061862986054, 0.5704799036054357, 0.5825512807354944,0.38870631925234433]
[0.632244468186786, 0.2192600973276037, 0.5943203647494399, 0.3996870014949312, 0.5497800118290737, 0.6095557452794783,0.40796327386910075]
[0.6219375259745092, 0.2319369220170258, 0.6439579849914779, 0.37245110286105754, 0.5262196803569597, 0.6351061076965993,0.425456526508969]
[0.6079136133435129, 0.24198130190611708, 0.6918289147732498, 0.3476983878971616, 0.5001027386850299, 0.6591469886986656,0.4410536578500731]
[0.5907095757888073, 0.24914110627049724, 0.7374950633942532, 0.3257319234466165, 0.4717814415693352, 0.6816396056777805,0.4546299961616786]
[0.5709080169850149, 0.2532570580963394, 0.7805640389703713, 0.306806418281812, 0.44165057710258243, 0.7025618060990336,0.46607027158670616]
[0.5491192079111185, 0.2542664297816868, 0.8206957024890957, 0.2911218951630607, 0.4101404931659498, 0.7219079103659682,0.47527022521224777]
[0.5259623702281465, 0.2522034266951346, 0.8576075627366399, 0.2788184000489349, 0.37770917588193503, 0.7396883661704209,0.48213815364569035]
[0.5020469875405209, 0.24719622183390152, 0.8910788792571888, 0.2699718888118987, 0.3448335373212727, 0.7559292184159953,0.4865963702441863]
[0.47795479980718153, 0.2394607313970644, 0.9209533719604137, 0.2645914077607175, 0.3120000901438554, 0.770671400842714,0.4885825647856841]
[0.45422311240808455, 0.22929134569534726, 0.947140470301053, 0.2626176572992294, 0.27969520359379213, 0.7839698574574716,0.48805104421505313]
[0.4313300029402164, 0.2170489474111052, 0.9696150712340939, 0.26392299872372477, 0.24839514791241749, 0.7958925037695526,0.4849738381414797]
[0.40968193745369874, 0.20314665498951234, 0.9884158124637403, 0.2683129330989711, 0.2185561424564492, 0.8065190396222648,0.4793416539934365]
[0.389604216231696, 0.18803381850840062, 1.0036419048842695, 0.27552904901982644, 0.19060462638127784, 0.8159396270812912,0.4711646681434501]
[0.3713345609027773, 0.17217886498437276, 1.0154486045792115, 0.2852534035548472, 0.16492796954068956, 0.8242534483695172,0.4604731408828542]
[0.35502003389231074, 0.1560516367527219, 1.024041439344047, 0.2971142684883344, 0.14186583523599583, 0.8315671602101534,0.4473178448412903]
[0.34071735274768233, 0.14010588824490233, 1.0296693365130332, 0.31069314283544114, 0.12170239569579124, 0.8379932621397804,0.4317702982898094]
[0.34892195237786083, 0.15387547545783714, 1.0161125472074175, 0.3462983343321698, 0.12745763886657874, 0.8580746218172945,0.35712736849257143]
[0.35377251543642446, 0.17419180886107985, 1.0020076562570353, 0.377351814542792, 0.13682803638026442, 0.8725218497074493,0.2785485923580927]
[0.3537881310217259, 0.2001957109324981, 0.9881750125170458, 0.4033668501711909, 0.1494087397566979, 0.8810563352025071,0.19675351805448138]
[0.34769364596929675, 0.23064119529649038, 0.9753643203220843, 0.42392517876544605, 0.16473328269823345, 0.8834559032315182,0.11249913522125984]
[0.33450403631942904, 0.26395297010142316, 0.9642280124886446, 0.4386849936806194, 0.18228287894764186, 0.8795580388464077,0.026572253623954167]
[0.3135945106131003, 0.2983033421575755, 0.9552987895197143, -0.4473875353433288, -0.201496741104398, -0.8692624411594906,0.0602184766759536]
[0.2847520911563234, 0.3317046883123758, 0.9489721265790302, -0.44986215981414884, -0.22178321577097618, -0.8525328730281564,0.1470508169851208]
[0.24820540185742995, 0.36211272374118353, 0.9454943553735298, -0.4460297860940455, -0.2425315144771894, -0.8293982812081137,0.2330973734972746]
[0.20463057489548953, 0.3875351181698786, 0.9449567118683483, -0.4359046559703306, -0.26312380842099015, -0.7999531703422269,0.3175341203789637]
[0.15513250673049955, 0.4061396327580499, 0.9472955110503206, -0.4195943737780439, -0.28294744838321173, -0.7643572230141604,0.3995489188739251]
[0.10120207170731615, 0.41635589746911894, 0.9522983755194658, -0.39729822757404926, -0.30140706933774264, -0.7228341670686419,0.4783499386829011]
[0.0446512595150952, 0.41696522740797665, 0.9596162144304117, -0.3693038271855686, -0.3179363423036714, -0.6756699003755764,0.5531738887502858]
[-0.012470537608859205, 0.40717347366067835, 0.9687804319372766, -0.3359821277112287, -0.3320091437879996, -0.623209892085738,0.623293966524848]
[-0.06797477421072479, 0.3866627878057126, 0.979224648000298, -0.29778093865078414, -0.34314992556484963, -0.5658558880847983,0.6880274377383947]
