[0.2070707986145571, -8.387553995357399e-05, -0.0600132468056494, 0.9999999622694915, -0.0002637019757863239, -7.68694949393589e-05,3.655772325416394e-06]
[0.23986314422963478, -0.008415501025670296, -0.04848753015531096, 0.9998823909205169, 0.014258757044113812, 0.005419141410664842,0.0015890503450416101]
[0.27093829671642766, -0.020728228194511058, -0.033484723080216605, 0.9995215989491869, 0.028381010656895876, 0.010549450221545468,0.00630876914915346]
[0.29967935125424777, -0.036816966381078134, -0.015128122669800431, 0.9989190814828977, 0.04170963263113639, 0.014961489918954695,0.014040264048264483]
[0.32549979910068105, -0.05638217318036394, 0.006446186366257239, 0.9980773540285162, 0.05386420131231656, 0.018327996680821138,0.02458307812480657]
[0.34785105955547485, -0.079033158400576, 0.031087564654371763, 0.9969998941746293, 0.06448356818853479, 0.02035875744162556,0.03766432589182779]
[0.3662306944170312, -0.10429222127170384, 0.05862736568024404, 0.9956910609179536, 0.07323185426786587, 0.02081131120870114,0.05294616184715331]
[0.3801916279006435, -0.1316000015212646, 0.08887417620647475, 0.9941559931426508, 0.07980408922117954, 0.019500298095688578,0.07003504134579604]
[0.3893524988554907, -0.16032251107305473, 0.1216082528360746, 0.9924004891802529, 0.08393141298415567, 0.016305185080213697,0.08849253035583327]
[0.3934090403130508, -0.18976033561792, 0.15657574968058735, 0.9904308697447393, 0.08538576532128053, 0.01117613963562433,0.10784737938412808]
[0.392146136278064, -0.21916044683801278, 0.19348338412593255, 0.9882538268658577, 0.08398399565801247, 0.004137870578510314,0.1276085427601854]
[0.385449971392095, -0.2477309459509926, 0.23199419594599097, 0.985876261728471, 0.07959133319744877, -0.004708691484342568,0.14727879842208652]
[0.37331948958358246, -0.2746588736514673, 0.27172501800548454, 0.983305114561614, 0.07212416585539039, -0.015186945155710911,0.16636860603332923]
[0.4251059722049189, -0.22999399864777384, 0.3253352784884641, 0.9725845288652248, 0.1302184153239711, 0.04944907231172064,0.186218387303813]
[0.4651902819958999, -0.17524785939337392, 0.38196776682716493, 0.9548648935986341, 0.18756660554278184, 0.1160018710312458,0.19898585219878864]
[0.49146708670865735, -0.11338981841923931, 0.4408949058258029, 0.9302030476982956, 0.2432509062587078, 0.18362392407197922,0.20453249415564254]
[0.5025709053975871, -0.047832503805543394, 0.5013447982803129, 0.89877894001834, 0.29635855236309433, 0.25146060924466396,0.20281910023235727]
[0.4979682304020858, 0.017751584507383882, 0.56251128973328, 0.8608950253245359, 0.34599856364289844, 0.31866183007978593,0.1939056146137081]
[0.47800428393921257, 0.07963206759119408, 0.6235647038915407, 0.8169733696774047, 0.3913183626831726, 0.3843935166747647,0.17794964625791007]
[0.44390082324317937, 0.13423008169068018, 0.6836631041540511, 0.7675504857041067, 0.43151997523406976, 0.44784884850791135,0.1552036460896329]
[0.397704165029597, 0.17832323432730768, 0.7419639236644302, 0.7132699619193749, 0.46587550156520857, 0.508259045543071,0.12601079750777605]
[0.34218545632192077, 0.20923431831084072, 0.7976357975684004, 0.6548729930830103, 0.4937415575867311, 0.5649035803079654,0.09079968170412712]
[0.28069800870335904, 0.2249927020186549, 0.8498704249091643, 0.5931869597381534, 0.514572400662124, 0.6171196720310675,0.05007779613454211]
[0.216999072091071, 0.22445869366387622, 0.8978942839824224, 0.5291122437522088, 0.5279314767995881, 0.6643109342475626,0.004424020212464817]
[0.15504559814534125, 0.20740314411524152, 0.9409800241038252, -0.4636075021169147, -0.5335011529025372, -0.7059550593886673,0.045519863313967304]
[0.13429487791662978, 0.232105565143982, 0.9419646235005983, -0.439987425911202, -0.5406860830546585, -0.7072168887370298,0.11795718255435478]
[0.11427843043770865, 0.25171067923817353, 0.9435923717925119, -0.4199037216108735, -0.5410762922625288, -0.703119059244551,0.19115673949884776]
[0.09622888920826354, 0.2667743921867738, 0.9456591391975686, -0.40375641682731805, -0.534855540979555, -0.6936641441842173,0.2640840041112115]
[0.08116418733023943, 0.2780534265114863, 0.9477965893995544, -0.391871287016789, -0.5222873892956506, -0.678936872087549,0.33570448479952486]
[0.06983631668208393, 0.28643870300304075, 0.9494895885475663, -0.38449474621211177, -0.5037098190183259, -0.6591024221473346,0.40499901910909136]
[0.0626975212600041, 0.2928824130977869, 0.9501033736632813, -0.3817899947127034, -0.4795288517367008, -0.6344032527255623,0.47097876090178603]
[0.05988542830312913, 0.2983236030389974, 0.9489190738035516, -0.383834490535964, -0.45021128006218813, -0.6051545244032919,0.5326996234032733]
[0.0612274260688942, 0.30361710482469967, 0.9451756905014691, -0.3906187903681455, -0.41627664188153624, -0.5717382052933734,0.5892759477893793]
[0.06626341359750149, 0.3094703544952042, 0.9381162590877283, -0.40204678383966475, -0.37828857780756703, -0.5345959709624614,0.639893181191372]
