[0.20714552924305954, -7.889800730646491e-05, -0.05999562724741586, 0.9999999728360527, -0.00023214014876572832, 2.062318535532316e-05,3.6782835836612687e-06]
[0.23766364306290505, -0.007998962662700518, -0.04813652781950162, 0.9997064217229149, 0.01973642252520086, 0.013486526822400088,0.003956966785457735]
[0.26632016864811275, -0.022420695091176376, -0.033585940618336196, 0.9987764621796162, 0.038894181520132985, 0.02619062990753297,0.015712165506237684]
[0.2925141332752149, -0.04311234892932104, -0.016369424304010727, 0.997089979104154, 0.0564503311737328, 0.03739305648900453,0.035024177461635185]
[0.3156471242350375, -0.06972133618252951, 0.0036219448240308316, 0.994450906350672, 0.07165140235530817, 0.0463938933993662,0.06149047124630846]
[0.33510613861448346, -0.10176074868525832, 0.02661395159978705, 0.9905930163613047, 0.08379888770140324, 0.052551945518743516,0.09455958639088383]
[0.3502562061355175, -0.1385897031780734, 0.05292011562688392, 0.9851878272272594, 0.09226566803321375, 0.05530207862386306,0.1335427709967741]
[0.36044605207122477, -0.17939144678099095, 0.08290304008716226, 0.9778544372104914, 0.09651088167012749, 0.0541707316265818,0.1776284920333702]
[0.36502849489394884, -0.22315401119846556, 0.11692887048843259, 0.9681710500275212, 0.09609291228079915, 0.048789223204665076,0.22589949490224026]
[0.3633954555391385, -0.2686585171999677, 0.15531798804805935, 0.9556879128569954, 0.0906802118990126, 0.038904529885046224,0.2773520325207914]
[0.3550255755910933, -0.3144799552725018, 0.19829535667891607, 0.9399413540285697, 0.0800597228781275, 0.024387272333020373,0.33091683654321935]
[0.33954069264442205, -0.35900441170012043, 0.2459440219733846, 0.9204685794871267, 0.06414271483225317, 0.005236712527564867,0.38548136550656165]
[0.3167659852920867, -0.40046533792601746, 0.29816511912953886, 0.896822867047969, 0.0429679088694765, -0.01841736488553776,0.4399128375234333]
[0.28678763318984907, -0.43699969398189487, 0.3546473919246534, 0.8685887856360965, 0.01670182043061465, -0.046315940133878235,0.4930815392519072]
[0.25000145266945967, -0.4667227953992956, 0.4148486772129083, 0.835397063421728, -0.014363687485602492, -0.07807519289040175,0.5438838986063997]
[0.2071462249763462, -0.48781864634404215, 0.4779911014859053, 0.7969387341193382, -0.0498165883263701, -0.11319398754876085,0.5912648161108518]
[0.1593163318491588, -0.4986406489272446, 0.5430709102006791, 0.7529782046094665, -0.08913250141865488, -0.15106424062287538,0.6342387687448572]
[0.10794979028598752, -0.4978160305224917, 0.6088829566484901, 0.7033649091806613, -0.13168495810732517, -0.19098393335583166,0.6719092301356545]
[0.05478971713338328, -0.48434629175256105, 0.6740589692881308, 0.648043245597105, -0.17675790267611124, -0.2321724698099575,0.7034859912889934]
[0.001819490494989487, -0.45769556953949597, 0.7371178499872089, 0.5870605252247938, -0.2235601578257621, -0.27378802489714077,0.7283000157755268]
[-0.048825787102631274, -0.4178590996348179, 0.796525483553164, 0.5205727127840657, -0.2712415421235871, -0.3149464793104632,0.7458155212255919]
[-0.09496668973452874, -0.3654049568582038, 0.8507609088869561, 0.448847779984578, -0.3189102913436289, -0.3547415002544441,0.7556390437737216]
[-0.134498984766401, -0.3014838906662949, 0.8983852533020997, 0.3722665502646365, -0.3656514077568418, -0.3922652991400541,0.757525312217401]
[-0.16551709925800703, -0.22780424070520613, 0.938109592522036, 0.2913209679263092, -0.41054554180745695, -0.4266295806684321,0.7513798324730164]
[-0.18643259183938804, -0.14657144342427364, 0.9688578856066066, 0.20660978288537413, -0.4526879996454058, -0.4569861923725638,0.7372581587028564]
[-0.19607863495407635, -0.06039432219224341, 0.9898213490737235, 0.11883170075087923, -0.4912074679050176, -0.4825469898507553,0.7153619034845021]
[-0.19379221466186064, 0.027837033464299082, 1.0005010665981457, 0.028776105707256288, -0.5252840539614425, -0.5026024504710946,0.686031613830302]
[-0.17946717058593115, 0.11509467126185535, 1.000736255654482, -0.06268848059994707, -0.5541662554967047, -0.5165385968468632,0.649736711011703]
[-0.1535732238147624, 0.1983685039427347, 0.990716394460414, -0.1546279885259885, -0.5771864972128176, -0.5238518302161544,0.6070627583527015]
[-0.1171386174540587, 0.27482422946928686, 0.9709763061895599, -0.24605817460137078, -0.5937749044015238, -0.524161322099936,0.5586963808986509]
[-0.07169672322328897, 0.3419529048360507, 0.9423742504648314, -0.33596147434313556, -0.6034710221080796, -0.517218669135707,0.5054082127651921]
