[0.20715215392595118, -8.430059691064864e-05, -0.059972824800175434, 0.9999999814662648, -0.00019015168953275173, 2.9937400693308186e-05,3.6820337623239113e-06]
[0.24373753476983182, -0.01573753371155662, -0.045576025068066295, -0.9975932785868157, 0.06635602427314358, -0.019814410078077514,0.0034522042709003945]
[0.2780373586720692, -0.031019891865405047, -0.027555621682282067, -0.9904509037709102, 0.13123677003703366, -0.03994384845445271,0.013726120365272543]
[0.3103923018062387, -0.04571087738589054, -0.005978079174972256, -0.9787251480370075, 0.19357439840664428, -0.06074628877770751,0.030592895926655837]
[0.34110390294587584, -0.05970826737193277, 0.01923569151321, -0.9626654853972164, 0.2521580858616912, -0.08252026138416584,0.05368304593257597]
[0.3703641110953582, -0.07300481137135273, 0.04828641626909075, -0.9426125616671176, 0.30584654250324567, -0.10552108182296724,0.08249092263440719]
[0.39819905054147087, -0.08565030395516722, 0.08145753563157504, -0.9189899826498198, 0.3535889884931733, -0.1299483300133431,0.11638586912680714]
[0.42443259958447177, -0.09770365013057343, 0.11906433206900432, -0.8922940961550174, 0.3944443233726356, -0.1559348669749047,0.15462612647131588]
[0.448673508318497, -0.10918068549536097, 0.1613951054227073, -0.8630820099964784, 0.427598109296912, -0.18353770069482875,0.19637518521901015]
[0.470327572647345, -0.12000408441317365, 0.20864905784784113, -0.8319581301801119, 0.4523770351834761, -0.21273096695471752,0.2407202180215267]
[0.4886340363016519, -0.12996162800708833, 0.2608758832781731, -0.7995595389701947, 0.46826058166362283, -0.24340123852096696,0.28669218403764524]
[0.5027231221457642, -0.13867840881651494, 0.3179220360146401, -0.7665405605747876, 0.47488966541012667, -0.2753453182523864,0.33328715906383327]
[0.5116896037191786, -0.14560727993494754, 0.3793882775446611, -0.7335568821638695, 0.4720721046153706, -0.30827060977484333,0.37948841856252263]
[0.5146757974914006, -0.1500401275478547, 0.44460239357707326, -0.7012496093511744, 0.4597848137507643, -0.3417980948904053,0.42428878462468267]
[0.5109564238599568, -0.1511405157533193, 0.5126099808154971, -0.6702296378548873, 0.43817270381737344, -0.3754678813671655,0.4667127427357555]
[0.500017534631042, -0.14799611019749465, 0.5821849912536898, -0.6410627167274061, 0.40754433263297196, -0.40874721976276973,0.5058378401197657]
[0.48162215921614826, -0.13968723402611102, 0.6518603721726746, -0.6142555634388083, 0.36836441682297133, -0.44104082502767206,0.5408148942679515]
[0.4558564401943357, -0.1253661418256039, 0.7199777438423324, -0.5902433675426676, 0.32124338165209504, -0.47170327932590905,0.5708865676207506]
[0.4231517106310735, -0.10434028659303297, 0.7847537091978161, -0.5693789881709598, 0.26692418527156236, -0.500053238233118,0.5954039016324127]
[0.38428005940762333, -0.07615213336134373, 0.8443591828010469, -0.5519241119042803, 0.2062667090753208, -0.5253891145403581,0.6138404497492873]
[0.3403232486712993, -0.040648020465152826, 0.8970071435946162, -0.5380425925185702, 0.1402300544901588, -0.5470058734788589,0.6258037031156127]
[0.2926171813065702, 0.001970795176977888, 0.9410435260878931, -0.527796143741296, 0.06985312764465335, -0.5642125412824939,0.6310435638445479]
[0.24267625682851762, 0.05112049236017672, 0.9750356171600654, -0.5211425016041007, -0.003766073886065164, -0.5763500064217033,0.6294576870664204]
[0.1921037097836224, 0.10583420113775885, 0.9978523473906554, -0.5179361154991357, -0.07949203435042372, -0.5828086801585557,0.6210935831807796]
[0.1424952390028163, 0.16479023079490712, 1.0087312589058788, -0.5179313679466371, -0.15617370099544725, -0.5830455806409737,0.6061474441992974]
[0.09534380126804862, 0.22636815297579094, 1.0073276734917513, -0.5207882637163312, -0.23266641661032442, -0.5766004126889325,0.584959731130266]
[0.05195331011324268, 0.28872948723623537, 0.993742629091892, -0.5260804706791222, -0.30785335229750554, -0.5631102335981613,0.5580076313691829]
[0.013368163496525094, 0.3499175664300846, 0.9685274332854126, -0.5333055389412312, -0.3806660043800451, -0.5423223233289765,0.5258945643976518]
[-0.019675901576082334, 0.407969410181548, 0.9326641163934563, -0.5418970727216742, -0.4501033436793546, -0.5141049147585752,0.4893369791926869]
