[0.20713379900749662, -9.505287433106184e-05, -0.05998004828905955, 0.9999999456139145, -0.00032712548676834606, 4.180498245032171e-05,3.6644008893653488e-06]
[0.27019293984460013, 0.003255495261888743, -0.036845299609540694, 0.9981509711463542, 0.03708434311811513, 0.04815824543332013,0.0004167635686625227]
[0.32999593968050195, 0.009391861984929003, -0.005669299014203877, 0.9925775880250914, 0.07437577257564068, 0.09620390429651887,0.001668832578479962]
[0.3855028207042732, 0.018084542398733305, 0.03310345731755229, 0.9832625912947766, 0.1114195965092498, 0.14410398407889705,0.003793658733539955]
[0.4357453854471281, 0.02903226097882475, 0.07892159872514573, 0.9701794693384718, 0.14807707983347065, 0.19177618175124758,0.006846299367257156]
[0.47984105559554935, 0.041869126968879414, 0.13113455631698273, 0.9532954241083973, 0.1841933142753727, 0.23912720118787903,0.010901330299407371]
[0.5170054444701648, 0.05617302446114428, 0.1890010128237522, 0.9325754632401949, 0.21959288002644484, 0.28604956834393397,0.016050447167496762]
[0.5465636138270271, 0.07147511044595854, 0.2516980859620547, 0.907987432954067, 0.25407636620031443, 0.33241884038163527,0.022399470870015724]
[0.5679599617146637, 0.08727029233721054, 0.3183312318897243, 0.8795078291351364, 0.28741791861479543, 0.37809129197704133,0.03006482130781259]
[0.5807666764920916, 0.10302855168890399, 0.3879448759329839, 0.8471281967284344, 0.3193639543695156, 0.42290215234487283,0.039169535345358955]
[0.5846906750240646, 0.11820697189111304, 0.45953379041042025, 0.8108619053121767, 0.3496331494780811, 0.46666445528899214,0.04983891521063688]
[0.5795789232274068, 0.13226231394471924, 0.5320552426629731, 0.7707510720369226, 0.3779177692678657, 0.5091685520272909,0.062195902212019344]
[0.5654220175428256, 0.1446639658964351, 0.6044419294647113, 0.7268733925126499, 0.4038863722990832, 0.5501823228840175,0.07635627750345488]
[0.5423558896439994, 0.1549070686896653, 0.6756156965781851, 0.679348636017931, 0.4271878781606004, 0.5894521094428388,0.09242379653860047]
[0.5106614867618777, 0.16252559515130574, 0.7445020146959909, 0.6283445637664576, 0.4474569486972243, 0.6267043736793514,0.1104853667183222]
[0.4707622790909603, 0.16710513121694703, 0.8100451463596244, 0.574082037906486, 0.46432059205320253, 0.6616480752231121,0.1306063784891492]
[0.4232194560695413, 0.1682950813678905, 0.8712238942324857, 0.5168391042968207, 0.47740586041285465, 0.6939777425239546,0.15282629876588066]
[0.39929499752366204, 0.20276438501566418, 0.8643636554195834, 0.5066736235976349, 0.4910527083966045, 0.704754077445078,0.0739646337876353]
[0.3710175032295929, 0.23535448330144626, 0.8591750317265199, -0.4924948362326555, -0.5034095260454537, -0.7099264269902781,0.005670417240329665]
[0.3386252288586762, 0.2651558382524118, 0.8558478335815544, -0.4743908161375463, -0.5140213755321072, -0.7095274399633198,0.08547625985928012]
[0.3025518783028925, 0.2912866010213861, 0.8545134053598785, -0.45250954013733447, -0.5224432588507902, -0.7036411384869101,0.16485540814577418]
[0.26341903887212303, 0.31293646943476383, 0.8552401154238821, -0.4270577207787545, -0.5282472268224124, -0.6924018197358857,0.2432206621652868]
[0.22201907573760285, 0.3294083961007781, 0.8580304278198566, -0.39829879457274675, -0.5310293283022797, -0.6759924754559121,0.3200001497682695]
[0.1792891315503593, 0.34015609483810244, 0.8628196403709602, -0.3665500877552579, -0.5304163017473483, -0.65464274665844,0.3946421850927403]
[0.1362773089133296, 0.3448154736508181, 0.8694763328421149, -0.33217919290467707, -0.5260719143607953, -0.6286264354684308,0.4666198981528981]
[0.09410249686925154, 0.343228392265408, 0.8778045265607118, -0.2955996005689436, -0.5177028583672227, -0.5982586004544113,0.5354355923584255]
[0.053909619662470834, 0.3354574890016518, 0.8875475143960342, -0.2572656403110019, -0.5050641195268296, -0.5638922658470449,0.6006247896980649]
