[0.20720585451669593, -9.500930205512719e-05, -0.05996201029524824, 0.9999999511683797, -0.00029495731951176106, 0.00010319817317033718,3.6817452637537084e-06]
[0.24607501612869864, -0.007127262880900854, -0.045570385253384055, 0.9994590670232613, 0.022264763903211308, 0.02380378046641302,0.004385620689667515]
[0.2827466115075403, -0.02099751912481475, -0.027639293295514317, 0.9977877571457177, 0.04402488752610512, 0.04667198695674521,0.017410531351509342]
[0.316563947115103, -0.041414445033962716, -0.006272575041031209, 0.9948670841372348, 0.06420679441904506, 0.06789745114247224,0.03881892037476696]
[0.3468867497181462, -0.06796394123185934, 0.01855961053109445, 0.9905033500559643, 0.08207076316128867, 0.08670876937477294,0.068184255334705]
[0.3730699109569924, -0.10009779078347239, 0.04700338756635544, 0.984434440598319, 0.09693424447178521, 0.10239184102205245,0.10492137677648893]
[0.39445217347121325, -0.13711517300645557, 0.07929130240194393, 0.9763384734579442, 0.10818878946024027, 0.1143069006123956,0.14829802275595985]
[0.4103584613170048, -0.17814111670997962, 0.11570218498167137, 0.9658445277840637, 0.11531523267880525, 0.12190385299558315,0.19744922356556263]
[0.4201178906364839, -0.22210690782576814, 0.15651364511033836, 0.952545177330121, 0.11789677166194398, 0.12473556116711096,0.2513942643680361]
[0.4230975573304088, -0.267737836761803, 0.20195065519440542, 0.9360105022521906, 0.11562963371403837, 0.12246878296614859,0.3090558601281487]
[0.4187501829292882, -0.3135534158320987, 0.2521339866084992, 0.9158032147436028, 0.10833107700016388, 0.11489250633740804,0.369281141691227]
[0.4066718136842903, -0.3578843238664006, 0.3070323376309437, 0.8914945027512017, 0.09594453520672895, 0.10192349201627035,0.43086401509474204]
[0.38666420684261105, -0.39890891289669494, 0.3664218113777088, 0.862680174675022, 0.0785417817192141, 0.08360889601057127,0.49256842900752257]
[0.35879546906690907, -0.43471026629425596, 0.42985598247773166, 0.8289966767458578, 0.056322058863827004, 0.06012591066570239,0.5531520681478869]
[0.3234520569333303, -0.46335269955065245, 0.4966491566835779, 0.7901365540038185, 0.029608188660137227, 0.03177843090079335,0.6113899839878968]
[0.28137547322488604, -0.4829744440638408, 0.5658746171210619, 0.745862935518478, -0.00116024791630374, -0.0010091801501178944,0.666097678122328]
[0.23367789621592697, -0.49189126155706697, 0.6363787145781454, 0.6960226445022584, -0.03543650760002734, -0.03770108590595267,0.7161531682473439]
[0.18183249835179735, -0.48870410380425544, 0.7068106553475526, 0.6405575638340496, -0.07257883689192636, -0.0776615285719509,0.7605175914009294]
[0.1276362219592168, -0.47240283257165216, 0.7756668313876193, 0.5795139265562553, -0.11186489908804932, -0.12016867775936702,0.7982539333851963]
[0.07314511014765192, -0.442457576455788, 0.8413475872601212, 0.5130492482435235, -0.1525081424768122, -0.16443046222081442,0.8285435163278254]
[0.020584734484721284, -0.39888959505758753, 0.902223486398871, 0.44143667267516346, -0.19367573025143933, -0.20960202636969064,0.8506999271604366]
[-0.027759404097117135, -0.34231455161635616, 0.9567074786245275, 0.36506656271257354, -0.23450761583805402, -0.254804416345956,0.8641801272383989]
[-0.06966461469846914, -0.27395280055314514, 1.0033289239193377, 0.2844452332811006, -0.27413632015744477, -0.2991440724773818,0.86859254609733]
[-0.10309851584068555, -0.1956035512851266, 1.0408052237190113, 0.20019079136476567, -0.31170695045749713, -0.34173268669856777,0.8637020290186975]
[-0.12634208529188246, -0.10958239656989027, 1.0681068648553707, 0.11302611734853481, -0.3463969941719919, -0.381706975243678,0.8494315771597184]
[-0.1380989777247279, -0.018624477498700172, 1.0845119914212502, 0.023769091253960987, -0.37743542593020835, -0.41824791890831153,0.8258608889411763]
[-0.1375825363893755, 0.07424173567923492, 1.0896471690405556, -0.06667976522305002, -0.404120681258978, -0.4505990353337963,0.7932217806167648]
[-0.12457337226320296, 0.1658426693777041, 1.083511762328649, -0.157351996044421, -0.4258370763334832, -0.47808326982418525,0.7518906309263359]
[-0.09944246062491086, 0.2530206214697204, 1.0664842648821875, -0.24722797374967903, -0.4420692887527017, -0.5001181226577996,0.7023780579762917]
[-0.0631372445515694, 0.3327970336685866, 1.0393099469831484, -0.33525537160174307, -0.4524145589196636, -0.5162286709828703,0.6453160945962554]
[-0.017131028686602164, 0.40252721452509915, 1.0030702576229276, -0.4203689536603363, -0.4565923241664486, -0.5260581912748586,0.5814431801160107]
[0.036661238465995026, 0.4600361134857815, 0.9591354697623642, -0.5015112552839952, -0.4544510570648266, -0.5293761428890467,0.5115873306641296]
