[0.2070984061639319, -7.803336643195085e-05, -0.06000444253305477, 0.9999999561565578, -0.00028928353799200044, -6.315508543582988e-05,3.654147738606092e-06]
[0.26425276143014537, 0.0020308512373783845, -0.030565633949517973, -0.996689404318305, 0.05264623464486134, -0.06181090653539182,0.004244659069237232]
[0.31692113933611515, 0.005728718009616963, 0.007566135625673792, -0.9868300003312517, 0.10417586883437621, -0.12258737760853289,0.016919623219446216]
[0.36383890322972007, 0.010791685507887207, 0.053704746408588966, -0.97056982718797, 0.15406560710218895, -0.1811888808996888,0.03779667576476409]
[0.4038540962062763, 0.016935469578075, 0.10699676674497724, -0.9481528600637735, 0.2015278465027738, -0.2365789272282872,0.06650633224253157]
[0.4359509819869553, 0.023823963186048798, 0.1664373212473343, -0.919915041654508, 0.24581191874287586, -0.28778134938526984,0.10254126821784677]
[0.45927085743610235, 0.031079396844449204, 0.2308886836461721, -0.8862788819932571, 0.28621544602386567, -0.3338985492343397,0.14526603391483311]
[0.4731297558411045, 0.03829382066392627, 0.2991012644332102, -0.8477466731051895, 0.32209490944837105, -0.3741282003252466,0.19392920684600662]
[0.47703271915249673, 0.04504161827240755, 0.36973662935764623, -0.8048924319656415, 0.3528752586586918, -0.4077780797768052,0.24767773909767965]
[0.4706843807946749, 0.05089273829519888, 0.441392156215919, -0.75835270638469, 0.3780584076224714, -0.4342787412280012,0.30557321227882617]
[0.4539956674530117, 0.05542631113005067, 0.5126269142469742, -0.7088163972897987, 0.39723048034369285, -0.4531937845171815,0.3666096753960868]
[0.4270864974844976, 0.05824430764796017, 0.581988332878818, -0.6570137670947394, 0.41006769142793525, -0.46422752652098404,0.42973270985014933]
[0.3902844243676299, 0.05898489237585141, 0.6480392146244491, -0.6037048171518403, 0.4163407695042123, -0.4672299302539753,0.4938593419903783]
[0.34411924499886826, 0.05733512675782555, 0.7093846406491168, -0.5496672274602584, 0.4159178561028406, -0.4621987048046307,0.5578984076943504]
[0.28931366376131173, 0.05304268824783369, 0.7646983169821794, -0.4956840586744885, 0.4087658382848357, -0.44927854581392923,0.6207709655731358]
[0.2887248492057377, 0.07173568960809953, 0.7719060515534021, -0.525535002622272, 0.3818771777812048, -0.4383139054574897,0.6211792836140576]
[0.28654220006913866, 0.09132542886557173, 0.7790769755845153, -0.5541823873119068, 0.35149937987279456, -0.427015605483441,0.6220833868670078]
[0.28260088164763375, 0.11162927837178703, 0.786244450495726, -0.5812006739995998, 0.3176523072289791, -0.4154507340924714,0.6234608855385751]
[0.27675682314716443, 0.1324386565529792, 0.7934369849276052, -0.6061588837359584, 0.28040711701270266, -0.40368502388062416,0.6252852612137133]
[0.26889065117785005, 0.15352168114734302, 0.8006777941887583, -0.6286267205385497, 0.23988738867611223, -0.39178254846428784,0.6275260326854436]
[0.25891127502934624, 0.17462640730814405, 0.8079844263960574, -0.6481808543519015, 0.1962695247287299, -0.3798054312324844,0.6301489412200137]
[0.24675903672994948, 0.19548460247668867, 0.8153684595876505, -0.6644112777065094, 0.14978240476881022, -0.3678135675383803,0.6331161542819498]
[0.23240834576509617, 0.21581599700875734, 0.8228352732967426, -0.6769276477414006, 0.10070628324919063, -0.35586436157103646,0.6363864866581215]
[0.21586972712313254, 0.23533293763349117, 0.8303838972438972, -0.685365524211032, 0.04937093187095335, -0.34401247907185456,0.6399156378398392]
[0.19719122189363109, 0.25374536021967864, 0.8380069389463761, -0.6893924142811904, -0.0038469619805721954, -0.3323096169783712,0.6436564444474712]
[0.17645909176982222, 0.27076598928184586, 0.8456905911641023, -0.6887135363377863, -0.058527118866984855, -0.32080429099135377,0.6475591464134886]
[0.15379779226707885, 0.286115664408298, 0.85341471921272, -0.6830772176777381, -0.1142096808187832, -0.3095416419700484,0.65157166557747]
[0.12936919399539074, 0.29952868853033954, 0.8611530272845846, -0.6722798447961854, -0.17039987261901476, -0.298563261965271,0.6556398952907745]
[0.10337104661854217, 0.31075808983068215, 0.8688733020379722, -0.6561702899862195, -0.22657325923938088, -0.2879070406013658,0.6597079995795178]
[0.07603469587749999, 0.3195806882192038, 0.8765377308528811, -0.6346537440670144, -0.2821815389460063, -0.2776070324162881,0.6637187203724232]
[0.047622079916170935, 0.3258018587475816, 0.8841032913178833, -0.6076948921791988, -0.33665880345145216, -0.26769334566472053,0.6676136912652236]
[0.018422046782070538, 0.3292598881028336, 0.891522207715567, -0.5753203776434714, -0.38942818919909516, -0.2581920529826906,0.6713337562657423]
[-0.011253949960192598, 0.32982982637455804, 0.8987424695228732, -0.5376205077674784, -0.4399088375319924, -0.24912512420413713,0.6748192919436757]
