[0.20718058478423074, -9.231431870438962e-05, -0.059966107451756345, 0.9999999665571758, -0.00025407015438378273, 4.8172081066302805e-05,3.6680820359619057e-06]
[0.23997707575479008, -0.019563661501291834, -0.046634398494422025, -0.9966743062289195, 0.07904221817246186, -0.01955312521248564,0.003214085235999812]
[0.27007452022712153, -0.039450370540826146, -0.030327991536129972, -0.9868107269574532, 0.1564758581456874, -0.039456637576836706,0.012769836741479483]
[0.2979075783661835, -0.05946868821342441, -0.011110341674006069, -0.9706211579706655, 0.23123043166875115, -0.060139849805519334,0.0284649545114222]
[0.32388495966964387, -0.07948748943876688, 0.011098336503583384, -0.9484530139644565, 0.3020316367748797, -0.08195367453196209,0.04997365225331641]
[0.34831541389717635, -0.09950141628668711, 0.036502838976941065, -0.920781198941774, 0.3676791853285897, -0.10520471999655015,0.07685029109835245]
[0.3713482306224957, -0.11958553102059286, 0.06540224864217081, -0.888197178815297, 0.42706900588201, -0.13014239155724372,0.10853936465292345]
[0.39293414977372476, -0.13983683883518389, 0.09814888476191291, -0.851395377239186, 0.47921342900956687, -0.15694751861192252,0.14438794088911142]
[0.41281058879342075, -0.16030942796969802, 0.1350998098804527, -0.811157211430464, 0.5232589372138039, -0.18572281758663864,0.18366027877010985]
[0.43051273758381603, -0.18095070889670248, 0.17656431194350142, -0.7683331396317832, 0.5585011158544242, -0.21648545722781026,0.22555428823632687]
[0.44540957864223785, -0.20154623863852938, 0.22275109422486594, -0.7238231380722038, 0.5843965039442188, -0.24916194149240245,0.2692194604422553]
[0.456761487576399, -0.2216798875199072, 0.27371898127674743, -0.6785560617221619, 0.6005711126465284, -0.2835854690478926,0.31377586188154716]
[0.4637939805584852, -0.2407147090205962, 0.3293347796859266, -0.6334683689626454, 0.6068254533160364, -0.3194958680886032,0.35833376202348427]
[0.46578059309472464, -0.25779793671370826, 0.3892415274425033, -0.5894827048949131, 0.6031359942510554, -0.3565421422575656,0.4020134498533029]
[0.4621269447667446, -0.27189123436102114, 0.4528397494622213, -0.5474868410666408, 0.5896530441999813, -0.39428759940714303,0.44396479058402666]
[0.45244785314884084, -0.28182487935396844, 0.5192835467621831, -0.5083134608144383, 0.5666951392830668, -0.43221747123991705,0.48338607988104726]
[0.4366299247055302, -0.2863721939177056, 0.5874924314486878, -0.47272125942465615, 0.5347400865577817, -0.46974887004086135,0.5195417690729761]
[0.4148733193278127, -0.28433847467574735, 0.6561788354891092, -0.4413777973649546, 0.49441289022692614, -0.5062428701994768,0.5517786606447505]
[0.38770824172452495, -0.2746571043984748, 0.723890229159587, -0.41484450366519837, 0.4464708538094317, -0.5410184484093247,0.5795402082325433]
[0.35598398662039743, -0.2564846103056389, 0.7890638467751161, -0.39356417609395405, 0.3917862119396872, -0.5733679685995031,0.6023785985686387]
[0.32083084684448027, -0.22928625264123392, 0.8500911914293008, -0.3778512662688564, 0.33132669747207055, -0.6025738569398018,0.61996434337304]
[0.28359765610957144, -0.19290430948390558, 0.9053888289027533, -0.36788517262676096, 0.26613449207874185, -0.6279260796484241,0.632093165905731]
[0.24576995569418622, -0.14760252319644815, 0.9534715256213445, -0.3637066937909655, 0.1973040405989494, -0.6487400126134037,0.6386900284874771]
[0.20887554312901446, -0.09408207905150265, 0.9930235659997496, -0.3652177209566742, 0.12595923032959136, -0.6643742776079218,0.6398102123653092]
[0.17438531947248181, -0.033466830130934294, 1.0229641157520726, -0.3721841722032993, 0.053230445802116194, -0.6742481155101294,0.6356374283599828]
[0.14361779410829706, 0.03274194328380198, 1.0425027795083963, -0.38424209590569025, -0.019767992797608287, -0.6778578725779025,0.6264790042602518]
[0.11765529230053313, 0.10273837650248221, 1.051182017703946, -0.4009067964285729, -0.09195951343644389, -0.67479219139622,0.6127582613858412]
[0.09727887049631719, 0.17450725633511738, 1.0489038091355274, -0.42158476478049395, -0.16232562942697296, -0.6647455232987574,0.5950042566153408]
[0.08292727368454413, 0.24593453486694045, 1.035938829122803, -0.4455881315244461, -0.22992449707919596, -0.6475296133330528,0.5738391260137106]
[0.07468312180842951, 0.314924710022884, 1.0129174061637554, -0.47215130052054877, -0.2939073065403105, -0.62308265144711,0.5499633206356713]
[0.07228708557424599, 0.37951609228848027, 0.9808025628191194, -0.5004493713835791, -0.3535321728436215, -0.5914758335876473,0.5241390728881471]
[0.07517832855409, 0.43798518410590337, 0.940846476608194, -0.5296179170582004, -0.40817525580874253, -0.5529171327069057,0.4971724719205349]
