[0.2071318164574859, -8.021211557100959e-05, -0.05999583821393627, 0.9999999834109778, -0.00018181990877406541, -1.0300941334243936e-05,3.6682237923255162e-06]
[0.24432624092597668, -0.012749747008195691, -0.04478264603685808, -0.9985297179656544, 0.05016932284238015, -0.02028511600262844,0.003155226414697937]
[0.2794433692087736, -0.024610445752052477, -0.025678520187734116, -0.9941586491078062, 0.09906918396213026, -0.04094550218355377,0.012543645568832092]
[0.3126568377615507, -0.03547342973318642, -0.002774153838999649, -0.986951765065634, 0.14581484767091016, -0.062318242779357616,0.027940655851863144]
[0.34410967504360324, -0.04522830908470765, 0.023955521760285536, -0.9770156330631669, 0.18937694924267282, -0.08471958640960048,0.048983829212344246]
[0.3738585048658728, -0.05382842588313014, 0.05463002997346314, -0.9644960513107483, 0.22878108385473403, -0.10842017101708634,0.07517745135912496]
[0.40182860504011547, -0.061266523595344166, 0.08942870656613605, -0.949574836185496, 0.2631246253624732, -0.13363179984053453,0.10590374914291824]
[0.42778421650580145, -0.06754384719308887, 0.1285455052283431, -0.9324658152386293, 0.29159230448415796, -0.16049583536605658,0.14043688335735974]
[0.45131715522456917, -0.07263643925602217, 0.17213689115042355, -0.9134101142360189, 0.3134702778799021, -0.18907353920242959,0.17795939107197306]
[0.4718551738524194, -0.07646279499506652, 0.22026706440678073, -0.8926708421418629, 0.32815844613594397, -0.21933863771941733,0.21758070645801905]
[0.4886897872380713, -0.07885703142693032, 0.27285505635744667, -0.870527291458195, 0.3351808094302555, -0.2511723381659557,0.25835734236979746]
[0.5010215605243926, -0.07955130739305162, 0.3296282204151669, -0.8472687823452799, 0.33419368410937356, -0.2843609591603079,0.2993142777583138]
[0.508019304988975, -0.07817043349028713, 0.39008629202702805, -0.8231882872312326, 0.32499164093518734, -0.31859627436893523,0.3394670691625308]
[0.5088883652880403, -0.07424050081598785, 0.45347954245508676, -0.7985759779909376, 0.30751106569578, -0.35347860041950957,0.3778441886491419]
[0.502942318748863, -0.06721203054615404, 0.5188036386479489, -0.7737128401119474, 0.28183128450547107, -0.3885225912474753,0.4135090860068832]
[0.48967201598689425, -0.05649671972325432, 0.5848127070543009, -0.7488644975085227, 0.24817323870561533, -0.4231656328044456,0.4455814798382976]
[0.4688060064349947, -0.041515460291443346, 0.6500508567116088, -0.7242753877982725, 0.206895737062906, -0.4567786659996561,0.4732574002616693]
[0.4403570044033077, -0.021754066440569, 0.7129011296993281, -0.7001634209869495, 0.15848935518677, -0.48867920349277566,0.49582753481225755]
[0.4046501117536545, 0.0031778234535254357, 0.7716496021555654, -0.6767152447466749, 0.10356809300379742, -0.5181462490110385,0.5126934681413412]
[0.3623299356572204, 0.033489804325353006, 0.8245612415079978, -0.6540822270123614, 0.042858940011386105, -0.544436777607329,0.5233814543487364]
[0.3143454076496104, 0.0691610222176589, 0.8699632125598712, -0.6323772517082451, -0.022810465801299213, -0.5668033929350283,0.5275534171334645]
[0.2619128863728589, 0.10990275790110346, 0.9063306807987934, -0.6116724063508017, -0.0925258666658605, -0.5845127442328485,0.5250149361076659]
[0.20645986505427388, 0.15513753506393396, 0.9323698326012209, -0.5919976214015382, -0.16530185380061055, -0.5968642621224575,0.5157200461355147]
[0.14955316305026595, 0.20399786356341182, 0.9470928451502132, -0.5733403009476813, -0.24009850420330225, -0.6032087591287149,0.4997727488558734]
[0.09281673071700863, 0.2553462640406541, 0.9498798976794806, -0.5556459629866711, -0.315838893855604, -0.602966438398729,0.47742520996427906]
[0.037845035976479986, 0.3078165545760221, 0.9405240010762298, -0.5388198857205405, -0.3914271813301821, -0.5956438625313811,0.4490726906601092]
[-0.013881639327311332, 0.35987464725289153, 0.919255394176885, -0.5227297342819632, -0.46576694683390196, -0.580849453587686,0.41524533519525647]
[-0.061073813843048746, 0.4098954455173027, 0.8867434523800052, -0.5072091206732882, -0.5377794683449064, -0.5583071248361837,0.3765970070110149]
