[0.20708277674653822, -5.976657568176126e-05, -0.060010830738700865, 0.9999999686200928, -0.0002414896686459372, -6.655213227923106e-05,3.656149791848586e-06]
[0.24892618041968484, 0.0006407603586204154, -0.04289166842833597, -0.99938344894579, -0.0067368391217071805, -0.03441096202642211,0.001795178064250264]
[0.28885370928891474, 0.004575598712489939, -0.021633866682452457, -0.9974937332444346, -0.014055002118868724, -0.06897630620740218,0.007139904446308714]
[0.3264803688275681, 0.011614666251830993, 0.003558467871663862, -0.9942353244776456, -0.02203846106701582, -0.10371157307177954,0.015947896588756075]
[0.36144266745202686, 0.02158281599863055, 0.03250870790721988, -0.9894525933940999, -0.030987911026066472, -0.13868906151141566,0.028083073425348427]
[0.393388109637314, 0.03426024838181348, 0.06506572970786173, -0.9829348382325854, -0.041167742622882926, -0.17396664340693344,0.0433581334670009]
[0.4219660346578124, 0.04938155064620993, 0.10109810154938842, -0.9744231845734675, -0.05279548170300815, -0.20958343105953944,0.0615376299735463]
[0.4468207547009153, 0.06663372338758147, 0.14048485801615, -0.9636191480665594, -0.06603249442216237, -0.24555583708983816,0.08234183645616984]
[0.467587782604943, 0.08565369653873342, 0.18310346922829912, -0.9501946395153142, -0.08097621471784791, -0.2818741116412493,0.10545133888570522]
[0.48389372698752436, 0.10602594271731994, 0.22881577126187505, -0.9338031538493335, -0.09765411362852164, -0.31849943325319835,0.13051227900032059]
[0.49536018325292686, 0.12728085686730006, 0.2774527441247351, -0.9140918527896059, -0.11601958696556419, -0.35536161992178256,0.1571421623580772]
[0.5016116771414804, 0.1488945826045422, 0.32879910077789765, -0.8907142262787311, -0.13594989040698843, -0.3923575158080645,0.18493613544122228]
[0.5022874386274266, 0.17029092566209397, 0.3825786810799731, -0.8633430006234021, -0.15724620029396036, -0.4293500969719416,0.21347362834288636]
[0.4970565140243831, 0.19084590453980066, 0.43844162651554386, -0.8316829522125614, -0.1796358254754071, -0.46616832660555046,0.2423252534808301]
[0.48563547861724216, 0.2098953522410701, 0.4959542456757688, -0.7954832848776807, -0.20277654171925952, -0.5026077767313423,0.27105984648739384]
[0.46780780521388654, 0.2267458080771345, 0.5545923693970671, -0.7545492365030366, -0.22626296677244015, -0.5384320194438801,0.2992515329912341]
[0.44344378784290023, 0.24068873470220759, 0.6137388429985381, -0.7087525962293486, -0.2496348423812185, -0.57337477674543,0.3264867044759878]
[0.41251982382833174, 0.2510178745555326, 0.6726856178124396, -0.6580408371864259, -0.272387040719556, -0.607142804090978,0.3523707877840834]
[0.3751358278159076, 0.2570493347945336, 0.7306406933612247, -0.6024446006167534, -0.29398106789194645, -0.6394194691548821,0.3765346961098279]
[0.33152959058222714, 0.2581437742572645, 0.7867399344922003, -0.5420833048154695, -0.3138577975639792, -0.669868974290763,0.3986408544432804]
[0.27533345023232897, 0.2727832941010484, 0.8211930001665738, -0.486640807788634, -0.3723584910860862, -0.6835913068468358,0.3965259178343258]
[0.2171680233126388, 0.2786475766496654, 0.8519907653417415, -0.4265799334247042, -0.42366486637840306, -0.6963488555759796,0.3919641727683398]
[0.158564812802606, 0.2756408555725139, 0.8790063232636799, -0.3628745921649759, -0.46735338811362, -0.7082634563115817,0.385052876152607]
[0.101019403621047, 0.26391344105151077, 0.9021678814591906, -0.29653255781167187, -0.5031325883890124, -0.7194565629094456,0.3759099556345474]
[0.045951755916543754, 0.24384468917180807, 0.9214549094931377, -0.2285774491565957, -0.5308449432710078, -0.73004763937368,0.36467305930872124]
[-0.005328203365368621, 0.2160201115551939, 0.9368934022153983, -0.16003079091730762, -0.5504662844406621, -0.7401526021944577,0.3514984226383473]
[-0.05164895235659051, 0.1812040252941568, 0.9485504348238174, -0.09189449147404827, -0.5621027990121028, -0.7498823287489933,0.3365595620532458]
[-0.03652237411537106, 0.2102408887305892, 0.9475591283243792, -0.10387199092135202, -0.542884137310744, -0.7256654297096181,0.40975249490730337]
[-0.016950581985490834, 0.2381174077992103, 0.9450964213080535, -0.12185720379415065, -0.5157476729466949, -0.699767479269525,0.47904137054153817]
[0.007051362768824454, 0.2653466282949333, 0.9402562932017036, -0.14546148239138962, -0.4811503689239093, -0.6724036326814294,0.5433310541297116]
[0.03519308511853511, 0.29225801400380536, 0.9320529991623112, -0.17417270371007101, -0.4396307474142525, -0.6437727276264275,0.6016189411701894]
[0.06692095280265936, 0.31897585922287475, 0.9195100453956219, -0.20736450496819572, -0.391796154051551, -0.6140601253738005,0.6530129387505436]
