[0.20718883277656955, -8.354366403514327e-05, -0.05996962408839239, 0.9999999814800881, -0.00018068045393829495, 6.618745251470261e-05,3.6903201619918966e-06]
[0.25979757127759273, -0.020968953378309573, -0.039896231683471395, -0.9937592584914966, 0.09349776261576276, -0.06082759507118377,0.0008415617230136964]
[0.3077091786993636, -0.049394749790812514, -0.013879456766655085, -0.9751961505043072, 0.18512602644572057, -0.12128209008816392,0.0033877718113658035]
[0.3494876701847696, -0.08446315817910718, 0.017749372389812196, -0.9446594213769262, 0.27341259969020754, -0.18112444977875752,0.007619818029067267]
[0.3838849081315169, -0.12503778636610777, 0.05458103850115073, -0.9027222772710117, 0.3567695329772409, -0.2400529116774141,0.013512588687442985]
[0.4098817664032719, -0.1697822260206143, 0.09613521185026619, -0.8501708964173635, 0.43370455587828094, -0.2977708767438306,0.02103116873905064]
[0.4267211962259928, -0.2172055660212479, 0.14186844148037756, -0.7879887144386015, 0.5028498662970645, -0.3539885799933929,0.030131098829718376]
[0.43393203477909786, -0.2657131134633284, 0.19118320484592627, -0.7173367961594825, 0.5629883644480905, -0.40842471808387043,0.04075870495764488]
[0.4313427594545965, -0.3136604290051127, 0.243437839014249, -0.6395307067418172, 0.6130767976680291, -0.46080802363847034,0.0528514961551088]
[0.4190847821219853, -0.3594086715377503, 0.29795715955187013, -0.5560143678378956, 0.6522653486863351, -0.5108787764418611,0.06633862707492658]
[0.39758528200038157, -0.4013792167546766, 0.35404356042483026, -0.46833144667978915, 0.6799132762884726, -0.558390242068115,0.0811414218547055]
[0.367549975950766, -0.43810556569402914, 0.4109883798579318, -0.37809487626745225, 0.6956003018390424, -0.6031100289847765,0.09717395515113891]
[0.3299366045135472, -0.468280689799916, 0.46808331329921, -0.2869551420118065, 0.6991335260150066, -0.6448213557220787,0.11434368578784355]
[0.28592025522321063, -0.4907981621822405, 0.5246316554862385, -0.19656799354937357, 0.6905497553158033, -0.6833242202969334,0.13255213804705657]
[0.23685193774993324, -0.5047856911636457, 0.579959159068574, -0.10856224950290627, 0.6701132153603907, -0.7184364647335636,0.15169562526113542]
[0.184212056689959, -0.5096299898695799, 0.6334243071612166, -0.024508357569054385, 0.6383087255002882, -0.7499947282220153,0.171666010027177]
[0.12956058861004946, -0.504992270457464, 0.6844278113433847, 0.05411164735588453, 0.5958305047266272, -0.777855283197462,0.19235149507981844]
[0.07448585467811611, -0.49081402808706787, 0.732421164637665, 0.12593217775433288, 0.5435668701357654, -0.8018947494020603,0.2136374386156751]
[0.02055378669833574, -0.46731316168770387, 0.7769141004837099, 0.18972955794877747, 0.48258117435071946, -0.8220106818017757,0.235407187669838]
[-0.030740486130737855, -0.43497084978059064, 0.8174808331597527, 0.24444441395770866, 0.41408940542870837, -0.8381220290674789,0.25754292300194054]
[-0.07801704531258097, -0.3945099446134325, 0.8537649819422404, 0.2892005531375674, 0.33943494025972326, -0.8501694601869443,0.2799265088576701]
[-0.12005010920327364, -0.34686595263194747, 0.885483109916339, 0.32331997584960903, 0.26006099884248235, -0.858115557646281,0.3024403409320116]
[-0.1558002624061842, -0.29315192185689687, 0.9124268381092865, 0.3463337464329905, 0.17748139093337406, -0.8619448764997901,0.32496818587333387]
[-0.18443907742415994, -0.23461874760262588, 0.9344635258447985, 0.35798854107749034, 0.09325017750345731, -0.861663869530225,0.347396005732627]
[-0.20536554913085447, -0.1726125306345332, 0.9515355382346886, 0.35824878373785335, 0.008930886611393773, -0.857300679580891,0.3696127608793099]
[-0.21821410688149065, -0.10853067295352631, 0.9636581508682804, 0.34729437592243645, -0.07393407357764417, -0.8489048010109345,0.3915111850732329]
[-0.22285431083110108, -0.04377837580772328, 0.9709161693910713, 0.3255141199139382, -0.15385317279166086, -0.8365466130795833,0.41298852660052415]
[-0.21938266353409197, 0.020272884645224688, 0.9734593671814143, 0.29349502566676006, -0.22941408039666714, -0.8203167888982115,0.43394724964717407]
[-0.2081072615851376, 0.08232348028905243, 0.9714968671910834, 0.2520077772831736, -0.29930998118718066, -0.8003255843952061,0.4542956903966801]
[-0.18952626310132442, 0.14117913434970583, 0.9652906137317119, 0.20198871373513463, -0.3623633651643367, -0.7767020125122829,0.47394866269436126]
[-0.1643013456689091, 0.19577883513069375, 0.9551480961598453, 0.1445187486754085, -0.4175468317415757, -0.7495929085868593,0.4928280085183463]
[-0.13322746906144498, 0.24521646894953741, 0.9414144987196122, 0.08079971428239062, -0.4640005187250071, -0.7191618935684037,0.5108630889327564]
[-0.09720033356083013, 0.28875577650632167, 0.9244644590166915, 0.012128662858971751, -0.5010458440818903, -0.6855882423626817,0.5279912116688771]
[-0.05718293708190268, 0.3258385352568054, 0.9046936215898267, -0.060129303625015555, -0.5281953321232293, -0.6490656651921969,0.5441579919815692]
[-0.014172584509854397, 0.3560861579813291, 0.8825101727849219, -0.13456908238925544, -0.5451583833516843, -0.6098010103999005,0.5593176439569496]
