[0.2071161841788086, -4.7384129623512376e-05, -0.06000505341135093, 0.999999985730696, -0.00016105376191436141, -5.086058092756268e-05,3.6735837359423583e-06]
[0.2776721269726701, -0.010551479051777592, -0.03465596935009413, 0.9964797186045055, 0.03361613597140265, 0.07660215881062259,0.005498643268150081]
[0.34368119105049144, -0.026226319990427994, 0.00013787903406276003, 0.9859343749919338, 0.06682776453826783, 0.15162339610209932,0.02185872481525056]
[0.4036385272944618, -0.046412624744594025, 0.04374074829480187, 0.9684662836206794, 0.09891372949023058, 0.22341658953866025,0.04872534378737035]
[0.45620942472385384, -0.07025713186400853, 0.09535021156063903, 0.9442448297638829, 0.12932752143222845, 0.29045519683148896,0.0855094865962473]
[0.5002682445402784, -0.09674371970248632, 0.15401402321126262, 0.913504600570388, 0.15754283102576983, 0.3513153696902485,0.13140438405367624]
[0.5349304870237037, -0.12473037717410707, 0.21865012490237334, 0.8765428175684516, 0.18305992232016888, 0.4047067147519847,0.18540288251251638]
[0.5595769530354118, -0.15299068602053864, 0.28806934044406013, 0.833716085583477, 0.20541169868911197, 0.4495001783142666,0.24631912710234408]
[0.573869240922798, -0.18025831376259305, 0.36100024673063547, 0.7854364950864069, 0.2241693912069696, 0.4847524546604511,0.31281408845022446]
[0.5777561246619023, -0.20527291123700908, 0.43611565969012933, 0.7321671223372116, 0.2389478036678536, 0.5097263931455328,0.3834243813603948]
[0.571470678908145, -0.22682576248614333, 0.5120601391928373, 0.6744169785225261, 0.24941005357959745, 0.5239069659467431,0.45659375300856603]
[0.5555183395289407, -0.24380354932937484, 0.587477895835974, 0.612735465328997, 0.25527175429490695, 0.52701245458112,0.5307065608258881]
[0.5306564023634891, -0.25522866748173756, 0.6610404759741793, 0.5477063999722691, 0.25630458990501664, 0.5190006168540664,0.6041225176469897]
[0.49786575696283086, -0.26029466263626727, 0.7314736094138955, 0.4799416775515262, 0.25233924154210674, 0.5000697045699858,0.675211954795136]
[0.45831591527092586, -0.25839553840517404, 0.797582626603709, 0.41007464266527843, 0.24326763123377965, 0.4706543137396749,0.7423908431514267]
[0.4133246181716797, -0.24914791640710754, 0.8582758883585181, 0.3387532454590872, 0.22904445733890275, 0.431416160732169,0.8041548181242084]
[0.3643134776474378, -0.23240529342240154, 0.9125857202490004, 0.26663305964314515, 0.20968800377736158, 0.38322998740884734,0.8591114766593538]
[0.31276123290570856, -0.20826393142019062, 0.9596864045581756, 0.19437024149026796, 0.18528021365166147, 0.3271649033606227,0.9060102525144207]
[0.26015626122141916, -0.1770602224539426, 0.9989088536654159, 0.12261450938650602, 0.1559660263484181, 0.2644615716610452,0.9437692291167165]
[0.20794998659649183, -0.13935968046394165, 1.0297516681359369, 0.052002223151415145, 0.12195198570400238, 0.1965057339154258,0.9714983162664367]
[0.15751277209502706, -0.09593801436638287, 1.051888368743309, -0.01685035892207707, 0.08350413522234455, 0.12479864889179272,0.988518296259482]
[0.11009376753390365, -0.047755020247514116, 1.0651706820555449, -0.08335356952183906, 0.040945224546680904, 0.050925084965910465,0.9943753349495376]
[0.06678601787014599, 0.004077715412394149, 1.0696278518934195, -0.14695049551254266, -0.005348740684374594, -0.023480441421967133,0.9888506518743563]
[0.028497925822032096, 0.05833409405347509, 1.0654620416973246, -0.2071227459900371, -0.05495256591442605, -0.09676845223110841,0.9719651486785743]
[-0.004068086661469385, 0.11371438830783674, 1.0530399833977953, -0.26339576096828204, -0.10739650491129861, -0.16730956914695294,0.9439789043769137]
[-0.03042914983381134, 0.16888823681762882, 1.0328811146174368, -0.3153436018647599, -0.16217141386318176, -0.23352909503653776,0.9053855571302165]
[-0.05032747542001138, 0.22253819662993002, 1.0056425258941413, -0.3625931710127846, -0.21873436309935967, -0.2939403725165419,0.8569017027286432]
[-0.06372786748836642, 0.2734022967091486, 0.9721011112255633, -0.404827814091344, -0.2765146419765957, -0.3471762044491548,0.7994515474841852]
[-0.07080753189603894, 0.32031409127917176, 0.9331333769189162, -0.4417902665470539, -0.3349200879928218, -0.39201766449436437,0.7341471553902174]
[-0.07193877789612405, 0.362238821953587, 0.8896934140621846, -0.4732849127045189, -0.3933436675116368, -0.42741968367344635,0.6622647239912921]
