[0.20706573053681368, -5.625539141887598e-05, -0.060017154530735486, 0.9999999902639523, -0.0001255177901787353, -6.0859890998636235e-05,3.6679405361955762e-06]
[0.2932408168958433, 0.005760131623660251, -0.026534605632781927, -0.9972607102070457, -0.017192617154650917, -0.07192885340826896,0.0013152338516720173]
[0.3727326476135455, 0.0167088479357066, 0.02143832604929863, -0.989028980930642, -0.034499397856424294, -0.14354034257234172,0.005257041093162166]
[0.443082209248345, 0.032039177247103146, 0.08267336969390413, -0.9753033081571081, -0.05177437032378069, -0.214395343270043,0.011726400108214912]
[0.502111911144464, 0.05075934410616733, 0.15561107912148672, -0.9560836795147609, -0.06898202793923446, -0.2841170636508029,0.020566276506759403]
[0.5479852406254053, 0.07167861713388812, 0.23839971889769276, -0.9313751048099, -0.08606504500859846, -0.35233101158352087,0.03156074214192178]
[0.5792562845146307, 0.09345677492642845, 0.32893947812434315, -0.9011923919911738, -0.10293838754671175, -0.41866592036940614,0.04443881307762269]
[0.5949081536785861, 0.11465933511327112, 0.4249312557408078, -0.8655659850006279, -0.11948455258441248, -0.4827548012284886,0.05887927644289146]
[0.5943795600249161, 0.13381683403063588, 0.5239292991446586, -0.8245486486359105, -0.13555015349758703, -0.5442361471635875,0.07451642798744894]
[0.5775789919446572, 0.1494863490760397, 0.6233969945089362, -0.7782227506073787, -0.15094402835934181, -0.6027553083297631,0.09094662731532463]
[0.5448861249879744, 0.16031337437184973, 0.7207650936513815, -0.7267078631899987, -0.16543700218915405, -0.6579660538732162,0.10773556439263934]
[0.4971403021850981, 0.16509209339677117, 0.8134916139236729, -0.6701683870833395, -0.1787633834612362, -0.7095323294574564,0.12442611921249543]
[0.43561613565081947, 0.16282204469534267, 0.8991225639198591, -0.6088208889341583, -0.19062422170426394, -0.7571302134850767,0.14054668663866565]
[0.3619865289448113, 0.15275915772959148, 0.975352532933677, -0.5429408418484992, -0.20069229793009977, -0.8004500684799517,0.1556198305962964]
[0.2782737054768275, 0.13445915776168027, 1.0400840444049335, -0.47286846528871607, -0.20861876447507463, -0.8391988773544801,0.16917112605692577]
[0.18678915426568893, 0.10781141568270074, 1.0914844252433478, -0.3990133769361454, -0.21404129714073244, -0.8731027474925619,0.18073804376850555]
[0.09006376658804148, 0.07306146554100387, 1.1280387990212044, -0.3218577940796536, -0.21659357177177413, -0.9019095588772347,0.18987873146615697]
[-0.009230175203774442, 0.03082064216377383, 1.148597688597277, -0.24195805530475992, -0.21591583103173653, -0.9253917260284399,0.19618054638806254]
[-0.10836309937284207, -0.017938386864813027, 1.1524176304423088, -0.1599442739246575, -0.21166626645355754, -0.9433490374348904,0.1992681972994986]
[-0.08199887686034085, -0.028386935809499247, 1.159863472611218, -0.14506238525425694, -0.19937790876656855, -0.938441123948193,0.24193720417304143]
[-0.05390969696607868, -0.03348304684086313, 1.1655645487008122, -0.13399586898973967, -0.1852757420238879, -0.9313743318594185,0.28330171278092253]
[-0.025074707022243257, -0.03289528840357325, 1.1694357518991478, -0.12693039743858217, -0.17001397110557712, -0.9222617717337713,0.32313642356361033]
[0.0034542823031684655, -0.02647809286241702, 1.1714008806232277, -0.1239503774325942, -0.15426416458197956, -0.9112368957795134,0.3612287242596551]
[0.030590300133071974, -0.014288134971326333, 1.171394942838482, -0.12503749194733452, -0.13869993764221006, -0.8984521989425314,0.39738092445523565]
[0.05525236909214026, 0.0034074183286591855, 1.1693663744223757, -0.13007155375479587, -0.12398154693495954, -0.8840776843690702,0.4314123490629941]
[0.07640843540949441, 0.026131577192802402, 1.1652791130366453, -0.13883366765490016, -0.11074074734752554, -0.8682991085742733,0.4631612652754147]
[0.09311803722688546, 0.053207455487433664, 1.159114470058506, -0.15101164469669123, -0.09956625783630309, -0.8513160243642203,0.4924866192366792]
[0.10457262123020167, 0.08377730891075688, 1.1508727456263639, -0.16620755947515212, -0.09099017243625335, -0.8333396420801406,0.5192695606629355]
[0.11013148387940709, 0.11683005115684111, 1.1405745357589023, -0.18394729129952433, -0.08547563369971689, -0.8145905320352615,0.5434147358930466]
[0.10935149586263035, 0.15123615255898626, 1.1282616857533228, -0.20369184296213402, -0.08340605941343944, -0.7952961930694825,0.5648513323459545]
[0.10200905805313339, 0.18578841708937952, 1.1139978505716623, -0.2248501881162586, -0.08507618006222374, -0.7756885139296874,0.5835338600695396]
[0.08811311853311862, 0.219246803686721, 1.0978686305650769, -0.24679336092911966, -0.09068510486058055, -0.7560011556718178,0.5994426589596465]
[0.06790853161452194, 0.25038522721254547, 1.0799812595170035, -0.2688694706269949, -0.10033158912422709, -0.736466884455991,0.6125841232747165]
[0.04186953509435061, 0.27803815757850703, 1.060463831433339, -0.2904192995705515, -0.11401162629814625, -0.7173148849525169,0.6229906382373335]
[0.010683632110606925, 0.30114484051097606, 1.039464062574487, -0.3107921272090919, -0.13161843520473518, -0.6987680850828986,0.630720226763566]
[-0.02477334136368265, 0.31878909031664815, 1.0171475956949267, -0.3293614141086601, -0.15294485821775522, -0.6810405229778458,0.6358559076576683]
[-0.06346973265200377, 0.33023284660220437, 0.9936958641012602, -0.345539980492177, -0.1776881303575893, -0.6643347868399575,0.6385047699162465]
[-0.10425656352918422, 0.33494202872793905, 0.969303543720838, -0.35879432243904835, -0.2054569240232897, -0.6488395578519942,0.6387967710648057]
