[0.20710508339042033, -7.302484863815832e-05, -0.06000268222438955, 0.9999999869051769, -0.00016165862549776702, -6.532077654102303e-06,3.6697669134519507e-06]
[0.2639965454194911, 0.004110498602394805, -0.04067290479036917, -0.9990325947889446, 0.029530968812798798, -0.032469530361186244,0.002743360780193865]
[0.3182244351448428, 0.011943789426705155, -0.014686154147801167, -0.9961543061912961, 0.05837173246246874, -0.06441803458699957,0.010938735110417173]
[0.3689003976585129, 0.02321222618786669, 0.017624596025893308, -0.9914090520629361, 0.08616511888551762, -0.09532456620382011,0.02443134980243627]
[0.41518817050107915, 0.03761966776264213, 0.05585884351587808, -0.9848688775906577, 0.11240981715016696, -0.12470214989069689,0.042973256500092226]
[0.4563108753563454, 0.05479385656725473, 0.09955094767933101, -0.9766323089896511, 0.13663043134249997, -0.1521040906355363,0.0662254020798798]
[0.49155860200204665, 0.07429259647583973, 0.1481712568877217, -0.9668221136975729, 0.1583854541058097, -0.17713578125874258,0.09376547014178074]
[0.5202967391130756, 0.09561087569654893, 0.2011263817537792, -0.9555824988223753, 0.17727468861371262, -0.19946517126673133,0.12509763456129055]
[0.5419753380661702, 0.11818916824327017, 0.25775917520828195, -0.9430758040821388, 0.19294599802506307, -0.21883162483937754,0.15966398958781533]
[0.5561395868410522, 0.14142317133664323, 0.31734908866841804, -0.9294787558320852, 0.20510127231211872, -0.2350529352284234,0.19685738033737005]
[0.562441239068411, 0.16467521444855804, 0.3791136286608725, -0.9149783579100785, 0.21350151497270406, -0.24803030808848428,0.236035323479492]
[0.560650607922305, 0.18728750719804088, 0.442211635061744, -0.8997675027769315, 0.2179709663291725, -0.2577511762031879,0.27653468127879527]
[0.550668516212895, 0.20859728064670757, 0.5057490390372156, -0.8840403926357062, 0.2184001956533279, -0.2642897615178998,0.317686733566113]
[0.532537412174291, 0.2279537266730312, 0.5687876381152632, -0.8679878647656809, 0.21474811098707755, -0.2678053560738994,0.3588322821390631]
[0.5064507322395823, 0.2447364637574824, 0.630357253663802, -0.8517927181114823, 0.20704285298578826, -0.2685383500277934,0.39933642078341514]
[0.4727595311411261, 0.25837506847433966, 0.6894714219330133, -0.8356251391663269, 0.19538155711417468, -0.2668040910809706,0.43860261161483616]
[0.4319754149117085, 0.2683690261232321, 0.7451465262246726, -0.8196383243523739, 0.17992898678335909, -0.26298471399084966,0.4760857246075518]
[0.3847689073382528, 0.2743072880063341, 0.7964240194134184, -0.8039643934351067, 0.16091505823874439, -0.25751913008118404,0.5113037216398618]
[0.33196255290366217, 0.27588649324587833, 0.8423951291055389, -0.7887106840489938, 0.13863129589837678, -0.2508914135748904,0.5438476985874804]
[0.27451830125101484, 0.2729268344423199, 0.8822271987909769, -0.7739565112267609, 0.1134262741127923, -0.24361786300054816,0.5733900381918374]
[0.21351901637835835, 0.26538453069796, 0.9151906135219794, -0.7597504680134679, 0.0857001176921406, -0.23623305085914584,0.5996904717124081]
[0.15014429023060608, 0.25335992642519845, 0.9406851025522669, -0.7461083339374069, 0.055898148761379815, -0.22927520231673545,0.6225998976845547]
[0.14288343095730976, 0.2610667373429075, 0.9416531843560163, -0.7504378116359334, 0.012017154579057283, -0.2464689544724748,0.613149030288836]
[0.1353582747881509, 0.2685694612387347, 0.9424744081360695, -0.7516614058665568, -0.0314723477853677, -0.26345933722400255,0.6038243121016891]
[0.127541786840908, 0.2758612681042195, 0.9431388107261763, -0.7499048616225139, -0.07432484252410217, -0.2802165711846162,0.5946403867315295]
[0.11940844136915657, 0.2829271600379001, 0.9436337550643721, -0.7453141052268869, -0.11631521323240852, -0.296710841776724,0.585611075794074]
[0.11093571925384056, 0.2897445457826422, 0.9439440147783753, -0.7380525111560579, -0.15724037919706874, -0.3129123591643699,0.5767493471243711]
[0.10210545666086973, 0.2962840513933992, 0.9440518799408244, -0.7282980441306146, -0.19692059640947618, -0.3287914188017454,0.5680672852291297]
[0.09290501027448511, 0.30251053535996075, 0.9439372833316442, -0.7162403156162249, -0.23520041504200853, -0.3443184624697325,0.5595760640453785]
[0.08332821059357051, 0.30838427167791604, 0.9435779464019726, -0.7020775942391541, -0.27194928955594005, -0.3594641396706269,0.5512859220660707]
[0.07337608150323834, 0.3138622606273426, 0.9429495439964649, -0.6860138094925445, -0.30706184202379805, -0.37419936924957836,0.5432061398877015]
[0.06305731151614338, 0.31889962446550535, 0.9420258867593355, -0.668255587497401, -0.3404577835952262, -0.3884954011099593,0.5353450202293303]
[0.05238846951642741, 0.3234510439177647, 0.9407791200251194, -0.6490093564993614, -0.37208150326087347, -0.40232387788883456,0.527709870466627]
[0.04139396532869056, 0.3274721912772127, 0.9391799378786746, -0.628478558247226, -0.40190133712335524, -0.4156568964579577,0.52030698771868]
