[0.2070409739339681, -9.917124690135776e-05, -0.060022115231408865, 0.9999999353014027, -0.00034136223406631267, -0.00011338316080647117,3.6434550898012203e-06]
[0.27858532815242876, -0.014905178342432959, -0.03544692654358306, -0.9943491091977569, 0.07767082330633907, -0.07234616053591025,0.0017678518760302806]
[0.34524228269241836, -0.0368976842692252, -0.0016863985261520442, -0.9775606021730582, 0.15331082332545087, -0.1442944174292492,0.007083899284595679]
[0.4053477574909869, -0.06520970648597998, 0.040692795004931254, -0.9500135073056113, 0.2256124161031296, -0.21522346820605573,0.015881825158233148]
[0.4574369160508508, -0.0987185700714319, 0.09097715255960928, -0.9123298946905664, 0.293002149990816, -0.28463426336270703,0.028057788127875606]
[0.5002905967277226, -0.13608602692319866, 0.1483193898949681, -0.8653607418145757, 0.35401765203330215, -0.35204096084482095,0.0434678094963474]
[0.5329733152815322, -0.17580600499634363, 0.2117539168667169, -0.8101666864721997, 0.40734069962211766, -0.41697514128039403,0.06192920245099129]
[0.5548615488051162, -0.21625827695029204, 0.2802144478955398, -0.747994037586219, 0.45182703157960863, -0.47898986176633856,0.08322238637824358]
[0.5656613596551722, -0.25576612922643277, 0.35255340697400994, -0.680246586561463, 0.48653222435617877, -0.5376635106886654,0.10709306890946169]
[0.5654147994517549, -0.2926559743288374, 0.4275627541479968, -0.60845385679597, 0.5107330480277609, -0.5926034279300388,0.13325477480356915]
[0.5544949335427242, -0.325316785823904, 0.5039958338532764, -0.5342365095454962, 0.5239438190252788, -0.643449257027422,0.16139169744664666]
[0.5335897308427302, -0.35225724941771214, 0.5805898268929662, -0.45926968866513423, 0.5259273797001721, -0.6898759983661283,0.19116184565304759]
[0.5036754578340282, -0.3721586136556777, 0.6560883775619574, -0.38524513337985816, 0.516700456370363, -0.7315967353109821,0.22220045561633558]
[0.4659805843816359, -0.38392138673323106, 0.7292639656488384, -0.3138329161093561, 0.49653327465045133, -0.7683650082538265,0.25412363530827825]
[0.4219415394689219, -0.3867042553385694, 0.7989395997892184, -0.246643670860796, 0.4659434407723665, -0.7999768148702463,0.2865322063845102]
[0.37315193507854, -0.3799538886561599, 0.8640094237490389, -0.18519216661390486, 0.4256842273100627, -0.8262722183957406,0.31901570674759017]
[0.3213070962216911, -0.36342462482145776, 0.923457850355302, -0.13086304970638712, 0.37672752830038747, -0.8471365494194727,0.35115651536016523]
[0.26814588683450696, -0.3371874057167705, 0.9763768684748104, -0.08487953017185083, 0.32024186933887006, -0.8625011905172806,0.38253405970766313]
[0.2153918997568956, -0.3016277152993076, 1.021981206027232, -0.04827572039622748, 0.25756597009632975, -0.8723439369687073,0.4127290654927253]
[0.16469608187596668, -0.25743267221954214, 1.0596210757264093, -0.02187325184781132, 0.1901784573193804, -0.8766889307883633,0.4413278077102999]
[0.11758279316689085, -0.20556781473048902, 1.08879227917037, -0.00626269886864209, 0.11966441346906785, -0.8756061693122698,0.4679263222071161]
[0.07540115400722504, -0.14724448060899462, 1.1091434980393697, -0.0017902297793580008, 0.04767951774676199, -0.8692105935770923,0.492134537172644]
[0.039283324644564355, -0.08387901373563406, 1.1204806574231596, -0.008549787304937832, -0.024087409264764242, -0.8576607656765807,0.5135802847374634]
[0.010111092354755144, -0.017045310255389724, 1.1227683045341212, -0.026380975249161356, -0.09395260998716838, -0.8411571481377929,0.5319131539623719]
[-0.011508173969410309, 0.05157755913215201, 1.11612800508617, -0.05487269926002839, -0.1602754789380559, -0.8199400020933938,0.5468081479771322]
[-0.02525549322416847, 0.1202607560048581, 1.100833818232693, -0.09337247935639996, -0.22149567479463553, -0.7942869246001613,0.557969109857639]
[-0.03110383013721145, 0.18728212792941745, 1.0773049679754922, -0.14100122357198508, -0.276168415776841, -0.7645100488341219,0.5651318839971446]
[-0.029311287821180712, 0.2509817126138694, 1.0460958832329745, -0.19667312851889343, -0.3229971597726489, -0.7309529340475107,0.5680671822106333]
[-0.02040435574182272, 0.30981435499913423, 1.0078838292027943, -0.2591202566740878, -0.36086292976997103, -0.693987175072254,0.5665831265879887]
[-0.005151988963265889, 0.3623976289489163, 0.9634543982676524, -0.3269212343722818, -0.38884962103048887, -0.6540087637715483,0.5605274441550212]
[0.015468383569120945, 0.4075534490709285, 0.913685168572403, -0.3985334212420857, -0.40626471732578534, -0.6114342371506504,0.5497892916829872]
