[0.20717412479127897, -7.006523212918923e-05, -0.0599678357784047, 0.9999999894103175, -0.00013980328495791976, 4.025927508191178e-05,3.6874696490397137e-06]
[0.27434034231995047, 0.008133069637946657, -0.032034175661918934, -0.9982028868578605, -0.009873582842482683, -0.059046920547374676,0.0026401144593397193]
[0.336596969776355, 0.0224808650155857, 0.005846290848120023, -0.9927983424914074, -0.020096467454909225, -0.11762893769337268,0.010536420610289105]
[0.39224913071265594, 0.04221861080193656, 0.05297043493524928, -0.9837416441417768, -0.030726768519073418, -0.17536588111216975,0.023559520779544065]
[0.43978753096297496, 0.066361527015594, 0.10848932193449937, -0.9709609843997564, -0.04194312610999645, -0.23184722192371598,0.041501887087608214]
[0.4779207301593269, 0.09372657986112572, 0.17142124661093522, -0.9543613523184931, -0.053895977680392636, -0.2866771163338733,0.06407701429675909]
[0.5056024939576073, 0.12296846202923814, 0.24066412713978869, -0.9338298268363832, -0.0666994536382761, -0.3394789878569003,0.09092334243053843]
[0.5220543333052872, 0.15261922499797761, 0.31500746918579414, -0.9092421227714784, -0.08042433412980733, -0.38989984459278826,0.121609209537406]
[0.5267832374232797, 0.18113115599221755, 0.3931442976897055, -0.880470203995601, -0.09509228117919297, -0.4376142726179687,0.15563876874714896]
[0.5195944480823987, 0.20692252963783872, 0.47368359581770436, -0.8473907467112464, -0.11067152811520749, -0.4823280512657071,0.19245879095283502]
[0.5005989348423358, 0.22842582001569461, 0.5551638771473196, -0.8098942094181564, -0.12707417127805382, -0.5237813415769441,0.2314662626837706]
[0.47021504847446893, 0.24413782875943654, 0.6360685411907068, -0.7678942458356144, -0.14415516822721028, -0.5617514054116299,0.27201667817249126]
[0.42916368747549205, 0.2526709758113431, 0.7148436203921765, -0.7213371832669082, -0.16171310302987515, -0.5960548195325142,0.3134329154014846]
[0.3784562420873945, 0.2528047286283595, 0.7899184195739447, -0.6702112820268177, -0.17949273374046243, -0.6265491563066202,0.3550145781651896]
[0.3193746071442487, 0.2435358393052086, 0.859729381424663, -0.6145554918120587, -0.19718929097082516, -0.653134110405336,0.3960476800021592]
[0.2534426961593187, 0.2241257505037641, 0.9227472929636462, -0.554467428321527, -0.21445445060660762, -0.6757520589073758,0.43581454132230774]
[0.1823891503936473, 0.1941432576320966, 0.9775076903932844, -0.49011030790203164, -0.23090385935150087, -0.6943880504007838,0.47360376823390776]
[0.10810131242242943, 0.1535003146313158, 1.0226440386221305, -0.4217185992134616, -0.24612604995282883, -0.7090692269190777,0.5087201805004742]
[0.11129668488254416, 0.1725947327536247, 1.0183345864174802, -0.4371706926710506, -0.26443064500461894, -0.6948555616466126,0.5060967969674636]
[0.11379679720075037, 0.19179209057134278, 1.0132874707884367, -0.4522207128682596, -0.2816068041346358, -0.6812311086675394,0.5021137433904747]
[0.11558550103108181, 0.2109655730933044, 1.0076264969321382, -0.4667713777484302, -0.29755406731705747, -0.6683863653641525,0.49683571181347885]
[0.11665099048069812, 0.22999739192966462, 1.0014872888959498, -0.4807255193537612, -0.31217755704270445, -0.6565061353708279,0.49035481249944496]
[0.11698346563873271, 0.24877937624580143, 0.9950149727139295, -0.49398658312105925, -0.3253884300874506, -0.6457656669498405,0.4827901497031948]
[0.11657278542840774, 0.2672129801185702, 0.9883616200113682, -0.5064591267675561, -0.3371043025793865, -0.6363268129624596,0.47428686382963353]
[0.11540623331273143, 0.28520870527470177, 0.9816834945115287, -0.518049316356731, -0.34724964646158674, -0.6283342852163023,0.46501463942154053]
[0.11346651923548272, 0.3026849639438217, 0.9751381482829073, -0.5286654171466211, -0.3557561555723912, -0.6219120763552232,0.45516568825986586]
[0.1107301358054251, 0.31956643228844694, 0.968881418179082, -0.538218276846955, -0.36256307969795887, -0.6171601215217636,0.4449522267739182]
[0.107166176141858, 0.33578196952624834, 0.9630643756703702, -0.546621798946499, -0.36761752509191226, -0.6141512697530147,0.43460347677227623]
[0.10273570521418131, 0.3512622003853796, 0.9578302850858315, -0.5537934038180427, -0.3708747201035375, -0.6129286314808621,0.42436222803961576]
[0.09739175635758526, 0.3659368779271319, 0.9533116261306676, -0.5596544753653167, -0.37229824470862, -0.6135033636327977,0.41448101042351315]
[0.09108000056200566, 0.37973215911466435, 0.9496272363898883, -0.5641307910434841, -0.37186022289488124, -0.6158529477290973,0.4052179314870017]
[0.08374010892497354, 0.39256793601260304, 0.946879628364227, -0.5671529331624181, -0.36954147701646906, -0.6199200091281831,0.39683224346348933]
[0.07530779930004158, 0.40435537054375215, 0.9451525334168419, -0.5686566794693546, -0.3653316433983221, -0.6256117172881438,0.38957970996774083]
[0.06571752775347972, 0.41499477987389966, 0.9445087218657043, -0.5685833711043057, -0.3592292486407512, -0.6327997977126149,0.38370784855087187]
[0.05490575513963328, 0.424374012529569, 0.9449881443809715, -0.5668802561273651, -0.35124174624652255, -0.6413211762758438,0.37945112961596883]
[0.0428146901373189, 0.43236744229651125, 0.9466064349005948, -0.5635008069312297, -0.34138551336632483, -0.6509792660333479,0.37702621533011155]
[0.02939638366778368, 0.4388356880602437, 0.9493538095387606, -0.5584050099743633, -0.32968580763301164, -0.661545895593345,0.37662732389525294]
[0.014617026897443444, 0.4436261435352895, 0.9531943895233341, -0.5515596263996696, -0.3161766842296649, -0.6727638668333247,0.3784218048142373]
[-0.001538712926562505, 0.44657437201666306, 0.9580659691667711, -0.5429384222397037, -0.3009008735105565, -0.6843501183868906,0.38254600957309004]
[-0.01906349684104111, 0.4475063888132915, 0.963880242368035, -0.5325223670516825, -0.28390961966674466, -0.6959994600942919,0.38910153944544085]
[-0.03792344264593568, 0.44624181900472704, 0.97052349328889, -0.520299799973227, -0.265262481098574, -0.707388832703288,0.398151947924318]
[-0.058054760388901644, 0.44259788185742877, 0.9778577487818639, -0.506266562342122, -0.24502709332501224, -0.7181820367207119,0.4097199696410665]
[-0.07936106956120977, 0.43639411700030617, 0.9857223820098379, -0.49042609617977556, -0.2232788954238074, -0.7280348646395343,0.42378534060711154]
