[0.2070490551772197, -6.681260026844088e-05, -0.0600236560610905, 0.9999999714626671, -0.00021388199089447145, -0.00010637565926780849,3.6576597039477843e-06]
[0.29123912117478745, 0.009426315112768974, -0.02007929393367855, -0.9956391646645373, -0.007522091627570127, -0.0929319578093331,0.0031181952109258474]
[0.36635065447184073, 0.025404675832659603, 0.03625911241709448, -0.9825847324830546, -0.014864626045631473, -0.1848012818370532,0.012440764249433429]
[0.4291492674672285, 0.04628918781800224, 0.10714141076147843, -0.9609895391653794, -0.021427005949694874, -0.2743481092304844,0.02780474765938349]
[0.4769813929531449, 0.0700366792240616, 0.19021377934023742, -0.9311055925195872, -0.026842010138437206, -0.3604525408712694,0.04894739880650047]
[0.5078982176063294, 0.09426642559312547, 0.28270416393497577, -0.893279686108712, -0.030771098054158855, -0.44204443602072707,0.075506678467404]
[0.5207425637169476, 0.11640681558822089, 0.3815219173781299, -0.8479474273607038, -0.032912910527348876, -0.518118835201599,0.10702697492838703]
[0.5151945621827526, 0.13385344664990964, 0.4833677011146883, -0.7956257793496191, -0.03301088144253265, -0.5877504044636269,0.14296630020232587]
[0.4917743006727725, 0.14412936685586464, 0.5848493479322994, -0.7369042754582469, -0.030859778200234708, -0.6501066849237607,0.1827048470025556]
[0.45180204263177703, 0.14503815959108002, 0.6825992099891083, -0.6724350939382658, -0.02631101436281373, -0.704459949876685,0.22555476936472446]
[0.3973189490567442, 0.13480110764122605, 0.7733885325159393, -0.6029222029054206, -0.019276607130141586, -0.7501974932070152,0.27077103029522165]
[0.3309733561662952, 0.11217073128025871, 0.8542345978788214, -0.5291098050077832, -0.009731684605041839, -0.7868301969632131,0.3175631428648567]
[0.25587944444894456, 0.07651449661996373, 0.9224967652069852, -0.45177032446033083, 0.0022845175841006383, -0.8139992523952975,0.36510761703409106]
[0.1754564779755701, 0.027864334557213793, 0.9759580676349805, -0.3716921870457382, 0.016669194652265646, -0.83148093709785,0.4125609134196821]
[0.09325762688146409, -0.033070324305629874, 1.0128896954975002, -0.28966764586509275, 0.03325803365973417, -0.8391893806914545,0.4590726973702059]
[0.11547584749709403, 0.0005611847271768042, 1.0098346944192953, -0.3259049398785033, -0.007095602937854468, -0.8210027018463947,0.4687111969461129]
[0.13167807677751547, 0.03700863411539508, 1.0050594307138367, -0.3559196907271613, -0.05262401426448308, -0.8010114630766973,0.47846893618614617]
[0.14149176778576716, 0.07529264533170843, 0.9987451108437821, -0.37905981134397626, -0.10244719316147685, -0.7793183369066512,0.48834533047655515]
[0.1447126362813139, 0.11438916012386194, 0.9910843098920948, -0.3947932956226584, -0.15560785954671957, -0.7560323448799645,0.4983367749564458]
[0.14130938081345912, 0.1532584602617068, 0.9822776440023293, -0.4027170204698534, -0.21108763914750714, -0.7312683347972707,0.5084364587102728]
[0.13142331810658126, 0.19087446925224588, 0.9725303555634222, -0.4025633783316777, -0.2678242095786906, -0.7051464264813739,0.5186342028928339]
[0.1153629798944015, 0.2262534458873919, 0.9620488673294434, -0.39420463843544085, -0.3247291235498313, -0.6777914288883755,0.5289163244597356]
[0.09359387302015276, 0.2584812050882135, 0.9510373620818833, -0.37765497372649565, -0.3807060089596582, -0.6493322315572106,0.5392655270111211]
[0.06672375259762275, 0.2867380541662779, 0.9396944439081365, -0.3530701300969121, -0.4346688407692589, -0.6199011735484258,0.549660820079932]
[0.035483893657659485, 0.3103207104051158, 0.9282099356928489, -0.3207447543120214, -0.48555997989467825, -0.5896333931642495,0.5600774680092167]
