[0.20708775984342195, -5.637607274359263e-05, -0.06000467627855327, 0.9999999875171585, -0.0001485042896162179, -5.3839367669460325e-05,3.6717570156746073e-06]
[0.25505858132441167, 0.0034395618947344973, -0.042137001539148344, -0.999817265950321, 0.010152478908467363, -0.01610279149829411,0.0017498530226931065]
[0.3004116983849052, 0.010040897992881385, -0.017874620013518583, -0.99926822925107, 0.01960966690589287, -0.03209257174531952,0.006966621278847647]
[0.3422232608647416, 0.019574925870662657, 0.012413892004377314, -0.9983464937069833, 0.02798771977452767, -0.04775563753509997,0.015503713374912017]
[0.37962638661000425, 0.03177547903186165, 0.048271896253693936, -0.9970416541410598, 0.03478189949830807, -0.06294668335095095,0.027127005549161764]
[0.41182192730993433, 0.04628852815258319, 0.08915690462520723, -0.9953397168143973, 0.03952812658830982, -0.07754163485714484,0.041517107364741956]
[0.43809045404169217, 0.06267942234201396, 0.1344414875555987, -0.9932236887088224, 0.04181514618953395, -0.09144361062323883,0.05827747260283377]
[0.4578060440842139, 0.08044203468364429, 0.18341385580647374, -0.9906743060421673, 0.041295546250410924, -0.10458796718966226,0.07694448860629888]
[0.47045203358242743, 0.09901010083891296, 0.23527933726372624, -0.9876708807067713, 0.03769538490864344, -0.11694624791613595,0.09699930133169993]
[0.4756384214081016, 0.11777099149673512, 0.2891640739196672, -0.9841922396985805, 0.030822212342990374, -0.12852888722659106,0.11788109132371503]
[0.4731201218888019, 0.1360820322690188, 0.34412221104335694, -0.9802177296137689, 0.02057130482516742, -0.1393865574338874,0.13900148047898006]
[0.4628148240795426, 0.15328928592189303, 0.3991476397277153, -0.9757282560111898, 0.006929964947898634, -0.14961008436900458,0.15975972165186858]
[0.4448188758128707, 0.16874845920508824, 0.45319099961495773, -0.9707073259346195, -0.010020218700771712, -0.15932889953302998,0.1795583035329832]
[0.41941941621726486, 0.18184731599530618, 0.5051821788438265, -0.9651420612029319, -0.03010321756594236, -0.1687080393482359,0.1978185922718293]
[0.38710096195500604, 0.19202870184203505, 0.554058003234316, -0.9590241502340112, -0.05305053694974872, -0.17794374517749206,0.21399612928621897]
[0.34854482478440574, 0.19881304668610478, 0.5987942351443963, -0.9523507071743686, -0.07850529603305152, -0.18725775996643845,0.2275952116622735]
[0.30462009744811563, 0.2018190457411341, 0.6384404575229049, -0.945125008945838, -0.1060283490290508, -0.1968904575127347,0.23818239735070673]
[0.2744856456030919, 0.2252688574191572, 0.6704430213968133, -0.9198407951306925, -0.16832061378324753, -0.2383411017617721,0.2622109871838921]
[0.24004100542365092, 0.2433668759000629, 0.702647269314239, -0.8878592576408273, -0.2274122921185887, -0.2778787157041903,0.2877029846446483]
[0.2020878944835223, 0.2552904494798178, 0.7347280329419104, -0.849592989101592, -0.28255121911741315, -0.3153289320674542,0.31452221868396685]
[0.16159115998506918, 0.2603442069778634, 0.7663486215305293, -0.8055392114621136, -0.3330391654823034, -0.3505286147775331,0.342521799706225]
[0.1196570966744191, 0.25799209915986987, 0.7971648564403644, -0.7562727066512444, -0.3782413448397866, -0.383326736140095,0.371545006141077]
[0.10460319448471196, 0.2742571793841964, 0.8116898057149986, -0.7113446608038877, -0.41999292022586343, -0.39633165443081325,0.40064440617845687]
[0.08946097896238686, 0.28762655274173987, 0.8263669566952017, -0.6648479421315393, -0.45409638983971445, -0.40937031917291594,0.4291731869050776]
[0.07484015803981872, 0.29823218756431136, 0.8409774612556896, -0.6178986940710968, -0.4806225077662413, -0.42244789992104514,0.4568818017234016]
[0.0612874380282379, 0.30631353210585616, 0.8552732329193603, -0.5715752959867394, -0.49980197549174654, -0.43555426626081606,0.483520576040174]
[0.04926590300967584, 0.31220038631202457, 0.8689813832639615, -0.5268957825071556, -0.5120170124820976, -0.4486636917985861,0.5088421218479692]
[0.039138581267510845, 0.3162922822950055, 0.8818096738245434, -0.4847968427598345, -0.5177897724286129, -0.4617347692505031,0.5326037698736334]
[0.031156803050717295, 0.3190353379963925, 0.8934528569703376, -0.44611483607892993, -0.5177678806969308, -0.47471053918713685,0.5545699944403204]
[0.025453740246424224, 0.32089764183598607, 0.9035997510057883, -0.41156921454068846, -0.5127074283986942, -0.4875188325843416,0.5745148060605225]
[0.022043291425167554, 0.3223442731842917, 0.9119408705040348, -0.3817486883216752, -0.5034538108248243, -0.5000728249152837,0.5922240869062073]
[0.020824245038443434, 0.3238130628185816, 0.9181764133336442, -0.35710040859708914, -0.4909208416390006, -0.5122717971184415,0.6074978446885965]
[0.02158942913946986, 0.3256921497332953, 0.9220243915671958, -0.3379223758614651, -0.47606860833057574, -0.5240020964175294,0.6201523611213345]
[0.024039347330251766, 0.32830029838307306, 0.9232286849032626, -0.3243592106387229, -0.4598805582794169, -0.535138287676864,0.6300222120312194]
[0.02779961638956794, 0.33187080811672576, 0.921566792677255, -0.316401350111523, -0.4433403179294333, -0.5455444837742979,0.6369621373121558]
[0.03244136873699807, 0.33653968034482884, 0.9168570641049737, -0.3138876598472703, -0.4274087497765689, -0.5550758413871758,0.640848740279915]
[0.03750366860919801, 0.3423385163792433, 0.9089651960526071, -0.31651137614802755, -0.4130017431640918, -0.563580206637325,0.6415819975645621]
[0.04251691893671315, 0.3491924084343903, 0.8978098031495911, -0.3238292231987207, -0.4009692154944051, -0.570899893250084,0.6390865624587625]
[0.0470262089146775, 0.3569228671918935, 0.883366886086645, -0.33527348166873827, -0.39207577089526074, -0.5768735742692845,0.6333128466061541]
