[0.20712073917823565, -8.127534308128328e-05, -0.060003826493853635, 0.9999999790911996, -0.00020379685522304157, -1.646181854178981e-05,3.667567584426617e-06]
[0.273867303260948, 0.012327829273950387, -0.03651522327137763, 0.9988535500285485, 0.021067549950710043, 0.04298534947258004,6.05405712292219e-05]
[0.33643489366424517, 0.02881475711558546, -0.004133748239243229, 0.9954140714880464, 0.041847198451311754, 0.08602095702123247,0.0001822594818399833]
[0.393541603017046, 0.04878744121562057, 0.036601893343743, 0.9897112122576642, 0.06165202139260587, 0.12911493594653775,0.0002791150160275712]
[0.44404252109675324, 0.0714940723872852, 0.08501790143102173, 0.981793806465138, 0.08001609914262413, 0.1722739200784191,0.00020475719203167907]
[0.4869558964381288, 0.09604594809344548, 0.1403151698444131, -0.971728857954649, -0.09649896920289001, -0.2154783477334242,0.00023920494792190533]
[0.5214858707806205, 0.12144403230801087, 0.20157960857777674, -0.9596001747383819, -0.11069346012177289, -0.2586750480772299,0.001296931216237798]
[0.5470416242625395, 0.14660884518951436, 0.26779320095095227, -0.9455066617243456, -0.12223298153688195, -0.3017709142136397,0.0032505682814736687]
[0.563252683214689, 0.17041330565402868, 0.3378461092976879, -0.9295603070621447, -0.13079815063581582, -0.3446278809865836,0.006411159916844313]
[0.569980028613232, 0.19171810335102757, 0.41055021197826524, -0.9118839039193644, -0.13612264577559582, -0.38705939158165037,0.011108486317869747]
[0.5673225269241612, 0.20940907355969424, 0.4846544721692296, -0.8926085551787423, -0.1379981901791116, -0.42882849818394153,0.017680098255203107]
[0.5556181130101768, 0.22243589193487676, 0.5588625008954348, -0.8718710133202769, -0.1362785823432564, -0.4696476991267268,0.026459834303292035]
[0.5354391124896425, 0.2298512070611109, 0.6318525831546031, -0.8498109115289558, -0.13088270483559475, -0.5091805691861455,0.03776612482790688]
[0.5075811198469153, 0.23084910626775873, 0.7023002910672733, -0.8265679447717266, -0.12179645929124462, -0.5470451920509326,0.05189039442824322]
[0.4763554850939571, 0.2605671265004458, 0.7467720426935573, -0.8081223485477007, -0.14399547065176674, -0.5637358012505219,0.09168162628333489]
[0.44029341211120465, 0.2854377685631501, 0.7892199045270243, -0.7878304111761105, -0.16684083234870792, -0.5777278642868257,0.13310858241997225]
[0.40021849601909, 0.304813341713015, 0.8293888095006734, -0.7655032809967731, -0.1902185414637622, -0.5890006210396361,0.17578367865503833]
[0.3570301573649501, 0.31817722544331345, 0.867034635485823, -0.7409638118878601, -0.21397159607013683, -0.5975687939901877,0.21931785608318133]
[0.3116852709276894, 0.3251534530041062, 0.9019231996889313, -0.7140536034870217, -0.2379014678330042, -0.6034818188202122,0.26332496521133403]
[0.265178611664851, 0.3255143684123093, 0.9338298369935419, -0.6846398085205639, -0.2617706444645826, -0.6068226221464943,0.30742603587981293]
[0.2185221096366764, 0.3191861110499451, 0.9625396510758047, -0.6526215536262571, -0.28530620329413403, -0.6077059651818966,0.3512533814594198]
[0.18599108385044075, 0.3502543975048128, 0.9635599104827426, -0.6266786269698221, -0.33482418581304724, -0.5854981044696078,0.3903314396206706]
[0.14992714327278353, 0.37707114800315955, 0.9649126366448633, -0.5961426211184142, -0.3813285159293016, -0.5617759464609517,0.4284977528565647]
[0.11096692128791975, 0.3992559721300648, 0.9665807591792247, -0.5613743976280945, -0.42437432788915513, -0.5365851015896145,0.4656625862879533]
[0.06978477989236719, 0.41652781166644437, 0.9685428537192805, -0.5227778786274794, -0.4635594709967338, -0.5099749822189227,0.5017384019364979]
[0.027077219885900658, 0.42870802363720895, 0.9707733809790875, -0.48079506898997243, -0.49852862414987786, -0.4819987012830867,0.5366400697856765]
[-0.016452810716375676, 0.4357210312794083, 0.9732429571006385, -0.43590069276455207, -0.5289768382955503, -0.45271296137552763,0.5702850736226815]
[-0.060111334309911016, 0.43759258004555157, 0.9759186527696658, -0.3885965088373886, -0.5546524715532455, -0.4221779345225932,0.6025937111533002]
[-0.10322812498276918, 0.4344456931828411, 0.9787643183846635, -0.3394053739060573, -0.5753594890590814, -0.3904571329049987,0.6334892878944134]
