[0.20714374794504228, -6.411515521637002e-05, -0.05997874059239819, 0.9999999815966961, -0.00018695353076215134, 4.291201748191321e-05,3.680161554472673e-06]
[0.2657882337470145, -0.02133605096168677, -0.033605464953819025, -0.9945933352554506, 0.0843301769005378, -0.060560534496287524,0.0022226990096216475]
[0.318373623085174, -0.04795210844200008, 0.0009040225989935813, -0.9785306675500006, 0.16681211063117507, -0.12071783779692181,0.008868824530861599]
[0.3636545239072767, -0.07889173675739763, 0.04282331239283199, -0.9521702849543664, 0.24601169562551184, -0.18015536546125474,0.019850399514955607]
[0.4006327802622911, -0.11295846833348563, 0.09134872071911396, -0.9161000804809543, 0.3203802022080244, -0.23851664109686566,0.03502828137097165]
[0.4285726495238677, -0.14882513540778722, 0.1456183170646444, -0.8711243335029089, 0.3884753475051611, -0.29544971813339216,0.054210368148137636]
[0.44700717790270994, -0.18507877964744032, 0.20472814145977503, -0.8182456490439344, 0.4489930558355646, -0.35060878984327604,0.0771541970131634]
[0.4557371149564197, -0.2202639593675041, 0.26774535012751055, -0.758642439983174, 0.5007961592213097, -0.4036558755748309,0.10357021424848871]
[0.45482380224091923, -0.2529236429267494, 0.3337182941840989, -0.6936424551920102, 0.5429394031707505, -0.4542625958074698,0.13312566578255727]
[0.4445774011056443, -0.2816373212608557, 0.4016837847781199, -0.6246929449576195, 0.5746902050294732, -0.5021120446236912,0.16544904776750813]
[0.425541617854737, -0.30505633259084347, 0.4706720138035405, -0.5533281301831913, 0.5955447066155325, -0.5469007635991767,0.2001350482669902]
[0.39847578077568413, -0.32193663516042514, 0.5397097695916013, -0.48113470211043374, 0.6052387674424333, -0.5883408160553072,0.23674990385054887]
[0.3643347700895554, -0.33116937084030645, 0.6078227022402913, -0.4097161233425702, 0.6037536572555411, -0.626161955224436,0.2748370889330741]
[0.3914497942865072, -0.2995394828706712, 0.6285606868171505, -0.44349508969599183, 0.5619044749207178, -0.6366288652371904,0.28684343190392975]
[0.41531720206460376, -0.26546874319822966, 0.6487588371701143, -0.4731209889240659, 0.5187387185441977, -0.646286306019866,0.298966022105914]
[0.43574185035567803, -0.2293330732533811, 0.6683932648886598, -0.4986530905199158, 0.47466732506633885, -0.6551249998342698,0.31120292482791984]
[0.45257452894123384, -0.1915168880615324, 0.6874435673934892, -0.5201917056019274, 0.4300740616328255, -0.6631372661752171,0.32355193886494016]
[0.4657105011592052, -0.15240743605036716, 0.7058928624797998, -0.5378727613756666, 0.385311383952179, -0.6703170307800216,0.3360105775317616]
[0.4750873651129329, -0.11238973787395892, 0.7237277954611243, -0.5518619582276135, 0.3406972100236834, -0.6766598313646752,0.34857605018244114]
[0.4806823806814058, -0.07184220029901467, 0.7409385189901444, -0.562348654084359, 0.2965126500107321, -0.6821628200817903,0.36124524430251326]
[0.48250941479484466, -0.031132950960424625, 0.7575186458440081, -0.5695396242852288, 0.2530007109249605, -0.6868247627021103,0.37401470823979016]
[0.4806156587358466, 0.009383090785060746, 0.7734651751705638, -0.5736528455185336, 0.21036597244064453, -0.6906460345281158,0.3868806346383606]
[0.47507826673521225, 0.04936642150017518, 0.7887783928969238, -0.5749114493655709, 0.16877520806572432, -0.6936286130549455,0.3998388446389659]
[0.4660010551351208, 0.08849448240258981, 0.8034617472013581, -0.5735379847573983, 0.12835890453867652, -0.6957760674005113,0.4128847729073244]
[0.45351138636233945, 0.12646257699674016, 0.8175217001421633, -0.5697491193222354, 0.08921361216649269, -0.6970935445332782,0.42601345355020753]
[0.43775734253577636, 0.1629842669244695, 0.8309675567213769, -0.5637508973979091, 0.051405040309278865, -0.697587752332718,0.43921950697713863]
[0.4189052705219715, 0.19779135245030066, 0.8438112728356282, -0.5557346576780904, 0.01497179575704937, -0.6972669395238961,0.4524971277634861]
[0.3971377545683611, 0.23063355608177083, 0.8560672437296848, -0.5458736963837767, -0.020070352304441652, -0.6961408725340001,0.4658400735684826]
[0.37265204529816365, 0.2612780345010628, 0.8677520747191251, -0.5343207428826795, -0.053723808370204185, -0.6942208093248784,0.47924165515928846]
[0.3456589459099094, 0.2895088450467985, 0.8788843360858968, -0.5212062942405566, -0.08600422372317487, -0.6915194702617729,0.49269472758968924]
[0.316382128975908, 0.3151264884330306, 0.8894843041732503, -0.5066378337342857, -0.11693544775961665, -0.6880510060844377,0.5061916825793186]
[0.28505783134614726, 0.33794763942834294, 0.8995736908137195, -0.49069993636383163, -0.14654450064364483, -0.6838309630526749,0.519724442136492]
[0.2519348513506632, 0.3578051622407476, 0.90917536331464, -0.47345524235915465, -0.1748567090020045, -0.6788762453440199,0.5332844534647799]
[0.2172747526767601, 0.3745484879467261, 0.9183130572994546, -0.4549462580809166, -0.20189114167238725, -0.6732050747868294,0.5468626851903976]
[0.18135216377651348, 0.3880444082126696, 0.9270110847591602, -0.43519792304469807, -0.22765647461965882, -0.6668369480173713,0.5604496249443011]
[0.14445505108149567, 0.3981783136705668, 0.9352940397062913, -0.4142208625229816, -0.2521474032013576, -0.6597925911546692,0.5740352783295963]
[0.10688483913662186, 0.4048558776226818, 0.9431865038434724, -0.39201522773440023, -0.2753417062305729, -0.6520939120918074,0.5876091693014889]
[0.06895625129092067, 0.408005157332779, 0.9507127546596954, -0.3685750104146899, -0.29719805004659117, -0.6437639505071464,0.6011603419835243]
[0.030996750872525194, 0.40757905712328146, 0.9578964783499894, -0.34389270593068033, -0.31765460241335075, -0.6348268257034178,0.6146773639403142]
[-0.006654525308357569, 0.4035580709476143, 0.9647604899182436, -0.31796418934528126, -0.336628505923234, -0.6253076823869563,0.6281483309233123]
[-0.04364843208462608, 0.3959531981153014, 0.9713264627688183, -0.2907936622044251, -0.35401623912993696, -0.6152326345033885,0.6415608731025094]
[-0.079628148698242, 0.3848089054082746, 0.9776146700206515, -0.2623985244665589, -0.3696948713411332, -0.6046287072498965,0.654902162793157]
