[0.20711183603584438, -8.486455845152293e-05, -0.06000001120486963, 0.9999999813265433, -0.00018989475035100046, -3.5685238532295324e-05,3.6689000067267453e-06]
[0.28441276410879507, 0.018543130900191798, -0.017955645099840406, -0.9947459851405956, -0.035811054594997616, -0.09586698516826522,0.0027412716406469808]
[0.35094822213265164, 0.04602576342649369, 0.039843101510290635, -0.979041853475395, -0.07078261023179577, -0.19064797055991559,0.010964604581238978]
[0.4031265392277714, 0.0798881863130716, 0.11148206129701518, -0.9531218815243372, -0.10371237215855633, -0.2832000021175383,0.024498604478192146]
[0.4434343622122958, 0.12885457547942658, 0.20175770222455178, -0.9150371829467085, -0.14305494344100195, -0.3741401499920012,0.047554023447093294]
[0.4599580567748051, 0.17838791919587063, 0.3027175705446825, -0.866627405976518, -0.17731353866564653, -0.45993483084675535,0.07730976387394145]
[0.45197652832340196, 0.22238320636214656, 0.4103526145447342, -0.8087844200862395, -0.20531143715007574, -0.5393814070790768,0.1130604851330973]
[0.42064542462564997, 0.2548364290642666, 0.5203358953305192, -0.7425743260324281, -0.22600976013409774, -0.6113912493178042,0.1539600561809059]
[0.3689165800360181, 0.2703618025000346, 0.628188011597062, -0.6692155910234044, -0.23853045758081537, -0.6750091994665768,0.19903842386075593]
[0.3013137087275185, 0.26466645951230655, 0.7294487608912168, -0.590054058796851, -0.24217591621759038, -0.7294304860696023,0.24722095237620356]
[0.22358146286119632, 0.23494414794464824, 0.8198485387422612, -0.5065353543262398, -0.23644477546918452, -0.7740147706792001,0.29734985747658155]
[0.14223506231613584, 0.18015570466381436, 0.8954729851556881, -0.4201752571388837, -0.2210436170127209, -0.8082970593936016,0.3482073181911363]
[0.06404566829035536, 0.1011728911139987, 0.9529146412323732, -0.3325286595468453, -0.19589427975077225, -0.8319952743433263,0.39853981634370966]
[-0.0044981169066337715, 0.0007728613003205737, 0.9894058674543816, -0.24515775558217723, -0.16113664326394364, -0.8450143444575778,0.4470832302116333]
[-0.05771020150464899, -0.1165177444112189, 1.0029279809418752, -0.15960012247403302, -0.1171268173684566, -0.8474467420848932,0.49258819402124393]
[-0.03159620811341034, -0.06695387256953991, 1.0219750380304264, -0.1980058587625994, -0.14752475547112612, -0.8265461731223813,0.5058177044307726]
[-0.008554390563144894, -0.013614327177139118, 1.0359285116538886, -0.2350615900910605, -0.17867217436315944, -0.8034701035128347,0.5169701110637618]
[0.010933362398853768, 0.04287804653064428, 1.0445550497785392, -0.2706615106514735, -0.2104561848415784, -0.7783660389493059,0.5259247572839274]
[0.026457509086016254, 0.10183270659407173, 1.0476748261696454, -0.3047065261957041, -0.24275946029963708, -0.7513909025731635,0.53257251981215]
[0.037689904239942555, 0.16250297851904566, 1.0451640077043214, -0.3371046054502598, -0.27546070787614063, -0.7227101674206772,0.5368164465693812]
[0.044391219060532776, 0.22409885829725923, 1.0369566053522181, -0.3677711012857585, -0.3084351585016048, -0.6924969435690351,0.5385723286678358]
[0.04641656568395949, 0.2858008068631131, 1.0230456837064685, -0.3966290403807702, -0.3415550738146231, -0.6609310249491567,0.5377692034114395]
[0.04371919638938626, 0.34677426629525154, 1.0034839111911324, -0.42360938025230976, -0.3746902678483005, -0.6281979010107925,0.5343497855409488]
[0.036352187261509614, 0.4061846112406188, 0.9783834405626298, -0.4486512326624081, -0.4077086413218708, -0.5944877386153445,0.5282708243486385]
