[0.20708311021135808, -5.308461945356938e-05, -0.060013647029505915, 0.9999999920824797, -9.737211445823396e-05, -7.962578155394138e-05,3.6670083225340116e-06]
[0.264849854241887, -0.0009766193906439033, -0.04296623846392597, -0.996040114672831, 0.07280349328433625, -0.05084135085111294,0.004347225755057195]
[0.32007518428163384, 0.0003150679020112496, -0.0208349392943801, -0.9842168207045311, 0.14473908449951867, -0.10034258586197956,0.017297766417594406]
[0.3721675353688088, 0.003674030074807773, 0.005931641807878446, -0.9646802385029624, 0.21514591771185237, -0.14703372956756583,0.03854028935081938]
[0.42062038084207065, 0.00891650579895764, 0.03682081873704601, -0.9376782401369796, 0.2832872741672552, -0.1895843889521202,0.0675692069966395]
[0.4650221777298256, 0.01583327649189443, 0.07127164179990264, -0.9035530497176261, 0.3484583025419175, -0.2267525367860214,0.10369177786443355]
[0.5050623501845957, 0.02420073207220942, 0.10869215851359257, -0.8627365624945316, 0.40999591690980086, -0.2574110602213165,0.14604286332494684]
[0.5405330773910638, 0.03379199393989934, 0.14847744911580157, -0.815744440552368, 0.4672880916460174, -0.28057189020659684,0.19360336138513976]
[0.5713268587698619, 0.04438743072900944, 0.19002772469519272, -0.7631690680765038, 0.5197824191185265, -0.2954072042721104,0.2452219279972108]
[0.5974300390797996, 0.05578392868244176, 0.23276576561073703, -0.7056714651347867, 0.5669938067130397, -0.30126725717059016,0.2996395270996295]
[0.6189126782959964, 0.06780234324333999, 0.2761529980576123, -0.6439722734827391, 0.608511202217112, -0.29769446519905624,0.3555162909791976]
[0.635915335290738, 0.08029265876438299, 0.319703556790207, -0.5788419408345064, 0.6440032506770969, -0.28443344925100417,0.4114601239433188]
[0.6486334905827817, 0.09313651414572977, 0.36299576039401776, -0.5110902411674684, 0.6732228013305136, -0.26143682706874094,0.46605644572766575]
[0.6573004533203881, 0.10624690692495692, 0.40568052916171843, -0.44155527778652465, 0.6960101998806844, -0.22886663496278226,0.517898447305771]
[0.6621696746063224, 0.11956505856459775, 0.4474864005287608, -0.37109212293534816, 0.7122953189773663, -0.18709135152768872,0.5656172213094399]
[0.6634974188182841, 0.13305460005961656, 0.4882209381737031, -0.3005612526074091, 0.7220982980402738, -0.1366785886488591,0.6079111323239293]
[0.661526724714191, 0.14669340959883234, 0.5277684825585335, -0.23081693781219212, 0.7255289822457409, -0.07838360639093932,0.6435738088126434]
[0.6564735193856158, 0.16046359291338266, 0.5660843466339308, -0.16269575385743573, 0.7227850693185456, -0.01313389624713163,0.6715201679892541]
[0.6485156336363721, 0.17434023270280818, 0.6031857141665541, -0.0970053672153603, 0.714148991457274, 0.0579898401540438,0.6908099269487089]
[0.6377853126363251, 0.18827963776257306, 0.6391396431741947, -0.03451375528184856, 0.6999835780011233, 0.13377591419145402,0.7006681068860857]
[0.624365628405644, 0.2022078882896263, 0.6740487070750761, 0.02406099212267656, 0.6807265620532108, 0.21290660557214375,0.7005021011224997]
[0.6082909902686983, 0.21601049639151432, 0.708034915706459, 0.07806014922678561, 0.6568840109549644, 0.2939853232104658,0.6899149505491592]
[0.5895517266258167, 0.2295239773882371, 0.7412226424642023, 0.1268929790146394, 0.6290227760163442, 0.3755653993231266,0.6687145504329509]
[0.5681024877243369, 0.2425300578300302, 0.7737213385713522, 0.1700443887892604, 0.5977620710231214, 0.45617991085538845,0.6369185985818014]
[0.5438740062296927, 0.2547531325187013, 0.805608838177734, 0.20708151322203366, 0.5637643015614194, 0.5343719016849554,0.5947551848082053]
[0.5167875615235125, 0.26586142991534306, 0.8369160471922034, 0.23765913696014895, 0.5277252779408427, 0.6087243716725901,0.542659013537441]
[0.48677133498252123, 0.275472160088022, 0.8676137643877282, 0.261523885516833, 0.4903639533066293, 0.6778894046755374,0.48126334332703746]
[0.4537777256481068, 0.2831607106705874, 0.89760230671317, 0.2785171307911274, 0.4524118352824555, 0.7406158269580695,0.4113878170430593]
[0.40989884950419236, 0.31903919624703697, 0.9076780327530428, 0.28609186096852357, 0.4420137823118967, 0.7885461551455907,0.31775812269555676]
[0.3634604178777845, 0.34881526701452636, 0.9172753810826234, 0.29322586922368976, 0.43167095691980883, 0.8246201215166917,0.21835848909475686]
[0.3152725532088838, 0.3723546281801609, 0.9263936339708412, 0.29991533833418005, 0.42139835092360717, 0.8481247571794114,0.11471101050083875]
[0.26614309776609724, 0.38962778979253443, 0.9350323318596557, 0.30615727494703465, 0.4112107505650637, 0.8585466916343393,0.00842733056512949]
[0.21686433311912318, 0.40070770662456434, 0.9431912349037269, -0.3119495053455409, -0.40112270387948956, -0.8555834543756247,0.09881819238254448]
[0.16820022715522695, 0.40576577518323126, 0.950870287228095, -0.31729066960608715, -0.3911484885740102, -0.8391510765206335,0.20531673492789246]
[0.12087440495798821, 0.40506627918704285, 0.958069584124974, -0.322180214165383, -0.38130208048308256, -0.8093878194320645,0.309354151054465]
[0.07555902603265954, 0.398959397043519, 0.9647893423859241, -0.3266183828214544, -0.37159712266822054, -0.7666539323542575,0.4092404652933911]
[0.03286473425739452, 0.38787290519538037, 0.971029873939804, -0.33060620619491593, -0.3620468952275652, -0.7115274183166237,0.5033391650419886]
