[0.2070950387345494, -7.881182233442554e-05, -0.06000213306745816, 0.9999999821341531, -0.00018659729343690874, -2.9994429542915432e-05,3.6712705444047574e-06]
[0.25908658092497183, -0.02058118609273328, -0.040384851433187346, 0.998902608805606, 0.00455770238821115, 0.04640500051820327,0.004402430828629423]
[0.3064919511242293, -0.04979845360519239, -0.015022443265091834, 0.9956076040653977, 0.009221613782354256, 0.0915140293388244,0.017482648557367364]
[0.34768899240171375, -0.08672795824592455, 0.015828943996517852, 0.990120071162423, 0.013725319551033559, 0.1340009788043212,0.038956359737850416]
[0.38127361322615955, -0.1300752287960665, 0.05185878334612984, 0.9824485554047024, 0.01799027599360386, 0.17262498720813155,0.06835056506189341]
[0.40611031976768863, -0.1782999584046102, 0.09270545691812737, 0.9726050756649274, 0.021939837924450305, 0.20622658125220222,0.10501717710783844]
[0.4213733307656094, -0.2296704218196902, 0.13795992878318292, 0.9606051676789638, 0.025499870479011005, 0.23375209119991627,0.1481466445576474]
[0.426576930344193, -0.282324457619548, 0.18716976715300496, 0.9464679384322073, 0.0285993436325677, 0.25427582852824715,0.19678496408503232]
[0.4215940751005258, -0.3343349414842899, 0.23984348155473492, 0.9302161307382523, 0.031170905331067904, 0.2670195582043314,0.24985371782617183]
[0.40666265997720236, -0.3837775424285257, 0.29545514093701114, 0.9118761969317133, 0.0331514292752852, 0.27136885560278956,0.30617271010851643]
[0.3823792509687461, -0.4287984899121158, 0.35344923913485593, 0.8914783804237997, 0.034482533567985356, 0.2668860047224476,0.36448472203781307]
[0.34968049951523983, -0.46768008692575364, 0.4132457745641964, 0.8690568037069516, 0.03511106662733086, 0.2533191683180561,0.423481857809277]
[0.3098128515442123, -0.4989017816345706, 0.47424551136207754, 0.8446495612449458, 0.034989556987263574, 0.23060764024037467,0.4818329231728793]
[0.2642915419562062, -0.521194755210785, 0.5358353893698125, 0.8182988155487432, 0.034076623845620685, 0.19888307395996221,0.5382112550579419]
[0.2148502119807665, -0.5335881915787499, 0.5973940503212849, 0.7900508946172361, 0.03233734548168906, 0.1584666671340103,0.5913224124021869]
[0.1633827922123957, -0.5354456597692357, 0.6582974473102535, 0.7599563888171235, 0.02974358294508013, 0.10986236831272947,0.6399311419194605]
[0.2354293314766081, -0.49762763506587826, 0.677643971715538, 0.7521495304956387, 0.05093046298168946, 0.19606274999789636,0.6270857754557377]
[0.300012376479281, -0.44966270940786957, 0.6964266912180939, 0.7433598614807787, 0.07269470304715692, 0.2813309540765586,0.602481942274237]
[0.3556625621085766, -0.3929383378065705, 0.7146866949585724, 0.7334180681231335, 0.0949974599818718, 0.3640201997544187,0.5661825801967745]
[0.40114966832023596, -0.3290541935731709, 0.7324692574264906, 0.7221537872006291, 0.1177715516107891, 0.4424894087883985,0.5184851901193229]
[0.4355122112191723, -0.259786475183561, 0.7498221433203364, 0.7093998361163119, 0.14092082238296938, 0.5151369542137044,0.45992076789430336]
[0.458083539548104, -0.18704836726543922, 0.7667938795251844, 0.6949965678609639, 0.16432011817858835, 0.5804341372379319,0.3912478520734821]
[0.46851397652022275, -0.1128462874818324, 0.7834320300580334, 0.6787962642706408, 0.18781588979534136, 0.6369576833963911,0.3134417533049953]
[0.46678816536124923, -0.03923161286164469, 0.7997815096772204, 0.6606674783908374, 0.21122743245206402, 0.6834205635250021,0.22767913415060706]
[0.45323641258391884, 0.031752194965307956, 0.8158829710209022, 0.6404992357431526, 0.23434875612491454, 0.7187004745133179,0.1353182081224657]
[0.42853853347840853, 0.09812676439719892, 0.8317712986467347, 0.6182050050184059, 0.2569510688971913, 0.7418653585869908,0.03787492166829551]
[0.3937185432003669, 0.15803947613813152, 0.8474742412186617, -0.593726351200706, -0.27878584299883175, -0.7521953971603677,0.06300442940050938]
[0.3501285483087767, 0.20982620408396757, 0.8630112103668085, -0.5670361883355631, -0.2995884210768175, -0.7492009849259812,0.16557361885431904]
[0.2994204073825205, 0.2520740998755622, 0.8783922714834155, -0.5381415550344273, -0.31908210870959697, -0.732636270369333,0.2680193462902994]
[0.2435041569757121, 0.2836817966998212, 0.8936173479719967, -0.5070858432686287, -0.3369826884846642, -0.702507938636809,0.36849587700604347]
[0.18449283172541134, 0.3039139233885206, 0.9086756563078089, -0.47395041992756065, -0.353003281312823, -0.6590790097613892,0.4651607697611826]
[0.1246341149352715, 0.3124465056136561, 0.9235453847721705, -0.4388555908503008, -0.3668594722521827, -0.6028675276222266,0.5562109690908188]
[0.06623018872649813, 0.30939974288599825, 0.9381936239743415, -0.401960868411855, -0.37827461113521055, -0.5346401205188767,0.6399185263513271]
