[0.20709659956715665, -6.749139107116247e-05, -0.060010275021150444, 0.9999999743313548, -0.00022141208256728083, -4.796465294614163e-05,3.6567604222740195e-06]
[0.23086554100945475, -0.009391926244447187, -0.061015994649667976, -0.9970051330104972, 0.07724747962152714, -0.0036424338578087043,0.000569489626227176]
[0.2538872998717849, -0.01937083741644826, -0.06266752618105441, -0.9880746160296845, 0.1537885775089898, -0.00724193658010244,0.0022761678591548336]
[0.27614570126900956, -0.029953387270815122, -0.06496470546141538, -0.9732687963865183, 0.2293646429035066, -0.01066030945194888,0.005105719192624663]
[0.2976286004329177, -0.04109102798420645, -0.06790232348006689, -0.9526877209249499, 0.30350239897425857, -0.013808349400790306,0.009040448137159495]
[0.3183273453239676, -0.052737773426619616, -0.07147011811198188, -0.926470385637292, 0.37573867884269846, -0.016598392965263734,0.014055714482085209]
[0.3382362220012659, -0.06485040260492278, -0.07565280292025678, -0.89479372925198, 0.44562367432825445, -0.018944817131392646,0.02012006146557986]
[0.3573518915296103, -0.07738859401435312, -0.0804301328980781, -0.8578713527741052, 0.512724085377282, -0.02076452984915315,0.027195379454980927]
[0.3756728271636116, -0.09031499122579861, -0.0857770067420934, -0.815951974729221, 0.5766261468273328, -0.021977447746330366,0.03523710432350598]
[0.3931987603975227, -0.10359520100471906, -0.09166360496463258, -0.7693176338670957, 0.636938510112982, -0.022506958619814287,0.044194449536955505]
[0.4099301442081177, -0.11719772619838513, -0.09805556287317727, -0.7182816529951062, 0.6932949586472104, -0.02228036635967054,0.05401067079623976]
[0.42586764145082806, -0.1310938365298314, -0.10491417717402964, -0.6631863794157054, 0.7453569369046188, -0.02122931604809066,0.06462336191953184]
[0.44101164590171504, -0.14525738128818177, -0.11219664469548647, -0.6044007191246478, 0.7928158746791348, -0.0192901970732478,0.07596478049229553]
[0.45536184287628884, -0.1596645486951631, -0.11985633147605107, -0.5423174834731996, 0.835395289577748, -0.016404522206680174,0.0879622016651326]
[0.4689168157084264, -0.17429357744681892, -0.1278430702272988, -0.47735056839627593, 0.8728526525303693, -0.012519280711555069,0.10053829833907289]
[0.48167370364742634, -0.18912442656878073, -0.1361034839608507, -0.4099319875484161, 0.9049810029303997, -0.00758726367745002,0.11361154584628332]
[0.4936279159382915, -0.2041384102750698, -0.1445813333662298, -0.3405087817611452, 0.9316103019562314, -0.0015673599144915438,0.12709664911184293]
[0.5047729060001335, -0.2193178049775866, -0.15321788534282188, -0.2695398281302805, 0.9526085146452222, 0.0055751791148638714,0.1409049901698298]
[0.5151000087213418, -0.2346454359506774, -0.16195229992615268, -0.197492572753373, 0.9678824133824572, 0.013868506695145355,0.1549450938050343]
[0.524598342959566, -0.2501042514082506, -0.17072203270756692, -0.12483971166033889, 0.9773780976101298, 0.02333398179727607,0.16912310900066788]
[0.5931968949167742, -0.23847022559755196, -0.11476076106308615, -0.19914637641235716, 0.9571931858900975, -0.02376015730436894,0.20870405020570382]
[0.6575311175477848, -0.21557166541430384, -0.05078731880124905, -0.26816967876079195, 0.9276686253309966, -0.07100022883232804,0.24994981991509865]
[0.7149984582323996, -0.18202752345574094, 0.02058940589463576, -0.33080132520291855, 0.8894077917147991, -0.11786552821107404,0.2926294252813998]
[0.7631269424804896, -0.1389845246852249, 0.09855233780000432, -0.3860322568034297, 0.8431673750924975, -0.16385017321323023,0.33645355552419604]
[0.7997013767921507, -0.0880893959317354, 0.18208676131185209, -0.43297279964814217, 0.7898433262370225, -0.2084731081885634,0.3810787817838801]
[0.8228822503265052, -0.031431378907629745, 0.26999851096728245, -0.47087062394638457, 0.7304540311270499, -0.2512874973020769,0.4261130807828415]
[0.8313097449978357, 0.02854287113759816, 0.36093938296141104, -0.4991261364998309, 0.6661210482925142, -0.2918893130386337,0.47112257196855817]
[0.824185940180342, 0.08913794682344438, 0.4534390250048027, -0.5173049834559502, 0.5980477951034707, -0.3299249435362955,0.5156393317970317]
[0.8013294904831881, 0.1475361276382425, 0.5459422691476764, -0.5251473993993764, 0.5274966122241388, -0.3650976631879384,0.5591701255707744]
[0.7631986876733723, 0.20093444568438745, 0.6368506200545377, -0.5225742036417845, 0.4557646695503536, -0.39717283497531286,0.6012058772462934]
[0.7108807798233643, 0.2466843293930398, 0.7245664113742039, -0.5096893136637993, 0.38415920126399306, -0.42598173968353154,0.6412316812801193]
[0.6460475738457541, 0.2824254254101754, 0.8075380047631995, -0.48677871756091323, 0.3139725716472158, -0.451423955946098,0.678737148225263]
[0.5708795366176664, 0.30620543046565313, 0.8843043365015631, -0.454305920507986, 0.24645767670108903, -0.4734682454078349,0.713226867677403]
[0.4879626748975257, 0.3165785709747957, 0.953537119157029, -0.4129039531147951, 0.18280417933633306, -0.4921519285517415,0.7442307684731576]
[0.4001642628007523, 0.3126766962314088, 1.0140790808464066, -0.3633641005363373, 0.12411605810914222, -0.5075787682836452,0.7713141568443591]
[0.31049486489559064, 0.29424870899683975, 1.0649767694923686, -0.30662157880523255, 0.07139092155123304, -0.5199154095674304,0.7940872185253858]
[0.22196497022197248, 0.26166611945065005, 1.105506658117772, -0.24373844762312544, 0.025501502698931228, -0.5293864536222481,0.812213780498475]
[0.1374448431556291, 0.21589472551375588, 1.1351935508147357, -0.17588410544279828, -0.01282029772417407, -0.5362682738193156,0.82541914195983]
[0.059535889854565954, 0.1584346329428802, 1.1538205962400618, -0.10431376188752714, -0.04299650486995724, -0.5408817068690759,0.8334968019280191]
[-0.009539042002640191, 0.09123287108073487, 1.1614305530094107, -0.030345323345174455, -0.06461304586073607, -0.543583776631874,0.8363139323473601]
[-0.06802040005209145, 0.016574586294149995, 1.1583183044942404, 0.04466484091794078, -0.07742641981678541, -0.5447586284328815,0.833815470141959]
[-0.11466745925072658, -0.06303991916660104, 1.1450149738519266, 0.1193467632109988, -0.08136694263521155, -0.5448078686940813,0.8260267289659996]
[-0.14878246230604614, -0.14502428008732277, 1.122264328199825, 0.19234187234073458, -0.07653851906223418, -0.5441405176636718,0.8130544608333026]
[-0.1702033478853534, -0.22683309511775496, 1.0909924689100907, 0.26232761830812396, -0.06321496708127096, -0.5431627917560269,0.7950863288105893]
[-0.1843447791859938, -0.18938590723946885, 1.092575308247784, 0.2511125749209755, -0.1004028902940417, -0.5468610180229183,0.7923413161662706]
[-0.19619577611635636, -0.1495740453838082, 1.092921046518721, 0.2357778169406511, -0.13760280899122557, -0.5498268592349032,0.7894078241696794]
[-0.20545770333991958, -0.10773789313357238, 1.0919014030458865, 0.21630562523351735, -0.1742843812066072, -0.5520600947411833,0.7861720439917227]
[-0.2118714994631125, -0.06426088079709599, 1.0894107847325027, 0.19274557464696873, -0.2099114686049965, -0.5535798616502373,0.782518789280748]
[-0.2152225493152788, -0.01956316375982346, 1.0853701187018112, 0.16521553431316335, -0.24395081221457104, -0.5544250662944199,0.7783345516587938]
[-0.21534484348217575, 0.02590552380648739, 1.079730085839087, 0.13390154113571562, -0.27588085547994223, -0.5546543269017559,0.7735106389121588]
[-0.21212434934662466, 0.0716737057463108, 1.0724736592464101, 0.09905652685180948, -0.3052005673490136, -0.554345433270026,0.7679463254619846]
[-0.20550153122027726, 0.11725654072864775, 1.063617867269064, 0.06099789839843899, -0.33143811569389214, -0.5535943196543703,0.7615519424849964]
[-0.19547297155590762, 0.16216457521746253, 1.0532147186166685, 0.020103990921633497, -0.35415924149921574, -0.552513557817914,0.7542518343611198]
[-0.18209206045836357, 0.20591269879012286, 1.0413512467767938, -0.023190567684194405, -0.3729751869581927, -0.5512303880351954,0.7459871089975711]
[-0.16546873650019336, 0.24802912164396396, 1.0281486519502419, -0.06840052267134186, -0.387550035881034, -0.5498843165545563,0.7367181120307993]
[-0.1457682779232741, 0.28806419158963986, 1.0137605406340648, -0.11499661231920026, -0.3976073325814857, -0.5486243183910562,0.7264265589187201]
[-0.12320915939586724, 0.3255988691892344, 0.9983702852230256, -0.16241304799692738, -0.4029358555603106, -0.5476056941120636,0.715117264454071]
[-0.09806000532251938, 0.3602526849677029, 0.9821875480606919, -0.21005574462164106, -0.4033944347029274, -0.5469866382775695,0.70281941617172]
[-0.07063568600560616, 0.3916910117315544, 0.9654440357141778, -0.25731117740137743, -0.398915715165011, -0.5469245852028524,0.689587346374187]
[-0.04129261747627905, 0.41963149780617914, 0.9483885693492196, -0.30355572835179867, -0.38950878741040984, -0.5475724045354354,0.6755007669175239]
