[0.20708417884196523, -6.775195638941571e-05, -0.059990501891964074, 0.9999999742343726, -0.00022327132958957607, -4.08370253828415e-05,3.6749491695754536e-06]
[0.2655141759071565, 0.007129524968004105, -0.03412324624595314, -0.9981282635240116, 0.012073815532076485, -0.05994221910498422,0.0010596706134251826]
[0.3200068479885114, 0.015110507320427333, -0.0002867136724638286, -0.992515644101233, 0.023860470174453734, -0.1196871950731476,0.004283633141533587]
[0.36959310770319886, 0.023725367070610928, 0.040928376583189346, -0.9831688194781412, 0.035517165193322424, -0.1789533063001937,0.009660100766445044]
[0.4133981466522749, 0.03279433140189225, 0.08882724045723925, -0.9700996263394296, 0.04697481471068051, -0.23749760360236197,0.017174691907923714]
[0.45065108507049667, 0.0421123395074979, 0.14262459949404835, -0.9533258258834326, 0.058159979293695464, -0.2950741213906895,0.0268057717244059]
[0.48069254209913825, 0.051454085976884494, 0.20145857590429825, -0.932872173983048, 0.06899370869799033, -0.3514332703524522,0.038523131461749405]
[0.5029802412384576, 0.06057933191572768, 0.26440465491251286, -0.9087717355709206, 0.07939061739771093, -0.40632154347346067,0.05228638260553116]
[0.517092798525963, 0.06923837591758063, 0.3304895042921376, -0.8810674003161636, 0.08925823892827559, -0.45948159414411904,0.06804312989802463]
[0.5227318614433962, 0.07717758947134748, 0.3987044902134525, -0.84981354940925, 0.09849669751412733, -0.5106527329883909,0.08572699756057225]
[0.5197227747287312, 0.08414493426365706, 0.46801877709037965, -0.815077817295226, 0.10699872680672405, -0.5595718762999125,0.10525559115403814]
[0.5080139460019625, 0.08989539111783018, 0.5373919445222759, -0.776942887650726, 0.11465005602707197, -0.6059749639470413,0.12652848316218315]
[0.48767507077971095, 0.09419624113689852, 0.6057860944762572, -0.7355082599112629, 0.12133017362408942, -0.6495988487392522,0.1494253134087165]
[0.45889435487692276, 0.09683214830498095, 0.6721774547010173, -0.690891921308989, 0.12691346797343817, -0.6901836429775569,0.17380409570305758]
[0.42197484454376755, 0.09760999888419494, 0.7355675086017905, -0.6432318597256387, 0.1312707339106511, -0.7274754917022452,0.19949981961152757]
[0.3773299433624827, 0.09636345619684308, 0.7949936965294216, -0.5926873547084986, 0.1342710232817816, -0.7612297264648565,0.2263234310047144]
[0.3254781624391162, 0.09295718982520239, 0.8495397382609153, -0.5394399877062341, 0.13578380746758703, -0.7912143387401633,0.2540612671484374]
[0.3159873445774477, 0.13552659126500047, 0.8472606980495413, -0.5526952326732705, 0.09483079885145332, -0.7790164845878199,0.2804789049284633]
[0.30053708686798986, 0.1763177336682754, 0.8459076344352269, -0.5609414137043024, 0.05332103103780137, -0.7672285495161021,0.3063689782727731]
[0.27949848449582204, 0.21454794506074934, 0.8455511341794313, -0.5642122473816397, 0.011882394821803546, -0.7558292414466885,0.33203238753468317]
[0.25332019260512073, 0.2495030008582532, 0.8462464138171822, -0.5626183145892291, -0.02887104865348815, -0.7447395828425905,0.35775696832608034]
[0.22251927334658492, 0.28053626201857285, 0.8480326692566246, -0.5563443545796718, -0.06834834586639964, -0.7338259288283397,0.38380850553873896]
[0.18767565716131512, 0.30706785225676636, 0.8509326222444359, -0.5456454466594343, -0.10599048278327271, -0.7229042726938618,0.41042231496368975]
[0.14942957884979635, 0.3285853066087798, 0.8549522684687847, -0.5308421478372872, -0.14127863782378225, -0.7117457415218,0.4377955687301273]
[0.10848092347530548, 0.3446468022927969, 0.8600808296381153, -0.5123146705626925, -0.17374173318235647, -0.7000831612690104,0.4660805250003693]
[0.06558911170866492, 0.35488765171556436, 0.8662909094214822, -0.4904961990211566, -0.20296317368326047, -0.6876185496944553,0.4953788035335292]
[0.021571994267730148, 0.35903023603383377, 0.8735388506940387, -0.4658654551341438, -0.22858667592833515, -0.6740313774444234,0.5257368272444538]
[-0.022697775935185495, 0.3568970305826634, 0.8817652891289263, -0.4389386362417639, -0.25032110551112213, -0.6589874227122211,0.5571425261609592]
[-0.06630026693361196, 0.3484258671671403, 0.8908958958429632, -0.4102608552678328, -0.2679442562696966, -0.6421480334514155,0.5895233746862507]
