[0.207084542193553, -7.813170090623946e-05, -0.06000359699003058, 0.9999999566500228, -0.0002872339441609322, -6.467800448974211e-05,3.6564892819169085e-06]
[0.259275523990592, 0.008995963790788325, -0.04494636662327234, -0.9995251363551181, 0.011548802578834838, -0.028562925584152965,0.0005350096748618422]
[0.30945773250797115, 0.0203510164116123, -0.025148765081837776, -0.9980947482732211, 0.022980425131653902, -0.057219088054009624,0.002179333029077317]
[0.3571347322870104, 0.03378292764533768, -0.0007943259473432995, -0.9956830234891784, 0.03474854243684062, -0.08592486228286038,0.004977306062026224]
[0.40184363732825007, 0.04904260549300984, 0.027897775294811467, -0.9922477134281886, 0.0470126423075563, -0.11468725150751113,0.009006719793917208]
[0.4431594870168766, 0.06583986499416564, 0.06067425818608943, -0.9877310605561049, 0.059921922364643755, -0.14349272150504166,0.01437199039502457]
[0.4806992969986077, 0.0838477259689338, 0.09724903831178083, -0.9820611350621503, 0.0736121115783301, -0.17230133791830204,0.021199834456519392]
[0.514125861262582, 0.10270710861556864, 0.13730434088182444, -0.9751535162131167, 0.08820249980984007, -0.2010417130654027,0.02963390713723811]
[0.5431513610390148, 0.12203194676172575, 0.18049170309600654, -0.966913291516032, 0.10379322165953216, -0.22960692672061397,0.03982854540506366]
[0.567540807589725, 0.14141475117722274, 0.22643296483001515, -0.9572373416612519, 0.12046283728168818, -0.2578515613984891,0.051941783254976455]
[0.587115311747355, 0.16043265988068262, 0.27472136488014015, -0.9460168745148424, 0.13826624856399228, -0.2855899651588396,0.06612782653151632]
[0.6017551357190792, 0.1786540078296756, 0.32492287113828167, -0.9331401672564683, 0.15723298425113835, -0.31259582450401063,0.08252919131258717]
[0.6114024450286297, 0.19564543440847337, 0.3765778769577047, -0.9184954721779542, 0.17736588228375844, -0.33860309725652904,0.10126872132394461]
[0.6160636434230802, 0.21097952400675657, 0.4292033922410767, -0.9019740387212085, 0.19864019189967577, -0.363308321132321,0.12244170625659537]
[0.6158111439294243, 0.22424294365565245, 0.4822958463865443, -0.883473202086326, 0.22100311198391198, -0.38637427884651626,0.14610832397435516]
[0.6143182334474853, 0.2395694904294061, 0.5331849896861582, -0.8558231852251842, 0.21828098978859078, -0.4363285408201563,0.17186474214825612]
[0.6073892815707922, 0.25515508821150945, 0.5847195159806191, -0.8253149705355858, 0.2133663789996294, -0.4823521367489513,0.2016591279762786]
[0.5950059973765296, 0.2705120980288769, 0.6361753268802075, -0.7923390393140556, 0.20614682859335992, -0.5240009530688727,0.2347878468377203]
[0.5772997822155347, 0.2851679361678925, 0.6868424525669832, -0.7573140238683336, 0.19655668259666528, -0.5609488648193259,0.2705130511396019]
[0.554543886701323, 0.2986825049736048, 0.7360451461120997, -0.7206800075692853, 0.18457925351594062, -0.5929894021341081,0.30808179890747606]
[0.5271408337846184, 0.31066318137896054, 0.7831605173252404, -0.6828915276450787, 0.17024815331240115, -0.6200344022740979,0.34674496068564625]
[0.49560580363184703, 0.3207767603109778, 0.8276350603981092, -0.64441039189815, 0.15364775626275362, -0.6421097391474309,0.38577544854631823]
[0.4605468213999584, 0.3287579217126996, 0.8689985104511494, -0.6056984231985756, 0.1349127820476076, -0.6593482932886637,0.424485323082272]
[0.4226426912378086, 0.3344139793710925, 0.9068745656236032, -0.5672102464941465, 0.11422700161266339, -0.671980391818813,0.46224136702124047]
[0.38261967527753726, 0.3376258671877843, 0.9409881297303293, -0.5293862321653845, 0.09182108252600266, -0.6803220083918481,0.49847875671403824]
[0.3412279236750476, 0.33834551380444583, 0.971168861285331, -0.49264570685862563, 0.06796960448537341, -0.6847610661090245,0.5327125141397562]
[0.2992186219495018, 0.33658993964241646, 0.9973509529427691, -0.4573805384956434, 0.04298728909266439, -0.6857422305932199,0.5645464809587732]
[0.2573227382681448, 0.3324325721955235, 1.0195692059374237, -0.42394919605469805, 0.017224500796517054, -0.6837506148181047,0.5936796210691001]
[0.2162321313140191, 0.3259924077623989, 1.0379516016447436, -0.3926713770419955, -0.008937912193515536, -0.6792948410770638,0.61990952748256]
[0.17658362612797635, 0.3174217442365217, 1.0527087017709884, -0.3638232864454592, -0.035094357384709986, -0.6728899181074874,0.6431330814295584]
[0.14554713737573943, 0.32741453786222036, 1.044082429766843, -0.3581564369964332, -0.08615124127260718, -0.6647011378720713,0.6499802516821439]
[0.11761760117162581, 0.3362501936725178, 1.0308994682143326, -0.3576771204467836, -0.1361567327554285, -0.6539947160881086,0.6525483376448817]
[0.09332123315656957, 0.3435356728302765, 1.0136951272123071, -0.3623798753612559, -0.18429664008783542, -0.641231802352183,0.6507974723657637]
[0.0730541065810347, 0.3488956112570696, 0.993083668168516, -0.3721713434855241, -0.22977613792735396, -0.6268704595047909,0.6447672793556]
[0.057071407942021035, 0.3519799286762314, 0.9697331193413633, -0.38687159482754807, -0.2718309875232175, -0.6113546076623049,0.6345737364781272]
[0.0454818803533395, 0.3524712093565215, 0.944339184706033, -0.4062167578552959, -0.30973841886031095, -0.5951036882759796,0.6204044307705842]
[0.03824754732374391, 0.3500918440166416, 0.9175993242446386, -0.4298629182100063, -0.342827515544187, -0.5785032713552576,0.6025123493879966]
[0.035188604653736404, 0.34461089379575893, 0.8901880473712028, -0.45739123030148926, -0.37048894940788635, -0.5618968027214819,0.5812083825112188]
