[0.20710836829397997, -8.42539081640391e-05, -0.059982817176806286, 0.9999999620229595, -0.0002741404120732998, 2.80657083965169e-05,3.664771726923861e-06]
[0.2743847634896372, 0.011076337195588724, -0.02831078207710569, -0.9955307359009297, -0.03666492636339355, -0.08702982798992635,0.0002146889951962617]
[0.33507815767780835, 0.026236276480432193, 0.014296960766741057, -0.9821738209523682, -0.07350869358521914, -0.17300373514875458,0.0008746586761345472]
[0.38717346186450763, 0.04488075511659412, 0.06649297423069217, -0.9601265950990387, -0.11015901695901492, -0.25694035730105597,0.0018881621106396859]
[0.42899462387016263, 0.06636245519515033, 0.126583373946821, -0.9297144952677917, -0.1465152416177438, -0.33786766919171807,0.003111169813038284]
[0.459275133420291, 0.08993297745225656, 0.19260533983778794, -0.8913857310717624, -0.18247307310727615, -0.41486883602241204,0.004347979974149388]
[0.4772072398174376, 0.11477897949228145, 0.26241716013671623, -0.8457040058790186, -0.2179235814564119, -0.48709891089799473,0.005357059583327504]
[0.48246740868048, 0.14006071062526704, 0.3337958017489584, -0.7933393649301246, -0.2527523777976304, -0.5538001153574375,0.005858310336598991]
[0.4752169670986972, 0.164950498776122, 0.40453660294829336, -0.7350573209490487, -0.286838999059928, -0.614315403025403,0.005541583098946069]
[0.4560783626177818, 0.18866879192207434, 0.4725496130091689, -0.6717064359975335, -0.3200565314786154, -0.6681000410236158,0.004076233753451671]
[0.42608889606847355, 0.21051557689936296, 0.5359473614276123, -0.6042045636855413, -0.35227149815632763, -0.7147309837100763,0.0011214869987195095]
[0.3866350899399563, 0.22989537480807826, 0.5931194092237398, 0.5335239778522444, 0.3833440297774468, 0.7539138577532669,0.003662646351078191]
[0.3393719406956077, 0.24633451546151766, 0.6427898793427921, 0.46067563211126555, 0.41312833095030504, 0.7854874255903009,0.01060416826643948]
[0.28613210778441034, 0.25948998462410655, 0.6840552282267507, 0.3866928089098351, 0.44147344766419955, 0.8094254449821601,0.020007887453191733]
[0.22883056592074064, 0.2691497717842408, 0.7164007385029445, 0.3126144267499338, 0.46822433414554787, 0.8258358946325295,0.032144490013977504]
[0.16937036451917598, 0.2752252743727239, 0.7396955065025873, 0.23946827979617955, 0.49322321012869835, 0.8349575886146824,0.04724016486588175]
[0.10955489679684344, 0.2777368886622392, 0.7541669867592169, 0.16825448515896024, 0.5163111923733776, 0.8371542545792041,0.06546705197129106]
[0.06923198803656624, 0.28116771251449874, 0.758367101367789, 0.12819676645429584, 0.5355487567052294, 0.832467954466872,0.06123906472087843]
[0.030604553067651093, 0.2810356563984131, 0.7597349914714085, 0.0906710107711284, 0.5535622711998598, 0.8257181905559876,0.05947309891657761]
[-0.005837908723568309, 0.27752304767509284, 0.7587065016239544, 0.055960725822447654, 0.5702056121190081, 0.8173744298348216,0.06027436043304747]
[-0.03971099514558978, 0.27084269057298, 0.7557339961138928, 0.024321814154210895, 0.5853301644647224, 0.8079246865858538,0.06367690891602276]
[-0.07073572290609201, 0.26122247735247206, 0.7512688622746926, -0.0040199811085669225, 0.598786594427852, 0.7978649779832856,0.06964144594358701]
[-0.07037379303335024, 0.26063110908897547, 0.7530042198217133, 0.012885083521346138, 0.6071170484846939, 0.7937211837686126,0.035348925002534344]
[-0.06968968272036365, 0.2602225945492784, 0.7549789821744516, 0.029913085539812072, 0.6142092201094504, 0.7885730437866755,0.0021899449871914073]
[-0.06872040285065256, 0.2600534227967697, 0.7572203048763455, -0.04699996420493742, -0.6200641425250932, -0.7825715721317859,0.029886401766372302]
[-0.06751112651719264, 0.26017492615846793, 0.7597527734933723, -0.06408218000945562, -0.6246866702841255, -0.7758514588386374,0.0609471245632372]
[-0.06611445954406056, 0.26063222372607453, 0.7625982751853464, -0.08109693156255358, -0.6280854328031223, -0.7685295915052412,0.09107273890929456]
[-0.06458958121483722, 0.2614632696688956, 0.7657758879209438, -0.09798236905172654, -0.6302727753033258, -0.7607039270037129,0.12035455748572559]
[-0.06300127043532802, 0.26269802168985973, 0.7693017878569239, -0.11467780355704228, -0.6312646873872629, -0.752452719130448,0.14889191147402597]
[-0.06141883429842347, 0.2643577427417909, 0.7731891752863542, -0.13112391150504832, -0.6310807195235898, -0.7438341027569213,0.17678934598275622]
[-0.05991495743922829, 0.26645444671945373, 0.7774482194431177, -0.14726293356688308, -0.6297438877536371, -0.7348860298714514,0.2041538325233867]
[-0.058564491650299304, 0.2689904962994322, 0.7820860223313333, -0.16303886732484654, -0.6272805669733471, -0.7256265479216781,0.23109204008424047]
[-0.05744320595773459, 0.2719583584620092, 0.7871066016292952, -0.17839765305372904, -0.6237203731832668, -0.7160544061441215,0.25770770439130736]
[-0.0566265177333342, 0.27534052054492275, 0.7925108925988942, -0.1932873519874768, -0.6190960351368904, -0.706149971162927,0.284099132462683]
[-0.05618822543697378, 0.2791095669960334, 0.7982967688139857, -0.20765831646822425, -0.6134432558537819, -0.6958764291109981,0.31035687660630396]
[-0.05619926325394775, 0.2832284143573228, 0.8044590814055127, -0.22146335140325696, -0.6068005644984431, -0.6851812479229104,0.33656160863118667]
[-0.056726497227694385, 0.28765069947109945, 0.8109897164081569, -0.23465786648597392, -0.5992091591586771, -0.6739978703130527,0.3627822212982214]
[-0.05783158150803694, 0.29232131349296747, 0.8178776696835284, -0.24720001866930433, -0.5907127410881652, -0.6622476053195191,0.389074179989581]
[-0.05956989206314718, 0.29717707206376787, 0.8251091387891346, -0.2590508444141821, -0.5813573410069602, -0.6498416841916717,0.4154781432910139]
[-0.061989553668788236, 0.30214750996899964, 0.8326676310612185, -0.27017438127147975, -0.5711911380805592, -0.6366834448461169,0.44201886672594687]
[-0.06555191256871301, 0.31059466756417836, 0.8393375246476197, -0.28219657819054916, -0.5605703018235321, -0.6202340394549426,0.47056961681819676]
[-0.07033435917802025, 0.3190561026291445, 0.8461277475203048, -0.2932403198327863, -0.5494001629555187, -0.6026738137983868,0.4989527532046719]
[-0.07636955382319328, 0.32740769037067596, 0.8530257814531216, -0.3032860823687053, -0.5377429361549901, -0.5839276871243486,0.5271418623733677]
[-0.08367793592233086, 0.3355203894341935, 0.8600173632023475, -0.3123181847055165, -0.5256616170661145, -0.5639196428316797,0.555096254963299]
[-0.09226711117941325, 0.34326146685304426, 0.8670865524954203, -0.32032481644413574, -0.513219756153953, -0.5425747289468897,0.5827608063103741]
[-0.1021313659758294, 0.3504957945704046, 0.8742158097241097, -0.3272980527964158, -0.5004812316330381, -0.519821061594937,0.6100660499823481]
[-0.11325131711168318, 0.3570872037668664, 0.8813860829083987, -0.3332338564407472, -0.48751002221081197, -0.4955918010432529,0.6369285218172807]
[-0.125593703495285, 0.36289988231049886, 0.8885769034495822, -0.3381320663359937, -0.47436998038720035, -0.46982707055398887,0.6632513484324445]
