[0.20715574278774754, -8.831309515707676e-05, -0.059972267236665114, 0.9999999592259599, -0.0002820399990813821, 4.458737998369131e-05,3.6719871789997416e-06]
[0.2758009853790773, 0.0006896100879153829, -0.03919755602066649, -0.9959172097078641, 0.06704280447876859, -0.06026324724399865,0.004744977021322056]
[0.341405192312071, 0.0035389890751111454, -0.011130322391303515, -0.9837666907065942, 0.13291722447429632, -0.11907725346613715,0.018886963790071844]
[0.40310226314536557, 0.008256642436971346, 0.023765289200947032, -0.9637110533916463, 0.19703490136272522, -0.1751092978696834,0.04213059476593573]
[0.46010745249881774, 0.014583542016706988, 0.06492662383745373, -0.9360185602162875, 0.25855080819483856, -0.22703595107030955,0.07399602309600486]
[0.5117320303034795, 0.02221325802784957, 0.11170423243511735, -0.9010592518286901, 0.3166574860064629, -0.2736132810636179,0.11382457412874367]
[0.5573954236398843, 0.03080167510863817, 0.1633752739083064, -0.859299662618222, 0.370596687143651, -0.3137009169784186,0.16079154203272097]
[0.5966345407319044, 0.039977652100224303, 0.21915826062848937, -0.811296163213771, 0.41967029447974624, -0.34628408828813095,0.21392220474825802]
[0.6291100650268919, 0.049354269089011624, 0.2782287703138349, -0.7576870285550285, 0.4632503562849542, -0.37049321013541026,0.2721107410685468]
[0.6546096010289679, 0.05854028915134897, 0.33973572411495884, -0.6991833489675303, 0.5007880897946919, -0.3856206343229068,0.3341416765845465]
[0.6730476504247949, 0.06715145985569551, 0.40281781894642066, -0.6365589187037157, 0.5318217220086903, -0.39113424196584656,0.39871343566560485]
[0.6844624937067482, 0.07482129097460478, 0.4666197023960259, -0.570639251408381, 0.5559830537020762, -0.38668761664760026,0.4644635355758252]
[0.6890101456294592, 0.08121096956080462, 0.5303074908041604, -0.50228988470208, 0.5730026517760965, -0.3721266048964448,0.5299949270623057]
[0.6869556392425061, 0.08601811055308052, 0.5930832549511674, -0.43240414635934454, 0.5827135956276377, -0.3474921425364535,0.5939029639237223]
[0.6786619699895171, 0.08898408892183983, 0.6541981324707598, -0.3618905622368693, 0.5850537248599177, -0.3130192995093051,0.6548024726023282]
[0.6645770958791993, 0.08989975614016554, 0.7129637705339837, -0.2916600910667634, 0.5800663580619186, -0.2691325706232312,0.7113543919548406]
[0.645219439899706, 0.08860940722298995, 0.7687618551310447, -0.22261337340005413, 0.5678994752103033, -0.21643751385220505,0.762291463048608]
[0.6211623750795325, 0.08501293220249642, 0.8210515427678017, -0.15562818133705517, 0.5488033791476085, -0.15570890979104063,0.806442468885148]
[0.5930181898997811, 0.07906615502760919, 0.8693746747326538, -0.091547252228278, 0.5231268742167317, -0.08787568422515536,0.8427545539501077]
[0.5614220317611267, 0.07077943075892049, 0.91335872127113, -0.031166683329502225, 0.49131202214100206, -0.014002899128388186,0.8703131928024294]
[0.5270163091648069, 0.06021463589958228, 0.9527174709366172, 0.024774944453432778, 0.45388755629838917, 0.064728825506637,0.8883594247337829]
[0.4904360000615803, 0.04748074423887032, 0.9872495469527783, 0.07560655695111661, 0.4114610553295313, 0.14704604690904452,0.8963040268689689]
[0.452295265921024, 0.032728229430005175, 1.016834895558976, 0.12073354815677277, 0.3647099952442038, 0.23160693843451322,0.893738359805285]
[0.41317571046643964, 0.016142573770353996, 1.0414294490587237, 0.15964558540592586, 0.31437181557594773, 0.31702694661033015,0.8804416867429737]
[0.37361655114613934, -0.002062811178067326, 1.0610582168706453, 0.19192314870149893, 0.261233149434946, 0.4019051584941111,0.856384837677913]
[0.3762726472040907, 0.010368243644697264, 1.0502531516881777, 0.22928155796661, 0.25400582824023243, 0.48795737740355394,0.8029997535702259]
[0.37964745324072874, 0.02655433393371713, 1.0379269401897036, 0.265011574360584, 0.24915660557029717, 0.5670443095417966,0.7390200283969841]
[0.3826379859246432, 0.04686044963201613, 1.0244601515891458, 0.29878666633989215, 0.2467921230134429, 0.6379459693662347,0.6654660894481303]
[0.38405384355719624, 0.07135466964030986, 1.0102367852837357, 0.330290405090637, 0.24698997537466844, 0.6995870563853669,0.5835084840064807]
[0.38268915068707343, 0.09979238361704, 0.9956311687542887, 0.3592193356260673, 0.24979788035381384, 0.7510557511888875,0.4944469096770702]
[0.37739705970150184, 0.1316178784221042, 0.9809955018378751, 0.38528577018114446, 0.2552331386089727, 0.7916194425672065,0.3996868504233294]
[0.3671626963983186, 0.16598353598264248, 0.9666484636217162, 0.408220477250153, 0.26328238882894656, 0.820737078740081,0.30071427180527927]
[0.3511704611168388, 0.2017859178524034, 0.9528652579005993, 0.42777524032699643, 0.2739016596113164, 0.8380679031628344,0.19906886826823839]
[0.3288618495760972, 0.23771706732586823, 0.9398694203858164, 0.4437252613774438, 0.28701671710712257, 0.8434764078340827,0.09631638460761234]
[0.2999804266266213, 0.27232849589841784, 0.9278266474871593, -0.45587138529058485, -0.3025237045765594, -0.8370334129817233,0.00597944769070448]
[0.26460124780470334, 0.30410458639971255, 0.916840834696796, -0.4640421230130573, -0.3202900672296608, -0.8190132598685708,0.10628481106447583]
[0.22314284291694036, 0.33154158271302386, 0.9069524348474219, -0.4680954527517414, -0.3401557530282843, -0.789887181607341,0.2031229950727266]
[0.17636080869317117, 0.35322797877571066, 0.8981391654526948, -0.467920380523813, -0.36193467752660313, -0.7503129936710456,0.2951003527997849]
[0.12532305286390383, 0.367921989424495, 0.8903190127253512, -0.46343824342037576, -0.3854164383515591, -0.7011213196211266,0.38093051696676383]
[0.07136773494226947, 0.37462189190358675, 0.8833554004782767, -0.4546037412124022, -0.4103682625957899, -0.6432986369058036,0.4594564084708534]
[0.016045903768391885, 0.37262536558539006, 0.8770643176348655, -0.4414056843446844, -0.4365371682354058, -0.5779674909543238,0.5296696158712315]
