[0.2071627898439658, -8.502266298829014e-05, -0.05998010574741859, 0.9999999690119337, -0.00024784013710047966, 2.3193807353570587e-05,3.6668614849635767e-06]
[0.27071321701684664, -0.015119472189251321, -0.03649062364294467, 0.9973690459960132, 0.021052557807472335, 0.06916312851056622,0.005313901899447671]
[0.32980063241753865, -0.03667684768968635, -0.00495128395828992, 0.9894895031236175, 0.04198968600644379, 0.13675462246902553,0.021108356416630104]
[0.38297558910974105, -0.06398794127925218, 0.03416536957897881, 0.9764230141369531, 0.062202799453777005, 0.20128466066747933,0.04704672766302392]
[0.4289563208608845, -0.09606378702638495, 0.08026769832258515, 0.9582718062401095, 0.08133848689327536, 0.26130697530404123,0.08257033712347316]
[0.4666672243872682, -0.13172833503578743, 0.1326549989878699, 0.9351777491727168, 0.09905425531480347, 0.3154735518739973,0.12691442008016918]
[0.4952707122268812, -0.16965730344838342, 0.19052938012317333, 0.9073210913459904, 0.11502201150078661, 0.3625639638166186,0.1791249458077124]
[0.5141914188687305, -0.20842190007131953, 0.25300926944521474, 0.8749188546292969, 0.12893140777583362, 0.40151188767062784,0.23807959585455993]
[0.5231320022647116, -0.24653594410375773, 0.31914430734719207, 0.8382229025036304, 0.14049302037415923, 0.4314282131911168,0.3025124357894331]
[0.5220800674360611, -0.2825048081422421, 0.3879313571518294, 0.7975176992906297, 0.14944133039482194, 0.4516202383674298,0.3710417340205177]
[0.5113060385789412, -0.31487454503768203, 0.45833134303624545, 0.7531177809943278, 0.1555374791491825, 0.4616065260733402,0.4422003116423601]
[0.49135211038423404, -0.34227956499672885, 0.529286612365936, 0.7053649609316124, 0.15857177180141757, 0.46112709525252477,0.5144677512747264]
[0.46301270759691926, -0.3634872853346392, 0.5997385107001671, 0.6546252957519946, 0.15836590554190327, 0.4501487229606657,0.5863037517706919]
[0.42730716378231604, -0.3774382862688187, 0.6686448551187514, 0.6012858396353981, 0.15477490109312766, 0.4288652419565851,0.6561818903986054]
[0.3854455860921976, -0.3832806669651374, 0.7349969948052193, 0.545751216388074, 0.14768871910472087, 0.39769282945495826,0.7226230452042436]
[0.338789093752312, -0.38039750083911184, 0.79783615692446, 0.4884400408136775, 0.13703354592261993, 0.357260393662283,0.7842277379320866]
[0.2888057965206969, -0.36842653046760915, 0.8562687905625899, 0.429781222103704, 0.12277273629015574, 0.3083952733538848,0.8397066819573711]
[0.23702400953053576, -0.34727151172215526, 0.9094806415533555, 0.3702101830563948, 0.10490740372741847, 0.2521045696036526,0.8879088596187563]
[0.1849842785168346, -0.3171049042883189, 0.9567493159969727, 0.31016502968604553, 0.08347665261007362, 0.18955252554685803,0.9278465082586019]
[0.13419181210745298, -0.2783619013900195, 0.9974551196879617, 0.2500827062186237, 0.05855744929947286, 0.12203445759410395,0.9587164629553528]
[0.08607088527403974, -0.23172608487168178, 1.0310899939282032, 0.19039517058074687, 0.030264133031540946, 0.05094781788027245,0.9799173848466085]
[0.04192269179079737, -0.1781072725348574, 1.0572644046573403, 0.1315256252765318, -0.0012524293785810773, -0.022238968766726725,0.9910624952970735]
[0.0028879871386643524, -0.11861238302853441, 1.075712080772432, 0.07388483801267791, -0.035806037646849774, -0.09601920082412076,0.9919875359362991]
[-0.030084318021885454, -0.05451037076985006, 1.086292538174496, 0.01786758558146213, -0.07317669033189125, -0.16888140266107604,0.982753780563976]
[-0.056261673087968, 0.012807528378693991, 1.0889913676827057, -0.03615074664788048, -0.11311244158765583, -0.2393428895845741,0.9636460347452205]
[-0.07514482011049003, 0.08187085688077314, 1.0839183066940157, -0.08781737873580485, -0.15533156557760716, -0.30598264997011804,0.9351656701592753]
[-0.08647672261968957, 0.15117482365076385, 1.0713031555339838, -0.13680513452445703, -0.19952500890654223, -0.36747281439182056,0.8980188509555601]
[-0.0902433508403204, 0.21922550267004165, 1.05148963905725, -0.18281519719111644, -0.24535910874335382, -0.4226080131489925,0.8531002160677851]
[-0.08666646572937084, 0.2845838368666983, 1.0249273514589738, -0.22557959711699635, -0.29247855183160226, -0.47033197056403664,0.8014723822742571]
[-0.07618881750060047, 0.3459070070029956, 0.9921619567435496, -0.26486340967126026, -0.3405095473375758, -0.5097607458570824,0.7443417255350561]
[-0.05945242889169097, 0.4019858397015478, 0.9538238482164229, -0.3004666432010247, -0.3890631844883425, -0.540202104924034,0.6830309807285037]
