[0.2070857980290099, -7.884804178503725e-05, -0.06000599352206974, 0.9999999674298972, -0.0002478035675373614, -6.0993326002241705e-05,3.662117262448345e-06]
[0.285918204309176, 0.012459933298112152, -0.025122427148512955, 0.9941154900581481, 0.07288902822146646, 0.08007249276282837,0.003158780480707225]
[0.35747223157942365, 0.02992513859300908, 0.023579961481526607, 0.9765537762859995, 0.1442311035511048, 0.1593192456092229,0.012549452916080965]
[0.4193401308662156, 0.05138235668466949, 0.08484529137404223, 0.9477257265436472, 0.21202302597343442, 0.23680515179197215,0.028026840513439497]
[0.469431150120645, 0.07562367243145167, 0.15708089735899347, 0.908305743979078, 0.2745926927608162, 0.3116802257811793,0.04934536851590929]
[0.5060402731261157, 0.10122194684739004, 0.23840081333305263, 0.8592159337821763, 0.3303905254292337, 0.38313024050266675,0.07616625666124612]
[0.5279028898636092, 0.1265945737445466, 0.32667648813928607, 0.8016044995150721, 0.378025829431968, 0.45038785336890924,0.10806239020681417]
[0.5342335990794047, 0.15007405126383358, 0.4195933211582976, 0.7368188425363211, 0.4162994311185363, 0.5127430708582431,0.14452446236079958]
[0.5247479495437448, 0.16998246037086298, 0.5147114729190638, 0.6663739946848732, 0.4442318272671629, 0.5695529040969589,0.18496830075805665]
[0.4996665672401558, 0.18470681407887746, 0.6095293180122188, 0.591917123704263, 0.46108618762592146, 0.6202500793621224,0.22874327377552983]
[0.45970176652132966, 0.1927722339210805, 0.7015478647394207, 0.515188942877205, 0.4663856714748005, 0.6643506808139128,0.2751416571189438]
[0.4220919427964881, 0.2238125267711033, 0.7518289647435837, 0.47639737659150927, 0.46995864714231234, 0.6965948244133995,0.2587277722884823]
[0.3790025428185666, 0.24704496498692488, 0.8004842478820817, 0.4384859860688338, 0.4695563711723517, 0.7278820639454012,0.2396550756801913]
[0.33194625194958444, 0.26150037451115776, 0.8470917812389279, 0.4018248028394394, 0.4652784697849371, 0.758005925717164,0.21789857722183223]
[0.2826038607525276, 0.26649721919221114, 0.8912401940811167, 0.36676909988253753, 0.45726370290904167, 0.7867455360262736,0.19344713726493012]
[0.232770477172406, 0.2616706761052844, 0.9325320363432228, 0.3336551573575026, 0.4456881180753583, 0.8138663809906792,0.16630649797383343]
[0.21137802509358283, 0.2859058913012405, 0.9348567291713952, 0.3410915845271183, 0.45372765238892676, 0.8180472902711464,0.09266271797464228]
[0.18716914658296008, 0.30839804186251374, 0.9367334110142479, 0.3482554342817581, 0.4620393157031295, 0.8153902931098518,0.01940343114086767]
[0.16027967311271607, 0.32879821832920286, 0.9381627173802572, -0.35513077098348184, -0.4706207271319941, -0.8059832043644544,0.05281421188314253]
[0.1308903401985383, 0.34676626074511246, 0.9391459693439476, -0.3617016745797961, -0.47946865211792805, -0.7899796549584284,0.12334445668189327]
[0.09922666771346028, 0.36197669070802097, 0.9396851658010557, -0.36795228827575127, -0.4885789962254533, -0.7675978786323133,0.1915598463121634]
[0.06555803985341932, 0.3741247629940596, 0.9397829731083772, -0.3738668665275441, -0.4979468015948126, -0.73911873988923,0.2568580098788609]
[0.030195949066562332, 0.3829325266885498, 0.9394427122065053, -0.37942982320991864, -0.5075662460702949, -0.7048830121581455,0.31866825113251973]
[-0.006508616321329583, 0.38815477787945984, 0.9386683433360197, -0.3846257798092514, -0.51743064500997, -0.6652879256563833,0.3764578503451862]
[-0.04416864406418167, 0.38958478029477384, 0.9374644484691681, -0.38943961349425354, -0.5275324557753625, -0.6207830148743877,0.42973799458336004]
[-0.08236541457801884, 0.3870596270896654, 0.9358362115896133, -0.3938565049167061, -0.5378632848914616, -0.5718653058665639,0.47806925465533195]
