[0.20716784682842299, -7.133730100336398e-05, -0.05996958511109894, 0.9999999674979198, -0.0002535738794507652, 2.6288259433851297e-05,3.6571773952680937e-06]
[0.2585471822694486, -0.014707958696919146, -0.042274963889028294, -0.9975305258010095, 0.06260807473356717, -0.03164704168939396,0.0033976205832319337]
[0.30703340330814066, -0.029982258241998152, -0.019105949789693932, -0.9902056381017637, 0.12363905266233713, -0.06343633590503328,0.013491116157784533]
[0.35255666650541556, -0.04559389767138248, 0.009336007311219668, -0.9781737976109454, 0.18205251540163073, -0.09554949137298101,0.030053252763807648]
[0.3950388306146793, -0.061288904277631555, 0.04295936678694043, -0.9616783246951871, 0.23660399094328616, -0.12811812830223301,0.052717136507028334]
[0.43433559972253744, -0.0768459839662136, 0.08175994745311846, -0.9410516769874141, 0.28612202223882655, -0.16123921108661035,0.08098053122391843]
[0.4701911065951484, -0.09205233276415987, 0.12578298063401894, -0.9167076757001658, 0.32953022710826013, -0.1949651125315598,0.1142167747309255]
[0.5022100743408165, -0.10667271716526301, 0.17507316874519982, -0.8891318306234139, 0.36586749196579027, -0.22929499715111362,0.15168839895123967]
[0.5298509574325855, -0.12041652473503683, 0.22961719143713072, -0.8588699910305642, 0.39430590632712054, -0.26416778960121073,0.19256315763903925]
[0.5524414059828947, -0.13290791880930933, 0.2892838088367331, -0.826515589198458, 0.4141660914442556, -0.299456954307004,0.23593211317429366]
[0.5692152071169363, -0.1436641136332917, 0.3537670329793548, -0.7926957765518641, 0.42492962984004634, -0.33496726649754993,0.2808293893024698]
[0.579367733535762, -0.15208612073477368, 0.42253774770459285, -0.7580567787937489, 0.42624836185459536, -0.37043370427505967,0.3262531607175281]
[0.5821250652869553, -0.15746515890996043, 0.4948086572032565, -0.7232488151620705, 0.41795037931345713, -0.4055225372262694,0.3711874238170899]
[0.5768205167070468, -0.15900637280531618, 0.5695165665750865, -0.6889109377176257, 0.40004261373092365, -0.4398346307259224,0.4146240763710481]
[0.5629714285370794, -0.1558697120074105, 0.645324803929202, -0.6556561490547093, 0.3727099856504973, -0.4729109278389088,0.4555848275938276]
[0.5403488573400279, -0.14722595353839873, 0.7206471655642651, -0.6240571509657379, 0.3363111513418039, -0.5042400139755532,0.4931424643220366]
[0.5090332351401055, -0.13232408629869824, 0.7936932037650589, -0.5946330625027259, 0.29137095165584503, -0.5332676145641309,0.5264410135683567]
[0.46945014655962236, -0.11056479104698874, 0.8625330912405874, -0.567837423871705, 0.23856973395162243, -0.5594078243071798,0.5547143663155889]
[0.4223819869305432, -0.08157369648729644, 0.9251788002872281, -0.5440477731622001, 0.1787297802663302, -0.5820558193445713,0.5773029614771786]
[0.36895328265310834, -0.04526758673918778, 0.9796770361060811, -0.5235570467152583, 0.11279913201427638, -0.6006017620178639,0.5936681717194047]
[0.31058969807316417, -0.0019068456442714599, 1.024208357087734, -0.5065670117894369, 0.04183315228606364, -0.6144455729511499,0.6034040833614445]
[0.2489530244306258, 0.04787183837042838, 1.0571862753659256, -0.4931838930516016, -0.03302578976214793, -0.6230122177157806,0.6062464197188449]
[0.18585654596591258, 0.10304716144744476, 1.0773499085477003, -0.4834163033721776, -0.11057009276964416, -0.6257671361395868,0.6020784197648603]
[0.12316692062862686, 0.16223213581437643, 1.0838439695787194, -0.47717553560857495, -0.1895497094023546, -0.6222314318752856,0.5909335504678888]
[0.06269994358776554, 0.2237209664432656, 1.0762805271925313, -0.4742782167479281, -0.26869548230986723, -0.6119964384748243,0.5729950001516629]
[0.006118171133163219, 0.28556227001860557, 1.0547780054454623, -0.47445127022115047, -0.34674256015811483, -0.5947372860328995,0.5485919701952939]
[-0.04516168481501995, 0.34565476558266306, 1.0199742512497347, -0.47733907767405426, -0.4224534269322896, -0.5702251093562453,0.5181928518014376]
[-0.09004442165819604, 0.4018595354425321, 0.9730120945046797, -0.4825126792476019, -0.49464009028027706, -0.5383375642655033,0.48239544188715766]
