[0.20714864165163915, -8.763164430679736e-05, -0.05998779573554047, 0.9999999787646928, -0.00020529614073813997, 1.762396533748931e-05,3.674864569055629e-06]
[0.24832132808967977, -0.008128205598512813, -0.0472430135595556, 0.999414639091536, 0.022976720511706846, 0.025018990861004693,0.004061967547740177]
[0.2873468632975371, -0.02306743000051005, -0.03134127811966694, 0.9976220376282736, 0.04557738219262, 0.04912197402450274,0.016124637633622697]
[0.3235322374112638, -0.04460969811396887, -0.012409625741004404, 0.994539511128977, 0.06702940914215169, 0.07144976024676783,0.035960407034254606]
[0.35621878078847174, -0.07235313105429063, 0.009524684106429288, 0.9900322006821431, 0.0867909099555405, 0.09116328796431794,0.06318887947334534]
[0.3847710200526515, -0.10578534002498659, 0.03452568088247834, 0.9839171156034185, 0.10435737551863503, 0.1074791296727497,0.09728763786987678]
[0.4085710712273582, -0.14427368761590148, 0.06273231684913644, 0.9759686886145245, 0.11927287158567308, 0.11968623892801167,0.13760198094148293]
[0.42702111151613, -0.18705255520476677, 0.09433527869034258, 0.965925693743151, 0.1311401895675999, 0.1271612204665798,0.18335710746092368]
[0.4395554764741767, -0.23321082144526692, 0.12954843534049468, 0.9534993664649759, 0.1396297370207866, 0.12938181236312782,0.23367250869545675]
[0.44566274246040977, -0.2816831134582918, 0.16857670194084554, 0.9383825371448319, 0.14448697585766887, 0.12593830591656105,0.2875782865447264]
[0.44491688810806657, -0.33124836492270626, 0.21158232267552854, 0.9202595644358186, 0.1455382468917657, 0.116542671346062,0.3440330776416608]
[0.4370154042698561, -0.3805387961627793, 0.25865168715970016, 0.8988168354944095, 0.14269485334444396, 0.10103520450509762,0.4019432329464406]
[0.42182115837684586, -0.428061649030702, 0.3097647897164809, 0.8737535851018904, 0.13595531267292232, 0.07938856070199897,0.46018287876372255]
[0.399404022507715, -0.47223492631997316, 0.364769318225477, 0.8447927763781622, 0.1254057247647291, 0.05170909529210328,0.5176144691172981]
[0.3700778285319368, -0.5114370929013916, 0.42336112548412835, 0.8116917819511852, 0.11121824437834121, 0.018235485864648977,0.573109431335404]
[0.3344281724008975, -0.5440693062290332, 0.4850725033919609, 0.7742526063054181, 0.09364768586364845, -0.020665333558102936,0.6255685066805902]
[0.29332697193342694, -0.568627381448995, 0.5492692662717773, 0.7323313975575512, 0.07302632783233727, -0.0645048410151926,0.6739413958797404]
[0.3677379798359699, -0.5225601943733594, 0.5729100917965642, 0.7310118702032585, 0.07882409822557405, 0.024839512527090286,0.6773414248208036]
[0.4346542760990352, -0.466002907515741, 0.5967408353379857, 0.7292187900645581, 0.08556949249090964, 0.11506376610970771,0.6690875487559764]
[0.4924714931399012, -0.4002182254294515, 0.6207577814307311, 0.7268146428792522, 0.09323940384504655, 0.20459113351204575,0.6489910296415369]
[0.539800520663487, -0.32673082634085576, 0.6449519653827701, 0.7236648192923062, 0.1017945962161465, 0.2918132456858767,0.6170835592868279]
[0.5755129115328579, -0.24729120403814342, 0.669308561745047, 0.7196393731292875, 0.11118015851075831, 0.37512163320154074,0.5736217440960708]
[0.5987804587178688, -0.16383109368520843, 0.6938063821710139, 0.7146147114350244, 0.12132614421097279, 0.45293976177818124,0.5190870381081195]
[0.609107252414822, -0.07841135435157454, 0.7184174905359411, 0.7084751971446813, 0.13214838681295404, 0.5237549588500843,0.45418106738776076]
[0.6063526412325523, 0.0068364481304997865, 0.7431069412549681, 0.7011146464962823, 0.14354947967399678, 0.5861495652113506,0.37981638531830486]
[0.5907437241386466, 0.08977315511837791, 0.7678326447360685, 0.6924377047303012, 0.15541990704670963, 0.6388306559313407,0.29710279467510514]
[0.5628762902324324, 0.1683178974817196, 0.7925453618607188, 0.6823610852344422, 0.16763931146509597, 0.680657698802388,0.20732946647840705]
[0.523703495200612, 0.24051454819919799, 0.8171888273326636, 0.6708146590594, 0.18007788122516818, 0.7106675561314252,0.11194317552519024]
[0.47451200460712745, 0.30459635426337367, 0.8416999997051539, 0.6577423836319646, 0.19259784048692827, 0.7280962859923539,0.012523056258515207]
[0.4168858276904521, 0.3590462588516218, 0.8660094339203525, -0.6431030615016075, -0.2050550235271074, -0.7323972611164001,0.08924764155289079]
[0.35265858920120907, 0.4026504352113872, 0.89004177030095, -0.6268709220509519, -0.21730051390235786, -0.7232551961601337,0.19161225162323944]
[0.2838555156224085, 0.43454268115261596, 0.913716332151826, -0.6090360212538711, -0.2291823287472628, -0.7005957556745441,0.29277324354532575]
[0.2126269183716828, 0.4542375695888772, 0.9369478224851573, -0.5896044567513764, -0.2405471281343517, -0.6645905040260518,0.3909259849173866]
[0.14117541225828104, 0.4616506116482887, 0.9596471088998737, -0.5685983977089948, -0.2512419293652831, -0.6156570529523282,0.48429303959651165]
[0.07167948567982205, 0.4571041531134712, 0.9817220843471975, -0.5460559310940368, -0.26111580624159264, -0.5544543604099225,0.5711583126159085]
