[0.20706825772407683, -9.26548642518969e-05, -0.06001046463365314, 0.9999999545921366, -0.00028995621898855923, -8.202347634536094e-05,3.642176696174545e-06]
[0.28075939232803737, 0.012236262141287136, -0.034655111267808486, -0.9988192039039633, -0.010284515906358297, -0.047423856921513574,0.0023247451285994055]
[0.34943310658349874, 0.0318260169839835, 0.0009690774981114536, -0.9952560898864975, -0.021048462875567744, -0.09453190423394929,0.009273447919712897]
[0.4111772707606156, 0.05782648440650981, 0.04617725217086055, -0.9892902007847743, -0.032182440687566295, -0.14085234199935073,0.020731784677411116]
[0.4642957439101062, 0.0891065413422654, 0.10009400110963304, -0.9808887878433324, -0.04385335297355026, -0.1860121255371209,0.03651791983914196]
[0.5073613359444828, 0.12429722545613762, 0.16167100267666926, -0.9700085904164139, -0.05620802899013938, -0.22966277563618676,0.05638263458271827]
[0.5392597766314897, 0.1618434683257747, 0.22970757684275278, -0.9565983234161044, -0.06936726371585507, -0.271487592463067,0.08001448306826227]
[0.5592233965726692, 0.20006269473445046, 0.3028738893440079, -0.9406017615204315, -0.08342045882448544, -0.3112080669945474,0.10704621577473533]
[0.5668534917681762, 0.2372083839994512, 0.3797365685645657, -0.921961338376337, -0.0984209907144564, -0.3485893269584927,0.13706232252783293]
[0.5621306288627259, 0.2715365236254279, 0.4587864860949499, -0.900622164679932, -0.11438241651709528, -0.38344447797949793,0.1696075221974955]
[0.5454124571221092, 0.30137275230832894, 0.5384684228743045, -0.8765363568263757, -0.13127561139810334, -0.41563772781502467,0.20419600444269878]
[0.51741892983882, 0.32517789470817904, 0.6172122926803796, -0.8496675580765527, -0.14902691086308775, -0.4450862115907035,0.24032121180343013]
[0.47920520438707065, 0.34160954429781565, 0.6934655246098816, -0.8199955271186226, -0.1675173105779403, -0.4717604680907809,0.2774659382860422]
[0.4321228850261464, 0.3495773654602123, 0.7657261196298928, -0.7875206646843107, -0.18658275384938883, -0.49568355066960024,0.3151125136466943]
[0.37777068930939767, 0.34828987549838986, 0.8325757990409949, -0.7522683476271976, -0.20601551383572045, -0.516928790426522,0.3527528410167988]
[0.3179360454368728, 0.3372906442709407, 0.8927125624030098, -0.7142929416352025, -0.22556665424319167, -0.5356162631177602,0.3898980593788949]
[0.29654274905126016, 0.3580457803693279, 0.8887821412624796, -0.7148878590319631, -0.2522238939348819, -0.5318813940370473,0.37738659093061183]
[0.27459687760515805, 0.3760515733511721, 0.8858540189818249, -0.7134797675434593, -0.27641232481565536, -0.5302899689593052,0.3651511972009339]
[0.25231420785016084, 0.391400149830173, 0.8840317513415152, -0.7102989251913375, -0.29798503999758186, -0.5307653720983916,0.353508801292028]
[0.22987527948480252, 0.4041850634636086, 0.8833902634623995, -0.7055843140217701, -0.3168234193368734, -0.5331865070116325,0.342762082948004]
[0.20743182431799784, 0.4144938344997211, 0.883974473227364, -0.6995806315537754, -0.33283748436717264, -0.537390336731295,0.3331932996666931]
[0.18511443186209237, 0.4224029394877743, 0.8857985570069725, -0.6925352994594526, -0.3459659285099424, -0.5431752723820271,0.3250585467043916]
[0.16304074172657723, 0.42797538396541646, 0.8888458665651139, -0.6846955236861714, -0.356175829464042, -0.5503053369937526,0.3185825708131472]
[0.141323463372255, 0.43126080676273815, 0.8930694923121651, -0.6763054390117407, -0.3634620542629105, -0.5585150159307835,0.3139542407007097]
[0.12007757871616884, 0.4322978930513644, 0.8983934545811807, -0.6676033694318956, -0.36784637089792155, -0.5675146919313409,0.3113227633541828]
[0.09942617731871178, 0.43111872472563095, 0.9047144916093274, -0.6588192338383122, -0.36937628360193026, -0.5769965514439678,0.3107947198053639]
[0.07950449975387766, 0.427754579592726, 0.9119044006820746, -0.6501721241820224, -0.36812361183222314, -0.5866408399721167,0.31243197695665786]
[0.060461912888869596, 0.4222426113251384, 0.9198128776936269, -0.6418680807623635, -0.3641828356547504, -0.5961223376624172,0.31625051407515625]
[0.042461700763687674, 0.4146328037388296, 0.9282707904227919, -0.6340980864694518, -0.35766923258309224, -0.6051169225126093,0.3222201838620151]
[0.02567871579531822, 0.404994596512734, 0.9370938123200744, -0.6270362987754321, -0.3487168329414993, -0.6133080873967305,0.33026540898953166]
[0.010295086702065914, 0.3934226230753407, 0.946086336718689, -0.6208385350554694, -0.33747622248123155, -0.62039327861975,0.34026679604894555]
[-0.0035056875979925795, 0.3800410806884642, 0.9550455862532986, -0.6156410234645768, -0.3241122222674501, -0.6260899278800731,0.3520636303446704]
[-0.015545822717236951, 0.3650063612757771, 0.9637658289916502, -0.6115594281431127, -0.3088014767588681, -0.6301410562429036,0.3654571972719779]
[-0.025661003240671984, 0.34850770115968277, 0.9720426114120305, -0.6086881540151841, -0.29172998151775054, -0.6323203378668626,0.3802148594744525]
