[0.22004024093508062, -0.03405672516466227, 0.024981255132408703, -0.9998781442077616, -0.015597811422795841, 0.000633856299666273,5.6926737792627634e-05]
[0.24610712935683277, -0.05164749520565354, 0.05145086313394101, -0.9997450739434742, -0.01411832540908544, -0.01761839758209747,0.0002282105165482683]
[0.26856860104684654, -0.07138058236573316, 0.08008182437034134, 0.9992612250864356, 0.013297593071443315, 0.036039956400119595,0.0011399999737545063]
[0.28717194485258535, -0.09272260360942201, 0.11066244510019799, 0.9984165109376771, 0.013216209819125475, 0.05452122122770602,0.004151977949358342]
[0.30174291012894483, -0.11511274801217267, 0.14296765796165314, 0.9971999483483431, 0.013946707526762962, 0.07292716130907334,0.008909629993747998]
[0.312188670172011, -0.13797413539509082, 0.17676008920831499, 0.9955998458409634, 0.015552823824963423, 0.09109651590973401,0.015507463416931603]
[0.3184992696357188, -0.1607255452663765, 0.21179121445512042, 0.9936040064480434, 0.018088845350944082, 0.10884189475918897,0.024027359186896857]
[0.32074749701155103, -0.18279332867611092, 0.2478026268711512, 0.9911999429848453, 0.021599030326332647, 0.12595080780587609,0.034533301736865564]
[0.3190871402497919, -0.20362330126503592, 0.28452744028741306, 0.9883751033304452, 0.02611711521986432, 0.14218763047686897,0.04706622088608479]
[0.31374960474949826, -0.22269240155728634, 0.32169184683706264, 0.9851171031714465, 0.03166590960717373, 0.15729648570197272,0.06163910117496303]
[0.30503889879239987, -0.23951988565649004, 0.3590168445882812, 0.9814139635672711, 0.03825698266297258, 0.17100499922229623,0.0782325100817231]
[0.2788891437220482, -0.2742789643325706, 0.3374622209960687, 0.9847940484647648, 0.032253315339078235, 0.14725273801018032,0.08635413659183908]
[0.24820276615781556, -0.3051126118235429, 0.3158183742124707, 0.9878144523592193, 0.026736736058831322, 0.12368022883264516,0.09061432365294705]
[0.21363530123135305, -0.3314100482430353, 0.294151515913347, 0.9904822119439552, 0.021707040529211963, 0.10084239097766676,0.09112960219369234]
[0.17592379961462132, -0.35267095704374796, 0.2725270175117653, 0.9928044971566706, 0.0171622252083667, 0.0792726389972079,0.08809391101436168]
[0.13586847266119265, -0.3685160281083471, 0.25100927276209695, 0.994788564249753, 0.013098507413540942, 0.05947208114393536,0.08177538202822392]
[0.09431305175990948, -0.37869450753832784, 0.22966157271139956, 0.9964417093910303, 0.00951035061470979, 0.04189916971585878,0.07251160316934656]
[0.052124339868130025, -0.3830886142273581, 0.208545992322704, 0.9977712229712484, 0.006390494833232317, 0.026960020262513113,0.06070342242156316]
[0.010171444646550055, -0.3817147577236979, 0.18772328796786206, 0.9987843447915344, 0.003729992050784911, 0.014999607434689094,0.046807387616185095]
[-0.03069481713387747, -0.37472156631510345, 0.16725280487627114, 0.9994882203005186, 0.0015182465200085456, 0.006294031578826775,0.03132694645974055]
[-0.06966186489981549, -0.36238480710217846, 0.1471923935312648, 0.9998898580466556, -0.00025694014518460733, 0.0010440322021271753,0.014802559034231381]
[-0.1059741913356953, -0.3450993495527427, 0.12759833392914885, -0.9999960885066128, 0.0016093192348813148, 0.0006300975251371683,0.0021990998576884176]
