[0.23417535461952216, 0.04203227470636607, 0.07359622521314482, -0.999879649635069, -0.015497383893261999, 0.0007155124675530356,7.334865750186364e-05]
[0.23479600979382856, 0.027788672973922377, 0.07988986183213967, 0.9991140692701839, -0.03386584133185365, -0.017980275299684163,0.017346212191943065]
[0.23482688282804828, 0.012595500675719106, 0.08673853439914805, 0.9951989672822583, -0.08414734448265752, -0.034099960078455074,0.03654357206803476]
[0.23419676574002055, -0.0034457259703921505, 0.09418964787849707, 0.9879503362080899, -0.1351434311114289, -0.04895999899417879,0.05738732187724862]
[0.2328392858482724, -0.02022214638386285, 0.10228732774444826, 0.9771965652190016, -0.18662254002357387, -0.06245706051436969,0.07973716869340167]
[0.23069437026972645, -0.037610144692932175, 0.1110714042768085, 0.9627822778213544, -0.23832589064830925, -0.07449966974665856,0.1034449349531123]
[0.22770972236758352, -0.055476152794663496, 0.12057643353723521, 0.9445721483702233, -0.28996863506182063, -0.08500874379816105,0.12835560245468264]
[0.22384227867717815, -0.07367767461525015, 0.13083077082534758, 0.9224546328132613, -0.34124151552470533, -0.0939180389855327,0.15430839392873583]
[0.21905961261982068, -0.09206453406277879, 0.14185571180691642, 0.8963455488355788, -0.3918130202775734, -0.1011745073595792,0.1811378847291686]
[0.21334124982195146, -0.11048034401829407, 0.15366471567995094, 0.8661914413376017, -0.441332022195641, -0.10673856063294923,0.20867513702451695]
[0.20667985916678883, -0.1287641882501671, 0.16626272370902653, 0.8319726709470416, -0.48943087685878783, -0.1105842402347896,0.23674884875364927]
[0.1990822838778688, -0.14675250248660615, 0.1796455852271196, 0.7937061660288955, -0.5357289487712911, -0.11269929285793702,0.26518650954647016]
[0.19057037800853083, -0.16428113517688533, 0.19379960179372793, 0.7514477823843952, -0.5798365269865253, -0.11308515150785416,0.29381555580027624]
[0.181181615707298, -0.18118756285570933, 0.20870119862680822, 0.7052942194770183, -0.6213590843736121, -0.11175682270367304,0.32246451714548385]
[0.17096944354250365, -0.19731322964287212, 0.22431673071494054, 0.6553844475328803, -0.6599018283168084, -0.1087426811160285,0.3509641466301837]
[0.16000334997370858, -0.21250597540790664, 0.24060242918804003, 0.6019006061625515, -0.6950744848684649, -0.10408417354950743,0.37914852710053853]
[0.14836863070252265, -0.2266225126491194, 0.25750449160439043, 0.5450683421576722, -0.7264962533777187, -0.09783543478529823,0.4068561464522768]
[0.1407359579138729, -0.23117266177905413, 0.24842310415123273, 0.5878183506382247, -0.7039462389212549, -0.13774829792080645,0.37410518010513816]
[0.133353615791458, -0.2355397003802785, 0.23978492143169416, 0.6289320477404617, -0.6790381739667628, -0.1713756768843666,0.3376122257758146]
[0.12620240547721034, -0.23982156397987017, 0.23160805982573915, 0.6682803393597316, -0.6519082558830135, -0.19840095456161988,0.2984192942251689]
[0.11924541389212993, -0.2441110085975947, 0.22390845107909157, 0.7057455695880404, -0.6226996655078428, -0.21867000851551435,0.2575883245783833]
[0.11242887359041505, -0.24849290596817442, 0.21669980069759492, 0.741221882416643, -0.591561613820534, -0.23219097763612798,0.21617661294680623]
[0.10568340917722573, -0.25304166619708907, 0.20999355700175396, 0.7746155045217886, -0.5586483720309264, -0.2391303785356473,0.1752126669023933]
[0.09892565201036473, -0.25781884136331235, 0.20379889090786033, 0.805844948633894, -0.5241182915845879, -0.23980568453734535,0.13567302182550953]
[0.09206019762976965, -0.2628709609748997, 0.19812268645122288, 0.8348411375234144, -0.4881328205646175, -0.23467455814364827,0.09846053192181328]
[0.084981873455285, -0.2682276465978505, 0.19296954201630243, 0.8615474491637825, -0.4508555229083526, -0.22432100159552087,0.0643846141993434]
[0.07757827789308687, -0.2739000484687256, 0.18834178218822176, 0.8859196841494786, -0.4124511067522334, -0.20943875793369,0.034143878668649166]
[0.06973254621698788, -0.2798796415379021, 0.18423948009044255, 0.9079259569521038, -0.37308446807142104, -0.19081235534991542,0.008311523463807974]
[0.06132629355535398, -0.2861374122600369, 0.18066049002457232, -0.9275465130859444, 0.3329197555938545, 0.16929623924261555,0.012676189322566736]
[0.052242681118081, -0.2926234606529886, 0.17760049018054566, -0.9447734747237182, 0.29211946274288686, 0.145792478124783,0.02852813116055728]
[0.042369548527614785, -0.29926703480086264, 0.1750530351390238, -0.9596105177499408, 0.25084355210039255, 0.1212275604477533,0.039103007317020794]
[0.031602552844253146, -0.30597700720689736, 0.17300961784298588, -0.9720724836608021, 0.20924861758536198, 0.09652881881248075,0.04441046821192219]
[0.019848253652745482, -0.31264279434248465, 0.17145974067236863, -0.9821849301129016, 0.16748708921389896, 0.07260102550248299,0.044608621383743115]
[0.0070270834400949205, -0.3191357125312945, 0.17039099521442316, -0.9899836242862181, 0.12570648494774636, 0.050303698613093174,0.039998014863859184]
[-0.006923856539976953, -0.3253107550980267, 0.16978915028341365, -0.9955139835570688, 0.0840487137527145, 0.03042964135960298,0.031012242511255214]
[-0.02204823265519675, -0.33100876764720566, 0.16963824770653704, -0.9988304682725367, 0.042649433578619694, 0.01368520877640962,0.018205398282771682]
[-0.03836820213249811, -0.33605899056517713, 0.16992070535867845, -0.9999959316772188, 0.001637467541571088, 0.0006727565819104097,0.0022366778139202275]
