[0.3553117282971575, 0.055804132754558526, 0.08364177252192717, -0.999877349222306, -0.015652599114724847, 0.0005297311245586804,4.5144928082620616e-05]
[0.375614232602992, 0.03209251477228209, 0.09603979887954112, -0.9986525239429989, 0.045110769980537285, -0.0029356571829905263,0.02548601127963136]
[0.39455597134792003, 0.005871526493249927, 0.10919165774006032, -0.9931747535701675, 0.1039209870070831, -0.009430884909116106,0.052109459219437285]
[0.4118993291241182, -0.022903825937824973, 0.12321336039107975, -0.983656970722272, 0.1604028373103607, -0.019183657896431377,0.07951025721240156]
[0.427345348416213, -0.05426315695257875, 0.1382186291490372, -0.9703429152944498, 0.21420632406330498, -0.032366936632201145,0.10725044933333384]
[0.4405341895745045, -0.08819936845189275, 0.15431552367269138, -0.9535044308093499, 0.26500936102442774, -0.04909467016737852,0.13486679486633818]
[0.45105151758334394, -0.1246475384749727, 0.17160311152081276, -0.9334385255026711, 0.31252017355595857, -0.06941854157644471,0.16187873953472845]
[0.4584406351686923, -0.1634655206340044, 0.1901682531229824, -0.9104642292337402, 0.35647938699417847, -0.09332578930517761,0.18779678108165798]
[0.4622198288680751, -0.20441766049979154, 0.2100825694341443, -0.8849192791726036, 0.39666178477426633, -0.12073815018100657,0.21213108433042602]
[0.46190407133588435, -0.24716287195164083, 0.23139965728457465, -0.8571566687248706, 0.43287772218765685, -0.15151195041746368,0.23440019576528642]
[0.4255078237744957, -0.29253097794438937, 0.23022957537143057, -0.8668792484272503, 0.4191911730945627, -0.17215113909795104,0.20775734488361247]
[0.3847260120918719, -0.3330327642495124, 0.22901815243948448, -0.8762753036442437, 0.40535093121223886, -0.18864210896965,0.1795727415618596]
[0.3401760035663526, -0.3682531508841032, 0.2277678375899679, -0.8853418417507132, 0.3913645784972548, -0.20091793340037328,0.150451234562049]
[0.29251332427861515, -0.3978528886507836, 0.226481089922937, -0.8940760470810613, 0.3772397511508661, -0.20899630619019025,0.12099064503668559]
[0.24242254320233936, -0.42157192171865776, 0.22516037630084804, -0.902475281895329, 0.3629841354677135, -0.21297676299269808,0.09177026420282156]
[0.19060787909257826, -0.4392316707891709, 0.22380816911046306, -0.9105370872475294, 0.34860546366827405, -0.21303637278814502,0.06333993461224666]
[0.15490151015089762, -0.4366249486089703, 0.21260544819244728, -0.9284167400538907, 0.31543013765295175, -0.19203404280669079,0.040854760448012846]
[0.11995419505720326, -0.4315469566214281, 0.20188900437819332, -0.9445267838913819, 0.2806564579041251, -0.16913798101790795,0.02221374632292246]
[0.08596782628407167, -0.42410325447046576, 0.1916457142864267, -0.9587657793989509, 0.24438435186217086, -0.14487067278238308,0.007546985226498974]
[0.053130983672326784, -0.414415982068979, 0.18185924333580586, 0.9710379642464038, -0.20672047043492722, 0.1197598831198631,0.0030805016603397475]
[0.021617591498610804, -0.40262214724718937, 0.1725102436064359, 0.9812536919299003, -0.16777785261226846, 0.09433084088669522,0.009668335139285044]
[-0.008414202565955816, -0.3888718181506352, 0.1635765695477942, 0.9893298502137042, -0.1276755612812307, 0.06909858333385631,0.012279426245011407]
[-0.036822922573631976, -0.37332624908262096, 0.15503350981480368, 0.9951902573241619, -0.08653829151104993, 0.04456056866681318,0.011037732987689857]
[-0.06348443313061651, -0.35615596807231126, 0.14685403341506684, 0.9987660340829008, -0.044495952702427656, 0.021189659423606066,0.006125168481693511]
[-0.08829238508198163, -0.33753885357475577, 0.13900904826514535, -0.999995950255518, 0.0016832261150258375, 0.0005724267568751757,0.0022222848642049135]
