[0.3803354812564285, -0.061150206853583376, 0.0658457016851895, -0.9998801900768092, -0.015467062912627534, 0.0005986068944156051,0.00013086866383820117]
[0.4041356228609458, -0.07571189975667135, 0.10759664747735903, 0.9967292135603966, -0.013367984449379214, 0.07932630876585503,0.007714179452099376]
[0.42217701444167455, -0.09154298693565906, 0.15334155480924183, 0.9863144322135203, -0.04183499073257086, 0.15856612430354208,0.017042845451409126]
[0.43375815234307646, -0.10800215984053543, 0.20233588616890114, 0.9687264746128806, -0.06952323900197065, 0.23657289988362157,0.027727236851678758]
[0.4383451512130245, -0.12438947665816263, 0.25372003590846703, 0.9441172308941626, -0.09603149065924128, 0.312811367445266,0.03961887842337085]
[0.43559255331685137, -0.13997332107206784, 0.30654021827000805, 0.9126983498773689, -0.1209729902848559, 0.386763162644647,0.05255010726705459]
[0.4253576323481768, -0.15401958236509924, 0.3597725266163623, 0.8747391273890136, -0.14398029785730732, 0.4579308997791209,0.06633569077889531]
[0.403720612653478, -0.19271122994325895, 0.3384978403127265, 0.8917560868115403, -0.13458649765781858, 0.41837867978006527,0.10778142970039298]
[0.37741724629968243, -0.22821188606170145, 0.31769178992428115, 0.9075965937348516, -0.12495701424031591, 0.3750603545346987,0.14136441592333854]
[0.34695939947009863, -0.2598829205822849, 0.29744211795120445, 0.9222390637297072, -0.11511952730677331, 0.32926440310203314,0.1667559792435647]
[0.31295110241708274, -0.28717269225879866, 0.27783380643991995, 0.9356637836980103, -0.10510231934211843, 0.28230381896774565,0.18382420988829773]
[0.27607331175783734, -0.30963015358708584, 0.2589486473820089, 0.9478529470782616, -0.09493421584942735, 0.23548698660134945,0.19263479570816036]
[0.2370666508519802, -0.32691574946174135, 0.24086482931272699, 0.9587906857686297, -0.08464452429369097, 0.1900887837516927,0.1934476148269037]
[0.1967126114305571, -0.33880931061984154, 0.22365654227600534, 0.9684630987033919, -0.07426297187923918, 0.14732252269742424,0.18670916357681747]
[0.15581374314406235, -0.3452147292026044, 0.20739360322615102, 0.9768582770247848, -0.06381964228851898, 0.10831332546602353,0.17304098760936965]
[0.11517338578443094, -0.34616129625006337, 0.19214110382859836, 0.9839663257986987, -0.05334491151226748, 0.07407349724995341,0.15322436854207924]
[0.07557551079344434, -0.3418016768195022, 0.1779590825036285, 0.9897793822291614, -0.04286938290320619, 0.04548041953946454,0.12818159759525777]
[0.03776523396418271, -0.3324065948441998, 0.1649022224285713, 0.9942916303331583, -0.03242382158717746, 0.023257430769468238,0.09895423971269118]
[0.00243054013527777, -0.31835639397033855, 0.15301957707635427, 0.9974993120440258, -0.022039088367178803, 0.007958098686958267,0.06667885512610416]
[-0.029814276177930064, -0.30012972964471313, 0.14235432472211618, 0.9994007347184075, -0.011746073256991615, -4.578346131677646e-05,0.03256069887492756]
[-0.058443001753597665, -0.2782897290486205, 0.13294355319574674, -0.999996275028576, 0.001575628782061701, 0.0005722239110499629,0.0021540386973255203]
