[0.2421260612793643, -0.05257966988655056, 0.01722387619243712, -0.9998820160674424, -0.015346640964493008, 0.0006258563555915602,0.00020702617306730318]
[0.2922078915335617, -0.05169351253747877, 0.04899774891568179, 0.9950152533541773, 0.07284542522701254, 0.0617671014559937,0.02868823441314135]
[0.33908591163541585, -0.04397711428053561, 0.08703532030700573, 0.9821910358323432, 0.1289803706959286, 0.12449090719405628,0.05627474683844002]
[0.38125858300774657, -0.029859579008844776, 0.13076974531532304, 0.9616052163280198, 0.18310120553174603, 0.18706311951878785,0.0824423785407942]
[0.3922859131471411, -0.06656227239847677, 0.1546661093067807, 0.9527565303027802, 0.1994437199258089, 0.19815655775178417,0.11493987631595563]
[0.39835579911467206, -0.1051747397105621, 0.17954730178140282, 0.9430762246548553, 0.21504544884188356, 0.20411054658339803,0.15067041579741042]
[0.399205027315359, -0.144965850375607, 0.20534190407786154, 0.9325952281658485, 0.2298598595757893, 0.2043708734742904,0.18884684650118816]
[0.3946783250556483, -0.18517026119657773, 0.23197562235361355, 0.9213464337491015, 0.24384250741857008, 0.1985017737514108,0.228601457587613]
[0.3847326398437709, -0.225004121048887, 0.25937139878302584, 0.9093645995908307, 0.2569511474779722, 0.18619671024802148,0.26900356487150145]
[0.3694391734653107, -0.2636812929318904, 0.28744952917185773, 0.8966862452694239, 0.26914584067028524, 0.16728657098077443,0.3090784644131693]
[0.3489831097365223, -0.30042977848447366, 0.3161277877943852, 0.883349543147753, 0.28038905361340305, 0.1417451191863508,0.34782737733146246]
[0.3236610180505929, -0.3345080228140834, 0.3453215602525367, 0.8693942053460572, 0.2906457521683793, 0.10969158414062607,0.38424799131016313]
[0.29387595897160407, -0.3652207760039534, 0.3749439851368318, 0.8548613666147735, 0.29988348839383455, 0.07139033737213218,0.41735519283718037]
[0.2601303624493816, -0.3919341920957822, 0.4049061052367011, 0.8397934634376549, 0.3080724806952448, 0.02724765605965887,0.4462015807288462]
[0.21638439935215828, -0.4069543397957552, 0.3589757859728183, 0.8762275016649668, 0.2757155182902265, 0.0004194275905205063,0.39522922763937784]
[0.17155577549505696, -0.4128250860884978, 0.31441240874912824, 0.9083926854876054, 0.24093273300981372, -0.02033175540014336,0.34111694012374577]
[0.12743034036930742, -0.4096674026912894, 0.27173442381502766, 0.9360364011228202, 0.20400252018341328, -0.0345716626780483,0.28464649597620295]
[0.085725434224826, -0.39796651736069194, 0.23143100579401557, 0.9589388354669064, 0.1652245303984294, -0.04196953170328337,0.2266621335746212]
[0.04801503044164684, -0.3785494636418536, 0.19395297253786575, 0.9769150844740568, 0.12491661618563502, -0.042306888079004276,0.1680561928309937]
[0.015661193673822973, -0.35254691461594756, 0.15970446753136783, 0.9898169181529571, 0.08341158259743907, -0.03548430817453775,0.10975354345144256]
[-0.010244796398490442, -0.3213410045592655, 0.1290355942536297, 0.9975341831887465, 0.04105377776463762, -0.021525961687010965,0.05269510104992279]
[-0.02892875830760103, -0.28650156499303314, 0.10223616899230997, -0.9999958281775014, 0.0018044386922487809, 0.0005818162051103989,0.0021792472330573287]
