[0.25917725787581974, -0.00513142562962196, 0.010676294856820617, -0.9998804964983237, -0.015447345461250655, 0.0006058538940510781,7.1982817135213e-05]
[0.2872905286699563, -0.0005078928523186794, 0.026973121205752487, -0.9992956895501386, 0.03145098287229599, -0.003161551031716551,0.020222885994677232]
[0.31502766280689154, 0.006633173153800383, 0.04448752797335845, -0.9961090738644746, 0.07563653618176726, -0.006560835449461619,0.0447524613567618]
[0.34248166617911047, 0.016143183304385522, 0.06343827212108819, -0.9904219939244133, 0.11659820564859913, -0.009439732148003012,0.07334864584496965]
[0.36966836528074615, 0.02782602894744287, 0.08407629195715735, -0.982358576712619, 0.1538614969934536, -0.011659053115973702,0.10565194263490961]
[0.3965185360086757, 0.0414423869553269, 0.10666523308047227, -0.9720636286885035, 0.18699352180571416, -0.013095008228682179,0.1412594964705963]
[0.42287456073556096, 0.056714841510624184, 0.13146062314049592, -0.9597002478644301, 0.2156075088104391, -0.013641274269173328,0.17972966374480695]
[0.4484918206986161, 0.07333370293841879, 0.15868868308685552, -0.9454471866904883, 0.23936678371879527, -0.013210783478418925,0.2205870241674406]
[0.47304481895293704, 0.09096339235021733, 0.18852578557170616, -0.929496005018128, 0.25798817265572405, -0.011737204903188449,0.2633277756830096]
[0.4961378168606875, 0.10924925268791816, 0.22107955002024887, -0.912048055420265, 0.27124479104302, -0.009176096260843827,0.307425449814347]
[0.5173195634413095, 0.1278246420233807, 0.2563724994149502, -0.8933113455573943, 0.27896818715281996, -0.005505708806691869,0.35233688087630455]
[0.5151129800163204, 0.07583027017859004, 0.25357363691210916, -0.9032284939149552, 0.2648847356168481, -0.039995631843951884,0.335283035733569]
[0.5078200078706812, 0.02517124964315312, 0.2506464525215946, -0.9126787229778244, 0.2506279018446303, -0.07111065634815238,0.3148753372277058]
[0.4956656286071649, -0.023661385650753763, 0.2475970999116914, -0.9216571307807631, 0.2362086757888598, -0.0985289182356551,0.2916258682530694]
[0.4789219330593462, -0.0702074033663651, 0.24443181006534295, -0.9301591124969527, 0.22163814658740347, -0.12199854188743443,0.26607689338520596]
[0.4579042172744403, -0.1140418810115547, 0.24115688107796893, -0.9381803628626256, 0.20692749499068055, -0.14134036045511342,0.23879179437797465]
[0.43296664726349887, -0.15477923640005758, 0.23777866794375935, -0.9457168784040803, 0.19208798573765637, -0.15644949872181937,0.2103457772016919]
[0.40449754999390963, -0.1920767390401765, 0.23430357234666463, -0.9527649594659254, 0.1771309598855623, -0.16729580191317875,0.1813164904969749]
[0.3729143920597552, -0.22563746802078916, 0.2307380324722234, -0.9593212120395397, 0.16206782709846984, -0.17392311081903067,0.15227469610411534]
[0.33865851061219987, -0.25521268920020934, 0.22708851285626697, -0.9653825493908572, 0.14691005789987216, -0.17644740050981214,0.1237751310756553]
[0.30218966342772724, -0.2806036320240985, 0.22336149428641255, -0.970946193486731, 0.13166917589444163, -0.17505381657023272,0.09634769731084288]
[0.26398046641119216, -0.30166265400407716, 0.2195634637721137, -0.9760096762192522, 0.11635674996414452, -0.1699926588882385,0.07048910971405085]
[0.22451078735952895, -0.3182937886765399, 0.21570090459884805, -0.9805708404275434, 0.10098438644390482, -0.16157437839838568,0.046655126652330965]
[0.18426216444881996, -0.3304526806281776, 0.2117802864818371, -0.9846278407166748, 0.08556372128201752, -0.15016366656550745,0.02525347757429374]
[0.14371231666256037, -0.33814591881811007, 0.20780805583445633, -0.9881791440734857, 0.07010641219051003, -0.13617273060090182,0.006637592083134514]
[0.1033298112745352, -0.34142978684553743, 0.20379062616625587, 0.9912235302792309, -0.054624130790656845, 0.12005385924004133,0.00889877731581105]
[0.0635689505695593, -0.34040845590895136, 0.19973436862523827, 0.9937600921191013, -0.03912855475884098, 0.10229139420852383,0.02112595997336737]
[0.02486493627437119, -0.33523165288542317, 0.1956456026987424, 0.9957882353888048, -0.02363135997795645, 0.0833932311141732,0.029881735076478722]
[0.00797925975398809, -0.3121632772594524, 0.17713643608694857, 0.9981587859100255, -0.017316394008659416, 0.054704888466524965,0.019661022023951227]
[-0.008069985242327918, -0.28903370801096145, 0.15877502724741563, 0.9995540894746259, -0.009966930553391614, 0.02668042066830496,0.008968704636565782]
[-0.02324164097484742, -0.26596900257653644, 0.14054221105439674, -0.9999962414067264, 0.0015887080237543844, 0.0006176309727736262,0.0021474895150698672]
