[0.28355167405866005, -0.027662129044413567, 0.03209907394716083, 0.9998780314122231, 0.015611387867479598, -0.0004522553818228916,4.83025724573326e-05]
[0.3344975228985633, -0.04265600872873947, 0.06152420506051284, -0.9963557640975624, 0.059983498962033865, -0.05823135684487681,0.016919819202316895]
[0.3817199947721972, -0.06389614272985095, 0.09568088815520503, -0.9834712959044192, 0.1340118800964498, -0.11687267815384358,0.03414386074019261]
[0.42400721354524173, -0.09079134088529618, 0.1341610131387396, -0.9614842997320302, 0.20559069078725714, -0.17497247832178944,0.05162403568452547]
[0.4603016538496102, -0.12257121292937974, 0.17644793324668345, -0.9307721929470613, 0.2738750954138978, -0.23204116915396167,0.06937184418919325]
[0.48973769810122897, -0.15831908874444506, 0.2219332448363126, -0.8918242757931678, 0.33807249591314975, -0.2876040567560266,0.08740912509870812]
[0.5116703037123598, -0.19701087768597067, 0.2699367827555318, -0.8452340218201994, 0.397455671932813, -0.3412063967279761,0.10576687590166471]
[0.5256936235464026, -0.2375577677822221, 0.31972902915959805, -0.7916896513105377, 0.45137481600916274, -0.39241819559002217,0.12448385939697289]
[0.5316489695590859, -0.2788504996001838, 0.37055503994384686, -0.7319631497662482, 0.4992682466348958, -0.4408387048644692,0.14360501934057726]
[0.5296220792358595, -0.31980291576913356, 0.4216589360194669, -0.6668979216789828, 0.540671605697042, -0.48610055796215285,0.1631797303653851]
[0.5199302037471007, -0.3593925858098631, 0.47230798875637164, -0.5973952945071352, 0.57522537398712, -0.5278735043124778,0.18325991014669804]
[0.5031000535878345, -0.39669652932860716, 0.5218153507244385, -0.5244001085683313, 0.6026805688149393, -0.565867699981137,0.20389802408184834]
[0.48001733969490723, -0.415282401136818, 0.5033961211472487, -0.5643634406963601, 0.5851615201358106, -0.5621106506669439,0.15202473010829073]
[0.45537774726402436, -0.43217629430961474, 0.48418055934012416, -0.6031845638143966, 0.5660989259160247, -0.5525150479613984,0.10211517922901214]
[0.42925255539343404, -0.44721647317833235, 0.46426355359689836, -0.6407492029786226, 0.5455341619192315, -0.5374242026953827,0.05484672659853146]
[0.40173653983973173, -0.4602400687827124, 0.44374649657288034, -0.6769462809776671, 0.5235155001455365, -0.5172597344100275,0.010845318618763092]
[0.37294902323630286, -0.47108692863075013, 0.4227364174812696, 0.7116684131895065, -0.5000979289282217, 0.4925142267527212,0.029323499044325334]
[0.34303426805210774, -0.47960365782724246, 0.4013450538583197, 0.7448123889823707, -0.4753429392052164, 0.46374285785508107,0.06516254410719587]
[0.3121611870295524, -0.48564773930624355, 0.37968787247492675, 0.7762796372500771, -0.4493182778996167, 0.4315541484048095,0.09624981522481811]
[0.2805223648094108, -0.48909161858182554, 0.35788304953772065, 0.805976673742812, -0.42209766951322397, 0.3965999830210801,0.12224406832913072]
[0.2483324034378927, -0.4898266392702415, 0.33605042077659447, 0.8338155279370099, -0.393760507201448, 0.3595650707610217,0.14288907665810452]
[0.21582562293749613, -0.48776671957364687, 0.3143104123528069, 0.8597141472822731, -0.36439151475618375, 0.32115601797353477,0.15801652146465844]
[0.18325316561137456, -0.48285166680596187, 0.29278296373856894, 0.8835967767687388, -0.33408038107457544, 0.2820901911755974,0.1675474831427714]
[0.15087956877685443, -0.4750500366614663, 0.2715864538128668, 0.9053943118744333, -0.3029213688351625, 0.2430845491052642,0.17149252553608205]
[0.11897888477005732, -0.4643614559810188, 0.25083664138818385, 0.9250446230783678, -0.27101289923798794, 0.20484462160563593,0.16995038911301372]
[0.08783043897009345, -0.45081834190164216, 0.23064563122903026, 0.9424928502608104, -0.23845711479115567, 0.16805380856657018,0.16310533111766182]
[0.05771432596403264, -0.4344869660731585, 0.21112087634751775, 0.957691665456617, -0.2053594222423771, 0.1333631648967184,0.15122317236435462]
[0.028906750592343777, -0.41546782964139356, 0.19236422696669803, 0.9706015025800188, -0.17182801785965368, 0.10138182756582208,0.13464613068056047]
[0.001675324336636204, -0.39389533245518277, 0.1744710360334278, 0.9811907528990663, -0.13797339735982264, 0.07266822833877623,0.11378653978593209]
[-0.023725571723441176, -0.3699367379647066, 0.15752933054484253, 0.9894359252042141, -0.10390785286678, 0.047722221152441735,0.08911956932219846]
[-0.04705924832845636, -0.343790453052618, 0.1416190572330316, 0.9953217697874667, -0.06974495935231899, 0.02697823643374735,0.06117507655094274]
[-0.06811088978336209, -0.3156836591019378, 0.12681141033925927, 0.998841365525226, -0.03559905307132159, 0.010799556325218103,0.030528732684242797]
[-0.0866913596431411, -0.2858693465075186, 0.11316824831121372, -0.999996169538579, 0.0015847045491852103, 0.0005262149000948026,0.0022074232808131674]
