[0.25584995867789206, -0.03951645210544916, 0.06106745231850494, -0.9998795422304761, -0.01550684929109659, 0.0006566481542839927,8.64131852686516e-05]
[0.25396594476188283, -0.05860197438069664, 0.07200535507682515, -0.9967488567272038, 0.07807052800436054, -0.0006365929153769813,0.019907386056259083]
[0.2510784310371547, -0.07634288278062598, 0.08361228784309571, -0.9847563029256722, 0.16885612612028875, -0.0035461593689150093,0.0415939571757905]
[0.24753664816653367, -0.0928752948054764, 0.09599401078823305, -0.9644953490737859, 0.25587539068494125, -0.008199382691653642,0.06487893479659552]
[0.24359412452925744, -0.1083944901382802, 0.1092554541643492, -0.9366741540626197, 0.33825909160287376, -0.014695214609931867,0.08947830310551762]
[0.23940293322899212, -0.12312231660101411, 0.12349540164327058, -0.9020980894551125, 0.41525719004196787, -0.023102759173673246,0.11509459430593816]
[0.23501724125896756, -0.13727554829620645, 0.13880125377856767, -0.8616505800543839, 0.48624989730341545, -0.0334601735847343,0.14142040888090276]
[0.23040534104472288, -0.15103762020151879, 0.1552440250285073, -0.8162727059682401, 0.550755724727288, -0.045773951073824905,0.16814204285216217]
[0.22546874946342618, -0.16453582155636162, 0.17287372215257749, -0.7669420322867126, 0.608436392833494, -0.0600185946179757,0.194943179639034]
[0.22006648134570367, -0.17782554944874368, 0.19171524226766887, -0.7146511449793432, 0.659098539439625, -0.07613668567699679,0.2215086034049004]
[0.21404227428065073, -0.19088264045799944, 0.21176491566006087, -0.6603863732055217, 0.702692238895872, -0.09403934746513254,0.24752789056649105]
[0.2072523794784634, -0.20360415487171116, 0.23298780192785593, -0.6051071689313813, 0.7393064161811295, -0.11360709761776064,0.2726990364341844]
[0.19959154780509322, -0.2158173311619168, 0.2553158285923829, -0.5497265948262938, 0.7691613087855504, -0.13469108051702172,0.29673197474681523]
[0.19101502687694766, -0.227295804611706, 0.27864683945786983, -0.49509334137876393, 0.7925981944961171, -0.1571146650584853,0.319351949152446]
[0.17584541317385116, -0.23845093460125924, 0.26090106272176805, -0.5510486103374246, 0.7679013304070269, -0.16618026587180165,0.28117093562295664]
[0.16017224172001937, -0.24861197128607643, 0.24391618061252504, -0.6071280174791949, 0.7370018505023259, -0.17019061706002023,0.24343170831397423]
[0.1441618297397346, -0.25787416556214415, 0.22774546244017513, -0.6625613556933843, 0.6996784053817622, -0.16937732963532923,0.20681851752148503]
[0.12797907252034152, -0.26633650058946773, 0.21241999437239056, -0.7165356218323456, 0.6558105053388413, -0.1640666678411929,0.171963403769626]
[0.11178579589963535, -0.27409868537558596, 0.1979492426042624, -0.7682086391621459, 0.6053851391899846, -0.15466978044242052,0.1394330627306909]
[0.09573923993078122, -0.281258223392684, 0.18432206558644754, -0.8167236220788245, 0.548501514244977, -0.1416711219249793,0.10971739707963742]
[0.07999068537397332, -0.2879076202007042, 0.17150814948684834, -0.8612244200856565, 0.48537378924535407, -0.1256153424958927,0.08322000175060916]
[0.06468423096277043, -0.2941317904478189, 0.15945983268341218, -0.9008711611647682, 0.4163317092841265, -0.10709295882834424,0.06025078419067]
[0.04995572576381088, -0.300005719778197, 0.14811427740787952, -0.9348560031046851, 0.3418190910583577, -0.08672514346536628,0.041020871981018454]
[0.035931857476459675, -0.30559243120117363, 0.13739593983180717, -0.9624186953294293, 0.26239014754066387, -0.0651479891169478,0.025639907722265612]
[0.022729394282528265, -0.3109412984947951, 0.12721928403983107, -0.982861653472374, 0.17870368250035273, -0.042996614369854316,0.014115776531759397]
[0.01045457492604036, -0.31608674137958126, 0.11749168058446222, -0.9955642543956165, 0.09151522645711634, -0.02088947936517952,0.006356756095303257]
[-0.0007973608601224773, -0.3210473286717206, 0.10811642675396688, -0.9999960705068579, 0.0016672258072192594, 0.0005867262431164671,0.002176024188017319]
