[0.3206771091663675, -0.05014087047306154, 0.05659894151216055, -0.9998796094156169, -0.01550609091508474, 0.0005699781411018837,5.426163744681856e-05]
[0.33799675180617894, -0.05598691449806115, 0.08723639214863649, 0.9956080383940865, 0.08412980805388251, 0.019354804622934776,0.036224312552544394]
[0.35335537089498853, -0.06308447951525353, 0.12052687569412551, 0.9853128796969804, 0.14721440817553177, 0.03749086983227417,0.07798000902790096]
[0.36661384240498707, -0.07131077481046674, 0.1566699409942982, 0.9695962679523555, 0.20374861397908323, 0.05363342547366919,0.12447102131189934]
[0.3774774246938299, -0.08050158617851891, 0.19582437056662075, 0.9491621619427296, 0.25285545184891683, 0.06761878861801879,0.17487998808415903]
[0.38550004974628727, -0.09047490637076466, 0.23806138649642622, 0.9247979775725209, 0.2938077673035801, 0.07932617960366577,0.22832663834810785]
[0.390103566934799, -0.10105479882447424, 0.28332124918766766, 0.8973544777182528, 0.32604049639231014, 0.08867869703542651,0.28388135677313686]
[0.39061084894079456, -0.11209314853908663, 0.3313765519229672, 0.8677244024279169, 0.34915945563314776, 0.09564345725027257,0.3405794548387998]
[0.3862906428546408, -0.12348716546773542, 0.3818051337543418, 0.8368203499489492, 0.3629464920220906, 0.10023089773021158,0.3974359231126108]
[0.3764111641951226, -0.13519089628353642, 0.4339749626946741, 0.8055524339891058, 0.3673609168058943, 0.10249325984762493,0.45346043331647773]
[0.3602987501431425, -0.14721953807528693, 0.48704261475938904, 0.7748062451316421, 0.36253723019343725, 0.10252228201073664,0.5076723558753108]
[0.3373974591398572, -0.15964598908581748, 0.539966136065719, 0.7454216344095215, 0.34877922704756475, 0.10044614944234484,0.5591155594298445]
[0.30732535821408535, -0.17258976546446247, 0.5915321759246673, 0.7181728149604116, 0.32655065393602795, 0.09642576118697205,0.6068727633081785]
[0.26992338843363883, -0.18619910333548742, 0.6403963736052323, 0.6937502439893491, 0.2964626638759157, 0.0906503882271353,0.6500792221003413]
[0.2713151344957101, -0.20576128480882738, 0.6093249614553868, 0.7155488660647087, 0.3082747945465774, 0.03891704279494388,0.6256532067374643]
[0.2686770853694278, -0.226632922272268, 0.5775230401445008, 0.7380565564916163, 0.3169482901604107, -0.00856380865683957,0.5956030238047985]
[0.2619114988560669, -0.24795407163922747, 0.5452742234807382, 0.7610552873023372, 0.32235611220616095, -0.051112997788072115,0.5605968676773028]
[0.2511002794396269, -0.2688936972394457, 0.5128514089876024, 0.7843160779447547, 0.3243932303605244, -0.08815830063942434,0.5213879898904373]
[0.23648824836555118, -0.28868590411933587, 0.4805131381304375, 0.8076008084961104, 0.3229776924513161, -0.11924504636668462,0.478797413539651]
[0.21845932564222836, -0.3066604302722954, 0.44850032239158505, 0.830664129002122, 0.3180515240523457, -0.14404394103070425,0.4336953722251017]
[0.1975073052181192, -0.32226606389961465, 0.4170333875029315, 0.8532554497534663, 0.30958144895363787, -0.1623559642660431,0.38698191791997166]
[0.17420314113293534, -0.33508610795069393, 0.38630987952224666, 0.8751209965270432, 0.2975594231625047, -0.17411426672096145,0.3395671557276035]
[0.14916077992626994, -0.3448455086146939, 0.35650256707441563, 0.8960059141647739, 0.28200297657289486, -0.17938306705668067,0.292351566164975]
[0.12300356866857393, -0.35140976602069013, 0.32775806415590275, 0.9156564013441529, 0.26295535798032743, -0.17835361733460184,0.24620686743179246]
[0.09633314175949155, -0.3547762240911, 0.3001959876157141, 0.9338218590174315, 0.24048548070486983, -0.17133737316477948,0.20195785141551048]
[0.06970245338893138, -0.3550587640841967, 0.2739086529797774, 0.9502570347640759, 0.21468766770194078, -0.15875656847257114,0.160365598508225]
[0.043594293013266824, -0.35246727819174895, 0.24896130188097, 0.9647241452166794, 0.18568119667676794, -0.14113245271146288,0.12211243846667552]
[0.0184062204758493, -0.34728355594512855, 0.22539284419490477, 0.9769949587852704, 0.15360964735946192, -0.11907149950354662,0.08778897853515971]
[-0.005557588415623767, -0.3398353635602417, 0.20321708825704846, 0.9868528211191124, 0.11864005473010589, -0.0932499388959653,0.05788346705913243]
[-0.028087557522645065, -0.3304705280175998, 0.18242442343509546, 0.994094606107565, 0.08096187359328666, -0.06439699975386802,0.032773702183466195]
[-0.049063409017499664, -0.3195327541232494, 0.16298391102382725, 0.9985325757299971, 0.04078576147548032, -0.03327727356118339,0.012721632411653519]
[-0.06844317678717737, -0.307340711607484, 0.14484573207349746, -0.9999961327155413, 0.001657811656691314, 0.0006726255986126717,0.002129269658123417]
