[0.22405282711209842, 0.027661543411015007, 0.05133010009812694, -0.9998794441817113, -0.015515442456304386, 0.0006012989254712954,8.116563257281986e-05]
[0.2499235957860853, 0.029963558367717098, 0.07453507277364918, -0.9998520488332024, 0.010161495979420154, 0.004608349326406154,0.013091507170438792]
[0.27587813012939644, 0.03201320938597725, 0.09720558694084225, -0.998994068263777, 0.034365598104710876, 0.008423130024967557,0.027548287084254084]
[0.3018468647973355, 0.03374121212837281, 0.11933138740351229, -0.9973635886794242, 0.05696670190740811, 0.011984878002773447,0.04332469907052892]
[0.3277402445852409, 0.035076803812489385, 0.14090638828635157, -0.9950244171370297, 0.07784612555164462, 0.015238168049811242,0.060284229050375594]
[0.3534487231072055, 0.03595041747095898, 0.16192638083352834, -0.9920453966754611, 0.09689740439099281, 0.018133455850206336,0.07828155425286581]
[0.3788434220938881, 0.0362963819575444, 0.18238676716324076, -0.9884996779334864, 0.11402694487250609, 0.020627566728948634,0.09716350168288145]
[0.403777442036792, 0.03605555399765907, 0.2022803870700283, -0.9844639532391714, 0.12915459094212173, 0.022684126159387474,0.11677005965426716]
[0.42808779552754395, 0.03517779106364658, 0.2215955025275272, -0.9800176594514787, 0.142214099165604, 0.024273928584355776,0.13693543570910838]
[0.4515979161042324, 0.033624179280675646, 0.2403140005541517, -0.9752421560832915, 0.1531535194090718, 0.025375241582392894,0.1574891539289728]
[0.47412067826560333, 0.03136893875948741, 0.25840986965133694, -0.9702198854341753, 0.16193547857476662, 0.025974042911213534,0.17825718437612503]
[0.4954618490494735, 0.028400939443819176, 0.2758479982295514, -0.9650335216093422, 0.16853736555650514, 0.02606418847962725,0.19906309718389045]
[0.5154238786399042, 0.02472477341265808, 0.29258333545252774, -0.9597651153973815, 0.17295141626053884, 0.025647509832764308,0.21972923364701194]
[0.5338099272455754, 0.020361344183578614, 0.30856044593306303, -0.9544952420226179, 0.17518469822654562, 0.02473384027978744,0.24007788654616322]
[0.550428018276709, 0.015347949462182237, 0.32371347990538857, -0.9493021587780845, 0.1752589950753685, 0.023340969344292316,0.25993248187656226]
[0.5650952038488714, 0.00973785047275312, 0.3379665700992281, -0.9442609794821053, 0.17321059170006142, 0.021494525771278573,0.27911875413930526]
[0.5563491190206895, -0.03572643587853967, 0.330563508333708, -0.9477641779610966, 0.17340262643146942, -0.0005709085791125905,0.267720500118668]
[0.5434782172553239, -0.07973123247119521, 0.32297436889050224, -0.9512765976915745, 0.17289360487654354, -0.020657128660339398,0.2544679137192871]
[0.5266931810987601, -0.12187474861814979, 0.3152104853380876, -0.9547836019225822, 0.17167767370140793, -0.03860778611430047,0.2396340725013158]
[0.5062453913882211, -0.16178421768316298, 0.30728199522653665, -0.9582702468810835, 0.1697502916428854, -0.05430208434253639,0.22350448779762566]
[0.4824229716333701, -0.19912005301619445, 0.2991978108213318, -0.9617213241676857, 0.1671082443652369, -0.0676556157775749,0.20637259256034665]
[0.4555464172528576, -0.23357946429218462, 0.2909656020977876, -0.9651214038221176, 0.16374965671669853, -0.07862063659392755,0.18853519913043904]
[0.4259638835784939, -0.2648994953885409, 0.2825917920171932, -0.968454877956226, 0.1596740023571614, -0.08718578294440553,0.17028799601383565]
[0.39404620963657405, -0.2928594550985381, 0.274081564020318, -0.971706004851008, 0.15488211073371655, -0.09337524117841806,0.15192115141096782]
[0.3601817564136825, -0.3172827222759427, 0.2654388815891118, -0.9748589534131844, 0.1493761713862142, -0.09724739261622563,0.13371508890732225]
[0.32477113863256474, -0.33803791724794713, 0.25666651964382886, -0.9778978478860376, 0.14315973557045186, -0.09889296119798674,0.11593649743177604]
[0.2882219280486776, -0.3550394413344399, 0.24776610746093813, -0.9808068127086947, 0.13623771519210692, -0.09843269958602804,0.09883463338148701]
[0.2509434040006675, -0.3682473958988584, 0.23873818271757333, -0.983570017417727, 0.12861637905003862, -0.09601465596797527,0.08263796776482829]
[0.2133414235013295, -0.3776669013713396, 0.2295822561914336, -0.9861717214848646, 0.12030334639310272, -0.09181106979117845,0.06755122540708827]
[0.17581347865212277, -0.383346844988198, 0.22029688657145402, -0.9885963189847934, 0.11130757780013743, -0.08601494986977803,0.05375285678810865]
[0.13874400373298162, -0.38537809346258645, 0.21087976476470158, -0.990828382987397, 0.10163936339827224, -0.0788363926710487,0.041392976036891696]
[0.10249998810191938, -0.38389121334092996, 0.2013278070192417, -0.992852709569455, 0.09131030844017467, -0.07049870204634266,0.030591791103708275]
[0.06742694418722263, -0.37905374733295494, 0.1916372561216131, -0.994654361341669, 0.08033331626627925, -0.06123437417672286,0.021438544279964448]
[0.03384527252613141, -0.3710670993782156, 0.18180378987139145, -0.9962187103880003, 0.06872256868341109, -0.05128101302116797,0.013990973159389412]
[0.0020470581572671065, -0.36016308460129626, 0.17182263598451014, -0.9975314805156347, 0.05649350379652953, -0.04087724206775316,0.008275293953219097]
[-0.02770667513226804, -0.3466002026072692, 0.16168869253184326, -0.9985787887154514, 0.043662791335549095, -0.03025867769211521,0.004286700910407092]
[-0.055188234017025044, -0.3306596937971092, 0.1513966529803269, -0.9993471857346565, 0.030248305524345414, -0.019654027934442046,0.0019903675742032273]
[-0.08020503728665154, -0.3126414385794234, 0.14094113487086363, -0.9998236956652476, 0.01626909554411016, -0.009281378042596067,0.0013229278489804795]
[-0.10260090633000574, -0.29285975857927493, 0.1303168111406251, -0.999995854454195, 0.001745353648156464, 0.0006552792644444434,0.002194407471980167]
