[0.3746388037860285, -0.009032197292679345, 0.011597388106985351, -0.9998793763381686, -0.015521443092779993, 0.0005572588468514744,8.390763088937372e-05]
[0.39372005473953026, -0.025148147975826984, 0.02838823168002655, -0.9998138808498669, -0.0009336165063167866, -0.011669772095734984,0.01533455051122106]
[0.4115912572788278, -0.041791347579680886, 0.046469824590598896, -0.9990829213396392, 0.011926900813388028, -0.026221011639707494,0.03167844492759435]
[0.42831280501512914, -0.05891514816501271, 0.06591762195381937, -0.9976093485845656, 0.022864328024295336, -0.04338334028207124,0.04868979263302024]
[0.44391077098599574, -0.0764913717283312, 0.08681820303917184, -0.9953077266581649, 0.03169947419144895, -0.06337103222897095,0.06589222158021786]
[0.4583717924338696, -0.09450002414604618, 0.10926301054553525, -0.9920854332769283, 0.038271438990289355, -0.08631799688615839,0.0827707282250406]
[0.47164093766410164, -0.11291824150550936, 0.13334167175612055, -0.9878438674078238, 0.042439156888278484, -0.11227193362832126,0.0987847382277444]
[0.48362266048554114, -0.13170916404961555, 0.1591351177626944, -0.9824797515692458, 0.04408277102414451, -0.1411905543226493,0.11338198457131238]
[0.49418478607345495, -0.15081143596637064, 0.186708724444793, -0.9758865152395885, 0.043104824501012426, -0.1729399813786603,0.12601288155985607]
[0.5031653138169566, -0.17012999688011698, 0.21610569991994408, -0.9679557449017673, 0.03943125841624782, -0.20729537976277007,0.1361450597722346]
[0.46893366546452353, -0.21606178817494104, 0.21320729490320411, -0.9719245789675193, 0.03555382676886192, -0.205541467145013,0.10886341665029685]
[0.4305246096559139, -0.2570208504570076, 0.21010446801905375, -0.9756593953437528, 0.03188021321847694, -0.20040812052197204,0.08312028339375652]
[0.3885903216707454, -0.2926362545147293, 0.2068093205462754, -0.9791532846035287, 0.02840870286834915, -0.1921805787950833,0.05931623711469059]
[0.3438143198265164, -0.3226190181469696, 0.2033341443905156, -0.982399481215645, 0.025137307903006424, -0.1811899494278982,0.037809751188508677]
[0.296901366530553, -0.34676451745347603, 0.19969138750215293, -0.985391373074751, 0.022063771217418756, -0.1678075223408147,0.018912094420229494]
[0.2485672180249924, -0.36495366342015556, 0.19589361938617433, -0.9881225108727544, 0.019185570385028175, -0.15243853158609108,0.0028829643427064114]
[0.199528373614329, -0.3771528394549829, 0.19195349679373477, 0.9905866172998322, -0.016499921959072378, 0.13551545711454185,0.010073087156245105]
[0.150491974373957, -0.383412614021741, 0.18788372968392306, 0.9927775960635684, -0.014003786101239328, 0.11749096489949151,0.01980938908850265]
[0.10214599825868456, -0.3838652608039474, 0.1836970475428551, 0.9946895407149727, -0.011693871531287729, 0.09883058824551921,0.026239012708013282]
[0.055149893194014865, -0.3787211366228995, 0.17940616614560878, 0.9963167432703829, -0.009566640790893161, 0.08000525622403773,0.029335736561444743]
[0.01012578220861205, -0.3682639843481407, 0.1750237548446854, 0.9976537026185033, -0.007618315814592043, 0.06148377680974998,0.0291341055285582]
[-0.03234963494123784, -0.35284524400075473, 0.17056240446665452, 0.9986951327021092, -0.005844883800338445, 0.04372538242698854,0.025728586865413305]
[-0.07175237075460296, -0.3328774698980726, 0.16603459589638744, 0.9994359704642195, -0.004242103371824189, 0.02717244425897348,0.019271838890458453]
[-0.1076175299941622, -0.3088269647791114, 0.16145266942586026, 0.9998713835488466, -0.002805511024370577, 0.012243458852636712,0.00997212030269417]
[-0.1395446960179994, -0.2812057531625478, 0.15682879494187804, -0.9999967777467246, 0.0015304278458583946, 0.000673593686672234,0.0019101199758903343]
