[0.3097506771308141, 0.01647565335228468, 0.010332942758857294, -0.9998803557728705, -0.015457600161187373, 0.0005778324965120364,5.3351485234266374e-05]
[0.35979463556396135, -0.011917377698923962, 0.04889010158745927, -0.9957701520429463, 0.05952686970963705, -0.06859188747976223,0.013910753211221453]
[0.4017661115967134, -0.04983208221248185, 0.09453679015646427, -0.9811960357418327, 0.13238621248095958, -0.13845784321657106,0.02361473779812279]
[0.43338507018060846, -0.09528407787563829, 0.14655731603289845, -0.9565451814375233, 0.20189896996288104, -0.20835212389118604,0.02911209828603005]
[0.45288930360066176, -0.145807272851701, 0.20408798053835905, -0.9223702198957804, 0.2669061925609431, -0.2776113120436923,0.030433883212804196]
[0.4591376415183793, -0.1985878929022806, 0.26613828913926824, -0.8793793104138278, 0.32633304490587667, -0.34558914281313485,0.027693258895312038]
[0.4516775759154899, -0.2506195079935989, 0.33161584363731017, -0.8284232927930137, 0.3792088576111605, -0.41166862703660356,0.02108155072610668]
[0.43077323725893285, -0.29886951606177437, 0.39935409303119906, -0.7704801622825578, 0.42468523065505015, -0.47527337283581894,0.010862571784583424]
[0.39739224868438183, -0.34044685510101236, 0.4681420231770968, 0.7066371645353444, -0.4620518318946448, 0.5358778602857276,0.002634614932401657]
[0.37251014182578246, -0.35968070904662414, 0.44472756698216404, 0.7407801954866982, -0.43964572521648926, 0.5054657027869083,0.049606063940748665]
[0.3453606890891447, -0.37660967387889044, 0.42124348081867946, 0.7731269915483163, -0.4158590531895668, 0.47020528104755366,0.09079039869236251]
[0.31617845704109876, -0.3909297994003327, 0.39781820350453034, 0.8035859492311881, -0.39079041486455746, 0.43098445528386126,0.12563786511984038]
[0.28524348575920505, -0.4023648979858657, 0.3745806316519905, 0.832072271775854, -0.36454427394220523, 0.38875577942303213,0.153727521423169]
[0.2528775023641523, -0.4106736188654102, 0.3516591260483757, 0.8585083801423525, -0.33723051758940564, 0.34451806106014593,0.17477484039498778]
[0.21943901573474173, -0.4156559314118282, 0.32918052012332905, 0.8828242933838178, -0.30896398644350265, 0.2992970557380715,0.18863667331360534]
[0.18531739406646147, -0.4171588399228847, 0.30726913903727643, 0.9049579763556473, -0.27986397794501267, 0.25412567391159685,0.1953134832469645]
[0.1509260549710757, -0.4150811708578712, 0.28604583783801496, 0.9248556528655442, -0.25005372528448305, 0.2100240875062048,0.19494880995068117]
[0.11669492241747201, -0.4093772963443359, 0.26562706696652655, 0.9424720825334688, -0.21965985438358263, 0.16798012372849344,0.18782598342447196]
[0.08306232530839308, -0.4000596843671061, 0.24612397315046594, 0.9577707998037875, -0.18881182145303885, 0.12893032675176883,0.1743621574954883]
[0.05046652831792706, -0.38720019564786345, 0.22764154340667714, 0.9707243137338109, -0.15764133378006415, 0.09374205326918673,0.15509978742390873]
[0.019337096358980985, -0.3709300789965441, 0.21027779948553216, 0.981314267372575, -0.1262817564947834, 0.06319694601538152,0.13069572541574576]
[-0.00991370056859946, -0.35143864998751734, 0.1941230496335726, 0.9895315557401574, -0.0948675081483915, 0.037976100690376983,0.10190815408265161]
[-0.03689923550559957, -0.3289706712751779, 0.1792592040312258, 0.9953764016200605, -0.06353344800483653, 0.018647206897563762,0.06958161939360402]
[-0.06126642456030694, -0.3038224858020474, 0.16575915968422236, 0.9988583885842048, -0.03241425800234418, 0.005653903474053903,0.034630460704841146]
[-0.08270298860614748, -0.27633698567590703, 0.15368625991629783, -0.9999964508807944, 0.0016438223807579914, 0.000692456203406386,0.001979034664260552]
