[0.3429190600966124, 0.03415905015955113, 0.030978950616748907, -0.9998799540498771, -0.015479959547177964, 0.0006676304420474572,5.110016299992552e-05]
[0.38885762276217845, 0.01305005134687813, 0.0610004110327379, -0.9987218187856451, -0.008785042164231753, -0.048584142312531914,0.01082279221927492]
[0.4305430888325938, -0.01476571100616992, 0.09523497657209193, -0.9949587471046308, -0.002727440255101422, -0.09918961499753935,0.014528348367187938]
[0.46684884217196476, -0.048519742920500465, 0.13341761243310504, -0.9885863724365737, 0.002709970020889954, -0.15022674666873576,0.0110256464894251]
[0.49679114533522983, -0.08726371265080972, 0.17524210971998913, -0.9796111681467475, 0.007546018289798389, -0.20076087647154373,0.00029551398020093936]
[0.5195583037595266, -0.1298959369578643, 0.22036422988522678, 0.9680504086688215, -0.011800879050477345, 0.249861707962474,0.017557688453757755]
[0.5345348403907312, -0.17519258764915507, 0.2684053549569626, 0.9539320715621677, -0.015495711599800155, 0.2966201739892094,0.042307897013896076]
[0.5413199122417994, -0.2218426647091279, 0.3189565920115218, 0.9372946812775411, -0.018652303961621257, 0.34016483278366544,0.07361153811066036]
[0.5397393858927477, -0.268485657523204, 0.3715832731689732, 0.9181870957649738, -0.021292723923289673, 0.3796774587742722,0.11101398280090813]
[0.49956879807985455, -0.3080842760440583, 0.3482709757390369, 0.9300092218980044, -0.01827919385360115, 0.34198076451604414,0.1334086764710346]
[0.4556648757941257, -0.3422460714108183, 0.32533092474665226, 0.9409804212392369, -0.015586070886611883, 0.3030555702530174,0.14990077577305824]
[0.4087607929110716, -0.37055038406259755, 0.3028403981295985, 0.9510769037631265, -0.013196545886178244, 0.2636893378601253,0.1604571824628235]
[0.35964339176391913, -0.39267880400758814, 0.2808741981933642, 0.9602766206979324, -0.01109305655751825, 0.2246625346370499,0.16514388080588255]
[0.30913824253586114, -0.4084225256242837, 0.2595042595648521, 0.9685593109695115, -0.00925734498024466, 0.18673647158875406,0.16412389489883736]
[0.258093665701426, -0.41768741405551874, 0.2387992734344825, 0.9759065436499015, -0.0076705169373184135, 0.1506415288985989,0.1576537693882075]
[0.2073640824962513, -0.42049663761364786, 0.21882433045258434, 0.9823017563125896, -0.006313102875326729, 0.1170659470214464,0.14607863747057465]
[0.15779307816824004, -0.4169907806468244, 0.199640584527955, 0.9877302892060594, -0.005165120327290792, 0.08664535197769048,0.129825961570024]
[0.11019657245206634, -0.40742541385050574, 0.18130493964325523, 0.9921794151671263, -0.0042061376254215336, 0.059953170993050336,0.10939805214341754]
[0.06534649104036395, -0.39216616232880097, 0.16386976165434725, 0.9956383652056784, -0.0034153387279317483, 0.037492079813358586,0.08536348834956753]
[0.023955320819845142, -0.37168137408185575, 0.14738261687982568, 0.9980983497027125, -0.0027715889811569675, 0.01968660607597724,0.05834758055353316]
[-0.013338089387476968, -0.3465325513143262, 0.13188603911389654, 0.999552575173962, -0.002253501635853694, 0.0068769943204752895,0.029022028574768946]
[-0.045981151293341536, -0.31736276240315253, 0.11741732651161826, -0.9999962565619491, 0.0018395049346294832, 0.0006855821201034231,0.0019060589814566568]
