[0.38791108716892186, -0.06008545888319298, 0.048947665320665745, -0.9998798968627909, -0.015491370550595058, 0.0004538660784386361,5.7390783630471884e-05]
[0.40551003775577127, -0.062182878797584315, 0.07998615004072832, -0.9988843347651412, -0.03838190475475951, -0.02598822424215143,0.009029249633161441]
[0.42087933919245085, -0.06326057336133972, 0.1127296078737095, -0.9963984945935916, -0.06313949594477064, -0.0538303312710269,0.017485407021754232]
[0.43390646227914015, -0.0632669054249812, 0.14704620975141727, -0.992167190094936, -0.08984846858043144, -0.0830801498748699,0.025084024590161465]
[0.4444699122401834, -0.062150382842658815, 0.18279339345115683, -0.9859164639814691, -0.11854897662850471, -0.11368617855489711,0.03146933421912474]
[0.45243995342521937, -0.05985893737543956, 0.21981278993332, -0.9773599569810507, -0.14923369829550073, -0.14553515941161774,0.036281333466142804]
[0.4576806577591727, -0.05633947990817088, 0.2579252605724868, -0.9662057244187492, -0.18184544768702746, -0.17845101955984471,0.039165863631443545]
[0.46005322654447933, -0.05153782239794458, 0.2969263264733021, -0.9521633732080561, -0.2162757607142851, -0.21219536324735455,0.039784844662722745]
[0.43796370340831664, -0.11539364019042195, 0.28206502223283303, -0.9606492574515141, -0.19673488726690522, -0.19559680957056766,0.01379407031111763]
[0.4068722451384603, -0.17403888410010196, 0.26756807214645517, 0.9683011435524013, 0.17702019570331917, 0.17605546912754755,0.007824161204243537]
[0.36783389623537127, -0.22619550933740112, 0.25344849049334384, 0.9751168060566743, 0.15717260360572227, 0.15437116420833255,0.024769555559054027]
[0.32208469814345175, -0.27078597767212964, 0.239718373210156, 0.9810962309930983, 0.13723300583163967, 0.13136915248518954,0.03687049520787227]
[0.2710047613829253, -0.30695851972819077, 0.22638886872002387, 0.9862416132069715, 0.11724214942772267, 0.10788072282800215,0.04408524037119582]
[0.2160779231440924, -0.33410571263396144, 0.21347015160388533, 0.9905573464791588, 0.09724050860977414, 0.0847239487234065,0.046500315420372224]
[0.158849187839694, -0.3518759396431118, 0.20097139921409934, 0.9940500064262875, 0.07726816022827702, 0.06268499700669203,0.04432614678839715]
[0.1008811962719185, -0.36017751136212967, 0.18890077132049077, 0.9967283262023882, 0.057364660139396444, 0.04250037448423776,0.037890073654947364]
[0.04371097954165688, -0.35917544487099357, 0.17726539286881407, 0.9986031650467495, 0.03756892090069885, 0.024840472371039594,0.02762690488193372]
[-0.011191773174686002, -0.3492811106663056, 0.1660713399211464, 0.9996874697472243, 0.017919091208678056, 0.01029473879867095,0.014067243998557032]
[-0.062463766952365656, -0.33113516154750644, 0.15532362883695627, -0.9999962291125857, 0.001547562508409797, 0.0006412263955090234,0.0021761524766513813]
