[0.2542825459702134, -0.0609993856147751, 0.03406718809707804, -0.9998816779657909, -0.015368798839185707, 0.0006405748461710818,0.00014055042490910896]
[0.28235610725980215, -0.063938064800798, 0.06072343221643381, -0.9995791338962592, -0.01230587462639055, -0.022558456879210445,0.01346241256658411]
[0.3087799144159025, -0.06505258172988068, 0.09000830422676559, -0.9983734354811087, -0.01221132968675745, -0.04763184179139245,0.028854365362799058]
[0.33340455386355855, -0.06436216335654965, 0.12190855219347482, -0.9960365318546234, -0.015426205874404957, -0.07464844584542536,0.04583523662202623]
[0.3560224685216704, -0.06189018211507136, 0.15640277043049264, -0.9923147351334818, -0.02223520163177777, -0.10361108912112375,0.06388900106040776]
[0.3763682582890202, -0.05765980303916024, 0.19344318638597446, -0.9869347623887194, -0.03286112749559245, -0.1344533017236092,0.08247563727587112]
[0.3941238585161219, -0.05169070050122257, 0.23293761123905207, -0.9796103142297004, -0.04746036541890927, -0.16703759721751216,0.10104250137883503]
[0.40892840424188465, -0.04399712840250514, 0.27473270254597115, -0.9700490682496549, -0.06611940921095924, -0.20115531563153743,0.11903599416456763]
[0.42039233031246126, -0.03458754322152525, 0.318599636266681, -0.9579599575464554, -0.08885254573006984, -0.23652805695153717,0.1359132926891632]
[0.4033012641092734, -0.08809775269173307, 0.2992008831160077, -0.9649278844820954, -0.07818333021522851, -0.22964052231445334,0.10033332017086784]
[0.37907580277458713, -0.13766396547584545, 0.2803128838646655, -0.9711709448113723, -0.0680754280979676, -0.2181046380300716,0.06799337403921321]
[0.3485053029158539, -0.18232140948243494, 0.261948864311376, -0.9767151226498191, -0.058549518918946976, -0.2025884120161164,0.039464646689123126]
[0.31250683348864106, -0.22125367098122645, 0.24411908504431498, -0.9815873981403536, -0.049624207417957915, -0.18382730644323986,0.015203264649868396]
[0.27209839531316715, -0.25380852221505223, 0.226830943900956, 0.9858156312751479, 0.041315988638664834, 0.16260584884820195,0.004457368814369184]
[0.22837045782702603, -0.2795090684282722, 0.21008909646391202, 0.9894284443708693, 0.033639220167565466, 0.1397384196290682,0.019311406368531566]
[0.18245660659947135, -0.29806010520130644, 0.19389559342657378, 0.9924551036073985, 0.026606101544093028, 0.11604963953269715,0.029282483647818186]
[0.1355040823633621, -0.30934970713304794, 0.17825003355372715, 0.9949254000405099, 0.020226660854875123, 0.09235478728333985,0.03442272230290088]
[0.08864495906101028, -0.313446191354047, 0.16314973086330922, 0.996869530498005, 0.014508748501366221, 0.0694406749198876,0.034908853436944644]
[0.04296865693543415, -0.3105907110381638, 0.1485898945667341, 0.9983179787664485, 0.009458038106378812, 0.04804739676779735,0.031035567510348572]
[-0.0005035802733871827, -0.30118583252205444, 0.13456382022729615, 0.9993013974719581, 0.005078034501618268, 0.028851347519005865,0.023206256107562155]
[-0.040841694461388224, -0.28578053295807776, 0.12106309052958261, 0.999850491053478, 0.0013700887151693924, 0.01244987606268953,0.011921366660557004]
[-0.07722684792564144, -0.26505212235888886, 0.10807778399801196, -0.9999959002206347, 0.001666580144866906, 0.0006520948892886215,0.0022353578682002846]
