[0.27527437045994474, -0.02596490622327939, 0.021892060834858812, -0.9998791806436388, -0.015535521795762423, 0.0005173098217375032,6.378469813998252e-05]
[0.3076890330238344, -0.04579979352350499, 0.039579404823365916, 0.997785439517592, 0.05800466340874179, 0.028701198523514583,0.01535958700090992]
[0.33795577882935174, -0.0682090143986946, 0.058909703272907704, 0.9928238648486736, 0.09989928342169073, 0.05535109317756959,0.03545649507246502]
[0.3658157341703255, -0.09296529382834062, 0.07982564057141084, 0.9850426366039206, 0.1410451226939291, 0.07881973845701133,0.05987258359399418]
[0.3910355330173824, -0.11981598125178969, 0.10226073032873031, 0.9745023209993279, 0.18127174179182567, 0.098540854935178,0.08817869302345802]
[0.41341018120088974, -0.1484860629244531, 0.12613972973690535, 0.9612755746165775, 0.22041338482129313, 0.11400334674033936,0.11987679662550006]
[0.4327655345280897, -0.1786815109971726, 0.15137912792648356, 0.9454467861080526, 0.25830982034952377, 0.12475937643431564,0.15440696014322652]
[0.44896034865987616, -0.21009291670213548, 0.17788770355843034, 0.9271116572766639, 0.2948071548912295, 0.13043157001656622,0.1911552298778935]
[0.4618878661296091, -0.24239934964589688, 0.20556714619642869, 0.9063767256482456, 0.32975861457481176, 0.13071924651366856,0.22946234093586027]
[0.4714769141379217, -0.2752723809477174, 0.23431273536867633, 0.88335883097445, 0.36302529076839396, 0.12540358005195573,0.2686331254929838]
[0.4776924955343018, -0.30838020490848905, 0.26401407065833216, 0.8581845284113853, 0.39447684563361907, 0.11435161708490596,0.3079464906836017]
[0.4303032546157044, -0.3399108416109174, 0.25458297233582283, 0.8793429358181597, 0.36491990244476863, 0.08450719000337575,0.2940204089245065]
[0.381246983027962, -0.36455016430916454, 0.2448576013653061, 0.8988367069488628, 0.33485320289567994, 0.05738593438629667,0.2768984674685662]
[0.33150091871213855, -0.38231255294308103, 0.23489369352577757, 0.9166392410241062, 0.3043730654840031, 0.03331872298201837,0.2569424089586403]
[0.2820131935024202, -0.3933507922396668, 0.2247477276179843, 0.9327297722427744, 0.27357689747471714, 0.012593158556911496,0.23454693666217644]
[0.23368312240136793, -0.39794852616288645, 0.21447655896719367, 0.9470934214529677, 0.2425628424180516, -0.004549618913064883,0.21013476505883832]
[0.18734304637267324, -0.3965098909023601, 0.20413705106928076, 0.9597212264568846, 0.21142942541926624, -0.017917572036652108,0.18415136754117173]
[0.1437421333010707, -0.38954662025228304, 0.19378570775114154, 0.9706101508576502, 0.18027519745409598, -0.02736982457714713,0.15705948216390112]
[0.10353248843241547, -0.3776629751275892, 0.18347830821463668, 0.9797630714344051, 0.14919838002664657, -0.03281811724124118,0.12933343895368185]
[0.06725786404814016, -0.36153889740567735, 0.17326954731632546, 0.98718874411033, 0.1182965114647696, -0.03422764601350806,0.10145337414551285]
[0.035345189997413914, -0.3419118261169125, 0.16321268340325396, 0.9929017486563614, 0.08766609614145887, -0.03161727539808633,0.07389939782473307]
[0.00809907381542158, -0.3195576403683257, 0.15335919597820843, 0.9969224123509083, 0.057402257899624554, -0.02505912603604686,0.047145781813225866]
[-0.014300656585405726, -0.2952712077108835, 0.14375845540642718, 0.9992767128926056, 0.027598398941737715, -0.014677543265687494,0.021655234242232327]
[-0.031798371277330026, -0.2698470187081631, 0.13445740680015847, -0.9999961609387559, 0.0016541345746107507, 0.000647460203476647,0.0021266738923216163]
