[0.44588930747663147, -0.17920021765345442, 0.10994233827080291, 0.9915165851067794, -0.12268216467799173, 0.042075397638734434,0.00857955952572733]
[0.5398258226865991, 0.22167158499729298, 0.7218461204731543, -0.8139982047798628, -0.21080115813637199, -0.5204934130902306,0.14851397669313063]
[0.5949182513549618, -0.02753333747526038, 0.43354833891495026, -0.9591378121586547, -0.04867892158183954, -0.2774289667553177,0.026799035173218744]
[0.18143812215492522, 0.3264112446786369, 0.9916714391836323, -0.5316543592381561, -0.41406903544727025, -0.6573941540924325,0.3372290057986239]
[0.5080799712066882, -0.14039203513670068, 0.23188075949812414, 0.9929797693286826, -0.05717951534425313, 0.10354223508475577,0.0008284217562040204]
[0.5715371904516686, 0.10176949445043071, 0.6491993622504798, -0.8710621739686482, -0.18471225425449117, -0.4486669115557618,0.07635492573666287]
[0.3371000058103521, 0.16344283442105184, 0.827104891970466, -0.8122741905948209, -0.250887706516655, -0.5229515794914578,0.06154383413252042]
[0.12302264572781346, 0.461639174263085, 0.9127233185837569, -0.5550566157291652, -0.4810186367401284, -0.46512757920902775,0.49415540015576537]
[0.43731800902484086, -0.1661876999307053, 0.1447585396808298, -0.9922203413428692, 0.12298342534953632, -0.018052360905040792,0.0069270181528200215]
[0.5512079418594551, -0.15457135226319274, 0.31247482994361686, -0.9808118140280845, 0.06924871299769868, -0.18224170167879844,0.0008737163823912132]
[0.6023886012316731, 0.03936105610545769, 0.5561378147463798, -0.9154002834928108, -0.11860451671166873, -0.38181727255629994,0.04680662319097253]
[0.4275790263158572, 0.17690516603833242, 0.7769549639440312, -0.8115953758273721, -0.25766927185365895, -0.5135254867801416,0.10588232480093508]
[0.20090285938666125, 0.16392272661950105, 0.8916815583077186, -0.7131600546200894, -0.31384114548553094, -0.6028036299304792,0.17185533345590195]
[0.18313652264505315, 0.23989023578006036, 0.9842880444297137, -0.5300072795959448, -0.436007666335384, -0.7084609479649682,0.1645377880022013]
[0.18614831520774844, 0.3486322126078806, 0.8865623080980877, -0.6428768573144333, -0.47970474530628254, -0.5313819440422366,0.27244436717621084]
[0.09581372815992421, 0.49613598349204047, 0.8249746147068066, -0.6019527870997631, -0.5661849443631617, -0.4073388940638187,0.3887961885900845]
[0.011080004707429241, 0.512643200120299, 0.8355692519483431, -0.5707999452030352, -0.5772967455854408, -0.34992470989785335,0.4674062339074808]
