[0.3194304399139813, -0.10991933807309402, 0.0364903917981077, -0.9913959741999853, 0.07901622143317451, 0.10123595933911915,0.025332580349705598]
[0.3676021991052405, -0.014075163649179621, 0.05170245794108108, -0.9959572684913602, -0.015269639441290664, 0.086242859938072,0.0199531090375403]
[0.44860308069963134, 0.010550769650086198, 0.14251147174309503, -0.9987010998823549, -0.04117853950754566, -0.007035930351829321,0.029170818670112418]
[0.4918406853114238, 0.03822091411546115, 0.2299154308967305, -0.9930524817209598, -0.074990940433871, -0.0656260561610644,0.06258073308480368]
[0.5329722853994089, 0.08583327895752617, 0.33251778650735486, -0.9778886606896618, -0.09339038645682567, -0.1744820005813579,0.06758723611120324]
[0.5330755658868148, 0.12340009621875203, 0.47319181132669635, -0.9479210970426707, -0.14253388639292408, -0.26541802743589554,0.10335838487121943]
[0.5026734844374143, 0.16116465950724168, 0.5937748639322491, -0.9086223477256274, -0.19100272830013273, -0.34641690936270675,0.13386079300177922]
[0.45996288555849774, 0.19452132900525554, 0.6925519575540877, -0.8655751318859669, -0.2185343539957954, -0.41814949517453986,0.16784941724506872]
[0.4609413167632321, 0.23900395555083534, 0.7088151539051346, -0.8468576964931994, -0.19410449141870448, -0.4501956819843449,0.2061051581692442]
[0.3418168532766575, 0.2433605721198403, 0.8421168317774334, -0.7605872537380188, -0.3002953596929348, -0.5207768259577386,0.24519629675738028]
[0.2841445678619889, 0.2700960292046962, 0.8679644357712217, -0.7169027663919423, -0.365021121704875, -0.5292357325969623,0.26966561440319375]
[0.2244789391689126, 0.3022490351728694, 0.8860123859158694, -0.6702761445123289, -0.4250464267457672, -0.5223306022173255,0.31182714313482934]
[0.19241802970002397, 0.3513254774186004, 0.9071153460425474, -0.6320518809266839, -0.4334940330898461, -0.5145334188096512,0.38451099336767103]
[0.1519897413141557, 0.39590122631422714, 0.887558384818076, -0.6036833643312509, -0.4992111896020316, -0.4672040489238574,0.4099694628566632]
[0.10817165152039383, 0.4363888180698221, 0.8859156268381857, -0.5715561898864471, -0.5286176620333471, -0.435342389364567,0.45206624869728534]
[0.03137138681970999, 0.4669150966204215, 0.886168575540175, -0.5171873470427187, -0.5753687910421048, -0.39377768668467616,0.49639413355007217]
[-0.04144457646994347, 0.5038200130810614, 0.8382385445100584, -0.5052629761532869, -0.6181941361744879, -0.24194440609990908,0.5513694217901142]
