[0.1740845597463378, 0.0494912316332216, -0.5827452758067038, -0.003517712474693, 0.9442335487858804, -0.4369384764367208]
[-0.07539093796554534, 0.017503558355353943, -0.7772307129954689, 0.06388697067086307, 0.9529567906450026, -0.21654767729527383]
[-0.013574280286514119, -0.05599543247592975, -0.9965290312798005, 0.08729492632152543, 1.0096257230680916, -0.20429786044478077]
[0.03424351031883331, -0.106407382136818, -1.1904697047740846, 0.14997999482469693, 1.091488007870404, -0.2510224621053372]
[0.14154536637356044, -0.16609457682511014, -1.3478270398078234, 0.13603186448288598, 1.0323551719872444, -0.15397990575762888]
[0.20768091981500555, -0.2174753879616328, -1.531819931398837, 0.1829190609716027, 1.0747701570625967, -0.15302807353577907]
[0.25987763174739004, -0.24514800847541868, -1.6560569715884688, 0.2212417292134477, 1.1008121765732732, -0.1640795305707206]
[0.34568378774328434, -0.28594010554894617, -1.8194035540290983, 0.24519718634908558, 1.0998157930894064, -0.11617875618786627]
[0.3745599170750061, -0.265926479738888, -1.7825890110358718, 0.27363429235546355, 1.0663436045813122, -0.14440889369648188]
[0.5147887140639059, -0.30714650496834256, -2.167349394318957, 0.3359424525818274, 1.1415909521629364, -0.0885698254804472]
[0.6377659778442671, -0.31313983497489284, -2.246123645320578, 0.3513577353075059, 1.138655133096589, -0.09690262343086031]
[0.756174592511484, -0.27588028073107146, -2.295791588618442, 0.3791409923222708, 1.1335261934789505, -0.12335249510830829]
[0.8399368859370546, -0.19787617801272323, -2.224046628979086, 0.39030533675243306, 1.0874562796647356, -0.14083680135479104]
[0.9930256778135714, -0.15208563729088515, -2.2685777264034765, 0.3989359750328917, 1.0687788327774521, -0.16042773360490822]
[1.0993368957468481, -0.09232387621267107, -2.2818611897056016, 0.42139850565995096, 1.059774288681898, -0.17638768450109826]
[1.2667073661771069, -0.029982414858480744, -2.326463387412166, 0.43449836368132805, 1.0294805545480317, -0.17652978862877192]
[1.3559533094966545, 0.0293077960575265, -2.3734501916059183, 0.3425594841319561, 0.9665768203256516, -0.2084785023160985]
