[-0.0790399273384023, 0.0042581606766969, -0.8209513722403141, 0.0047557824288722, 0.92235518361107, 0.0759615327872795]
[0.44245772378075593, -0.16084621675444427, -1.8517134090597505, 0.17230358278145097, 0.79058609033249, -0.21024038875495682]
[0.40626135773070754, -0.08157291300533823, -1.3432164557565842, 0.03234765389832203, 0.81484976960451, -0.029843454146025336]
[1.0361957038157812, -0.15323096383171872, -2.292818794078184, -0.30301158191701866, 0.7826069531205978, -0.19554748646820375]
[0.11292313303624779, -0.01408361121280477, -1.108238120527076, 0.04659893856292419, 0.9017558982206402, -0.0317299196281218]
[0.5209773410286731, -0.11593542058443213, -1.7047690503534458, -0.0308117424269089, 0.7626818091263596, -0.007656042379555979]
[1.0387493757721555, -0.02033118380896584, -2.5690332239922724, -0.508293917226339, 0.485474226563323, -0.06205713598474302]
[1.2167924062487157, -0.040456645730191976, -2.3557563575496965, 0.020893843671861756, 0.5269322557456069, -0.2139804109739665]
[0.008402431503435448, 0.01926472095547957, -0.9550017747298604, 0.02600033378365429, 0.898908543983534, 0.020870595817316984]
[0.1945481476848894, -0.055999197281694085, -1.2556232469645912, 0.05813346497428734, 0.8955789331156379, -0.08944238730168408]
[0.41499178667927206, -0.10793549094872634, -1.5174958467028656, 0.03557537936198274, 0.7951383310626816, -0.05650528896984555]
[0.7054480196218851, 0.0052030242384210335, -1.908373890475285, -0.1521386901256686, 0.48315492456674747, -0.07715622575357006]
[0.8835065373928859, 0.04399299327010008, -2.227024054474429, -0.47269474760606106, 0.5177560349974024, -0.21646823530970036]
[0.9946287943479439, -0.14242362475235, -2.545535723642882, -0.5121910449765574, 0.8202058675950237, -0.062008995232013024]
[1.2872045691193723, -0.09177288974657952, -2.664029132599932, -0.29031806562810863, 0.6347665535796173, -0.20977358270483723]
[1.2923544946961147, -0.010089100051343947, -2.3449493547786737, -0.10156594420258813, 0.7574129136952322, -0.20653817152502335]
[1.3677403888229684, 0.0034258719709866, -2.369743422343391, 0.0119267543701676, 0.798789052199889, -0.3628198457391471]
