[-0.3711049557250172, 0.0554441012378941, -0.585450299755685, 0.0038183036856853, 0.8259296645072842, 0.129450833774066]
[-0.03402611723097997, 0.027856126116494073, -0.7431439442522928, 0.011419604297729119, 0.8127885234312491, -0.04826607486827392]
[0.016883452389071303, -0.02048593983133934, -0.9068995356097576, 0.05124565216363858, 0.8698324319344442, -0.07097877828198254]
[0.06420822324771419, -0.0580973401926283, -1.0875609444647494, 0.11231474052478303, 0.9395783256072218, -0.10591669959841496]
[0.1310478536830023, -0.10725980664547657, -1.240888406492906, 0.13044153850541362, 0.9540897793251495, -0.0940531366317266]
[0.20146942175561627, -0.16154999299943706, -1.4291026393804673, 0.1698265220374453, 0.9875718055862497, -0.07891563285483785]
[0.2304467001660624, -0.17918331413970673, -1.584857376247417, 0.22926252880330894, 1.0544333383294617, -0.11299531926094875]
[0.33543249857967383, -0.2528647278164233, -1.7342693002759157, 0.2355212161237386, 1.0488072960235322, -0.08878982713666936]
[0.36749178749347494, -0.23070139525731054, -1.7607310211150768, 0.2718401918407647, 1.0333185344044875, -0.090126348610125]
[0.5235818016954679, -0.30724426746984274, -2.065806812024391, 0.3101483061064259, 1.096034966405569, -0.09282123081414179]
[0.6464067916233364, -0.2975807991302857, -2.1698101930693547, 0.32639427134502885, 1.0759953238448334, -0.05440942301949203]
[0.734898146260103, -0.25065142118856626, -2.2121923195517468, 0.36890185744621906, 1.0957459464963502, -0.10919410615087674]
[0.8610790019690725, -0.2110913885382238, -2.2099230494395794, 0.3668655268641576, 1.043723141898583, -0.10726789188513353]
[1.0331265608516822, -0.1587427823379151, -2.262481225222695, 0.3569066625130822, 0.9762081077275818, -0.09287682750427828]
[1.113086268553305, -0.1052552605635334, -2.2407518462015936, 0.38193676132388144, 0.9829592723344169, -0.14831254527494198]
[1.2915907208948973, -0.049259735723400144, -2.288161243753285, 0.35420562489572244, 0.864572708734626, -0.11338200976508339]
[1.4574407823853577, 0.0137965410875772, -2.363452091168208, 0.0409646562939435, 0.8841240024653207, -0.2684738854886692]
