[0.2747902647631051, 0.0642631484614799, -0.4999442767462421, -0.0028162190845337, 0.7636144580446595, -0.0186982076546131]
[-0.006275976579282964, -0.01643180669488109, -0.8139791915814097, -0.026304067901887766, 0.7910928482423971, 0.012568995323448892]
[0.05744245477036034, -0.10244516052137648, -1.076457772904113, 0.015383928492460917, 0.9061795780885711, -0.03569893624054443]
[0.09521997244215225, -0.16729666942184984, -1.28738491121925, 0.10777178377454086, 1.0612346424246197, -0.1832097417500366]
[0.17421622386059946, -0.16716429209347589, -1.364155619018889, 0.10840396840363686, 0.9708380842908566, -0.06892320724810444]
[0.1954744475472138, -0.25544227181834056, -1.6323892449903619, 0.2093239562106431, 1.1746311777604297, -0.2343557400845438]
[0.2288155774611631, -0.28280963262566067, -1.80464765998016, 0.27524339461742203, 1.2535982238189356, -0.2842970968977027]
[0.2822043105198021, -0.3146168466482417, -2.0011569969725174, 0.3293024809031985, 1.3151783604266187, -0.2945562785200895]
[0.36648837971165865, -0.22285038471759427, -1.7603537133428846, 0.27191879629597315, 1.0268055720936047, -0.07593538691011276]
[0.44718953731584676, -0.3553194490866773, -2.359709543466281, 0.43250722157120425, 1.356273484144469, -0.2885516629167604]
[0.5422885395139998, -0.34781015605563337, -2.500697036036622, 0.4789426423458843, 1.4281578547150586, -0.3330921316421378]
[0.699657648761751, -0.3274640661251795, -2.546152293828957, 0.4909908196493604, 1.4333271605729228, -0.33505283163296007]
[0.8425865325604981, -0.21196717039156926, -2.351440713377107, 0.43775891911531445, 1.1986325556173663, -0.21308596041533923]
[1.0045302279037402, -0.1887580351633404, -2.479248729635312, 0.48708322924605196, 1.2852774753454432, -0.2832708591886547]
[1.1077473258142008, -0.10848986102886704, -2.3622016874277874, 0.4641297842185914, 1.1636019334407033, -0.24593455014816334]
[1.280405895403457, -0.052984939851150714, -2.3729231546451732, 0.4667476523410808, 1.1186760598742673, -0.2501782554510129]
[1.4068546030924265, 0.0051997292490242, -2.3758515258562287, 0.3463152004108968, 1.1777884374284928, -0.2510408363930805]
