[0.23420855226052673, 0.07577998163354983, -0.01184132174536262, 0.9887109309984141, 0.09102348013481003, -0.11609937770104684,0.026198387084454086]
[0.28624031001804645, 0.04659590998577534, 0.0035877284359464023, 0.99678116405147, 0.03534319296126466, -0.07011071700784842,0.016206698125930678]
[0.3326784825325696, 0.00429242294378309, 0.02260547107173619, 0.9994077660946118, -0.021133845544803544, -0.023381362007285276,0.013812659155668747]
[0.37060192185578217, -0.04979683383426016, 0.04511186539345849, 0.9965225771712239, -0.07777588602813777, 0.023035540458561946,0.01905330985268627]
[0.3974308637515789, -0.11370468625381927, 0.07097703056195526, 0.9881341121542228, -0.13394750182130966, 0.0680891620778837,0.03182623384172558]
[0.41106380602995574, -0.18491938856054363, 0.10004231423289447, 0.9743273561097999, -0.18901897861605507, 0.11074915467598774,0.05189078528587705]
[0.4099911426258014, -0.2605031414360274, 0.13212166110093124, 0.955262410344877, -0.24237559413778598, 0.1500235284547552,0.07887166575162954]
[0.3933791921968873, -0.33723410583475444, 0.16700326671312274, 0.9311720131877212, -0.2934266475195702, 0.1849759432697259,0.11226479765637852]
[0.36111983842341583, -0.41176449155733064, 0.2044514985071548, 0.9023579766270644, -0.34161410231067035, 0.21474211864305923,0.15144540138503954]
[0.21435631995762353, -0.4866729400220364, 0.19854356901654652, 0.862107894868303, -0.4523280009127718, 0.15388993400096138,0.1687816500961483]
[0.13594341021557574, -0.5054034820373181, 0.19596801199231428, 0.8365555727142079, -0.5055772024868899, 0.12406299329211357,0.17080643952069033]
[0.05697166989624516, -0.5114807557727523, 0.19365740220264607, 0.8075369713380369, -0.5570857585565299, 0.0953977342772922,0.16863798454217194]
[-0.02052216389682765, -0.50521293628454, 0.19162098375159023, 0.7751888319212235, -0.6066146172441527, 0.06842430001564354,0.16253952189455015]
[-0.04023934734523739, -0.45467484570652705, 0.15187129445276085, 0.7727001869614784, -0.6269935437158962, 0.022846094332648257,0.0963928066923203]
[-0.052902054015467555, -0.3996698170810402, 0.11875993212933769, 0.7656268376065206, -0.64254949577425, -0.016789005697657084,0.025764710450149213]
[-0.058280177822062344, -0.34195662419703043, 0.09283608022412507, -0.7539945359912811, 0.6531914895025136, 0.04985545192328438,0.048451539194395404]
[-0.056452411769321434, -0.2833362935387954, 0.0744564585617705, -0.7378677517683669, 0.6588643069145818, 0.07583687664148585,0.12529075830055442]
