[0.2963948374188086, 0.07767799015841337, 0.13073052890720224, -0.9998793339620917, -0.015524078584264417, 0.0005656166330137656,2.403036343773652e-05]
[0.32323074675803526, 0.056254198311023455, 0.1408362463554852, -0.9980601674323144, 0.052617020384706586, -0.015044281207570278,0.029681997132333864]
[0.34914230490753034, 0.028502563468686577, 0.15167822700545502, -0.990451554654322, 0.12081414944110969, -0.03463840787896085,0.05665544878711091]
[0.37277670948934916, -0.0056914685738101226, 0.1631821181638108, -0.9770462155109143, 0.18856555860506186, -0.05780945510073796,0.08050956318796525]
[0.39273908735220614, -0.04616059900983995, 0.17526572267365945, -0.9578822222072046, 0.2553696297434283, -0.08410613765956991,0.10086703223591792]
[0.40765098705587044, -0.09244820524938717, 0.18783978718940136, -0.9330428502270656, 0.3207290915240769, -0.11304090945455011,0.11741227482670868]
[0.4162095718463904, -0.14381300763044863, 0.20080887380585496, -0.9026560304440003, 0.38415520297596195, -0.14409805817359314,0.129894651006797]
[0.4172449998792178, -0.19924577082281109, 0.21407230614988895, -0.8668934073580625, 0.4451718674878866, -0.1767420525398748,0.138130646637407]
[0.4097735604550769, -0.2574974196157004, 0.22752518015531428, -0.8259690121074093, 0.5033196397705896, -0.21042601408145584,0.14200501349355857]
[0.3771301442466603, -0.2842158919593282, 0.2225073602455937, -0.845123617239856, 0.47729702552794706, -0.2125110069607118,0.11310478737056355]
[0.3427102200635521, -0.3074442197044971, 0.2173991068186932, -0.8632181296245598, 0.4507290216018992, -0.21075816645449943,0.0853159132050361]
[0.30686359649587747, -0.3270644761559351, 0.21221406493424386, -0.8802346311057843, 0.4236595806106873, -0.20543246695548797,0.05913590685381559]
[0.2699479658159636, -0.342992695495794, 0.20696589252226835, -0.8961570932857481, 0.39613328759391775, -0.19686213484365397,0.03501688847502983]
[0.23232566759680165, -0.35517944768035736, 0.20166822826893802, -0.9109714010795613, 0.3681952771320439, -0.1854317037057965,0.013357678449657582]
[0.1943603979933302, -0.363610108335653, 0.19633465970390715, 0.9246653725897462, -0.33989114955505517, 0.17157409793472653,0.005503099626035911]
[0.15641389331841266, -0.3683048164396402, 0.1909786915642081, 0.9372287752642265, -0.31126688640504585, 0.15576188647596356,0.021292791406379644]
[0.13060595262020602, -0.3602276227091627, 0.18262191804598324, 0.953875431938622, -0.2679399471837308, 0.13241253691120233,0.0282270281082977]
[0.10531841202447459, -0.3507332194508382, 0.1743820552756039, 0.9679749937945632, -0.22406573141857758, 0.1087006697207251,0.031672129617998354]
[0.08064194321686796, -0.3398588921182723, 0.166295715720645, 0.979510246416266, -0.17979668026282333, 0.08504865555217436,0.0316157732909038]
[0.05666594878751101, -0.32764857565399175, 0.15839819473704495, 0.988473468840734, -0.1352856019216534, 0.0618770387777927,0.02809340461308114]
[0.03347796354814993, -0.31415292161868424, 0.15072330606037435, 0.9948664230461564, -0.09068506597518794, 0.039599285497282526,0.02118763064920585]
[0.011163033076064373, -0.2994293015216369, 0.1433032259468288, 0.9987003041741744, -0.04614680009685959, 0.01861664793220817,0.011027044164267608]
[-0.010196922998658774, -0.28354174288440337, 0.1361683467049624, -0.9999956517335429, 0.0018210917397926945, 0.0006867936156199317,0.0022155029704120596]
