[0.3275542833303989, -0.053168887852242434, 0.1296307209328347, -0.9998803810324421, -0.015452331133848012, 0.0006690133887205574,3.885915868789059e-05]
[0.3245242528650427, -0.08296037809642295, 0.14673000750912182, -0.9997579764595619, 0.016249361273073682, -0.011063386961064854,0.009876650882229344]
[0.3181846251139618, -0.11197092709684588, 0.16415418761305464, -0.9984336121238372, 0.04673346657697718, -0.024593413727569863,0.018478887527948382]
[0.30871519739722947, -0.13979110756776786, 0.18188235928458527, -0.9959936262012946, 0.07590011401092486, -0.03980947720565122,0.02551616711297961]
[0.2963434750384747, -0.16604239687243946, 0.1998905437303704, -0.9925306593874168, 0.10365958384802597, -0.05654156865564161,0.03066972230707988]
[0.2813409275293245, -0.19038163438719113, 0.21815078952860395, -0.9881427810809452, 0.12993282348245394, -0.07456252112681726,0.03364128449845443]
[0.2640191326162948, -0.2125054232668885, 0.23663034283598897, -0.9829325772895037, 0.15465188208665315, -0.09359086720492564,0.034162749390238195]
[0.24472564716361578, -0.23215457030316, 0.25529090445605646, -0.9770062073705033, 0.17776026084845997, -0.11329525668495792,0.03200539384670269]
[0.22383940936855615, -0.24911858470053722, 0.2740879931174667, -0.9704724369467201, 0.19921317641969832, -0.13330035890895414,0.026988400882836834]
[0.2017654665344205, -0.2632401754004247, 0.29297043244130133, -0.9634416545073957, 0.21897773585263708, -0.15319413761237172,0.01898646260119866]
[0.17706106750183867, -0.2800505140283169, 0.27474500791866097, -0.9711914324496618, 0.19706860619110353, -0.1339111173680916,0.004356447577937785]
[0.15095760319598087, -0.2938402882039984, 0.25683257990951835, 0.9782386705256556, -0.17355139873141262, 0.113511824387039,0.006639368260185727]
[0.12384192521416774, -0.3045360795440532, 0.23926354600118774, 0.9844767949169263, -0.14846704119114243, 0.09256989660676113,0.013920926415208989]
[0.0960981571752066, -0.312109457028109, 0.22206251106152572, 0.9898014387182186, -0.12186604171790728, 0.0716637834630318,0.01749519725861652]
[0.06810280632844268, -0.3165749337815693, 0.20524870642073306, 0.9941111827012812, -0.09380832116147718, 0.05136377267201649,0.017456178448410062]
[0.04022037460722726, -0.3179874774024755, 0.18883648523668423, 0.9973082830071536, -0.0643629856441752, 0.03221910729436326,0.013982984282535636]
[0.012799492474783826, -0.3164396728982479, 0.17283588490096777, 0.9992993810846096, -0.03360804055375875, 0.014745470941811991,0.007336052123423614]
[-0.013830419001795564, -0.31205863394553274, 0.1572532464512974, -0.9999961912901819, 0.0016300474517592345, 0.000586886754087227,0.0021484679129811167]
