[0.26684210558053584, -0.026432365907157186, 0.1679572083167119, -0.9998792298610802, -0.015527503727122017, 0.0006408869160291062,0.00010763075068066265]
[0.2834761879181341, -0.04617302555020676, 0.17456681103197028, -0.9997510923257146, -0.005676229258966483, -0.019704342783149545,0.00879048863402331]
[0.2985559944292145, -0.06933012507868741, 0.18128868346398652, -0.999043081314037, 0.0047705423837299315, -0.04118516691799635,0.013926436366013829]
[0.31154794912001477, -0.09578612737324133, 0.18809112997238484, -0.9977495304954814, 0.015793941360249, -0.06332000669586685,0.015394887605666884]
[0.3219262751039667, -0.12534532458875405, 0.19494132366146302, -0.9958655346357081, 0.027374162453959888, -0.08561515608832895,0.013135341740927767]
[0.3291842810220114, -0.15773418554211383, 0.20180549077634763, -0.993386964463252, 0.03949049690709461, -0.10757201032187318,0.007148572153063459]
[0.33284566091152534, -0.19260333471006427, 0.20864910091322972, 0.9903104804229212, -0.052121365671308505, 0.12869440701374585,0.002503039844138088]
[0.33247556997842037, -0.22953116942939802, 0.21543706194199924, 0.9866335452852745, -0.06524435402227363, 0.14849597993502617,0.01569603546004922]
[0.327691237557938, -0.2680290869932545, 0.2221339185157208, 0.9823544355832592, -0.0788362474843694, 0.16650742457964832,0.03224727170370414]
[0.3181718825551748, -0.30754825828970495, 0.228704053023957, 0.9774722518488974, -0.09287306900942797, 0.18228357526513933,0.051916164214764415]
[0.303667705848637, -0.34748785020591383, 0.23511188783601086, 0.9719869276247692, -0.10733011735147686, 0.19541019538858923,0.07440775479796176]
[0.28400774841474463, -0.3872045659962105, 0.24132208767577998, 0.9658992372269621, -0.12218200657749347, 0.20551038569193988,0.0993765674886216]
[0.25910642306782145, -0.4260233419404695, 0.24729976097208786, 0.9592108022381147, -0.1374027066523589, 0.21225051991836724,0.12643120607152847]
[0.2119907029722251, -0.4312371739368273, 0.21700814591710513, 0.9699217895470005, -0.12074113212463046, 0.17003846623256844,0.1255397195173012]
[0.1651229631604536, -0.43013414932513183, 0.18812612426380343, 0.9790564103462208, -0.10308200399371452, 0.13028186764430533,0.117682967228586]
[0.11939235646103467, -0.42285869297865664, 0.16075621061602327, 0.9865784304078125, -0.08447160628929326, 0.0939782996191694,0.1034196673058552]
[0.07565104457669841, -0.409682253785665, 0.13499063655505042, 0.9924567150209014, -0.06495861240174841, 0.0620255624223,0.08344385592096437]
[0.03469597125827256, -0.39099516466408835, 0.11091077647860856, 0.9966653324216387, -0.04459392931340669, 0.03520384497380506,0.05856864277338263]
[-0.002747689815403645, -0.3672958745478359, 0.08858667897250558, 0.9991836405197172, -0.02343053598585992, 0.01416041405010231,0.029707661892345798]
[-0.03604103184677606, -0.3391778860922714, 0.06807670905330285, -0.9999963566451858, 0.001523316449119212, 0.0006028785488078575,0.002145399917479403]
