[0.3156042138889737, 0.0005268649861797667, 0.09935133621415576, -0.999880300973446, -0.01545678468143415, 0.0006854561347418051,4.1017685713804745e-05]
[0.3459954826177573, -0.016503735886609847, 0.11033145766247773, 0.9975464997275489, 0.057758789152967845, 0.03488264849889201,0.018657545138662315]
[0.3753211321503227, -0.033977365276554095, 0.12258587252238662, 0.9917540897370916, 0.10068316198244479, 0.06814865802524281,0.040527605312041165]
[0.4034516233183304, -0.05175063855688382, 0.13599409928334039, 0.9824660597918802, 0.1439800755012373, 0.098824071615048,0.06529917369385277]
[0.43027237030327725, -0.06968209598946346, 0.15042245092207968, 0.9696664283426139, 0.18739723060478594, 0.12665209743130668,0.09267438655414087]
[0.45568394745102453, -0.08763424821102891, 0.16572568975368585, 0.9533603429459055, 0.2306815482576912, 0.15141052222104692,0.12233124520027615]
[0.47960202287728115, -0.1054755217377655, 0.1817488286680423, 0.9335740393538889, 0.2735808610471362, 0.1729141376076029,0.15392766654695392]
[0.5019570309960559, -0.12308206617187406, 0.198329056134969, 0.9103546609636097, 0.3158455932422977, 0.19101668820249262,0.18710579178476586]
[0.5226936017192687, -0.1403393875527259, 0.21529776059259226, 0.8837699402958059, 0.3572304179354407, 0.2056123129900388,0.22149649631112617]
[0.541769769280958, -0.15714377587715428, 0.23248262838348532, 0.8539077451124131, 0.39749588003718045, 0.21663645823284702,0.25672404085872047]
[0.5591559883092777, -0.1734034991479772, 0.24970978829368573, 0.8208754927006846, 0.43640997417231725, 0.22406624730989536,0.29241080134425046]
[0.5748339887902478, -0.1890397413078676, 0.26680597499817404, 0.7847994367428627, 0.4737496668715328, 0.22792030033290828,0.3281820134062109]
[0.5887955048392665, -0.20398726697106445, 0.28360068333524036, 0.7458238320477516, 0.5093023528754338, 0.22825800398767881,0.3636704669349925]
[0.6010409146364606, -0.21819480185728596, 0.29992828532875593, 0.7041099832384788, 0.5428672358577316, 0.2251782397085329,0.39852108613956944]
[0.6115778304253847, -0.23162512412751796, 0.31563008225386985, 0.6598351842635813, 0.5742566244301384, 0.21881758590779582,0.432395331847412]
[0.571603039808142, -0.29240005452538875, 0.30345105441740605, 0.7021977717916439, 0.5433801918008457, 0.17338668933908566,0.4261376683764982]
[0.5248613187480687, -0.3458844402699832, 0.29070731858838716, 0.7422145393144683, 0.5105084317877565, 0.13033933776662887,0.4141381119075787]
[0.4726776021205604, -0.3912394220251992, 0.2775183578690871, 0.7797263663100777, 0.4758301630950143, 0.09035904818578792,0.3967967892773495]
[0.41648373544876716, -0.42787191165856897, 0.2640120685795754, 0.8145898546595357, 0.4395452570634661, 0.0540721302919531,0.3745924991299992]
[0.35777193521462153, -0.4554475365390399, 0.2503232792017734, 0.8466781723155984, 0.40186334279711355, 0.022038762847972723,0.3480750194604299]
[0.2980469927099825, -0.4738946522889664, 0.23659216280739234, 0.8758817899467621, 0.363002449430028, -0.005254925393755618,0.3178564102020951]
[0.23877894537108232, -0.48339940144060484, 0.22296256216684232, 0.9021091058162105, 0.32318759434684247, -0.027403657631179752,0.2846014399334818]
[0.18135790290359183, -0.48439212822468886, 0.20958024789410057, 0.9252869548804675, 0.28264932652452607, -0.04408859764602421,0.24901727831793283]
[0.1270526148740908, -0.47752577759305886, 0.1965911308912237, 0.9453609988442795, 0.24162223445815104, -0.05508164676398526,0.21184260635992092]
[0.07697420620611775, -0.46364719732108994, 0.1841394510043932, 0.9622959946815027, 0.20034342836684574, -0.06024838970329225,0.17383630480517118]
[0.032046293881277214, -0.44376251456165905, 0.17236596418298467, 0.9760759399215264, 0.1590510065465251, -0.05954964965178183,0.1357658869127154]
[-0.007017559146442271, -0.4189979630183994, 0.16140615053940016, 0.9867040938018756, 0.11798251584216878, -0.05304163325243078,0.09839584529890906]
[-0.03972838783448064, -0.3905576864044261, 0.1513884655387842, 0.9942028741949016, 0.07737341625365185, -0.04087466678125293,0.062476083546886454]
[-0.06582801480534708, -0.3596801327213096, 0.14243265610626574, 0.998613631024616, 0.03745555966512356, -0.023290545368651615,0.028730601776423153]
[-0.0852868566697421, -0.32759467923502783, 0.1346481627302122, -0.9999962976934863, 0.0015443074011990843, 0.0006185373453773968,0.0021533985984060065]
