[0.3754651359485695, 0.0023566902138689922, 0.15125342714592552, -0.9998790577266491, -0.015538788869998437, 0.0006380299982724267,9.422230911390505e-05]
[0.37408793947311925, -0.039172402650464316, 0.1646666685073697, -0.9971732546028367, 0.06782725922613189, -0.028226676315277647,0.01575493430167373]
[0.36784014034632184, -0.08077083665883163, 0.1780883340898644, -0.9864885625288999, 0.15031481010543718, -0.05879130014955327,0.028095495890914653]
[0.35661167633274965, -0.12182579103778571, 0.1914932598538239, -0.9679802804109331, 0.23112429972321166, -0.09070984427777093,0.03697916932719246]
[0.34037836858727377, -0.16168585792913753, 0.20485396790447902, -0.9418860472540926, 0.3094789770619197, -0.12362735174427099,0.04230501915219661]
[0.319212145854829, -0.19967510466945562, 0.2181409194479071, -0.908522747183467, 0.38463358436489153, -0.15718362770888858,0.044008303865245214]
[0.2932885325287919, -0.2351095290906489, 0.23132280459868323, -0.8682824805433215, 0.4558826329914154, -0.19101694961069735,0.04206047883435861]
[0.2628908817265746, -0.2673152986514167, 0.24436686583446546, -0.8216276529466328, 0.5225681727296483, -0.22476772493030997,0.03646881672137104]
[0.22841098053442532, -0.2956480586273378, 0.25723925148555665, -0.7690852454633644, 0.5840869589970895, -0.25808205697431497,0.027275655959033716]
[0.19034582062081928, -0.31951252492153276, 0.2699053952775823, -0.7112403396183725, 0.6398969302161299, -0.2906151806969116,0.014557291919068878]
[0.14929050468337293, -0.33838154677020704, 0.2823304176168561, 0.6487289803761631, -0.6895229166691552, 0.3220347325900511,0.001577470703277063]
[0.10592743833909411, -0.351813835022338, 0.2944795440242767, 0.5822304686911411, -0.7325615121926654, 0.35202382108721963,0.020989082134368686]
[0.06101212876338736, -0.35946960189296245, 0.30631853588781455, 0.512459182384772, -0.7686850510273024, 0.3802838667056964,0.043509302913846755]
[0.046305749896834725, -0.3629358496371653, 0.2894765549484359, 0.5742772438060316, -0.7381822569796018, 0.345537750169945,0.07678714693581194]
[0.0312462050342718, -0.3650693120148941, 0.27262798260608934, 0.633982991907001, -0.7018002834862768, 0.30803530728626255,0.10322876312485518]
[0.01593151131979013, -0.36585547408224106, 0.255815409526569, 0.6909824368311023, -0.6597042621411565, 0.2688674374406319,0.1226534124590596]
[0.0004600273594155477, -0.3652889065489457, 0.23907998041010436, 0.7446966131674677, -0.6121206963793708, 0.2291267718611435,0.13504121525456192]
[-0.015070355595397815, -0.3633730987447764, 0.22246111990706224, 0.7945679767984078, -0.5593358784485072, 0.18988485694548163,0.14053058894602244]
[-0.030562986415164035, -0.3601202051166963, 0.2059962758895738, 0.8400666178846371, -0.5016936375741946, 0.15217003799975276,0.1394125212044963]
[-0.04592318146570613, -0.3555507114621343, 0.18972068249960433, 0.8806962200431949, -0.4395924416547959, 0.11694647588675237,0.13212181886150717]
[-0.06105889816702612, -0.3496930281953662, 0.17366714522286844, 0.9159996985183515, -0.37348188212549216, 0.08509470407308733,0.11922553156519437]
[-0.07588134737001209, -0.34258301890432064, 0.15786585004564221, 0.9455644536524428, -0.30385857860150006, 0.05739410072813655,0.10140880336954129]
[-0.09030553834623538, -0.3342634732687532, 0.14234419853958824, 0.9690271801908121, -0.23126154646437574, 0.03450761053650225,0.07945845451183892]
[-0.10425075143945876, -0.32478353406477306, 0.12712667048995002, 0.9860781778538861, -0.15626707662010397, 0.016969004548910524,0.05424463853309226]
[-0.11764093474997966, -0.31419808846488784, 0.11223471543683616, 0.9964651141233288, -0.079483182164469, 0.005172914644501869,0.026700955830679687]
[-0.13040502259211556, -0.30256713414957404, 0.09768667423991104, -0.9999961962547168, 0.0015436715780718184, 0.000632176957863592,0.0021965669694558963]
