[0.29094789850932, 0.047224040913602675, 0.11666720904193931, -0.999881152158968, -0.0154072445927505, 0.0005377004898913365,9.617430762192249e-05]
[0.34889120393926487, 0.02762998887524965, 0.1566542847048045, 0.9968137636984118, 0.008079918891262736, 0.07792118825241288,0.015010790567119264]
[0.4010055123034177, 0.003882305224977926, 0.20355543620369845, 0.9873440120567138, 0.0012856393819785294, 0.15475052189773547,0.03467599976222607]
[0.44605401540117295, -0.02301431814614815, 0.25658622900872297, 0.9716149394814619, -0.004483733112433083, 0.2290980427379056,0.0588080974651673]
[0.4830755731835761, -0.05187666342512146, 0.31478001732319727, 0.9498609229052213, -0.008755893983461377, 0.3001306471624508,0.08723047685322209]
[0.5114300100720771, -0.08140372491874723, 0.37701869868356785, 0.9224040037219734, -0.011087773683043476, 0.36704730150404397,0.11968372341729348]
[0.530826660832524, -0.11024598882411804, 0.442068905678905, 0.8896487932345986, -0.011074681400232935, 0.42909148722070345,0.15582962402197828]
[0.5413342648175473, -0.13707904751546984, 0.5086222054035551, 0.8520760406634341, -0.008358743247330214, 0.48556295743950006,0.19525666877537792]
[0.5433714585180835, -0.16067699159466292, 0.5753377201753594, 0.8102349736172785, -0.0026364774079446675, 0.5358285990833936,0.2374869447329969]
[0.5376783272442998, -0.17998097524396325, 0.6408854934551743, 0.7647345420020979, 0.006334635662917802, 0.5793322107639193,0.281984294298902]
[0.5215447498965007, -0.22502643464819022, 0.6076096017331358, 0.7891601918214526, -0.00022406383344644149, 0.5281791257442037,0.3134532701501386]
[0.5001476605173497, -0.26702104526340675, 0.5738265547625303, 0.8126600640078955, -0.005823835071625833, 0.47477149504183325,0.3378486803400075]
[0.47396007807163293, -0.3052929259833271, 0.5397280607048321, 0.8351382111230277, -0.010488914568182517, 0.4200495693407825,0.3549542368954541]
[0.44354898750653404, -0.339245118144639, 0.5055098875336105, 0.8565024712675959, -0.014248486191600945, 0.3649790380783868,0.3646790357521591]
[0.40956335806794086, -0.3683694039273884, 0.4713700980258758, 0.8766648590489736, -0.017136487793913326, 0.310534104034807,0.36706080685089787]
[0.3727200447945957, -0.3922581578561144, 0.4375072483224063, 0.8955419386000347, -0.019191394052964984, 0.2576801415284183,0.36226685090508925]
[0.33378790439674244, -0.4106138977205912, 0.4041185697914757, 0.9130551769304851, -0.020455976671848466, 0.2073562576353959,0.35059261161394284]
[0.2935705103968671, -0.42325625838322845, 0.37139815421007305, 0.9291312759828356, -0.020977043194011735, 0.16045808170140294,0.33245787652881736]
[0.2528878960094134, -0.4301261778295262, 0.33953516231848435, 0.9437024818641081, -0.020805155798229544, 0.11782110805194969,0.3084006448001449]
[0.2125577853319972, -0.43128715764208997, 0.30871207560692, 0.9567068698305984, -0.01999433153644675, 0.0802049101922017,0.27906874476804167]
[0.17337679290901764, -0.42692353779665565, 0.27910301075859917, 0.96808860371605, -0.018601725569026596, 0.04827853199531939,0.24520932794112993]
[0.13610207787277948, -0.4173358060751602, 0.25087211550716504, 0.9777981686128924, -0.016687299035665796, 0.022607342610559127,0.20765640748182357]
[0.10143393132400623, -0.4029330431431912, 0.22417206377518933, 0.9857925757411815, -0.014313473275798157, 0.0036416173958739493,0.16731664806316335]
[0.0699997544483106, -0.38422268308696367, 0.19914266685532087, 0.9920355385699672, -0.01154477217930699, -0.00829292247571263,0.1251536491131415]
[0.04233985055389348, -0.36179784362334777, 0.1759096160894764, 0.9964976193903486, -0.008447454506477665, -0.013002413437272296,0.08217099431390318]
[0.018895407634690727, -0.33632254806749096, 0.15458337100999736, 0.9991563456778484, -0.005089138065076656, -0.010429836095624638,0.039394366151281675]
[-1.0095346216566542e-06, -0.3085152204247131, 0.13525820524783627, -0.9999962957232473, 0.0015384176719701781, 0.0006575668386989104,0.002146955216869653]
