[0.35800456906645933, 0.011618531388533996, 0.0878677413640166, -0.9998794823299089, -0.01551771035356848, 0.0004667656840932028,6.009037158936041e-05]
[0.3935672803917782, -0.013118358969729044, 0.10666128863614566, -0.9976337675169953, 0.0613581406176095, -0.024600101219008637,0.01889125485006774]
[0.42652519096029284, -0.04366258588741595, 0.12631336346002375, -0.9886050791136898, 0.13676819255748748, -0.05059412572785953,0.03734559541642244]
[0.4560448840401577, -0.07966551726031149, 0.14680984156622465, -0.9730392410326345, 0.21007505367056029, -0.07746274171120829,0.055341041574302585]
[0.48134122596923495, -0.12066054164209832, 0.1681294226927405, -0.9512445524697141, 0.28067439959620316, -0.10514754720222357,0.07279887447866824]
[0.5016945040770094, -0.16606977841237253, 0.19024337764442328, -0.9235876779442944, 0.3480012598954003, -0.13358460139920145,0.08964417733292619]
[0.5164666216407597, -0.21521337453772704, 0.2131153699450573, -0.8904888955639546, 0.4115358118107714, -0.16270475549735414,0.10580626169128293]
[0.5251159429810156, -0.2673212507676637, 0.23670135516475313, -0.8524167614590532, 0.47080861535629387, -0.1924340153416021,0.12121906710356017]
[0.5272104030392413, -0.32154709359562184, 0.26094956017574356, -0.8098822551172123, 0.5254052305277734, -0.22269393369729878,0.13582153170517292]
[0.493773462780321, -0.351325590066534, 0.25977515022731235, -0.8267436371426046, 0.5056574191650185, -0.2278176139549159,0.09436454662361123]
[0.4588565070815934, -0.3782704293392985, 0.2587942566818921, -0.8426465411235768, 0.4847681001432689, -0.22830491882178086,0.053137179617835685]
[0.4227191996424712, -0.40230283691451596, 0.2579819422561356, -0.8575544920065898, 0.4627735364304506, -0.2242361933901804,0.012612564880141727]
[0.38562400377177775, -0.4233697404133251, 0.25731102312739573, 0.8714324120869844, -0.43971214448922663, 0.2157389104770457,0.026748900147917882]
[0.34783344845703984, -0.44144359170326736, 0.25675228402672345, 0.8842467032377436, -0.41562443105536623, 0.20298597627193066,0.06450421350591488]
[0.30960746618276486, -0.4565218839741425, 0.2562747054436045, 0.8959653267329805, -0.39055292563549876, 0.1861935769424425,0.10023221775055868]
[0.271200837452523, -0.4686263782630008, 0.2558457013756818, 0.9065578804838442, -0.36454210883842775, 0.16561859117883687,0.1335377941715738]
[0.23286077447049494, -0.47780205796566644, 0.2554313660014093, 0.9159956735091427, -0.3376383366631479, 0.1415555980842566,0.16405575996862698]
[0.19482467347590682, -0.4841158335089263, 0.2549967276089154, 0.9242517974679905, -0.30988976087543973, 0.11433351390902748,0.19145442950991262]
[0.16870868495813574, -0.4784212199829523, 0.2211499407233039, 0.9404788791611738, -0.2762461079130377, 0.08781970166316422,0.1774126988533625]
[0.14270502234117308, -0.4692973227198704, 0.18847187373447868, 0.9546914136731193, -0.24222966980689484, 0.0643244284716142,0.1604726133203548]
[0.11719852760064571, -0.45679129285708936, 0.15710941758954675, 0.9669097446091763, -0.20794665744980687, 0.04410160056353705,0.14106304357628452]
[0.09256540992620514, -0.4409940473491129, 0.1272032902546895, 0.9771591455465365, -0.17349720896158835, 0.027351980547145233,0.11962688626496322]
[0.0691683308477356, -0.4220388821948385, 0.09888757912525606, 0.9854689570010555, -0.13897531719777972, 0.014223977030503085,0.09661508409386282]
[0.04735169401945089, -0.40009956554127596, 0.0722893090633939, 0.9918717478120255, -0.10446885972573011, 0.004815032989626207,0.07248109199806946]
[0.027437190967581508, -0.37538793786157404, 0.04752803359292335, 0.996402512136151, -0.07005972635492022, -0.0008264893072503282,0.0476758373525461]
[0.009719650806647552, -0.3481510505913103, 0.024715446891095227, 0.9990979125541142, -0.03582403814288822, -0.002699030514579551,0.022643203294370307]
[-0.005536761548439868, -0.31866787845873373, 0.0039550144119893105, -0.9999955789875695, 0.001832450717269245, 0.0008452655965168889,0.0021839541561573584]
