[0.3486146316166629, -0.022499723301079414, 0.039708570788079794, -0.9998787693913871, -0.015562669522207521, 0.0004948449584048986,7.047109590603445e-05]
[0.36619780256448176, -0.045157498011720115, 0.06428263477871649, 0.9974984005633297, 0.06381773985993852, 0.018518316511972648,0.02411034853192551]
[0.3809218933270556, -0.07027923404757697, 0.09074199607998712, 0.9919764377296496, 0.10939400458435994, 0.033878869694476274,0.05355297319866209]
[0.3924835341104556, -0.09750904181564389, 0.11913665335910378, 0.9834916921429484, 0.15187024473112426, 0.044824393921754316,0.08758021443600211]
[0.4005793883937663, -0.126438172525345, 0.1495143034340776, 0.9722527323621428, 0.19085800391940322, 0.050704981985998605,0.1254067444599712]
[0.40491243430934687, -0.15660169568837012, 0.18191002307976178, 0.9584949660016772, 0.22600531310373054, 0.05099765573679992,0.16615726799535305]
[0.40520075835320135, -0.187476541199176, 0.2163358189609884, 0.9424774182962588, 0.2570000135326068, 0.045317918819221224,0.20888656079258336]
[0.40118858705034166, -0.2184815144299358, 0.25277048844222627, 0.9244792483280625, 0.2835726436113464, 0.033428212042133816,0.25260093001752676]
[0.3926591122116533, -0.24897981806130864, 0.2911502286183719, 0.904796046818277, 0.30549886039973845, 0.015243105320041441,0.2962806232217728]
[0.3794485151213323, -0.27828450199689103, 0.3313604097265581, 0.8837359618973957, 0.32260137183005183, -0.009168868121818679,0.3389026945894921]
[0.3614604731609757, -0.30566711799061563, 0.3732288927998449, 0.861615701209106, 0.3347513613441812, -0.0395867561390707,0.3794638299581979]
[0.3386803463867252, -0.3303696857252126, 0.4165212211980496, 0.8387564600482934, 0.3418693924537743, -0.0756420579842151,0.417002635836341]
[0.31118819701671147, -0.35161989068795096, 0.4609379531688339, 0.8154798259691435, 0.34392578665533663, -0.11682679587804982,0.45062091215977995]
[0.2914732074820636, -0.3720856037672696, 0.4253304235887007, 0.8328970846660697, 0.34371479247629244, -0.13367711105834157,0.41264151241342323]
[0.26851665086964993, -0.3901032435167424, 0.3903523133065451, 0.8502386341793943, 0.34034631420751044, -0.145962090598231,0.3741038885955542]
[0.24280746497270653, -0.4052768160744318, 0.35617322731962076, 0.8673460077366304, 0.33382189184447947, -0.15380392857657077,0.3355863509487762]
[0.21486629418286773, -0.4173033571111485, 0.32293632864932376, 0.8840595579472167, 0.3241633675691758, -0.1573999412841918,0.2976273972807555]
[0.18522793492794942, -0.4259699905467495, 0.29075879386251124, 0.9002198079499609, 0.31141288638722514, -0.1570143196240297,0.2607159661384706]
[0.1544261312135423, -0.43114789685613, 0.259732869651503, 0.9156688073024666, 0.2956327554564275, -0.15296863762458202,0.22528316656554304]
[0.12298121458694408, -0.43278400311312654, 0.2299274838445342, 0.9302514816121237, 0.2769051624307451, -0.14563136307260685,0.19169563914514645]
[0.09139085312223874, -0.4308912712545532, 0.2013903520025699, 0.9438169649386703, 0.2553317541923661, -0.13540663484851223,0.16025066375528055]
[0.060123940620419467, -0.4255384660883817, 0.17415050999596351, 0.9562199041165661, 0.23103307838523557, -0.12272258402888321,0.13117308806466657]
[0.029617434629738756, -0.41684023196159997, 0.14822119387989163, 0.9673217243506111, 0.20414789118845547, -0.108019481980802,0.10461410820375154]
[0.0002757536881390077, -0.40494820180352903, 0.12360298119718308, 0.9769918457288054, 0.1748323357692915, -0.09173799842680457,0.08065189020425866]
[-0.027527817773331277, -0.39004371260829696, 0.10028710268510713, 0.9851088406701535, 0.14325899682545234, -0.07430784586247226,0.05929397866015312]
[-0.05344838468632529, -0.3723325180231368, 0.0782588303572141, 0.9915615227790522, 0.1096158375573342, -0.056137073954170315,0.040481398549898996]
[-0.077166088598942, -0.35204168418700826, 0.05750084713275225, 0.996249958108513, 0.07410502629582526, -0.03760225895935658,0.024094318160824284]
[-0.09838288729673902, -0.32941864308652374, 0.037996504605569636, 0.9990863904376104, 0.036941660843217705, -0.01903980924920805,0.009959106397938115]
[-0.11682016041611315, -0.3047321725576193, 0.01973287914327848, -0.9999960728394665, 0.0016476006426975717, 0.0007385792417532642,0.0021434128091906255]
