[0.30374359094709563, -0.031226570204974373, 0.02931200283719393, -0.9998790695810174, -0.015539976948764564, 0.0005935666149581425,5.4853482839951443e-05]
[0.3107219374969419, -0.03905799815667181, 0.045727533077907084, -0.9997581575285678, -0.015113908065048767, -0.007433596919377785,0.014139939000053232]
[0.31702004181909277, -0.04576790194891147, 0.06296638715544198, -0.9992599754814985, -0.01657358289211614, -0.01774319533657686,0.029832813646749983]
[0.32278399086289256, -0.05137399912567729, 0.08109156392311445, -0.9982370502290439, -0.02013028722762558, -0.03063870310374858,0.046677970802846566]
[0.3281189528062075, -0.05591472265496385, 0.10017508311072748, -0.9965240031010651, -0.02596913166697688, -0.046344258907430914,0.06416950296061916]
[0.33308507292535433, -0.05944041722110886, 0.12029061665918075, -0.9939402144431362, -0.03424632414410719, -0.06499726002927145,0.08176426838195698]
[0.33769604223538796, -0.06200423699289247, 0.14150577337128575, -0.9902927469677737, -0.045086789229424044, -0.08664306677115116,0.09889608546597148]
[0.34192035561514855, -0.06365328763088285, 0.1638743324852607, -0.9853794899185707, -0.05858216386016651, -0.1112319526536406,0.11499062411404097]
[0.34568514645790205, -0.06442053873911614, 0.18742872585499373, -0.9789924830690057, -0.07478919465260571, -0.13861838509765922,0.12948064631640888]
[0.34888236163606035, -0.06431799012359823, 0.212173062536239, -0.9709213771701177, -0.09372855711429133, -0.1685626682664507,0.14182123889689421]
[0.3513769294386492, -0.06333150819588576, 0.2380769738896275, -0.9609569855910799, -0.11538411199636624, -0.20073492586729208,0.15150468005830064]
[0.35301647925435403, -0.061417660898387794, 0.26507053228986777, -0.9488948805873536, -0.1397026087621244, -0.23472134818342552,0.15807458811309347]
[0.35364209943882857, -0.05850277486370792, 0.2930404629426162, -0.9345389868991835, -0.1665938407620806, -0.27003257561388594,0.16113901542741813]
[0.353099572320074, -0.05448432218162634, 0.32182782719629643, -0.9177051252381937, -0.19593125126288058, -0.30611404169731166,0.1603821728430258]
[0.3512505047975098, -0.04923462172246712, 0.35122730837695515, -0.8982244586641498, -0.22755298404317603, -0.3423580530828654,0.15557449919524557]
[0.34798278035940877, -0.04260671734334372, 0.38098817905311333, -0.8759467958827083, -0.2612633669097399, -0.37811734320283197,0.14658082638270178]
[0.34321979316409346, -0.03444217839950656, 0.410816973393451, -0.8507437070962115, -0.2968348112663584, -0.41271980140897474,0.1333664319894541]
[0.33692798541127855, -0.024580462463457117, 0.44038183165712363, -0.822511410194319, -0.3340101058494396, -0.44548405084595694,0.11600081780951477]
[0.3345416731540982, -0.07744469882033524, 0.4069538816178742, -0.8550988217253654, -0.29242773058031085, -0.42002319101326263,0.0829008231718938]
[0.3227523944275733, -0.12773847580111608, 0.3736393051167547, -0.8836420567314155, -0.25259285249983315, -0.3906143720904195,0.05285810021064917]
[0.30252696726625605, -0.17405729399794354, 0.3408427373527838, -0.9083099067248134, -0.21488622178958575, -0.35791106696260094,0.02639494603614261]
[0.2750392180577931, -0.21525613728426704, 0.308906722654127, -0.9293108504303322, -0.17964333107728908, -0.3226363505427513,0.00392456116826616]
[0.2416047094194249, -0.2504694841385916, 0.27810647589665916, 0.9468876010009856, 0.14715034111451, 0.2855649706087877,0.014258181570042938]
[0.20361659165643237, -0.279116009009488, 0.24864755284522208, 0.961311213507272, 0.11764079924513282, 0.2475042193780697,0.027983111481662278]
[0.16248601947039587, -0.3008896047811985, 0.22066643633445882, 0.9728748517890499, 0.0912931965792547, 0.20927405548149136,0.0372081270303388]
[0.1195898756820511, -0.3157390835268882, 0.19423393375694412, 0.981887318594579, 0.06822939682704157, 0.17168694394912676,0.04201947487981715]
[0.07622770409097315, -0.32383939855885463, 0.16936117469269052, 0.988666456138687, 0.048513956300322326, 0.13552788891150744,0.04262893239867288]
[0.033588848732370474, -0.3255574540518513, 0.14600789962081595, 0.9935325257441346, 0.032154340862699714, 0.10153512978066108,0.0393679574348249]
[-0.007270096947526273, -0.32141552875784796, 0.12409264509529366, 0.9968016750655273, 0.019102031812366548, 0.07038195678404437,0.032678940105938144]
[-0.04543823803183685, -0.31205505823157237, 0.10350436067503188, 0.9987795995381312, 0.009254499027252948, 0.042660076217512284,0.0231037592465219]
[-0.08015509545943017, -0.2982030350996425, 0.08411494083193208, 0.9997555011753837, 0.002458006398953385, 0.018864920241867467,0.011269909421485848]
[-0.11080893744866699, -0.28064265392044385, 0.0657921229093604, -0.9999964427149536, 0.0014887981660141633, 0.0006167487142656469,0.0021254784127729544]
