[0.31558583646527727, -0.02854962995341364, 0.07165162875936093, -0.9998796165096638, -0.015507404551816062, 0.0005174181976314215,7.1909408422174e-05]
[0.37537231173988883, -0.03772191114400407, 0.1385171539463817, 0.9936828791292444, 0.041561137898072927, 0.10260340377297802,0.018426857470342513]
[0.4211850452662567, -0.04591825278811062, 0.21855524972591872, 0.9759172463745663, 0.06610752292306651, 0.2033840974810974,0.043014329396842854]
[0.4504800333003191, -0.05259090832151443, 0.30885459028045414, 0.9468665481956234, 0.08839042391935212, 0.30043853033600204,0.0732636496293075]
[0.4613275951343367, -0.05719941568602084, 0.4060185204707857, 0.9069678839914045, 0.10769158035087771, 0.39244673310266176,0.10861557257931914]
[0.45249921095487394, -0.05924031991699681, 0.5062925448621567, 0.8568051043896531, 0.12334455199174103, 0.4781757581501221,0.14838827077417133]
[0.42352694571690314, -0.05827673457375207, 0.6057077006201604, 0.7971001313258136, 0.134747810969214, 0.5564990452233097,0.1917895219893958]
[0.3747327988282344, -0.05396619647115239, 0.7002341301332882, 0.7287022496967545, 0.14137675068020572, 0.6264139653965515,0.23793106062505606]
[0.3072265611520246, -0.046085302600978734, 0.7859387063280788, 0.652575535452924, 0.14279439943384983, 0.687057245815442,0.2858448372651763]
[0.3297939784103752, -0.08531542626045065, 0.7437668802301374, 0.6944921987692724, 0.14089741955161394, 0.6250837313311257,0.3272595786794872]
[0.34310557129500774, -0.12784548123998882, 0.6995572363477441, 0.7342810144096749, 0.13753549418686709, 0.5595035123639848,0.35898634983608735]
[0.34683440815703537, -0.1717065923413265, 0.6537779367474066, 0.7717852640217073, 0.13277161810091942, 0.4917600912421084,0.38064578853227915]
[0.34105652202255765, -0.2149293984336449, 0.606908552161967, 0.8068567983202563, 0.12667664924383318, 0.4233376186548979,0.39207192474384195]
[0.326239016018675, -0.2556248346323873, 0.5594346654124034, 0.8393566763284332, 0.11932887292225719, 0.35572942234876703,0.39331611722049004]
[0.3032121678222172, -0.2920602754635515, 0.5118424246440713, 0.8691557650036842, 0.11081352778555321, 0.2904062582888382,0.38464636143769493]
[0.27312689933362844, -0.32272789872662533, 0.4646131126214595, 0.8961352964627595, 0.1012222961141774, 0.22878496252403535,0.3665419732115982]
[0.2373995883401232, -0.34640249014407715, 0.41821779803967, 0.9201873802154568, 0.09065276107311686, 0.1721981746449322,0.33968375123191963]
[0.19764671981017867, -0.36218638664673447, 0.37311213369006324, 0.9412154680257537, 0.07920783375864333, 0.1218657820089684,0.30493981864569186]
[0.15561228341139927, -0.3695398297645166, 0.32973136437639783, 0.9591347692391305, 0.06699515301789545, 0.07886869827516109,0.2633474365569]
[0.11309110366164918, -0.36829564440858326, 0.2884856047415125, 0.9738726146454769, 0.0541264611570926, 0.04412554098738285,0.216091168905079]
[0.07185142839326294, -0.3586578437055342, 0.2497554436685947, 0.9853687671868708, 0.04071695877484003, 0.018372712001362874,0.16447785679072308]
[0.0335600947904672, -0.3411844571502734, 0.2138879277105728, 0.9935756780675614, 0.02688464206140103, 0.0021483127560599515,0.10990892923743006]
[-0.0002865585137595977, -0.3167555565267806, 0.18119297113067634, 0.9984586870784784, 0.012749625992466363, -0.004219754731550681,0.05385063513626753]
[-0.028423152200143683, -0.28652808219231835, 0.15194023466965698, -0.9999961662093103, 0.0015665430835807251, 0.0006212389937437388,0.002197173539274778]
