[0.3605834835170736, -0.04476566479121646, 0.023296287956732498, -0.9998791522441993, -0.015536262108735243, 0.0005493690969622439,6.0503765205545026e-05]
[0.41066866401683955, -0.09059607116301564, 0.06977900239688181, 0.9963301767005884, -0.03630120949193091, 0.07700167302290417,0.008896265332788358]
[0.44837957385629384, -0.14483802312484828, 0.12506049366605668, 0.9840648495074438, -0.08687250410488524, 0.15304576707509882,0.02542701663258474]
[0.47165806958250733, -0.20438455764253982, 0.18816596339643415, 0.9633061558225455, -0.1352413103185276, 0.22655124322764825,0.049250099794056854]
[0.47924134045724687, -0.2657014453997441, 0.25794122394963087, 0.9343944526961708, -0.18050469621543896, 0.2965353434371271,0.07994905570061894]
[0.47074767737675105, -0.3250289030613708, 0.3330770009063985, 0.8977825792675618, -0.22180699409894242, 0.3620822755448079,0.11698086796040653]
[0.44671118174531643, -0.3785989195491108, 0.4121369667104684, 0.8540292832847327, -0.258352988581863, 0.422359916309154,0.15968662335433853]
[0.4085629893185669, -0.4228553226640499, 0.49358883332641473, 0.8037910624811281, -0.2894202048818594, 0.47663484245234755,0.20730436522665907]
[0.35855981773112755, -0.4546634853251016, 0.5758377529840665, 0.7478125440075043, -0.31437010799809123, 0.5242854026784527,0.2589838812756231]
[0.32729174229559654, -0.4811558924854241, 0.532400540315966, 0.7803577092834749, -0.30115744420695983, 0.46502406124379075,0.28999769279239285]
[0.2921976497807281, -0.5028081562055025, 0.48912128784885756, 0.81110012889404, -0.286058797843043, 0.40419020165867403,0.3113153159865179]
[0.2540440473438208, -0.5191115321287365, 0.44625968183668163, 0.8399077302630055, -0.2691742374597635, 0.3432285629753121,0.3229464167478931]
[0.21366306599380352, -0.5296816804319251, 0.4040719910790724, 0.8666560849826335, -0.2506123465140181, 0.2835586998096776,0.32510789885752944]
[0.17193228374788272, -0.5342667593688296, 0.3628091764589313, 0.8912289822874527, -0.23048969514796278, 0.22654581285241113,0.31821752975050127]
[0.12975361033138064, -0.5327522464432136, 0.3227150430304167, 0.9135189639400673, -0.20893027341792383, 0.17347283793381413,0.3028835054448603]
[0.08803176432096299, -0.5251623905617318, 0.28402445015655703, 0.9334278178989022, -0.1860648887662318, 0.12551435484410461,0.2798901796579725]
[0.047652880878582764, -0.511658284720156, 0.24696159469666037, 0.9508670283432223, -0.1620305307120213, 0.08371283895929353,0.250180259253775]
[0.009463781462526681, -0.4925326348433851, 0.21173838160928485, 0.9657581798485767, -0.13696970590214758, 0.04895773002647822,0.21483383902751035]
[-0.025747583635913396, -0.4682013840533286, 0.1785528955725015, 0.9780333137349356, -0.11102974681250019, 0.02196773422430927,0.17504471200371446]
[-0.05727004279517391, -0.43919243067336705, 0.14758798633650683, 0.9876352348490179, -0.08436209752234265, 0.0032767090332976425,0.13209444562231734]
[-0.08448502940573951, -0.40613175061961987, 0.11900997952243378, 0.9945177672904177, -0.057121580099213226, -0.006776593105648439,0.0873247583250739]
[-0.10687995272902712, -0.3697272985915296, 0.09296752347469497, 0.9986459578468654, -0.029465645228770286, -0.008054725388480049,0.04210876424552982]
[-0.12405880519832452, -0.33075111601008617, 0.06959058157256426, -0.9999962261659514, 0.0015536108022702834, 0.0006235774144803145,0.002178324709289882]
