[0.22926509856454005, 0.03150309743318111, 0.016773504377205317, -0.9998807347587816, -0.015432354203709624, 0.0005982452765415904,2.8364760128791672e-05]
[0.240182326657354, 0.024457399425601968, 0.0273163871064403, -0.9998197963531739, 0.0011474384276017777, -0.0006973659476589317,0.01893599445733695]
[0.2508921559684464, 0.017718852633444346, 0.03863799511979851, -0.999057068652812, 0.01607617653967373, -0.004720902087702387,0.04005300495835939]
[0.2616090750039348, 0.011210379015043313, 0.05086206835040394, -0.9975193960417149, 0.029202534987282633, -0.011942109654980191,0.0629257696645624]
[0.2724982150840642, 0.004804039261798412, 0.06412319196844049, -0.9951270807717787, 0.040388843498055216, -0.022755145237931606,0.08702320265727007]
[0.28366493787356334, -0.0016657823097309399, 0.07856155536158532, -0.9917947770849868, 0.0495123184713254, -0.03746694010851241,0.11174917836584382]
[0.295147773091347, -0.008387382427302144, 0.09431742547778402, -0.9874324637295729, 0.05646617985105146, -0.05628757379587427,0.13645662000118763]
[0.3069149959050456, -0.015555693599217817, 0.11152548104931884, -0.9819464858415535, 0.06116064388897397, -0.07932288899912754,0.1604629361047035]
[0.318864964799602, -0.023355988462141195, 0.13030915836435644, -0.9752406564921312, 0.0635237836017843, -0.10656952959470138,0.18306645297179605]
[0.3308301683866078, -0.031948136138444355, 0.1507751596516038, -0.9672174076152383, 0.0635022497802089, -0.1379125286838139,0.20356346703410827]
[0.3425847613377601, -0.041452179873900416, 0.17300827178153164, -0.9577789795330566, 0.0610618465200551, -0.1731255158499315,0.2212655260673781]
[0.35385521278680626, -0.05193593791416591, 0.19706663594206225, -0.9468286378951963, 0.05618795640636904, -0.2118735533503836,0.23551654168462488]
[0.36433355198789263, -0.06340523137390824, 0.22297759838603506, -0.9342719065429166, 0.04888581168250832, -0.2537185511845944,0.24570933813267395]
[0.37369258171722314, -0.07579721838987966, 0.2507342585266832, -0.9200178046061303, 0.03918060896637457, -0.29812715220664276,0.25130125388843183]
[0.3816023447082071, -0.08897716888883067, 0.2802928139101642, -0.9039800760398777, 0.027117466326309136, -0.3444809220037006,0.2518284327046075]
[0.3877470758359543, -0.10273885546469361, 0.3115707823271656, -0.8860783998095261, 0.012761222789057234, -0.39208862541524264,0.24691846914296153]
[0.39184185485625445, -0.1168085703296129, 0.34444616000687306, -0.866239569040325, -0.003803918388452526, -0.44020032351235827,0.23630110963205744]
[0.39364819174202037, -0.13085261349987376, 0.3787575519849168, -0.8443986276564193, -0.022474900103219928, -0.4880229826777766,0.21981675290021235]
[0.39298782796598686, -0.14448794062511466, 0.4143052869089338, -0.8204999533453695, -0.04313047163824622, -0.5347372520807148,0.19742254231387865]
[0.3897541198667811, -0.15729551707114273, 0.45085350432219595, -0.7944982760942166, -0.06563199373787708, -0.5795150381301143,0.16919589611560276]
[0.38392048054349126, -0.16883580420154698, 0.48813317843865456, -0.7663596220488278, -0.08982438236552301, -0.6215374850490779,0.1353353786143815]
[0.37554548939966026, -0.17866570945428462, 0.525846019178979, -0.7360621730455456, -0.11553718387659974, -0.6600129599921721,0.09615887476310205]
[0.3621997558680052, -0.21176267746918742, 0.4715591655630968, -0.7868704652417057, -0.0860581447416545, -0.6064899106507059,0.07482549654245772]
[0.34086534516632827, -0.24157484765846343, 0.41930293684468256, -0.8317711426383847, -0.058787335774113506, -0.5491860344938471,0.05563735205364271]
[0.31266082072489404, -0.26748593134821697, 0.36998201478498133, -0.8708077601345021, -0.03440816611967996, -0.4888765810149195,0.038853719628566846]
[0.27884808589973853, -0.28912597875425733, 0.3243182100465859, -0.9041062433484336, -0.01353308515874543, -0.42637990733983355,0.024676526525111705]
[0.24076451783864944, -0.3063633821870869, 0.2828291528273871, -0.9318663407421593, 0.0033063577569046147, -0.36254479466725054,0.013246239084458265]
[0.1997588022714053, -0.3192819818868895, 0.24581759609407489, -0.9543519062304806, 0.015667699178104007, -0.2982372239271939,0.004639023702642605]
[0.1571340842341279, -0.3281459689305119, 0.21337166699616053, 0.9718802548791561, -0.023203856950329466, 0.23432683053368777,0.0011347645975689122]
[0.11410121909179612, -0.33335600647332736, 0.1853758293773348, 0.9848108498394071, -0.025667438322184606, 0.17167326430723678,0.00413073488127254]
[0.07174392845376898, -0.33540042915617124, 0.1615317640453817, 0.9935335886166574, -0.022913004931297314, 0.11111268291552873,0.004469249471486661]
[0.030996619321592984, -0.3348055088678933, 0.14138786299722106, 0.9984569609590365, -0.014897280623875922, 0.05344460547796871,0.002332871141590803]
[-0.007365403414395825, -0.3320885956075337, 0.124375595998101, -0.9999963490261762, 0.0016773298396016028, 0.000580652675396341,0.0020374840853446667]
