[0.3868106294923483, 0.06416385895769054, 0.08452004906560295, -0.999877116366085, -0.015654247025390297, 0.000831666723485089,7.104908101901339e-05]
[0.41753621018303555, 0.0622592441849947, 0.12333803981187719, 0.9928206982045379, 0.10687905705379204, 0.05120780659792669,0.016176802013246196]
[0.4445860130481894, 0.0599474494647448, 0.16598698896872638, 0.9748303908682395, 0.19466487335329596, 0.10044980101766952,0.04148654718738998]
[0.46749250825603395, 0.057167700240252625, 0.21211521164920014, 0.9466206262989669, 0.2775990752570906, 0.14551229350102732,0.07532805401595602]
[0.4858223924613765, 0.05386282803608848, 0.2613115871520265, 0.9090962173304192, 0.3543958670527916, 0.1851090031888175,0.11697133832638645]
[0.4991843453165667, 0.04998059138343593, 0.31310919144501775, 0.8633311735087177, 0.4239223045724562, 0.21807774288783688,0.1655030591589926]
[0.5072363472981951, 0.045474952850148645, 0.3669900179709794, 0.8105439503537573, 0.48522088879945713, 0.24340602097488007,0.21984699809359987]
[0.5096924055920583, 0.04030728486389652, 0.4223907238891883, 0.7520696785549038, 0.5375282394996688, 0.26025333749849533,0.27878807481598805]
[0.5063285450114968, 0.03444747808820811, 0.4787093162038447, 0.6893299856038627, 0.5802894478434545, 0.26796969014160354,0.34099937365680083]
[0.49698793442558453, 0.02787492778640697, 0.535312671368708, 0.6238010749766181, 0.6131678017974446, 0.2661098882059315,0.4050715900873974]
[0.4815850356225288, 0.020579375849678165, 0.5915447633802609, 0.5569807660141985, 0.6360496796571635, 0.25444336410731594,0.4695442532499027]
[0.46010868053954845, 0.012561588921394654, 0.6467354595082825, 0.49035522026670375, 0.6490445132372051, 0.23295927004527084,0.5329380417026424]
[0.43262400390398836, 0.0038338562566153853, 0.70020973002273, 0.4253660867428211, 0.6524798306056576, 0.2018667503942833,0.593787485542735]
[0.39927318105463855, -0.005579705461167442, 0.7512971088432296, 0.36337878908432336, 0.6468914964625607, 0.1615903857157256,0.6506733394663432]
[0.36027494451543485, -0.015643049247774835, 0.7993412361636723, 0.30565265235235783, 0.6330093739372405, 0.11276090980864717,0.7022539183491096]
[0.31592287722286694, -0.026308301713258538, 0.8437093119040933, 0.2533135264108848, 0.6117387323882069, 0.056201404598876556,0.7472947094382951]
[0.34246223989703883, -0.06276590447592327, 0.7968308048895026, 0.3110024434715017, 0.6297981384061612, 0.02615456735545317,0.7113000236337257]
[0.3596192598762927, -0.10511403003412187, 0.7473625585221727, 0.3730086829779484, 0.6401643296915873, -0.0013390593760306668,0.6716043182809094]
[0.36634296824965207, -0.15092508758611073, 0.6958211634047482, 0.43820613681338066, 0.6421171854538229, -0.025880701946764135,0.6284831668952614]
[0.3621866586236178, -0.19761093446041417, 0.6427510926073754, 0.5053656293939126, 0.6351051340364333, -0.04710026102655315,0.582261637718895]
[0.34732708440126014, -0.24256950632129487, 0.5887166330730659, 0.5731803003535533, 0.6187588616378068, -0.06466269614483516,0.5333109319698753]
[0.32254832598722416, -0.28333195255695115, 0.5342933356891907, 0.6402927179380878, 0.5929011951181049, -0.0782739899209875,0.48204417918363945]
[0.2891911255646597, -0.31770173317924116, 0.4800591567451726, 0.7053231471939567, 0.557552951638782, -0.08768658022090015,0.42891144517307744]
[0.24907057159025964, -0.3438775478688948, 0.42658547282267456, 0.7668983739290282, 0.5129346343546063, -0.09270415606476341,0.3743940229128123]
[0.20436694175659664, -0.3605528957469669, 0.3744281562172833, 0.8236804752544871, 0.45946394213012276, -0.09318572264123784,0.3189980903745667]
[0.15749615431666433, -0.36698645187683476, 0.32411889861100973, 0.8743949304576808, 0.3977491503534252, -0.08904885210676301,0.26324783175081273]
[0.11096752347893139, -0.36303920744494417, 0.2761569668538624, 0.9178574818850077, 0.32857850744104466, -0.08027204978412632,0.20767812937086816]
[0.0672372807781981, -0.3491763428973957, 0.2310015664326864, 0.9529991840295777, 0.2529058756828723, -0.06689617971009083,0.15282694273011566]
[0.0285665583738363, -0.32643395626931215, 0.18906497567919403, 0.978889119445528, 0.17183292386350324, -0.04902490898013399,0.09922749824100377]
[-0.0031077847203278414, -0.29635291213515563, 0.15070659727592428, 0.9947543115182235, 0.08658825093778608, -0.02682414673906956,0.04740041842812465]
[-0.026281956149163038, -0.2608840697263563, 0.1162280535380259, -0.9999964253407778, 0.0014961165851172986, 0.0005204706914727427,0.0021540777817224306]
