[0.2764842162978644, 0.06165551697805874, 0.17462707049180487, -0.99987903520457, -0.015545387119033983, 0.0004901203383586931,0.00012521881666693668]
[0.2990034331732572, 0.037242362308398176, 0.20948508351564146, 0.998664445546059, 0.03340988470199891, 0.0264725467418066,0.029194332932691136]
[0.31731854664569015, 0.009629580004731977, 0.24642415883721605, 0.9956562898722127, 0.04670055668393488, 0.05060973772788903,0.06265991454211943]
[0.33078405017222673, -0.020583380355164646, 0.2853440384931157, 0.9909288259923007, 0.05524176171118525, 0.0713842376299942,0.09956254415466748]
[0.3387961613941531, -0.05270280359532149, 0.32606950464496576, 0.9845630316977134, 0.05891258031348593, 0.08837076616484343,0.13912423290876855]
[0.3408208586849691, -0.08594424032247497, 0.3683418842913351, 0.9766453011718634, 0.05764802894375347, 0.10126415225482586,0.18051656967140736]
[0.3364232309089441, -0.11944183482063654, 0.4118145484039393, 0.9672661168461438, 0.05143967041074612, 0.10988461180528665,0.22288021804955577]
[0.32529638530974797, -0.15226381817466664, 0.4560527827912848, 0.9565187157283983, 0.040335614960913146, 0.1141800376654031,0.26534487676559343]
[0.30728805285984595, -0.1834341090574502, 0.5005382107468543, 0.9444977691681452, 0.024439912852862507, 0.11422527916306331,0.30704924734684214]
[0.2824230434237147, -0.21195951981612696, 0.5446777403431659, 0.9312980947037689, 0.0039113458402843075, 0.11021845722162929,0.34716055631729226]
[0.2509198370954069, -0.2368616318145898, 0.5878168011043174, 0.9170134180653734, -0.02103836853467592, 0.10247442825687128,0.3848931925754048]
[0.2503413304355459, -0.2515195324813689, 0.5596354073794451, 0.9247295297222209, -0.0017406602377554791, 0.06824505747571315,0.37445277284564726]
[0.24679366958086768, -0.26645600115860646, 0.5304386121999178, 0.9322216175401495, 0.01563328594658137, 0.03664500979119109,0.3596881974971425]
[0.24028078017001767, -0.2811692732405237, 0.500466020994472, 0.9394663045801457, 0.03098742509740736, 0.008168248444204178,0.34113944621182635]
[0.23089550012784688, -0.2951755565203876, 0.46995042819730115, 0.9464386848671771, 0.04423954607130905, -0.016789583039249517,0.31939753952036204]
[0.21881147529539072, -0.30802362243495895, 0.4391145747453554, 0.9531125517230224, 0.055321743781390514, -0.03793559899464007,0.29508788308219847]
[0.20427279289523445, -0.3193068326632964, 0.40816837035707054, 0.9594606385803609, 0.06418080656318109, -0.0550814136499621,0.26885338932992436]
[0.1875820655185829, -0.32867230483594445, 0.37730662997929376, 0.9654548703048058, 0.07077851636609346, -0.06814221470242295,0.24133779977698155]
[0.16908770008318982, -0.3358271041725171, 0.346707359633443, 0.971066622976366, 0.0750918600165995, -0.07713326112453713,0.21316961868150455]
[0.149171063322766, -0.3405415260703158, 0.3165306120731335, 0.9762669900217588, 0.07711315031714544, -0.08216395983615059,0.18494704632965703]
[0.1282341910554872, -0.3426496975503516, 0.2869179175464019, 0.9810270525445048, 0.076850056269991, -0.08342973329777045,0.15722426857519142]
[0.10668858833887712, -0.3420478637593268, 0.2579922799041183, 0.9853181516710721, 0.07432554224455924, -0.08120194161868514,0.13049941928955205]
[0.08494553924822332, -0.3386908318691203, 0.22985871367654814, 0.9891121607187096, 0.06957771643745393, -0.07581616723251476,0.10520448507495601]
[0.06340819753361272, -0.33258711327969964, 0.2026052839046355, 0.9923817549940717, 0.0626595895029106, -0.06765920655125218,0.08169736817712328]
[0.042465572892176076, -0.3237933330035959, 0.1763045977934968, 0.995100677051259, 0.053638744755046236, -0.057155140444758445,0.06025626535032875]
[0.022488372458186565, -0.31240846203720496, 0.15101568595698972, 0.9972439952733122, 0.04259692185876854, -0.04475087330309138,0.041076458928331915]
[0.003826513504046015, -0.2985683765084813, 0.12678620141311847, 0.9987883536922523, 0.029629516430625648, -0.03090153845331835,0.024269553066053176]
[-0.013191999486775626, -0.28244116093523625, 0.10365485679832359, 0.9997122110290727, 0.01484499846122598, -0.016056165690340674,0.00986512460000909]
[-0.028261234450571177, -0.2642234586435751, 0.08165401467566424, -0.9999960670161842, 0.001635747055664882, 0.0006439947551478888,0.0021853042096922006]
