[0.2730455746182055, 0.0700154809774467, 0.08452972566267708, -0.9998790989161, -0.015539324401029125, 0.0005621148055141754,3.1222319397436864e-05]
[0.3018818021286716, 0.048696533189765585, 0.09936316903480363, -0.9972551140456727, 0.07243423216875818, -0.015057931434431585,0.002962806235822866]
[0.3286270325135806, 0.022708137972517556, 0.11429882801009755, -0.9866537281749, 0.15980841899122805, -0.030687078314169773,0.005830362135826062]
[0.3526489719859817, -0.007703244252320772, 0.12932148811943828, -0.9681645526629521, 0.2458398246834947, -0.04632108313025096,0.00863347115447246]
[0.37334733861319375, -0.04221101163281954, 0.14441592556531582, -0.9419481026768837, 0.3297968259232348, -0.061955700695930656,0.011371746816351593]
[0.3901637222454385, -0.08041272977733759, 0.15956692273744566, -0.9082343331025393, 0.41096647693091864, -0.07758668455700019,0.014044835072985224]
[0.4025908605035833, -0.12183563546357747, 0.17475928362915374, -0.867320495488081, 0.4886612227153036, -0.09320978820787314,0.016652414327597644]
[0.41018118730958497, -0.16594325635427715, 0.18997784913880716, -0.819568336820316, 0.5622253684804233, -0.10882076630756775,0.0191941954472552]
[0.41255452100190987, -0.21214305077192386, 0.20520751224079078, -0.7654006677122225, 0.6310412400131603, -0.12441537589522085,0.021669921762386996]
[0.38120498400616976, -0.2620930415333215, 0.20303559802981008, -0.776808011093696, 0.6176484569866328, -0.12275625481965927,0.0032556697220607342]
[0.3438584804199571, -0.3075197650905137, 0.20087486593903542, 0.7879712779045899, -0.6040419193848777, 0.11845866873250427,0.014218601385639682]
[0.3011558380484619, -0.3477102348158273, 0.19872538015026014, 0.798886338117525, -0.5902262477575063, 0.11175958050648942,0.030387355796124078]
[0.2538216737307849, -0.3820409431901355, 0.1965872042464942, 0.8095491521053519, -0.5762061444358124, 0.10294469115054812,0.04493372902219651]
[0.2026520476276882, -0.4099875701290632, 0.19446040120938218, 0.8199557722911511, -0.5619863917162076, 0.09233937397839004,0.0575957205484811]
[0.14850101248014352, -0.4311330050441102, 0.19234503341665277, 0.830102344760972, -0.5475718500099096, 0.08029887382473706,0.06817079405097769]
[0.12075741313796864, -0.42729952206811944, 0.18338886306236812, 0.8614661417443288, -0.4989170879540727, 0.06457603801586694,0.06919365064615428]
[0.09389633838641591, -0.42158174540137616, 0.17452273199990742, 0.8898719938715616, -0.4484201834223285, 0.049766267310489505,0.06760541591113856]
[0.0680500990030695, -0.41407070884741354, 0.16574995144927065, 0.915209456234285, -0.3962670454606866, 0.03625016522225509,0.06363965291044758]
[0.04334305832874953, -0.4048669124159363, 0.1570737791756569, 0.937380102341858, -0.34265030862410994, 0.024365517097481394,0.05758151882281937]
[0.01989094844683368, -0.3940796702128457, 0.14849741824450094, 0.9562979380639729, -0.28776853842156497, 0.014400625516983232,0.04976086749676046]
[-0.002199761569157936, -0.38182640871997037, 0.1400240158037383, 0.9718897621497294, -0.23182541112501695, 0.006588682146014701,0.04054452185978435]
[-0.022832441736263635, -0.36823191956833645, 0.13165666189377598, 0.9840954717319658, -0.17502887157833386, 0.0011032763330625429,0.030327865272524797]
[-0.041920818288966856, -0.3534275711703828, 0.1233983882856331, 0.9928683114751607, -0.11759027274069937, -0.0019448800531777753,0.019525912701080412]
[-0.059389428910471775, -0.3375504838130082, 0.11525216734770505, 0.9981750652808612, -0.059723500780543164, -0.002509954215690062,0.008564031521452744]
[-0.07517401348387318, -0.3207426730233881, 0.1072209109415879, -0.9999961897251091, 0.0016440895998202725, 0.000611686236798929,0.002131512279917519]
