[0.37547112834098717, -0.04286513907386625, 0.1202256013980931, 0.9998799338245946, 0.015470894141447488, -0.000872907296035422,8.603627942420125e-05]
[0.3953545297696882, -0.0546154231225155, 0.12632924315566232, 0.9995717980881526, 0.004785811795482853, 0.028832184484741584,0.0014218333637008428]
[0.41532179422862014, -0.09726041798695816, 0.13599226375378923, 0.9975691824832105, -0.01043750191730003, 0.06827199581790708,0.009258471825598977]
[0.42969694176915385, -0.14432772163039576, 0.1471768169853663, 0.9937289573745455, -0.025854896095609925, 0.10612288105987054,0.02392107311006563]
[0.43768950527155775, -0.19499708944645386, 0.15981526526497283, 0.9880507411240329, -0.04139385776416957, 0.14143704578531802,0.04514248091511131]
[0.43864132041692455, -0.24831337837819345, 0.17382973892437864, 0.98053891646274, -0.0569814874804346, 0.1733078801935707,0.0725322138735899]
[0.4320492322021224, -0.3032094348915497, 0.1891326997161151, 0.9712026355893624, -0.07254473269123153, 0.20088560949585976,0.1055825472344329]
[0.4175836639301046, -0.358532779767398, 0.2056275699275221, 0.9600558117295225, -0.08801062151768053, 0.22339206752498988,0.14367655699991505]
[0.3951024181394886, -0.41307532352982307, 0.2232094224869186, 0.9471170971642561, -0.10330649625977142, 0.24013434930954056,0.18609800206172733]
[0.36465922242471105, -0.4656052426355727, 0.2417657270184152, 0.9324098477756053, -0.11836024591312702, 0.2505171158190239,0.23204288965657785]
[0.3265066933993221, -0.5149000698276712, 0.26117714641413187, 0.9159620741966782, -0.13310053699378394, 0.25405334526920853,0.28063254166758733]
[0.2810935641038345, -0.5597800049778212, 0.28131837814497773, 0.8978063796927106, -0.14745704197222706, 0.2503733499434453,0.3309279543857947]
[0.22905619847638947, -0.5991404370318747, 0.30205903422618957, 0.8779798849384616, -0.16136066462541981, 0.23923190504630423,0.3819452227257268]
[0.17120459537321128, -0.6319826840444952, 0.32326455349366945, 0.8565241398955714, -0.17474376162515057, 0.220513366221092,0.43267178191683264]
[0.13702485116009558, -0.6225299487924312, 0.2992909758119978, 0.8810235792085046, -0.160546401050212, 0.17769331790324672,0.4079796450326859]
[0.10343150956275671, -0.6090699376331403, 0.27587463530286405, 0.9033676368432457, -0.14574174813947322, 0.13831334503573556,0.3788874161786402]
[0.07084764079104525, -0.5917041325483811, 0.2532238892836253, 0.9234956840098155, -0.130426315851733, 0.1028440513113227,0.34578577017925605]
[0.03968799964303076, -0.5705895781188838, 0.23153917468914592, 0.9413545720138771, -0.1146987225743676, 0.07171224164881357,0.30911668862434627]
[0.010351479504587606, -0.5459379205006458, 0.21101110450892452, 0.9568987897643437, -0.09865927921382997, 0.04529528373400824,0.269368502323486]
[-0.016786323563257297, -0.5180133708400239, 0.19181864962200662, 0.9700905933671833, -0.08240956949665325, 0.02391603725755894,0.22707031218937015]
[-0.04138028073239273, -0.4871296089083801, 0.1741274238296154, 0.9809001073717395, -0.066052025127027, 0.007838419411859223,0.18278585425533514]
[-0.06312248094719398, -0.453645665640798, 0.1580880889460156, 0.9893053973422536, -0.04968949746803132, -0.0027363324659210172,0.1371068820865542]
[-0.08174841467387726, -0.4179608457152434, 0.14383489569994326, 0.9952925135348579, -0.0334248274281582, -0.007672648722660781,0.09064614649526764]
[-0.0970424526867324, -0.3805087728043128, 0.13148437493261148, 0.9988555055687275, -0.017360415242779863, -0.006902822536249455,0.04403005812707339]
[-0.10884249411583063, -0.34175066018246375, 0.12113419216610441, -0.9999964080889008, 0.0015977918416798726, 0.00042837906154113075,0.0021088769303228994]
