[0.3141256501905976, -0.03675024766762366, 0.1029363714983732, -0.9998786669892237, -0.0155683403655937, 0.0005259064729591612,3.87362396162242e-05]
[0.3769886862199859, -0.045809127549663, 0.1483867971476606, 0.9957639849625363, 0.05221024655934347, 0.07341329657501966,0.018402833796215056]
[0.4345600408697282, -0.05358745935363507, 0.20080032760822497, 0.9845452909764661, 0.087926597285877, 0.14570863028751052,0.04133374608634977]
[0.4858541064456935, -0.05997611345367805, 0.25942780475441907, 0.9663596175233236, 0.12213211756920615, 0.2157166182498246,0.06855053675280157]
[0.5299940992506538, -0.06488735127942143, 0.3233825772273756, 0.9414139864486136, 0.15425880420323268, 0.2828175007189482,0.09979072467823068]
[0.5662316845445499, -0.06825633014006288, 0.39165775091362, 0.9099831441053826, 0.18376303618708908, 0.3464218844317911,0.1347356744225969]
[0.5939638542018776, -0.07004212319219194, 0.46314625431752554, 0.8724065109416433, 0.21013239848014914, 0.40597704641387905,0.17301413977092028]
[0.6127466517103426, -0.07022823749592677, 0.5366632617548306, 0.8290843819803316, 0.23289213519225418, 0.46097281842780025,0.2142064461976228]
[0.6223054142063532, -0.06882262565415387, 0.6109704597083085, 0.7804734237856238, 0.2516111528861736, 0.5109469837243957,0.2578492628079031]
[0.6089678216382128, -0.13820547004554629, 0.5655767315265172, 0.8113847319388212, 0.23946737733639514, 0.4526971811695211,0.28173649768776127]
[0.5846760735945513, -0.20412618298661547, 0.5203854514238886, 0.8403146633093421, 0.2256645711130338, 0.39353877857664277,0.2967726364206812]
[0.5502797462105491, -0.2646909636685837, 0.4756876937540601, 0.8671437118053437, 0.21030572991233315, 0.3347180814530238,0.3029803442319307]
[0.5069640723786627, -0.3182028552464228, 0.43176953545083574, 0.8917605251058143, 0.1935013209527877, 0.27746575105321153,0.30055475648374946]
[0.4562058851914287, -0.363221560542639, 0.3889097969539127, 0.9140624046147616, 0.1753687366576148, 0.2229730242912835,0.28985989220896186]
[0.3997189329388551, -0.39861359641057353, 0.3473778494032215, 0.9339557657931279, 0.15603171550779765, 0.17236862063691555,0.2714217933718536]
[0.339390656907621, -0.42359091503908186, 0.30743150748196324, 0.9513565566750365, 0.13561973286463488, 0.12669678596765852,0.24591851202097173]
[0.27721284777369154, -0.4377365689246493, 0.26931502649378447, 0.9661906325761802, 0.11426736470702517, 0.08689690255265788,0.21416712915783026]
[0.2152088254852732, -0.44101649959602107, 0.23325722129060852, 0.9783940852131764, 0.0921136273605768, 0.05378506512852644,0.17710804737071914]
[0.1553599122582022, -0.43377706827480383, 0.19946972353368222, 0.9879135246724838, 0.06930129641240444, 0.028037985950181112,0.13578685292990406]
[0.09953398394761412, -0.41672849795228095, 0.16814539248220622, 0.9947063128949104, 0.0459762081065886, 0.010179547466913198,0.09133409105323938]
[0.0494187913374469, -0.3909149388359384, 0.13945689307379058, 0.9987407475757363, 0.02228654660022092, 0.0005702707365039286,0.04494333948187496]
[0.006462543946263855, -0.3576723811688591, 0.11355545350263627, -0.9999961956198573, 0.001617879471693748, 0.0006000881779013982,0.0021520004661542995]
