[0.3391437640670478, 0.045966739573952, 0.11510722621692401, -0.9998802589388337, -0.015461267003991966, 0.000639681339892813,8.840150369825603e-05]
[0.3321325824588607, 0.00708073357416567, 0.1231408151902805, 0.9992041431387401, -0.023003791784273624, -0.02117753258763712,0.02476727702881359]
[0.32084104241040823, -0.032265096589519704, 0.13246263615640738, 0.995742754425386, -0.06408293678680026, -0.0428504373011974,0.05053300154573209]
[0.30505958572832115, -0.07132631507029738, 0.1432353477795436, 0.9890286618368221, -0.10766640471495734, -0.06571974342215098,0.07688411204889396]
[0.2846895316696498, -0.1092867921693336, 0.15560113625387476, 0.9785926982303758, -0.1535630747519976, -0.08981513872406094,0.10347924380707017]
[0.2597639530358339, -0.14527722143876753, 0.16967310207498812, 0.963977029877681, -0.20149900958780786, -0.11513282005932962,0.12996487505677562]
[0.23046581867106203, -0.17839952799901215, 0.1855274773887403, 0.9447484831430296, -0.2511180367229842, -0.1416341798984348,0.15598010871850557]
[0.19714173787300704, -0.20775679056420795, 0.20319697962719568, 0.9205118165939851, -0.3019844032773419, -0.16924503524099752,0.18116162323832036]
[0.16030968439203025, -0.2324878296207492, 0.22266557061562917, 0.8909226236648212, -0.3535874906194896, -0.19785541634252019,0.2051487249376219]
[0.13999410605039225, -0.24568586329340217, 0.2053665788179177, 0.8958041242247768, -0.33306347659334773, -0.23502577289747525,0.17710611975699173]
[0.11776937888431656, -0.25631946328333277, 0.18791142974822303, 0.8999468438583995, -0.3124808577938791, -0.26816542518885494,0.14331328087441128]
[0.09400836935595895, -0.26407717397580943, 0.17037561040162974, 0.9033452027494837, -0.29187398191299907, -0.2964578759389454,0.1043539704348308]
[0.06913435623103013, -0.2687050806648451, 0.15283518133555954, 0.9059950088088421, -0.27127712988147235, -0.31917122783744695,0.060922000438870215]
[0.06282443854029202, -0.269901630984953, 0.14082208291371634, 0.9208187628590639, -0.24819496113921855, -0.2996749998117807,0.026209954590083986]
[0.05662693226516875, -0.2714435598447152, 0.1296129797509771, -0.9341333054952354, 0.22550150962640492, 0.27663562051519125,0.004095141381320674]
[0.050390300920248945, -0.27340716859252706, 0.11921180754912772, -0.945996738508327, 0.2032671065852068, 0.2507901325079524,0.029613570347570655]
[0.04394664096774566, -0.27583614511083765, 0.10961601658521755, -0.9564712031638261, 0.181554846277897, 0.22291866638329327,0.050079371893491036]
[0.037117601225239036, -0.2787385003191715, 0.10081701636746032, -0.9656221935484669, 0.1604203793796081, 0.1938274051824471,0.06534537632143236]
[0.0297208374632, -0.2820845380898953, 0.09280068540848119, -0.9735178601686885, 0.13991176839170164, 0.1643309639410549,0.07538572337179447]
[0.021576824437865745, -0.28580594863379705, 0.08554793781001113, -0.9802283091580348, 0.12006940536542259, 0.13523455272019944,0.08029580045644895]
[0.012515832882605812, -0.2897960848995045, 0.07903533771147622, -0.9858249024390352, 0.10092599177219198, 0.10731629810830524,0.08028958884062051]
[0.0023848694993867173, -0.29391144867200136, 0.07323575213156197, -0.9903795641356535, 0.08250657990707519, 0.08131009703786314,0.0756944603931088]
[-0.008945625884538703, -0.2979743787520687, 0.06811903233277117, -0.9939640984456285, 0.06482867476883353, 0.05788936782575355,0.06694352113252373]
[-0.021575529891846686, -0.30177689880641845, 0.06365271356865229, -0.9966495240586931, 0.04790239492655071, 0.03765204676169805,0.05456564971240104]
[-0.035569428001214515, -0.3050856481818691, 0.05980272293465866, -0.9985054300477455, 0.03173069046213352, 0.02110715463908558,0.0391734281242417]
[-0.05095183234477633, -0.30764778616093447, 0.05653408503770818, -0.9995993579667685, 0.016309615672905276, 0.008663226802747758,0.021449207220571198]
[-0.06770338846407613, -0.30919772975793086, 0.05381161532611628, -0.9999962146631347, 0.001628653831827865, 0.0006188631806714934,0.0021295902098094023]
