[0.33305453289267317, -0.04169626471029364, 0.11243089802952294, -0.9998777939414475, -0.015621748960900636, 0.0005968895337867563,4.318647637791359e-05]
[0.3466231264522252, -0.07067670176893556, 0.13280043361355165, -0.9997231585121844, 0.0006584888289340167, -0.020418238137071543,0.011673400458395572]
[0.35673935438608206, -0.1019594403789015, 0.1542345791923938, -0.9987163225016349, 0.015680580504685432, -0.04367704612599353,0.020301285810378034]
[0.3630922829944713, -0.13506282809784564, 0.176718374499319, -0.9968695505944852, 0.02937644464881365, -0.06882190597998061,0.02552780551922099]
[0.3654355651908893, -0.1694610497421175, 0.2002319721218866, -0.9941969987661601, 0.04168313480736014, -0.09542553801338623,0.026996492584175382]
[0.36359476967082716, -0.20459191896158754, 0.22474964945954098, -0.9907146361128364, 0.05254306442698311, -0.12299641091619835,0.0244053083194229]
[0.35747397391643504, -0.23986613083400105, 0.2502388728799507, -0.9864401613182288, 0.0619042123740477, -0.15098610848587468,0.017517753083873024]
[0.34706129001708963, -0.2746779550618133, 0.27665943321755804, -0.9813929141561518, 0.06972030831329859, -0.1787985509703751,0.00617291047149503]
[0.33243297795694776, -0.3084172700797011, 0.30396267085728906, 0.9755937824457158, -0.07595099729676272, 0.20580090775882232,0.009705875979712949]
[0.3137558058594086, -0.3404827538374179, 0.33209080745841985, 0.9690651048919832, -0.08056198298895405, 0.23133599040457437,0.030103968527622506]
[0.2912873419834113, -0.37029596179477064, 0.3609763999145683, 0.9618305702589451, -0.08352514903193022, 0.2547358714422069,0.054910284966717064]
[0.2653739092590447, -0.3973159416024838, 0.39054193043608876, 0.9539151133337138, -0.08481865813296348, 0.27533643630714005,0.08391423376124067]
[0.23644599892855772, -0.4210539619104281, 0.42069954470484006, 0.945344808150825, -0.08442702853829052, 0.29249254391144797,0.11680488992625483]
[0.20501102340956107, -0.4410878743711105, 0.4513509479158288, 0.9361467589534652, -0.08234118763825587, 0.3055934469578673,0.15317251612366267]
[0.17164338676044738, -0.45707558733353437, 0.4823874662160151, 0.9263489893742464, -0.0785585025319027, 0.3140781066085261,0.1925124788538687]
[0.1369719601197108, -0.4687671103771873, 0.5136902786105301, 0.9159803303218474, -0.07308278746236073, 0.3174500282049849,0.2342315525988444]
[0.10166516447232743, -0.47601463323010923, 0.5451308218657599, 0.9050703070613884, -0.06592428811794625, 0.3152912457036179,0.2776565466446044]
[0.06641397878636737, -0.47878013218738347, 0.5765713683337537, 0.8936490259758216, -0.057099642877415736, 0.30727509247884144,0.3220451314611925]
[0.037665465065499976, -0.47860188020541894, 0.5190273879226561, 0.9148262168905241, -0.07118778076381942, 0.26331419300515374,0.29781022232579424]
[0.010071223672200258, -0.47112100869422074, 0.46197893939312323, 0.9339807903012141, -0.08013163210534599, 0.22026832445976885,0.26970478328005165]
[-0.01577714041384884, -0.45682090549689414, 0.4061143862087989, 0.9509584480436216, -0.08388053427312896, 0.1788504242458384,0.23802229267781835]
[-0.03935242588285617, -0.4362835294214002, 0.3520238649629609, 0.9656156002021381, -0.08244093311918707, 0.13974350783257306,0.20312990230724387]
[-0.06019703633605124, -0.41016195858436344, 0.3001946049451815, 0.977820828787401, -0.07587632378998711, 0.10358999684895806,0.1654639623315922]
[-0.07792459078225877, -0.3791533469702243, 0.25101100075665933, 0.9874562888787399, -0.064306588098147, 0.07098161596772848,0.12552430233071232]
[-0.09221833542155457, -0.3439734992021346, 0.20475916177803627, 0.9944190304987435, -0.04790673477669109, 0.04245002379629706,0.08386734778606751]
[-0.10282691868956968, -0.30533411872405886, 0.16163547324592795, 0.9986222249996997, -0.02690505528328782, 0.01845833213999668,0.04109817163162525]
[-0.10955822125719543, -0.2639235818852302, 0.12175853829754146, -0.9999962804583752, 0.0015807140367064714, 0.0006063454527602849,0.0021384007438105704]
