[0.38986221763742257, -0.06833500191136722, 0.1054002827298833, -0.9998783402037775, -0.01558840367805085, 0.0005533607630597572,1.5936602262071812e-05]
[0.3964305788905231, -0.08653300467406401, 0.13254181646286878, 0.9964520747043558, 0.07888643571581165, 0.015530907286634432,0.024879388985548912]
[0.4005992479793873, -0.10540209567071203, 0.16072116229091, 0.9883794708674439, 0.13959806933751762, 0.02754152546827604,0.053477705447314734]
[0.40224723803733803, -0.12473292874011435, 0.1899012638732728, 0.9760266043407567, 0.19725454663484368, 0.03497066087766089,0.08508680466860996]
[0.40125375911673083, -0.14429872252447087, 0.22003308055446963, 0.959806480756182, 0.25143933907393223, 0.03742195033885067,0.11895114920560439]
[0.3975011937376985, -0.16385536675372134, 0.25105168257501664, 0.9401721064896104, 0.3017930300495784, 0.03461788900060151,0.1542691769392886]
[0.3908787403366346, -0.1831420783743758, 0.28287264574772364, 0.9176090566714705, 0.34801729449207697, 0.026404599275254015,0.19021140603555475]
[0.381286612062822, -0.20188269185891675, 0.31538887813660743, 0.8926276562273933, 0.3898779244896437, 0.012753903162810724,0.2259389503555163]
[0.36864065250932054, -0.2197876465911017, 0.3484680009948736, 0.8657548947572783, 0.4272068646024783, -0.006237321673819557,0.2606220498320728]
[0.35287720859529775, -0.23655670925355576, 0.3819503925169801, 0.8375261992325678, 0.45990323572983877, -0.03035046435378528,0.2934582230536121]
[0.33395808471202015, -0.25188244149012823, 0.41564798617798804, 0.8084771897651019, 0.48793334181560444, -0.05925108782134146,0.3236896602707108]
[0.31187539200350045, -0.265454393727834, 0.44934389599175323, 0.7791355430650788, 0.5113296691045641, -0.09249727271881998,0.350619493989827]
[0.286656102684046, -0.27696397594941913, 0.4827929194080878, 0.7500130856781994, 0.530188902855564, -0.12955019994601139,0.37362661079509346]
[0.26115649757120657, -0.29975087241575227, 0.4417599683316564, 0.7882179647157732, 0.5015194256914367, -0.13536096371212428,0.32995168624570004]
[0.23158485050037067, -0.3182787486786474, 0.40148335986010086, 0.8255057034094405, 0.46692932054457575, -0.1363033213640133,0.2862494503739783]
[0.19898167426922556, -0.33181396874152164, 0.3622369060462248, 0.8611010155283102, 0.42641854313727295, -0.13252934745599765,0.24312186077703155]
[0.16449569895600008, -0.33988172613406353, 0.3242593249649416, 0.8942231281659299, 0.38008977092225826, -0.12426662496722315,0.2011332121074491]
[0.12932148443068936, -0.34227351224532543, 0.28775338727831173, 0.9240992890338827, 0.32814920004179177, -0.11181114623316067,0.16080072791200858]
[0.09463992583917014, -0.3390402076993333, 0.25288596609057323, 0.9499783517627425, 0.2709055678584208, -0.09551906344260631,0.12258634917680487]
[0.061564789915610825, -0.3304726321522604, 0.2197889519340616, 0.9711442060977971, 0.20876739681780612, -0.07579747883225886,0.08688985666503081]
[0.0310977080969623, -0.31707202247253985, 0.18856097432235813, 0.9869288203101908, 0.14223848605262202, -0.05309448049225031,0.054043435011585615]
[0.004093227974298544, -0.29951330971275514, 0.15926985262489232, 0.9967246676102176, 0.07191170757846564, -0.027888641126966627,0.024307755687065846]
[-0.01876534177030532, -0.2786042170767959, 0.13195568249298134, -0.9999963167994091, 0.0015388063629723585, 0.0006782040208852269,0.0021303759995423997]
