[0.23638930896434743, 0.03102520805207247, 0.12394470448709141, -0.9998782558985021, -0.015591224442951532, 0.0006207827632762565,4.1599281940080975e-05]
[0.2646731072699355, 0.01237128070589585, 0.15656659647052565, 0.9979865104184039, -0.05184142550832425, 0.036517746965518356,0.0013585951289855917]
[0.28872097092908067, -0.010298582257421468, 0.19113519307678065, 0.9901277922834408, -0.1192336512086418, 0.07361604674864046,0.0033119523664381406]
[0.3079743630671651, -0.03623626214568939, 0.22744341790195696, 0.9762880972897453, -0.1859915607264641, 0.11061248463520158,0.005793847748274071]
[0.3005963964363357, -0.0722291248782792, 0.2212895373989796, 0.9797954489377754, -0.17197311205193286, 0.10031196733930686,0.01906924698342282]
[0.2889279227384704, -0.10694729370773311, 0.21515784402722662, 0.9830227403672738, -0.15790532297365267, 0.08859749062376615,0.02971002444586276]
[0.2731744427432873, -0.13986980847579977, 0.20905068322058992, 0.9859694668041441, -0.14379441750486135, 0.0759857428234153,0.0375971130801752]
[0.2536057292318455, -0.17050770598197096, 0.20297038818423843, 0.988635265791239, -0.1296466162158534, 0.06299700626703852,0.04270179550155425]
[0.23055094110428095, -0.1984120500688932, 0.1969192790553156, 0.9910199167139445, -0.11546813296173353, 0.05014036305443402,0.04508413179143701]
[0.20439272531226554, -0.22318122459807616, 0.19089966207015377, 0.9931233402506865, -0.10126517163174147, 0.037899440490862364,0.04488906853782002]
[0.17556041688650997, -0.2444673611094534, 0.18491382873827913, 0.9949455977491426, -0.08704392292185716, 0.026719048077100682,0.04234035275985552]
[0.14452246358369217, -0.2619817893450751, 0.1789640550234655, 0.9964868905289876, -0.07281056113237683, 0.016993033538408014,0.03773242640780959]
[0.11177821551029601, -0.27549941725840144, 0.1730526005321053, 0.9977475591120295, -0.05857124099211654, 0.009053653427633548,0.031420524728959315]
[0.07784923123514759, -0.2848619672706167, 0.1671817077091503, 0.9987280823806386, -0.0443320945108771, 0.003162715128188333,0.02380924386849216]
[0.04327026017207446, -0.2899800169863922, 0.16135360104188232, 0.9994290766654017, -0.03009922786177574, -0.0004952974677480226,0.015339878692030842]
[0.008580066249098918, -0.2908338149314775, 0.1555704862717577, 0.9998512947629751, -0.01587871829501614, -0.0018179516731426386,0.006476860182545855]
[-0.025687740010358635, -0.28747286469482813, 0.14983454961458004, -0.9999956248851377, 0.0016766110846432104, 0.0007873371620221411,0.0023063577448895864]
