[0.3671789475308945, 0.011445574737381382, 0.12632172321057458, -0.999878784623462, -0.01555443544262127, 0.0006861346518224973,6.940612153086953e-05]
[0.4076766840582393, -0.010107822233148161, 0.1438873222473387, 0.9981661124680273, 0.02288093426353681, 0.056043405320348794,0.00010718112071323981]
[0.4452533076039718, -0.03656279447576591, 0.164680712804856, 0.9931939586910529, 0.029871506419895916, 0.11227911680907948,0.008176396050499116]
[0.4790954739482494, -0.06752091981745192, 0.18852065852103558, 0.9849875393777587, 0.03644113398387635, 0.1670177443509565,0.024013831356871067]
[0.508461654141497, -0.10246082650477051, 0.21518516765015847, 0.973584014561896, 0.042506631618647865, 0.21927940599272544,0.04736976847585554]
[0.5327019407622482, -0.14075134007033216, 0.24441435462633765, 0.9590323306391548, 0.047987157546105975, 0.26812311429900926,0.07787308314223014]
[0.551275367900167, -0.18166778413852366, 0.2759137981425529, 0.9413930142075019, 0.05280471402710601, 0.3126616853658892,0.11503706134108108]
[0.5637642423239406, -0.22441096760528, 0.30935835160991154, 0.9207379182116178, 0.05688463473922693, 0.35207580199520044,0.15826703367207573]
[0.569885070675811, -0.2681283116671689, 0.344396355896473, 0.897149921477988, 0.06015605649735311, 0.3856270106064856,0.20686970766507384]
[0.5694957671222208, -0.31193650737756096, 0.38065419894352376, 0.8707225829317904, 0.06255237283522594, 0.41266944833479435,0.2600640510265326]
[0.5625989347238982, -0.35494504961614404, 0.41774116229005603, 0.8415597519855601, 0.06401166705124861, 0.4326601168144061,0.3169935545677034]
[0.5187058444456225, -0.3942610801709767, 0.3917202279610483, 0.8627833328025101, 0.06205714098613899, 0.37974550587744016,0.3279438711985739]
[0.4708372015468504, -0.4275106838044527, 0.3659422350265468, 0.8826172970029891, 0.059559519299324105, 0.3274118808020709,0.33202534692643826]
[0.4198645888557486, -0.45422324806947895, 0.34055221777192984, 0.9010199881028482, 0.05654584771322926, 0.27649918734162954,0.3294142491528777]
[0.3667216073001911, -0.47405910322459355, 0.3156915970956278, 0.9179525150607274, 0.053044671817449575, 0.22781808694626407,0.3203878308325848]
[0.3123833305395192, -0.48681820970172196, 0.2914972351331998, 0.9333788401639954, 0.0490859414528352, 0.18213788486919447,0.30531999931412934]
[0.25784451910846484, -0.49244550575396784, 0.26810052117105226, 0.9472658605178895, 0.04470091143990338, 0.14017507286160927,0.2846755468282919]
[0.20409715079864593, -0.49103274069384284, 0.24562649502800527, 0.9595834829463329, 0.039922038928727664, 0.10258265727305492,0.25900302795750757]
[0.1521078474625019, -0.48281671340272286, 0.22419301382919923, 0.9703046921287805, 0.034782877656002506, 0.06994043170396066,0.22892638962754863]
[0.10279578578728611, -0.4681739329352439, 0.20390996780275158, 0.9794056118137369, 0.029317969402783306, 0.04274633930704819,0.19513547779351745]
[0.057011670566631166, -0.44761181530077143, 0.18487855039715215, 0.9868655589662638, 0.02356273295341617, 0.021409053615598188,0.15837556176776268]
[0.015518323780097525, -0.421756625108727, 0.167190587648864, 0.992667090723821, 0.017553350862411752, 0.006241888632105645,0.11943603180661606]
[-0.021026597969542277, -0.3913384600146509, 0.15092793132751445, 0.9967960440521049, 0.011326654341430884, -0.0025418708871843133,0.07913843791671156]
[-0.05208530031295632, -0.35717365724572386, 0.13616191995315055, 0.9992415680101313, 0.004920006583158415, -0.00483214917130021,0.038324047675869104]
[-0.07725157303779162, -0.3201450725858612, 0.12295291131926908, -0.9999961485516065, 0.0016288151573921128, 0.0006237216114142047,0.0021588919584143297]
