[0.3718413941930612, -0.03624419349812191, 0.0581354178062472, -0.9998788822257483, -0.015553592814987319, 0.0005521658038276218,4.1742773277732524e-05]
[0.40738585517123216, -0.06805498348981924, 0.0828817247457535, 0.9973724269738549, 0.03440875490882836, 0.05923445893133947,0.02357028580688777]
[0.4385019063620945, -0.10185254323985173, 0.11216850248191992, 0.990378121334542, 0.05359944615655411, 0.11573779235020455,0.05369394356419761]
[0.4646494278884641, -0.136903290497729, 0.1456331133636039, 0.9789365966693382, 0.07308886708114772, 0.16811420915697473,0.08988197755820206]
[0.48543399835823153, -0.1724055509645368, 0.1828325408460193, 0.963115866091115, 0.09284030551588793, 0.2155835554499626,0.13157597339495997]
[0.5006202138575354, -0.2075189052718059, 0.2232525767707063, 0.9430108472962688, 0.11281729882288533, 0.2574442983705419,0.17811578314226045]
[0.5101386046962414, -0.24139557825094782, 0.2663186576335773, 0.9187426986084308, 0.13298379015303818, 0.2930872362941024,0.22875103766259952]
[0.5140858106088657, -0.27321246940649985, 0.3114080820236877, 0.890457973020768, 0.15330427751100234, 0.3220074824083539,0.28265452066720737]
[0.512717989223721, -0.3022023788876925, 0.35786330682482786, 0.8583275963301705, 0.1737439544556369, 0.3438144691158586,0.3389371423948252]
[0.47093270060404524, -0.34727339191279394, 0.3389274390093002, 0.8761783065163825, 0.1603760252949563, 0.29121562608923096,0.34897645310555425]
[0.4247838568665889, -0.38584802930028034, 0.3201525596923174, 0.8929217017274726, 0.14712056611312097, 0.23969569024213447,0.35155703618334255]
[0.37529823305286175, -0.4174875779644076, 0.30163630028589566, 0.9085296937172757, 0.13400781732595082, 0.19025715227247125,0.34701284780062247]
[0.32354450426618186, -0.44191867290563797, 0.2834757589282537, 0.922976265202844, 0.12106782649555968, 0.1438410320125747,0.3358082083115421]
[0.2706061819828909, -0.45903634232627943, 0.26576683600481343, 0.9362375201994247, 0.10833039369494789, 0.10131027587729904,0.31852795728851707]
[0.21755460336012017, -0.46890257448741635, 0.2486035743547178, 0.9482917300812331, 0.09582501699060346, 0.06343463700455931,0.29586552284169976]
[0.16542271870126138, -0.4717405016066172, 0.2320775089099365, 0.9591193752732123, 0.08358083814705364, 0.0308772976227547,0.2686091211438568]
[0.1151803923717889, -0.4679244202664243, 0.21627703044873076, 0.9687031824879806, 0.07162658865757764, 0.004183462380263157,0.23762633414133547]
[0.06771188192796192, -0.4579659846742966, 0.20128676804517973, 0.9770281574313754, 0.05999053620537871, -0.0162288833613822,0.20384734115726316]
[0.023796090636859155, -0.442497015259159, 0.18718699466239858, 0.9840816129093625, 0.0487004316593682, -0.030075894333369275,0.16824710300610587]
[-0.01590989789874544, -0.4222494574160671, 0.17405306017010325, 0.9898531922785854, 0.037783456708364034, -0.03721235006074087,0.13182681494300855]
[-0.05088359497154388, -0.39803310105382067, 0.16195485586859115, 0.9943348881924611, 0.027266172236935535, -0.03763363094937076,0.09559495696112039]
[-0.0807458956139662, -0.37071172880247427, 0.1509563143725686, 0.9975210566044577, 0.017174467545348286, -0.031475157162142164,0.060548276415426365]
[-0.10526570432153834, -0.34117839771115177, 0.14111494845136013, 0.9994084260000049, 0.007533510515055788, -0.01900930605498578,0.02765303858205294]
[-0.1243603445167303, -0.31033057504122735, 0.13248143213885036, -0.9999961018383664, 0.001632301180015081, 0.0006398679933260668,0.0021731244512666658]
