[0.3922983773916442, -0.008605459357376277, 0.06824179488076573, -0.9998804966668531, -0.0154471543039218, 0.0006134279319509315,3.892725150173549e-05]
[0.42077513780424547, 0.0008058625547221572, 0.09467329515273801, 0.9921230077289572, 0.11638663100781521, 0.039093773881068376,0.0248549089967021]
[0.4474536795850308, 0.013139665123184168, 0.12388132191938536, 0.9722115368284927, 0.21459834811038608, 0.07670023269826824,0.05356632290820148]
[0.4718175389786374, 0.028195670810116723, 0.1557260327400499, 0.9406993722921532, 0.3085808172896104, 0.11175204560712944,0.08587229164665049]
[0.49338512044454697, 0.04570615799219594, 0.19003131846805432, 0.8983321933475701, 0.39692821151453, 0.14381866794843765,0.12150496306224666]
[0.5117210306426934, 0.06534162018517155, 0.22658740649888245, 0.8460325012118411, 0.47835573601552306, 0.1724976365956539,0.16015418222199923]
[0.526446232386353, 0.08671807365967757, 0.26515409952699576, 0.7848806397597167, 0.5517225301567404, 0.19741901495521966,0.2014705030070993]
[0.5372467461763053, 0.10940578417253596, 0.30546457541990246, 0.7160927926407025, 0.6160516366252317, 0.218249509185997,0.24506865380844878]
[0.5438806751767897, 0.13293914187701905, 0.34722966186231735, 0.6409964070535954, 0.6705466345883125, 0.23469620861115126,0.2905314211066007]
[0.5461833843711641, 0.15682738152521788, 0.3901424895186579, 0.5610035483826897, 0.7146046023663558, 0.24650990731710642,0.3374139098694152]
[0.5440707241602935, 0.18056582382491748, 0.4338834198267074, 0.4775827333721726, 0.7478251512771371, 0.2534879684573863,0.3852481352965111]
[0.5375402507134877, 0.20364730385645183, 0.4781251383340066, 0.39222982150712243, 0.770015354025187, 0.25547669775395115,0.4335478965358887]
[0.5266704577594656, 0.22557345397295872, 0.5225378018298019, 0.30643856406851866, 0.7811904766048039, 0.25237319805944036,0.4818138796411272]
[0.511618095038095, 0.2458655213651379, 0.5667941274585242, 0.22167141748382563, 0.7815705103397937, 0.24412668255023584,0.5295389342672768]
[0.49261370524184, 0.2640744238300343, 0.6105743145151583, 0.13933122192314568, 0.7715725885287537, 0.23073923009813146,0.576213466453331]
[0.46995556204787947, 0.2797897802268093, 0.6535706946482699, 0.060734327688512224, 0.7517994583253097, 0.2122659725500366,0.6213308883351794]
[0.4440022351045897, 0.2926476932793456, 0.6954920136047325, -0.012914278820195704, 0.7230242611134005, 0.18881470996043184,0.6643930647941279]
[0.4151640422133021, 0.3023371101614443, 0.7360672572584578, -0.08054334026878862, 0.6861719519658868, 0.16054495619844683,0.7049156968836133]
[0.4705120810621406, 0.24812172488277962, 0.6923880626089312, -0.018916080091637998, 0.7231901587721757, 0.12005085357291938,0.679872023784959]
[0.5152895921669544, 0.183070934065345, 0.6476013632475364, 0.04913458756093, 0.7529792876918431, 0.08200944864882374,0.6510625430360886]
[0.5473689886213152, 0.10963690156006878, 0.6019921434018035, 0.12264383561386993, 0.7745526830503916, 0.04682151512383437,0.6187361121567633]
[0.5652174912168081, 0.03068053777455794, 0.555856167666798, 0.20050555030126566, 0.787061803513975, 0.014860855974785162,0.5831898461971137]
[0.567973548525943, -0.050673116850982816, 0.5094970503220592, 0.2814927640542012, 0.7898156636585631, -0.013532080199665083,0.5447659350860512]
[0.5554882024647235, -0.13119334335500338, 0.4632231109150844, 0.3642806937558, 0.7822972156230376, -0.03805617317159916,0.5038475665007915]
[0.5283290076705626, -0.20770751596155504, 0.41734406889772035, 0.44747192524941204, 0.7641763289990885, -0.05845506638820575,0.4608540110757554]
[0.4877462002160238, -0.27726130048394326, 0.3721676345746302, 0.5296232410250492, 0.735319095807414, -0.07452194289223055,0.41623494559522195]
[0.43560294569490976, -0.3372665266356627, 0.327996056888077, 0.6092735542789972, 0.6957932616362643, -0.08610353224305559,0.3704641073748932]
[0.37427354685712183, -0.3856286422420208, 0.28512269053557604, 0.6849723897191524, 0.6458696622594563, -0.09310325245942032,0.3240323889316734]
[0.30651532780528923, -0.4208468048107138, 0.243828645539952, 0.7553083400279075, 0.5860196257112449, -0.0954834069429979,0.2774404958979449]
[0.23532141810336693, -0.44208123417716005, 0.20437958163840783, 0.8189369270170543, 0.5169083812322944, -0.09326637427405883,0.23119130262499982]
[0.16376273882062958, -0.449184344534407, 0.16702270773247657, 0.8746073082005363, 0.43938459705815397, -0.0865347483411041,0.18578204875551843]
[0.10762792719120487, -0.4419334696761516, 0.13462389327615856, 0.9185632032708031, 0.3599429734862043, -0.07359205946424208,0.1458317736935354]
[0.055395919550969244, -0.4259208690220222, 0.10436997779687654, 0.9536920361922121, 0.2750316764928674, -0.058409336204946684,0.10685235829485859]
[0.00854165363418859, -0.40219692605380797, 0.07640770642324488, 0.9793134424631462, 0.1857082721683217, -0.04109608649625917,0.06905599708881753]
[-0.031709101747584165, -0.3720638083939574, 0.05086265615219257, 0.9948818127363668, 0.09311328693778813, -0.021783098795779072,0.03264339272954653]
[-0.06442202985489613, -0.3370186637657348, 0.027838152129734617, -0.9999961925438609, 0.0015475957902210532, 0.000621186467212442,0.00219862966980146]
