[0.3271256320391846, 0.04341234755741228, 0.17150994113777832, -0.9998787022796519, -0.01556893879833419, 0.0004301855125838362,6.174688664870609e-05]
[0.3428474452157216, 0.013024650533853365, 0.18009169937569758, -0.9996836346625911, -0.013545211154885295, -0.01829799544203934,0.010693044719071938]
[0.3555103992461125, -0.02050643283605919, 0.18915822535590843, -0.9990242346997616, -0.011432443811009498, -0.039135261927359465,0.016979663864193518]
[0.364572234950591, -0.05684232882898317, 0.1986981778364754, -0.997902249098373, -0.009225960874909416, -0.06131439219341462,0.01861526793510739]
[0.3695325807032084, -0.09555650929119369, 0.20869899265165295, -0.9963199095093743, -0.0069211450252670455, -0.08403035949628287,0.015415393270921448]
[0.3699467829617057, -0.13614030457400259, 0.21914691510221387, -0.9942799304649571, -0.004513446664683142, -0.10645865321987724,0.007321463543261466]
[0.36543884692227546, -0.17801085370261113, 0.23002703621749193, 0.9917855067744936, 0.001998393011276484, 0.1277739369049552,0.005597858987356011]
[0.355713160635293, -0.22052104582207438, 0.2413233327672843, 0.9888403103815576, -0.0006284028848554337, 0.147168664710429,0.023147997789629712]
[0.34056470084836576, -0.26297125743874206, 0.25301871088831485, 0.985448486685298, -0.003371233213525178, 0.16387128121194736,0.04501242128825461]
[0.31988745122712636, -0.30462264479347684, 0.26509505317701487, 0.9816146503300468, -0.006234286577801879, 0.1771636401163632,0.07075914463167236]
[0.2936808026801967, -0.34471171097724335, 0.2775332690879655, 0.9773438804676644, -0.009221639281805038, 0.18639729517364553,0.09984963211406106]
[0.2620537503560997, -0.3824658341097921, 0.29031334846554313, 0.9726417154977242, -0.012337246745788963, 0.1910083409013157,0.13164991197302395]
[0.22522675141867704, -0.4171194168699602, 0.30341441802511926, 0.9675141472912462, -0.015584935061215138, 0.1905305111763589,0.16544367289596215]
[0.18353116076129564, -0.4479302995356441, 0.3168148005896688, 0.9619676149042822, -0.018968392698328115, 0.18460627965732876,0.20044707397437642]
[0.1374062171213604, -0.47419606891369565, 0.3304920768778475, 0.956008997788242, -0.022491162378567867, 0.17299574663557563,0.2358249677383253]
[0.08739360828451004, -0.49526989436191604, 0.344423149630565, 0.9496456085044335, -0.026156633123941495, 0.1555831414540061,0.27070820986288324]
[0.0341296998808639, -0.5105755295648955, 0.35858430985482487, 0.9428851849508577, -0.029968032495255304, 0.13238081718029185,0.3042117096221459]
[-0.003956887233990427, -0.49588246863574575, 0.317500086430171, 0.9601871289187663, -0.02492864157378916, 0.0949338004153508,0.2615469629468493]
[-0.040892743642519574, -0.47497718176598547, 0.2785301089124328, 0.9744878099976023, -0.02016655458677024, 0.06316064239662829,0.21442376615996012]
[-0.0757750028726588, -0.44819515277366045, 0.24208249673727755, 0.9856842179554771, -0.015573332165526161, 0.03747271020967525,0.16364562257605214]
[-0.10777873892172742, -0.4160342315607575, 0.20852140341553105, 0.993698300163229, -0.01103507982366395, 0.0181735765717332,0.1100528799286335]
[-0.13618545844885624, -0.3791342022460988, 0.1781595675980003, 0.9984776903676008, -0.006434032894130216, 0.005456111454811736,0.05450812697838445]
[-0.1604064491173329, -0.3382510779580772, 0.15125203533791828, -0.9999962151921534, 0.0016501904956893584, 0.0005984407485435364,0.002118570595241716]
