[0.2784491240929924, 0.04096002472610327, 0.05803330837657411, -0.9998800191629134, -0.015482922463763246, 0.00047297921983001584,5.1782343423602456e-05]
[0.31851253874974406, 0.023655080629985482, 0.08020063405639247, -0.9991801912471914, -0.013092724766670337, -0.03796035684631657,0.005151435286480874]
[0.35607427939223596, 0.0004379199486474817, 0.10431912811671654, -0.9969719804337052, -0.010744295804505621, -0.07688647966757212,0.004460894763325123]
[0.39032388625411185, -0.028292985502920785, 0.13030116450651263, 0.993258815307296, 0.008433351881935421, 0.1155925719431903,0.0020400249854359283]
[0.420514213443758, -0.062030226213212324, 0.15804849868544593, 0.9880465577058303, 0.006155654831267119, 0.1533687009649773,0.014288081871736507]
[0.4459760758050737, -0.10016741982119501, 0.18745274358193242, 0.9813434922852453, 0.003907027312138509, 0.18951744350532995,0.03213757760294586]
[0.4661313338628221, -0.14201115607176198, 0.2183959061944949, 0.9731603119594217, 0.001683367940780769, 0.22336332355350974,0.05536243483218096]
[0.48050414763838684, -0.18679467714387443, 0.25075098174524324, 0.963510099241028, -0.0005193337881004725, 0.25426193618005233,0.0836593495249173]
[0.4887301685248835, -0.23369301188001218, 0.28438260192960574, 0.9524083035167296, -0.0027049828233317785, 0.2816086353077942,0.11665197375266675]
[0.49056348182898335, -0.28183925174787994, 0.31914773346364933, 0.9398727142973471, -0.0048773641591346815, 0.30484666932148174,0.15389607026105687]
[0.4858811600694846, -0.33034163238802156, 0.35489642281167344, 0.9259234304906653, -0.007040128752200085, 0.3234746561697765,0.19488556711926033]
[0.4746853376264949, -0.378301067876506, 0.39147258268436746, 0.9105828257516199, -0.0091967797886282, 0.3370532987957638,0.23905942871723013]
[0.4571027697484654, -0.42482877573037187, 0.4287148156335754, 0.8938755099715205, -0.011350659334618622, 0.34521125224703075,0.2858092484995206]
[0.4333818920924908, -0.46906362940446583, 0.4664572698353809, 0.875828286974784, -0.013504935403934538, 0.3476500655181419,0.3344874592563718]
[0.38305811679445967, -0.49607420097644056, 0.43555667128936765, 0.8953206638665822, -0.011208986282720903, 0.29262871865507034,0.33562434431713767]
[0.3300606383000041, -0.5163352781377242, 0.405302716723777, 0.9132465497327767, -0.009186059765426762, 0.2397714266702186,0.32925069272469737]
[0.27538051408474495, -0.5295414712366676, 0.3758584909101361, 0.9295698649831889, -0.007426219757519257, 0.19004842962496712,0.31579473043787976]
[0.22004536201780184, -0.5355425196799085, 0.3473810060774254, 0.9442576378779044, -0.005918983875421891, 0.144362042565466,0.29580750430888286]
[0.16509399800530783, -0.5343474567330474, 0.32002007352617257, 0.9572800716523622, -0.004653365834279877, 0.10353125598628635,0.26995275445448413]
[0.11155069783080648, -0.5261245095717979, 0.2939172286959958, 0.9686106050470773, -0.0036179190930625583, 0.06827780930291469,0.2389948685820808]
[0.06039981235101261, -0.5111967301479879, 0.2692047178927651, 0.9782259661120104, -0.002800781628867648, 0.0392139746885052,0.2037851295743164]
[0.01256145493024674, -0.4900334781444505, 0.2460045544097572, 0.9861062191702447, -0.002189721709316622, 0.016832258619884195,0.1652464967929874]
[-0.031131052004656205, -0.46323799919600017, 0.22442765124457803, 0.9922348048405334, -0.0017721845293117045, 0.0014971949170197387,0.1243571864929542]
[-0.06995133710500638, -0.43153145590162045, 0.2045730370243865, 0.9965985730334139, -0.001535339576174708, -0.006560633459974285,0.08213333701216123]
[-0.1032971844728652, -0.39573387244261143, 0.1865271611107222, 0.9991878088509041, -0.0014661285853070929, -0.007248245429873897,0.03961105967894735]
[-0.13070430828180038, -0.35674254270526934, 0.17036329316708756, -0.9999962513352781, 0.0015513139470069322, 0.00061152767274719,0.0021718136050097427]
