[0.30912708026869407, 0.08151543887243073, 0.09063381773018772, -0.9998794925802028, -0.015518652272508145, 0.0004131425177938266,3.2595421200323035e-05]
[0.3338026808297209, 0.049938873587622855, 0.10959791468208402, -0.999184084201951, 0.03120719773303799, -0.018399574509696662,0.017853076626224998]
[0.35428908537912396, 0.013545708187239377, 0.12969807160795632, -0.9956861203152887, 0.07683076359913049, -0.04028289154825778,0.03291613927505309]
[0.3697318882614547, -0.0269757075753153, 0.15091310077773423, -0.9894975836778763, 0.12114576134865171, -0.06491978261401758,0.04476224109948706]
[0.37939886693633895, -0.0707884332451355, 0.17321737856673694, -0.9807459494229497, 0.16395689650598985, -0.09192468817303513,0.05296574820477669]
[0.38270615569590166, -0.11692853489763307, 0.19658034403397803, -0.9695731810426218, 0.20508106024053901, -0.12084710064742181,0.05714528500777611]
[0.379240754013089, -0.164331458843687, 0.22096602466831408, -0.9561346340111372, 0.24434843551723595, -0.1511767243698545,0.05697369317034969]
[0.36877844954529193, -0.21186259886757572, 0.246332597757372, -0.9405978750000158, 0.28160350612959073, -0.18235016414791794,0.0521873597358976]
[0.3512963197619153, -0.25835128493450643, 0.27263199555242656, -0.9231414251843503, 0.31670596218776, -0.21375906016690963,0.042594680652537985]
[0.3269791015780307, -0.30262724228668325, 0.2998095620145156, -0.9039534366260749, 0.3495314963731345, -0.24475955139973612,0.028083437354901316]
[0.29621888451995726, -0.3435584105175722, 0.32780376843687387, -0.8832303111426326, 0.37997248604638395, -0.27468291583551113,0.008626880938133968]
[0.25960778678908053, -0.38008888223532517, 0.3565459946511632, 0.8611752714254192, -0.4079385571024285, 0.30284720449107466,0.015711659571346542]
[0.21792350974930824, -0.4112756294786557, 0.38596038184618464, 0.8379968944594208, -0.433357026297641, 0.3285696580964629,0.04477580164783027]
[0.17210792720546247, -0.43632264125704984, 0.4159637622650014, 0.8139076175118402, -0.4561732196258879, 0.35117967125098215,0.07831489227729374]
[0.123239141698389, -0.45461110396831933, 0.44646567020801053, 0.7891222271019562, -0.4763506651847674, 0.37003204935892536,0.11598464087504173]
[0.10486841285263983, -0.4621208529436195, 0.40134309754335895, 0.8179535752226677, -0.4561677306876542, 0.3261790460823873,0.12833619971198992]
[0.0865529181325409, -0.46500319177555394, 0.35695492834655784, 0.8464360244472753, -0.43083315003670336, 0.28208014631487704,0.13549776530379049]
[0.06858505799770317, -0.46348024587080994, 0.31363049475980515, 0.8740128178043439, -0.4003879702213394, 0.2385410676179713,0.13743808306079297]
[0.051239565579159624, -0.4578006176090094, 0.271656834574299, 0.9001290447036702, -0.3649480243400563, 0.19636694352655132,0.13424107382313497]
[0.03477145273674585, -0.44823106971928206, 0.23128088152053144, 0.9242408854856462, -0.3247033586818363, 0.15634580701080306,0.12610512712647456]
[0.01941469516650798, -0.4350490459285891, 0.1927128997077602, 0.9458247504734182, -0.279916483315841, 0.11923228085215025,0.11334005012696513]
[0.005381554364468485, -0.41853626725713233, 0.15613092800829548, 0.9643861658165501, -0.23091946613716036, 0.08573180646432438,0.0963617180261251]
[-0.007137589499303617, -0.3989735857338247, 0.12168596953907512, 0.9794682618084006, -0.17810990892017348, 0.056485733651001936,0.07568451855159151]
[-0.01797403590835632, -0.3766372148306922, 0.08950764061164995, 0.9906597250881172, -0.12194586198228372, 0.0320575781897666,0.05191172810012302]
[-0.026980343630730628, -0.3517963900459357, 0.0597099832274024, 0.997602084115735, -0.06293975126672469, 0.012920732261721725,0.02572399961603859]
[-0.03402984134053483, -0.32471244638697566, 0.0323971456635081, -0.9999962074124475, 0.0016514077341755016, 0.0005521149718773128,0.0021338187071157136]
