[0.2929011502855728, -0.04619052443289331, 0.04972337722949899, -0.9998792505172146, -0.015528427466894347, 0.0005906997046778894,5.830435427277893e-05]
[0.3256750544068003, -0.06209995026998965, 0.09076174296358983, 0.9975952157726946, 0.0449478824252048, 0.050990878894773384,0.01354265861859691]
[0.35227777458855497, -0.07890190776949398, 0.13647299978985022, 0.9916262919578651, 0.07381580938894157, 0.10059182150512934,0.033313793365975]
[0.37217354608087755, -0.09592669655900407, 0.18611686234300995, 0.982031506693667, 0.10184619122394739, 0.14752661481495374,0.05896923872140373]
[0.38496999957173533, -0.11246725190244158, 0.23888627084973962, 0.9688942264067111, 0.12876105160682372, 0.19114956073538675,0.09014663086058715]
[0.39042592029477663, -0.12779874300381416, 0.293920027199699, 0.9523212752374243, 0.15429256678661496, 0.2308632732901206,0.1264125848574236]
[0.38845556434204476, -0.14119882243183807, 0.3503162547905766, 0.9324418733972194, 0.1781850736446018, 0.26612642716445156,0.1672691155905236]
[0.36234723996035334, -0.19019995149341187, 0.3238742758977286, 0.9440158352874727, 0.16368243729762907, 0.22281121651883382,0.17999256718042733]
[0.32894584555116957, -0.2338999508442668, 0.297919553676266, 0.9545591211755223, 0.14867645722414222, 0.18033233743839422,0.18491198804268402]
[0.28937687739035955, -0.2711169198226807, 0.272535747940991, 0.9640487919258603, 0.1332109192555889, 0.1399329276546766,0.18243780730802936]
[0.24496113744239442, -0.3009092335975782, 0.2478041762513497, 0.972464012434853, 0.11733062179937519, 0.10276397189858959,0.17316707477723467]
[0.1971640935109381, -0.3226071911908204, 0.22380356847079938, 0.979786096270485, 0.10108127843807987, 0.06985722534133895,0.15786623696020938]
[0.1475403435347479, -0.33583418868599213, 0.20060983026404974, 0.9859985457643868, 0.08450941857926225, 0.04210111152242403,0.13745007213707164]
[0.09767530945081683, -0.3405167174809783, 0.17829581624875476, 0.9910870874715121, 0.06766228636741897, 0.02022013040297184,0.11295727677868198]
[0.04912637253902584, -0.3368829110198456, 0.15693111348562674, 0.9950397029226767, 0.050587738073296605, 0.004758232779591921,0.08552326926044351]
[0.00336566561404293, -0.3254497942343063, 0.13658183595623039, 0.9978466546051667, 0.033334138178957556, -0.003933472074981054,0.05635083781612312]
[-0.038273341738837875, -0.3069998119000477, 0.1173104306410219, 0.9995005071167598, 0.01595025437972801, -0.00570440604424893,0.026679306779688227]
[-0.07464348700301082, -0.2825476096546133, 0.09917549577162366, -0.99999614344875, 0.0015148482735832772, 0.0006074427938061221,0.002247072670778298]
