[0.35331205485546646, -0.05061893566004164, 0.16256906319513617, -0.9998797841058281, -0.015498767303623059, 0.0004530346242357927,1.7555061716323404e-05]
[0.3596080736505961, -0.09286413739475895, 0.2009000870852059, 0.9993982000494279, -0.010208884821655233, 0.02496906481326806,0.021807388908647377]
[0.3570612096373355, -0.13595414733442418, 0.24085115371345697, 0.9970027161038401, -0.038304322243538365, 0.047435307722376634,0.04762619615624059]
[0.3455383454639447, -0.17813088217947523, 0.2820493740075414, 0.9924397733495983, -0.06876744044567261, 0.06655713870214046,0.0768406318046203]
[0.32523763250644205, -0.21761858815758162, 0.3240936663768098, 0.9854542880410233, -0.10152834363219494, 0.08204567064698494,0.1088133702673966]
[0.2966931381182626, -0.25268665999360185, 0.3665547511677404, 0.9757963217528177, -0.13646647408602305, 0.09371491221064678,0.1428844117934191]
[0.2607678735074734, -0.2817145080697896, 0.4089763821611555, 0.9632278531123196, -0.1734107171805273, 0.10148237680673151,0.17838764910504257]
[0.21863426654550203, -0.30325625893380626, 0.45087798155446834, 0.947529519739398, -0.21214049264266452, 0.10536709661750798,0.21466717390917125]
[0.1717415964330505, -0.3161026991186944, 0.49175878155924013, 0.9285071984346176, -0.25238782487186784, 0.10548512834463283,0.2510929230577032]
[0.12177049507049202, -0.3193376038393809, 0.531103505395319, 0.9059982934245832, -0.29384036736805885, 0.10204269826490128,0.2870752837629284]
[0.07057531347853684, -0.3123854754429658, 0.5683895460014038, 0.8798776065680772, -0.33614533892254594, 0.09532719110076743,0.3220783060336675]
[0.020115906978781104, -0.29504778707872387, 0.6030955253343602, 0.8500626697844771, -0.37891431248031804, 0.08569623892412773,0.3556312076726594]
[-0.027618844516385615, -0.2675251069968788, 0.634711043902141, 0.816518428484718, -0.42172878178382406, 0.0735652115544623,0.38733790184918077]
[-0.07069275603246818, -0.2304229736885237, 0.6627473623269227, 0.779261175325163, -0.4641464163336544, 0.05939344761636399,0.4168843283402651]
[-0.10730567970805219, -0.18474008894360402, 0.6867486972527032, 0.7383616459915299, -0.5057079021072377, 0.04366959469520313,0.4440434257751513]
[-0.13587443569816224, -0.13183826355118158, 0.706303765489432, 0.6939472027468068, -0.5459442540946815, 0.026896447183569514,0.4686776422550857]
[-0.15510710584259255, -0.07339454049086518, 0.7210571752163519, 0.6462030469084652, -0.5843844772445076, 0.009575680973702008,0.49073894409937535]
[-0.16406653189723602, -0.011336970745965735, 0.730720243146926, 0.5953724179961943, -0.6205634450323864, -0.007807115119904091,0.5102663456788092]
[-0.1622358821586215, -0.056955841907204555, 0.7205242758143856, 0.6458975230227451, -0.58454866128993, -0.04351749408574808,0.48910681864571315]
[-0.16120851813227832, -0.10099256635995246, 0.7049996352724958, 0.6933822231990804, -0.5463513300952746, -0.07437151285860467,0.46388597168889223]
[-0.16087265144333407, -0.14281218124549677, 0.6844526488390515, 0.737576417149154, -0.5064501598289937, -0.10013630348411848,0.4352723115466235]
[-0.1610888515958101, -0.18184281971281796, 0.6592644215245067, 0.778290090180654, -0.4653283669396381, -0.12068013477201416,0.40394350040480664]
[-0.16169618679089176, -0.21758443265256266, 0.6298786570041154, 0.8153930529306767, -0.42346532613947974, -0.13597019150371914,0.3705717121049813]
[-0.16251860449596986, -0.24961471125599594, 0.5967887832882155, 0.8488135923863721, -0.3813284725646823, -0.1460682323908425,0.33580969741483546]
[-0.16337125686206813, -0.27759223935143096, 0.5605248883949037, 0.8785360827666908, -0.33936559865376514, -0.1511242792931897,0.30027786121431627]
[-0.1640665053916297, -0.30125701976071445, 0.5216409462562694, 0.904597622096181, -0.2979976800780069, -0.15136853299386557,0.26455262611689573]
[-0.1644193815078872, -0.32042862141730555, 0.4807027687565064, 0.9270837773323449, -0.2576123542942274, -0.14710174869978787,0.2291563227398304]
[-0.1642523320386898, -0.33500227940520877, 0.4382770586381169, 0.9461235363284156, -0.21855816238346437, -0.13868433656530801,0.19454880737855276]
[-0.16339913777864512, -0.3449433450415308, 0.3949218631151623, 0.9618835784567143, -0.18113965002474974, -0.1265244782341399,0.1611209641598386]
[-0.1617079556017157, -0.3502805253181012, 0.3511786430214846, 0.9745619871508736, -0.1456134070007504, -0.11106556911779987,0.1291902018680748]
[-0.1590434963170504, -0.3510983692675338, 0.3075660811888137, 0.9843815367527803, -0.11218510683884814, -0.09277330749416396,0.09899800664854087]
[-0.15528840793689033, -0.3475294531326024, 0.26457566068625904, 0.9915826927178232, -0.0810075893776226, -0.0721227553020428,0.07070956182398223]
[-0.15034398388335865, -0.33974668775746614, 0.22266895277241075, 0.9964164683293315, -0.05218000955226276, -0.04958569168338437,0.04441539626648345]
[-0.14413035499101595, -0.32795612262802665, 0.18227646997235364, 0.9991372825350209, -0.025748055862149746, -0.02561856901288857,0.020134974288178255]
[-0.1365863506740755, -0.3123905546639144, 0.14379786532710237, -0.9999959623265054, 0.0017052221739649236, 0.0006513626537343347,0.0021779060396175647]
