[0.3003217661861647, 0.042386166692266684, 0.1250911225937554, -0.9998796421506717, -0.015501512314204883, 0.0006324711300006848,6.564211580104943e-05]
[0.334580726074172, 0.038058060713614644, 0.14449970755398278, -0.9987751794412303, -0.018325462758153794, -0.04121396914513163,0.020340282548238865]
[0.3682338258718508, 0.029312907391642558, 0.16605919846766634, -0.9955308513556869, -0.02057991773426063, -0.0853481851384839,0.03479192835471782]
[0.4006457420177721, 0.01617867272773407, 0.18963085437416213, -0.9901884367320885, -0.022169707732314248, -0.13102224157216685,0.04322656630512827]
[0.43119283410064035, -0.0012287902112237195, 0.21505138333704782, -0.9828016021045972, -0.0230028266228698, -0.1774759614884001,0.045542990259351684]
[0.4592763543000422, -0.022708310815258093, 0.24213490046638214, -0.9734356245580719, -0.02299123623866157, -0.2239483149185801,0.04173296230299774]
[0.4843350274396183, -0.047977935034826, 0.27067521032776587, -0.9621670389049896, -0.02205164797293894, -0.26968867426625426,0.03187997865420449]
[0.5058567015720411, -0.07668129052009623, 0.30044837960649123, -0.949083211288675, -0.020106275595745956, -0.31396776522656317,0.01615667448091271]
[0.5233887965413004, -0.1083956037901582, 0.3312155613415172, 0.9342818418128113, 0.01708355367433507, 0.3560881483736026,0.005179077193555227]
[0.5365473123903486, -0.14264115037781233, 0.36272602811838156, 0.9178703992763593, 0.012918816208509704, 0.3953940754441853,0.03178929731318044]
[0.5450241997601648, -0.17889188529228753, 0.39472036837689856, 0.8999654915520736, 0.007554930354216415, 0.43128057567277805,0.06326216950227895]
[0.5485929393662325, -0.2165869748212944, 0.42693379750135396, 0.8806921755826351, 0.0009428804074098028, 0.46320164108996426,0.0991193348223574]
[0.5471122259305347, -0.25514293227448925, 0.4590995336582331, 0.8601832113780842, -0.006957702446926208, 0.490677395252011,0.13882408662998016]
[0.5405277022049852, -0.2939660501386385, 0.49095218745640246, 0.8385782647789288, -0.016178068750941348, 0.513300147156624,0.18179032664264402]
[0.5288717395237444, -0.3324648194150449, 0.5222311144406622, 0.8160230640984424, -0.0267399414913719, 0.5307392508272393,0.22739213271300426]
[0.5122613112514901, -0.3700620335441326, 0.5526836801913356, 0.7926685160728635, -0.03865517223337699, 0.5427447109004319,0.2749737807065605]
[0.47726532560152757, -0.4132925099146913, 0.5089805037208576, 0.8190719886537109, -0.03239784848818293, 0.4853917491004149,0.30408273006113357]
[0.4358139372321867, -0.45131869625884147, 0.4649320876281512, 0.8441636537378514, -0.026983173847234438, 0.42626158384126134,0.3239763821302881]
[0.3887548466136832, -0.4830138856657185, 0.4208755019898646, 0.8677957923121931, -0.02236563491446723, 0.3666885155845114,0.33461884848070633]
[0.33714697692060325, -0.5074099422153906, 0.3771553278001809, 0.8898294167717662, -0.01848866776115417, 0.3079896029788613,0.33616094756672715]
[0.28222788628669215, -0.5237381714798361, 0.33411895930549274, 0.9101354377353545, -0.015285307125975539, 0.25143876982399144,0.3289352358652647]
[0.22537312785105823, -0.5314629817469808, 0.29211180069466103, 0.9285957564159343, -0.0126789348400182, 0.1982419311060379,0.3134474477946674]
[0.16804923048923656, -0.530306739781837, 0.25147244048098955, 0.945104273344041, -0.010584120816428783, 0.14951363748700233,0.29036453140626695]
[0.11176228787790174, -0.5202646240307991, 0.21252788777677217, 0.9595678049115016, -0.008907549147138842, 0.10625570505888517,0.2604995364447953]
[0.058004361806892515, -0.5016087382030046, 0.17558895393691906, 0.9719068999428608, -0.007549021114177605, 0.06933825488994035,0.22479367547262893]
[0.008200016047796181, -0.47488124570093493, 0.14094586074520765, 0.9820565493063305, -0.006402526256646108, 0.039483535809020684,0.1842959359890877]
[-0.03634470608642056, -0.4408767950055998, 0.10886415247627748, 0.9899667824386543, -0.005357372042003085, 0.017252845096534013,0.1401406706453802]
[-0.07448866381873336, -0.4006150018129959, 0.0795809838597214, 0.9956031455719344, -0.004299362176829991, 0.003036796543110464,0.09352363272936981]
[-0.105295387456071, -0.3553042102125788, 0.05330184929916584, 0.9989470574077848, -0.0031120131619979514, -0.0029508848980237174,0.04567695424091209]
[-0.1280645789322852, -0.3062981493786848, 0.030197810785389884, -0.9999960389773942, 0.0016777983537283909, 0.0006759363939030922,0.002156416517689125]
