[0.3342978043487287, 0.05776595272626427, 0.04670509007925075, 0.9998829116230823, 0.015286411327604225, -0.0006980539471702206,3.733038805097985e-05]
[0.37635508359706793, 0.0555107395608298, 0.0750263856608798, -0.9984851591131112, -0.004036239659331191, -0.048708530747364295,0.02527003824118113]
[0.4165291271430745, 0.04858260804729908, 0.10745529323521805, -0.9938570577420316, 0.006598546795607595, -0.10045654211034014,0.04596837068868263]
[0.4539709242825395, 0.0371628984718396, 0.14371114326333004, -0.9860046831467958, 0.016735172308673687, -0.15391305522220028,0.06185038603399546]
[0.4878864610673189, 0.021548845046591353, 0.1834463763927671, -0.9749642443299225, 0.026489838343682133, -0.20843158758855718,0.07279618147968289]
[0.517558285104012, 0.0021442165671301805, 0.22625407347374335, -0.960801514971429, 0.035975498582140476, -0.2633647410532905,0.07877325371156679]
[0.5423645489794853, -0.02055339870652561, 0.2716769504784945, -0.9436109548947553, 0.04529970603527031, -0.3180766029999876,0.07983468581835121]
[0.5617949110980203, -0.04596814425843068, 0.31921756165004134, -0.9235145326939396, 0.054562560033391654, -0.37195464182191773,0.07611556590360664]
[0.5754627989645564, -0.073463660040793, 0.3683494204237282, -0.9006602637451863, 0.063854779587804, -0.4244208452994423,0.06782774144516195]
[0.5831136844238176, -0.10236236256319232, 0.41852872256688406, -0.8752204808784737, 0.0732559280157465, -0.47494186955095397,0.0552530488647461]
[0.5846291768257672, -0.13196549688220582, 0.4692063403006014, -0.8473898578408832, 0.08283281182411463, -0.5230379901844231,0.038735189912512256]
[0.5800269018258666, -0.1615732035733601, 0.5198397503512637, -0.8173832083119738, 0.09263807468425758, -0.568290675632579,0.018670454667358064]
[0.5580981890024577, -0.2051286377152724, 0.49919621660361274, 0.8346081234824009, -0.08075950721769186, 0.5442072143174506,0.027307326782052083]
[0.5317026953542044, -0.24628155076414462, 0.47797562973651386, 0.8513539468712858, -0.06971793143680184, 0.515349350522587,0.06892687501116909]
[0.501051794215277, -0.28448537630031573, 0.4563030449031492, 0.8675449224417455, -0.059519818644319974, 0.48234971448325464,0.10565013805961757]
[0.46643700436760305, -0.31920498846337136, 0.4343077307209044, 0.8831070874528866, -0.05016786207403474, 0.4459022760181527,0.13702634034094294]
[0.42823086846115793, -0.3499303168576487, 0.41212205186046214, 0.8979685521939886, -0.04166105247173221, 0.40675043062335986,0.16269887266140282]
[0.38688529188691545, -0.37619039293382334, 0.38988031879592366, 0.9120597705594744, -0.03399476939698876, 0.3656743353198368,0.18241055635308032]
[0.3429272513980241, -0.3975673314607789, 0.3677176162246257, 0.9253138004041851, -0.027160887687449394, 0.32347771634857736,0.1960072039173645]
[0.29695188146919566, -0.41370973740867206, 0.3457686218969658, 0.937666552663749, -0.021147898463737245, 0.2809743781461674,0.20343942890114258]
[0.24961304607968782, -0.42434503490877973, 0.32416642770196846, 0.9490570282742401, -0.015941043992620627, 0.23897464623974518,0.2047626886282814]
[0.20161160042429666, -0.4292902407283888, 0.3030413748323631, 0.9594275419785934, -0.011522465668779493, 0.1982719757520943,0.20013557432197676]
[0.15368163725399472, -0.4284607489336335, 0.28251991470384713, 0.9687239321642052, -0.007871364321687668, 0.15962995215853132,0.18981639352253288]
[0.10657509265490885, -0.42187675443239603, 0.26272350702869496, 0.9768957559365056, -0.004964172003987015, 0.12376990191544847,0.1741581189878863]
[0.061045153032609524, -0.40966701857677373, 0.24376756604695654, 0.9838964686968209, -0.002774734371491325, 0.0913593177852285,0.15360180594287043]
[0.017828956344220867, -0.39206976710114033, 0.22576046540363534, 0.9896835875592495, -0.00127450272280138, 0.06300128738033017,0.12866860513382467]
[-0.022369885702603707, -0.36943060609236517, 0.20880261153314236, 0.9942188380102905, -0.00043273472860470006, 0.039225093968896035,0.09995052220600927]
[-0.05889840291825527, -0.3421974418537798, 0.19298559467997767, 0.9974682832862792, -0.00021670284725014267, 0.02047813630870461,0.06810009406103305]
[-0.0911704822908409, -0.3109124917015711, 0.1783914258551201, 0.9994024360170057, -0.0005919093942357026, 0.007119289636704763,0.0338191697357118]
[-0.11868167055453008, -0.2762015711816874, 0.1650918671102029, -0.9999963517589009, 0.001522307208955572, 0.0005861965919084802,0.0021530032991478533]
