[0.3078035298439504, 0.0036335287015030883, 0.1653579074220935, -0.9998800601346304, -0.01548021222938302, 0.00047502279191302953,5.222881087072187e-05]
[0.34557220952102324, -0.003866192328830958, 0.2063815251941845, -0.9966229384518818, 0.054175347412495876, -0.05164037485480542,0.033779016698647045]
[0.3799388326875202, -0.016524489866221726, 0.25185028486857064, -0.9849322087650003, 0.12035075545947892, -0.10443409836194587,0.06721427599073182]
[0.40975833354814845, -0.03364185503933544, 0.301404249271926, -0.9653967134436064, 0.1820889046792866, -0.15754872988499627,0.10015594928213609]
[0.4340353985179786, -0.05431152114919996, 0.35458694316537054, -0.9387283847495725, 0.23852361742982078, -0.21062094598004974,0.132417222097883]
[0.45196833146738125, -0.07745223697429619, 0.4108526749816207, -0.9057488335005776, 0.2888955162971898, -0.26328492365247647,0.16382759307587086]
[0.4629851227976561, -0.10184980529642418, 0.46957630183983756, -0.8673738539438725, 0.33256594184254795, -0.3151757632978157,0.19423369957495148]
[0.4667699170847063, -0.12620548527707284, 0.530065159350449, -0.8245961279320196, 0.3690286435861192, -0.36593289323571565,0.22349989633252185]
[0.463278553304043, -0.1491890009395599, 0.591572815423484, -0.7784664474865727, 0.397919011319047, -0.41520342097307417,0.2515085878867038]
[0.4527423988483248, -0.16949366265187363, 0.6533142562266839, -0.7300738049082873, 0.4190206595105104, -0.46264539714154546,0.2781603185104861]
[0.4356602831161358, -0.18589100600145547, 0.7144820740856173, -0.6805247231291099, 0.4322692271135341, -0.5079309592256654,0.3033736263435105]
[0.41277892609413835, -0.19728238701516593, 0.7742632025345768, -0.6309222155109648, 0.4377533075332588, -0.5507493237154467,0.327084671217418]
[0.3850628199240109, -0.2027451407382086, 0.8318557335168414, -0.5823447734219196, 0.4357124779096162, -0.5908095971621223,0.34924664832059077]
[0.3536550267851416, -0.20157120071714824, 0.8864853560292434, -0.5358257814456387, 0.42653245214319613, -0.6278433787649501,0.36982900230768084]
[0.3198307780807553, -0.19329647219525253, 0.9374209739730588, -0.4923337539352177, 0.41073743719685435, -0.6616071295446004,0.3888164587009808]
[0.2849460766032724, -0.177719728505333, 0.983989092822103, -0.4527537728859039, 0.3889798260724743, -0.6918842858356917,0.4062078914297977]
[0.2503837000939963, -0.15491033078228286, 1.0255866087378913, -0.4178704859986402, 0.3620274124470077, -0.7184870977259844,0.42201504708893567]
[0.21749907347627118, -0.12520462578801328, 1.0616916883605787, -0.3883529957073506, 0.3307483602483326, -0.7412581761488721,0.43626114794995635]
[0.23090325860907668, -0.17401756026847415, 1.0310574371651762, -0.40718412372607005, 0.36084234718591, -0.7547931889822334,0.36644389983847014]
[0.24008866020629885, -0.22082680125817014, 0.9960206584487786, -0.43025886913258093, 0.388256325652818, -0.7591803104172629,0.2962762012009646]
[0.2451111655895674, -0.2650186494417045, 0.9569509702427234, -0.4572540911199787, 0.4124283660947283, -0.7545125473619954,0.22700738945635246]
[0.24609487446177616, -0.3060178934615518, 0.9142567674540469, -0.48778297295902556, 0.43283767427290115, -0.7410563572148124,0.15985867024591763]
[0.24322812200168983, -0.3432968559355218, 0.8683794243151282, -0.5214001324550118, 0.4490117128395772, -0.7192458343441936,0.09599902805388498]
[0.23675834599842485, -0.37638344958295133, 0.8197870882333945, -0.557607513323282, 0.4605326923892857, -0.6896735671615384,0.03652219988966769]
[0.22698593709204157, -0.4048680870590451, 0.7689681751457732, 0.5958609804589106, -0.46704334701838823, 0.6530783485131318,0.017574830746493464]
[0.21425723285177825, -0.4284093163849779, 0.7164246811703678, 0.6355775329065222, -0.46825191876353206, 0.6103299844806004,0.06541139260587436]
[0.19895683358268196, -0.4467380851275127, 0.6626654277516798, 0.6761430402911726, -0.46393628561022016, 0.5624115041816768,0.10624034979284527]
[0.18149942998397353, -0.45966056987858894, 0.6081993575706615, 0.7169204016548589, -0.4539471789308155, 0.5103991246689698,0.13946264721759663]
[0.16232133981024305, -0.4670595422091042, 0.5535289962408363, 0.7572580201439431, -0.4382104480814695, 0.455440369516678,0.16463888949584657]
[0.1418719523812522, -0.46889427718805055, 0.49914419028892526, 0.7964984828817067, -0.4167283423050365, 0.39873077628557596,0.1814977232075883]
[0.12060527617242339, -0.4651990448306025, 0.4455162252227136, 0.8339873326904956, -0.38957979289032435, 0.341489656042959,0.18994085579197126]
[0.09897177597233467, -0.45608025755192955, 0.3930924187654966, 0.8690818171337611, -0.3569196915603601, 0.28493538693476694,0.1900446110161301]
[0.07741067253768508, -0.44171237699167654, 0.3422912737729118, 0.901159500644895, -0.31897717413424403, 0.23026073309113604,0.1820579895942735]
[0.056342859767812295, -0.4223327106449658, 0.2934982631703045, 0.9296266272927881, -0.2760529314585876, 0.17860867971193625,0.16639727279290198]
[0.0361645727388948, -0.39823525189317904, 0.2470623057165401, 0.9539261249799134, -0.2285155822670282, 0.131049265035182,0.1436372753699633]
[0.01724191516519813, -0.3697637356909761, 0.2032929768011504, 0.9735451465348094, -0.17679715483527708, 0.08855787024008009,0.1144994206064333]
[-9.367224308208522e-05, -0.3373040958859904, 0.1624584831255605, 0.988022049186026, -0.12138773589590197, 0.05199539956707915,0.07983687318634711]
[-0.015548949652925047, -0.3012765186195396, 0.12478441433112614, 0.9969527212101539, -0.06282935611092053, 0.022090745618825593,0.040617024021473075]
[-0.028871398575596608, -0.2621272893276699, 0.09045326875048348, -0.9999961730371026, 0.0017091913305916898, 0.0005741103237140042,0.002098326352378968]
