[0.31427386074385466, 0.019349974089794778, 0.13444483921923217, -0.9998790711309699, -0.015543182102598991, 0.0004944307712341031,9.023639659308449e-05]
[0.3407333697786975, 0.021052729708416068, 0.14598764169856562, -0.9983799014275204, 0.008456966370813715, -0.040892271935936864,0.03865066935119458]
[0.36779198267543695, 0.016851099206289903, 0.16025753590020608, -0.9931916242107139, 0.03494774775223114, -0.08562121298748389,0.07083826939785234]
[0.39431054315907094, 0.00647142051945631, 0.17675709700136696, -0.9844069063725421, 0.06381844849458604, -0.132655554233602,0.09629513097120163]
[0.41912517505405417, -0.010103461249194638, 0.19493686315281167, -0.9721469410419934, 0.0949401288112394, -0.180927541465863,0.11481255028575477]
[0.44110046160688404, -0.03263170886084771, 0.21421170503629497, -0.9565602609958914, 0.12816596870462824, -0.22935972509869132,0.12633316291508534]
[0.4591815326760822, -0.06062159518183663, 0.23397834515322152, -0.9378213246886671, 0.16333175455157234, -0.2768861950102571,0.130950127632778]
[0.47244263796017905, -0.093351707415117, 0.25363349979565913, -0.9161288876882335, 0.20025650761564232, -0.32247342213217256,0.12890339141803936]
[0.4801299608351071, -0.1299012587231875, 0.27259209248327587, -0.8917041741654491, 0.23874325466044516, -0.3651403091397059,0.12057312624052079]
[0.48169670794158403, -0.16918905434868717, 0.2903049804745173, -0.8647888648145939, 0.2785799395979934, -0.40397706992151006,0.10647048193699613]
[0.47682888033998594, -0.2100192731876869, 0.3062756461582339, -0.8356429191663085, 0.31954047383455403, -0.4381625820322819,0.08722585015695385]
[0.46546057463513424, -0.25113192921102484, 0.32007533253804277, -0.8045422516783414, 0.3613859216841692, -0.46697988754886044,0.06357488102766706]
[0.44777815552806854, -0.29125568320449435, 0.3313561459261272, -0.7717762822403956, 0.4038658159195472, -0.4898295550293314,0.03634253599570666]
[0.41855272954346995, -0.3228840528121772, 0.31627291405144475, 0.7926696464461659, -0.383234366687551, 0.47400902616929386,0.011031541258594797]
[0.38639807256759123, -0.35116829490756807, 0.3005730123804943, 0.8129188772212587, -0.36251293363006887, 0.4525171748673086,0.054547946417435426]
[0.3516500070166212, -0.37579533815467037, 0.28434083403969396, 0.8324504046522491, -0.3417186220607456, 0.42604077535528806,0.09350916995609332]
[0.3146870859285273, -0.3964799509889252, 0.2676685165396431, 0.8511932130828584, -0.32086703188595883, 0.39535032198016207,0.12732864862456167]
[0.2759294234031531, -0.412972447789304, 0.25065481567552284, 0.8690791066991934, -0.29997229166568884, 0.3612828634547502,0.15554042273860397]
[0.23583586925024191, -0.42506657911691104, 0.23340389618228313, 0.8860429644305176, -0.2790471012355316, 0.32472378377063965,0.17780619991695107]
[0.19489946998284657, -0.43260722981457156, 0.2160240550304979, 0.9020229832212221, -0.2581027825622877, 0.2865879156743152,0.19391972040961478]
[0.15364124337910698, -0.4354975415908776, 0.19862639410462563, 0.9169609087730507, -0.23714933846783715, 0.24780038123547873,0.20380837594642673]
[0.11260237828158538, -0.43370508830720766, 0.18132345964131358, 0.9308022529033853, -0.21619551882005375, 0.2092775543821305,0.20753209116651097]
[0.0723350510933942, -0.4272667618403416, 0.16422786621321023, 0.9434964967153294, -0.19524889375546903, 0.17190853241460677,0.20527953296961282]
[0.05354180591754382, -0.4079942144843299, 0.1433439100856735, 0.960446601734401, -0.16108188125661588, 0.13910392097211996,0.17956907283230306]
[0.03410453084094926, -0.3861429677614313, 0.12315694283981848, 0.9745324570703804, -0.12759253665368608, 0.10742115982805263,0.14989105753126583]
[0.014218013691520554, -0.361806989403408, 0.10406541553273732, 0.9856244485163235, -0.09484192261503249, 0.0772675900759723,0.11652972035248818]
[-0.005898663012062686, -0.3351318619905964, 0.08644301177453623, 0.9936163044520216, -0.06288439405089667, 0.049009393191548706,0.07981398305407121]
[-0.02601146630337643, -0.30631613478533876, 0.07062908210892818, 0.9984259682356019, -0.03176801974748444, 0.02296683182273174,0.04011113947709471]
[-0.04588117062704105, -0.2756102570253762, 0.056920182353308785, -0.9999962718686324, 0.0015350509855486926, 0.0005895994368710706,0.0021799632593501603]
