[0.3726372981496035, -0.06274239938691474, 0.1600575852974902, -0.9998795770732143, -0.015503876487560396, 0.000676850382694996,5.5129925086661164e-05]
[0.3450859898678402, -0.08415711728293064, 0.16208137258606486, -0.99940216336441, 0.007925877232541845, 0.028721621437735035,0.01753752532770076]
[0.3167133431903297, -0.10061631317149838, 0.16511349298143957, -0.9973068566001071, 0.030239438100468658, 0.05404109974388334,0.039295924728314925]
[0.2882509892316077, -0.1122863933802958, 0.16918687768589735, -0.9936566819699283, 0.05132291583246742, 0.07614675891143088,0.0649155435489137]
[0.2603628839747164, -0.11943704084083404, 0.17432612606366057, -0.988521508864411, 0.07107139333747664, 0.09461074566657045,0.09393024201988216]
[0.23363176082509812, -0.12242414603946727, 0.18054667899857388, -0.9819773750950135, 0.08938945199413997, 0.1090710168658932,0.12583113268795942]
[0.20854935616055223, -0.12167123112641823, 0.18785411015875697, -0.9741057768717949, 0.10619163059765666, 0.11923528159727191,0.1600756717256794]
[0.18551049778082626, -0.1176501484685581, 0.19624355342431413, -0.9649929299389997, 0.12140281545500768, 0.12488370744368296,0.19609707081561206]
[0.16481099106985317, -0.11086181460274515, 0.20569928238937635, -0.9547290074386716, 0.13495855958191422, 0.12587037200130996,0.23331386371794538]
[0.14664909373441598, -0.10181769049682983, 0.21619445515986033, -0.9434073602030303, 0.14680532944159985, 0.12212346277920473,0.271139461903113]
[0.14626951757312737, -0.12882143380424652, 0.1989467803211152, -0.9501554350414774, 0.1440335184597004, 0.09673938993703743,0.2590376135928337]
[0.14255631173863317, -0.15566847080893098, 0.18192729195387128, -0.9566430140083997, 0.13997148951462074, 0.07383524160191114,0.24452092542269452]
[0.13565342734326122, -0.18196304919013012, 0.16519208470191904, -0.962830792247674, 0.13461894622305734, 0.05354552485694288,0.2279637725282348]
[0.12574973029420386, -0.20734246197689382, 0.14879155646181236, -0.9686785007521982, 0.12798706816183994, 0.03595446170448914,0.20973447319730412]
[0.11307213530404862, -0.23148138498904391, 0.13277040828773615, -0.9741454609539745, 0.12009844407007671, 0.02109984437515872,0.19018880409230124]
[0.0978784868598412, -0.25409498856204565, 0.11716783999905414, -0.9791911402016474, 0.1109869105906742, 0.008977705027241741,0.1696644259725048]
[0.08045039356201325, -0.27494086805158646, 0.10201792293119483, -0.9837757022263773, 0.1006972978892586, -0.0004523746250338111,0.14847631886600351]
[0.06108619882600544, -0.29381986774684016, 0.08735012560978597, -0.9878605467774355, 0.08928508423207811, -0.007261499612232354,0.12691329511772423]
[0.04009424405702866, -0.3105758959126484, 0.0731899633759528, -0.991408832742787, 0.0768159623313099, -0.011545436116099175,0.1052356270261582]
[0.017786551839798805, -0.3250948446410844, 0.05955973928574329, -0.9943859792558248, 0.06336532097063333, -0.013418517299630466,0.08367379369433936]
[-0.005526971909293564, -0.33730273734354027, 0.046479341054110807, -0.9967601395256144, 0.04901764610041945, -0.013007669871299714,0.062428320081283364]
[-0.029543745046080164, -0.34716322973407604, 0.033967057483293456, -0.9985026424122739, 0.03386584623511537, -0.010446741693435756,0.041670650852574355]
[-0.05397307833846321, -0.35467458800688784, 0.02204037773864581, -0.9995883970988785, 0.01801050759031625, -0.0058712970303638375,0.021544973260963968]
[-0.0785400805316959, -0.3598662617590195, 0.010716738005466048, -0.9999962565835538, 0.0015590849588659015, 0.0005859720015863627,0.002170877652901328]
