[0.38225969217104194, 0.0030511915372475685, 0.02660310652093631, -0.9998788415155845, -0.015554391695758504, 0.000599883871739111,5.768681380253876e-05]
[0.4144116017106211, -0.012902597255832378, 0.05463395217320707, 0.9952308657507216, 0.0688259310099903, 0.06362322870193515,0.027029610563578877]
[0.4435047586151881, -0.02621931139687657, 0.08696166564357719, 0.9828893214294531, 0.12231588197372674, 0.12501254759950167,0.05778641518230005]
[0.46880172104250073, -0.03660435179648473, 0.1228749359832135, 0.962974891638087, 0.1756498896536854, 0.1827268074182719,0.09185525673574033]
[0.48970723356939416, -0.043814203986187045, 0.16150579298619253, 0.9357003997971773, 0.22846208240237778, 0.2359805296135532,0.12877510771526837]
[0.5057891474922903, -0.04767420376373326, 0.20186462567961014, 0.9013678114867959, 0.28040045122051777, 0.2840615397280936,0.16799016940922196]
[0.516790561868117, -0.04809544959579089, 0.24288094302967111, 0.8603640414542459, 0.3311319489682199, 0.32634698299169396,0.20886118652646832]
[0.5226325900453184, -0.045089425947737655, 0.2834479400715301, 0.8131556275504246, 0.3803472227536969, 0.36231745089647804,0.2506790384186588]
[0.523407724284022, -0.03877893467791002, 0.3224687453246875, 0.7602823493874517, 0.4277648992470177, 0.3915688740457676,0.29268029838138343]
[0.5193643436903386, -0.02940407478773536, 0.35890214415133154, 0.7023498843935891, 0.47313535044644767, 0.41382188753891097,0.3340644031380214]
[0.5108834515769012, -0.017322258720078823, 0.3918056017093084, 0.6400216074436403, 0.5162438764362252, 0.4289284332122516,0.37401203353560913]
[0.5080857138968072, -0.08222688834432312, 0.37510111182142564, 0.6695877651624419, 0.4968724217266027, 0.3795176908928486,0.40091937290640883]
[0.49628116541031075, -0.14598244160643747, 0.357649645370058, 0.698277337401915, 0.4768693246483569, 0.3281715272131804,0.42107939394712895]
[0.47576764152660317, -0.2072421086219344, 0.339534529964994, 0.7260200928505398, 0.45625217360270937, 0.27584030715550334,0.4343281061691203]
[0.4470567577486333, -0.2647262715932221, 0.3208448150083554, 0.7527479075986213, 0.4350406137284011, 0.22349031671991793,0.4406385484103095]
[0.4108596183568347, -0.31725801646873764, 0.3016745373534069, 0.778394961590358, 0.41325629156683796, 0.17208368205232247,0.44012240072789427]
[0.3680664170334017, -0.3637956811069717, 0.28212193424429693, 0.802897928787291, 0.3909227921083911, 0.1225581443612933,0.4330286223911469]
[0.31972053895133656, -0.40346136083618644, 0.2622886112684747, 0.8261961604463229, 0.3680655684568062, 0.07580713379286863,0.41973910974131584]
[0.2669879683864384, -0.4355644177942772, 0.2422786735408704, 0.848231860936571, 0.34471186437600226, 0.03266058374328637,0.400761433923039]
[0.2111229744642281, -0.4596192015064603, 0.22219782874060023, 0.868950255542287, 0.32089063000987034, -0.006133084504723591,0.37671878402771625]
[0.17252243108361892, -0.46404577121048607, 0.18743848386876408, 0.903033818770744, 0.2767358373690902, -0.018937031041135147,0.32800699280244455]
[0.1351479978030452, -0.46111760697004744, 0.15322602515377307, 0.9323234529680288, 0.23158649312763943, -0.02766246629683776,0.27636111015298515]
[0.10015848390676509, -0.45127988675756225, 0.12019495161999952, 0.956579350911129, 0.18564712967549743, -0.03196100900117566,0.2224175859893262]
[0.06860532819092485, -0.43522251462649975, 0.08894179854448386, 0.9756042510335939, 0.13913297017107795, -0.03155809396995511,0.16686056658641035]
[0.041387631597576385, -0.41385292508870736, 0.06000753065457126, 0.9892453748802014, 0.09226766045405116, -0.026258873620526903,0.11041167813527396]
[0.019213354763692327, -0.388259290002699, 0.033861762347636604, 0.9973959381415188, 0.04528088546156663, -0.015952771878638035,0.053819077101010096]
[0.002568589728263364, -0.35966566694852253, 0.010889338026419476, -0.9999962193533543, 0.00159410058808101, 0.0006166024526888309,0.0021540482188411028]
