[0.2962973097610918, -0.045713217233510545, 0.07312506474834368, -0.9998795227643256, -0.0155116960900177, 0.0005706388152785847,4.015393286363089e-05]
[0.32666038078267634, -0.055668474706062364, 0.08634523421424567, 0.9963309961198105, 0.07622260124013258, 0.020827121915585896,0.032876925400766054]
[0.3577254123103926, -0.06331623261244199, 0.10041503560490336, 0.9875448425817582, 0.13677473703965917, 0.04120176821591304,0.0659565727868345]
[0.3891813021295202, -0.06853430485953318, 0.11520318119018136, 0.9735548342812443, 0.19678667385820545, 0.06040027661959627,0.09908479310025234]
[0.4207159851196527, -0.07124289176101575, 0.1305586809265255, 0.9544299026547621, 0.25588104673958734, 0.07827663132674667,0.1321409089798137]
[0.45202237935202055, -0.07140525646205115, 0.1463135279766127, 0.9302736104976994, 0.3136875610860218, 0.09469281672118587,0.16499816390762123]
[0.482804116229809, -0.06902759059473584, 0.16228577266721897, 0.9012233470947336, 0.3698459353881333, 0.10951976172808894,0.1975243896820464]
[0.5127809364416201, -0.0641580877444122, 0.17828292598856452, 0.8674492537933488, 0.4240087558065956, 0.1226382292401441,0.2295827341538283]
[0.5416936419883596, -0.05688525895365424, 0.19410562666104303, 0.8291528897300753, 0.475844218244739, 0.13393964420158547,0.26103244458586333]
[0.5693085053205766, -0.047335539138255465, 0.20955150001266892, 0.7865656496698425, 0.5250387346030022, 0.14332685434735157,0.29172970151979777]
[0.5954210494340746, -0.03567024664004407, 0.22441913254361445, 0.7399469480566124, 0.5712993811655371, 0.15071481804659376,0.32152849759043417]
[0.6198591273213208, -0.02208196993002976, 0.2385120831955102, 0.6895821853788803, 0.6143561685246393, 0.15603121419266072,0.35028155532567984]
[0.6038050648314658, -0.0895780308836457, 0.23773349019027284, 0.6919716321754285, 0.6121815004032722, 0.11111867579088379,0.3661443850709075]
[0.5804836826765964, -0.15395581440770434, 0.236865617232601, 0.6942739681598481, 0.6098939304265195, 0.06469879509135157,0.37659941141509723]
[0.5503801633304262, -0.2144401831079058, 0.235908227626346, 0.6964873222337119, 0.6074950387145204, 0.017398548683458505,0.3815134052804258]
[0.5140615432512894, -0.2703251440109214, 0.23486115695292456, 0.6986098679713821, 0.6049864472407581, -0.03014443003800714,0.38082405959405624]
[0.47216727575497947, -0.32098238105471427, 0.23372431349144113, 0.7006398244623506, 0.6023698187334896, -0.07728973892695108,0.37454069753893704]
[0.4253989210883515, -0.3658685294529492, 0.23249767859379217, 0.7025754571258358, 0.5996468555596113, -0.123402120865058,0.3627441139810533]
[0.3745091291819915, -0.4045311052463591, 0.2311813070142562, 0.7044150784972817, 0.5968192985916407, -0.16785930884955538,0.34558555300648847]
[0.36400360747406163, -0.42691507650203636, 0.21775807314921516, 0.7248986598729287, 0.5847507063824318, -0.15945679348683697,0.32735619027379953]
[0.3519169048757522, -0.44964121529553186, 0.20435539487558735, 0.7447866112677586, 0.5708736989755089, -0.15027706464577492,0.3111477580439212]
[0.338078323478495, -0.4726264768088655, 0.19092520771600546, 0.7640408513620698, 0.5552268284616909, -0.14059983938614395,0.2969788402746679]
[0.3223172343884829, -0.49574890851131226, 0.1774157986878406, 0.7826234911453896, 0.5378539781046661, -0.13070248013841343,0.28483404120655165]
[0.2660775942861501, -0.5054049233413462, 0.16416132430157548, 0.8189326227801724, 0.49655338189911574, -0.1345760496936486,0.25430962451270267]
[0.2109563252241184, -0.5080440835197408, 0.15087804569916793, 0.852309980169911, 0.4531223474715578, -0.13520738091310877,0.22353254812498485]
[0.1578948514160082, -0.5040163440879395, 0.13766420257375808, 0.8826002427633248, 0.4077362025856995, -0.1325377320941661,0.19287755220981248]
[0.10776419825239997, -0.4938119563630138, 0.12461617200836184, 0.9096618007817255, 0.3605809065786308, -0.12655358482740403,0.16272986258463576]
[0.061342293443185834, -0.4780481160327894, 0.11182709718255668, 0.933367536059555, 0.3118520545950768, -0.11728819366014465,0.13347965501485698]
[0.019293820537909085, -0.45745170914044786, 0.09938557116339886, 0.9536055241369993, 0.26175382487547216, -0.10482245545007779,0.10551631310786208]
[-0.017846678284466688, -0.432838655579134, 0.08737439456112228, 0.9702796533641752, 0.210497875295866, -0.08928507265028521,0.07922256348576294]
[-0.04968785327959804, -0.4050904768286298, 0.07586942474395442, 0.9833101572774527, 0.15830219567394593, -0.0708519950600493,0.05496857498434836]
[-0.07599027859341026, -0.37512882142179377, 0.06493853297282642, 0.9926340570332413, 0.10538992263103104, -0.04974513521951342,0.033106110426112376]
[-0.0966705332744861, -0.3438887637149799, 0.05464068425464863, 0.9982055112297034, 0.051988124032928025, -0.026230363465051643,0.013962820011551224]
[-0.11180045786966027, -0.3122917455069949, 0.045025152944007996, -0.9999960710088852, 0.0016734397784115458, 0.0006147995365980818,0.0021632354543132605]
