[0.36285224064630206, 0.00888823454351069, 0.07493184480279264, -0.9998793124165516, -0.015522458157005384, 0.0006423680593414105,3.5460466324747855e-05]
[0.39529000462916347, -0.022151553181963393, 0.09619946590393227, 0.9989601621825603, -0.0024531664313142375, 0.0381448541267312,0.0248504818927861]
[0.42433796472572344, -0.05579818960306769, 0.11996281203183809, 0.995564190931492, -0.020760646118535623, 0.07604119675641982,0.05136802218809207]
[0.449597446113393, -0.09161266071712221, 0.14609095839326008, 0.9896664666374365, -0.039120748276453066, 0.11277911578950406,0.07944005859388682]
[0.47074085161767415, -0.12910793061163306, 0.17441660782033772, 0.9812815612474067, -0.05725509586286664, 0.14809720876388857,0.10897508114212001]
[0.4600209393169081, -0.19607047361380905, 0.18470805936362172, 0.9769410919030345, -0.06523240230347438, 0.14912328975283895,0.13817771562128126]
[0.4395723491384508, -0.261932880618546, 0.19526533349348507, 0.97219929310863, -0.07291161847694844, 0.14512037549766668,0.16867870934284684]
[0.40955853633427064, -0.3252621865689733, 0.20606466693540165, 0.967075947114739, -0.08027349393814416, 0.13583360840633746,0.19967350728228148]
[0.37035622933646634, -0.3846578224809887, 0.21708150286623143, 0.9615920528456502, -0.08729998903267466, 0.12113141469387499,0.23031851031396497]
[0.32254833142735484, -0.438783637098688, 0.22829058352979378, 0.955769753531899, -0.09397434916224302, 0.10101091638138097,0.2597494845132515]
[0.2669119780468224, -0.4863983537704959, 0.23966604587350718, 0.9496322599092906, -0.10028117480534501, 0.07560063609108336,0.2871006804970292]
[0.20440208839256244, -0.5263837251810723, 0.2511815197954962, 0.9432037692306547, -0.10620648703588755, 0.04516040506752639,0.31152426813126294]
[0.1361308626407549, -0.5577697204463932, 0.2628102285796934, 0.936509380351196, -0.11173778829645231, 0.010078442134189422,0.33220968105247045]
[0.06334377376740652, -0.5797561681742495, 0.27452509108648127, 0.9295750051621487, -0.1168641181979235, -0.029134370165658726,0.3484024628653816]
[0.04264698499387201, -0.5622138438294811, 0.24246223800482078, 0.9442481993629592, -0.10528860583951395, -0.04419222029907486,0.308798793950396]
[0.023611534485481967, -0.541920993247327, 0.21151589518218253, 0.9573198137010615, -0.09304971711014434, -0.0547518083903745,0.268109611761815]
[0.00647468030624887, -0.519087609666345, 0.1818656728210581, 0.9687144515358029, -0.08028938427549318, -0.06068561748681015,0.2268549800833026]
[-0.008550862160562663, -0.49395884003651336, 0.1536798910618804, 0.9783744850458538, -0.06715847967849972, -0.061931072270015264,0.185573834109282]
[-0.02128094444137989, -0.46681125745152474, 0.12711307497203467, 0.9862611317333, -0.05381468980142122, -0.05849343461034536,0.14481532136211483]
[-0.031563500460422805, -0.43794846011515487, 0.10230365881574124, 0.9923552774543637, -0.04042026500131926, -0.050447492479877565,0.10512971030203176]
[-0.03928145930149613, -0.40769608364118637, 0.07937194402835349, 0.9966580321204171, -0.02713967457729079, -0.03793798022246902,0.06705903913967301]
[-0.04435497502165934, -0.3763963291462233, 0.058418350749526615, 0.9991910076409245, -0.014137198322984717, -0.02117869315801565,0.031127685895509585]
[-0.046742909418823184, -0.3444021228077058, 0.039521997423177246, -0.999996311264685, 0.0015744868210228326, 0.00045028560393433817,0.0021669543485988217]
