[0.29274353774619494, -0.024675301925913034, 0.12106427252179211, -0.9998804646424208, -0.015447954974023653, 0.0006392101067332699,9.232560309071991e-05]
[0.29124788470255397, -0.03832876002239692, 0.12811532083047172, -0.9988994699377868, -0.04493169203822104, -0.006120517562491153,0.011980453804373903]
[0.2891877410880108, -0.05164173693676226, 0.13529738997053883, -0.9968085534748654, -0.07495418037707455, -0.015407217123969294,0.022741948549815396]
[0.28660911398736183, -0.06460884442045525, 0.14262382280717165, -0.9935397245139362, -0.10547615777509589, -0.02707439758101742,0.03194640745686669]
[0.2835530375132351, -0.07722917833506233, 0.15010745848391585, -0.9890259353323895, -0.136451864989519, -0.040907048562480994,0.03918164313401777]
[0.28005529896984016, -0.08950512743397337, 0.15776046523154647, -0.9832016477605224, -0.16782901976697023, -0.056624016579169996,0.04406427931435753]
[0.2761463757142968, -0.10144119478895365, 0.16559417676016505, -0.9760034063705711, -0.19954883828851921, -0.07388199208328838,0.04625000688161423]
[0.2718515741180699, -0.11304286509520112, 0.1736189333917306, -0.967370414432148, -0.23154610476228804, -0.0922810541001094,0.04544325808036453]
[0.2671913570992148, -0.12431554899454506, 0.18184392906156713, -0.9572451086840785, -0.2637492895682244, -0.11137168333683879,0.04140606602157028]
[0.2621818421725251, -0.13526363275844283, 0.190277065281538, -0.9455737289347055, -0.2960807160400512, -0.13066312030536936,0.033965890681558884]
[0.25683544794703, -0.1458896582423389, 0.19892481311469926, -0.9323068784904314, -0.32845677564681985, -0.14963291288983424,0.02302221169276307]
[0.2511616635743716, -0.15619365404604113, 0.207792084161649, -0.9174000714258161, -0.3607881910129409, -0.16773746867007702,0.00855171197318837]
[0.24516791288941875, -0.16617263438765595, 0.21688211150275494, 0.9008142627479773, 0.392980325893114, 0.18442340184330427,0.009388095829486976]
[0.2207686080678051, -0.2073591222282825, 0.21324892853092767, 0.9225611769598503, 0.3497727318104298, 0.1617649631815541,0.01928749686185078]
[0.19027979028548989, -0.24516236081858298, 0.20927282372320125, 0.9414983092294701, 0.3059509372925999, 0.13888760204409764,0.026176166378395867]
[0.15416537429222776, -0.2787133186539671, 0.2049142364800211, 0.9576586659456603, 0.26172226782890723, 0.11612768954329457,0.030094746767642157]
[0.11301232204361719, -0.30720514616443967, 0.20013412972736697, 0.9710910956121374, 0.21728526893789815, 0.0938123320577924,0.031119805257790217]
[0.06752280699118396, -0.32991059667088796, 0.19489427071281104, 0.9818590959166329, 0.17282850062875527, 0.07225559743138138,0.029362455211086342]
[0.01850390805499492, -0.3461986009475977, 0.18915751560714542, 0.990039531332762, 0.12852946868552795, 0.05175492015550588,0.024966584017811332]
[-0.03314511387900545, -0.35554964398639544, 0.1828880960763185, 0.9957212758247949, 0.0845536991193013, 0.03258772637589165,0.018106709384526493]
[-0.08644785366870775, -0.3575695839153812, 0.17605190593875594, 0.9990037956409762, 0.04105396064281166, 0.015008317000977038,0.00898549004004748]
[-0.14036795519669074, -0.35200155178079995, 0.16861678598595384, -0.999995687447716, 0.0018303614916328579, 0.000754955809965609,0.0021690791837210574]
