[0.27561808651501085, 0.053150493407960214, 0.10143068556651971, -0.9998792094667592, -0.015534776257265074, 0.00048502343725124,4.4215733017327605e-05]
[0.3106899693300502, 0.04314239424671398, 0.11441560997577849, -0.9984176071290627, 0.029806861600095498, -0.04027180284352388,0.025534577967179044]
[0.3452453629404044, 0.025775266714452592, 0.12935203737285053, -0.9925439589655943, 0.07639630335027829, -0.08338440218908279,0.04546576543825605]
[0.3778807344065403, 0.0010190805088690896, 0.1460166379299126, -0.9821843891809117, 0.12386279769290501, -0.1281467480131353,0.05958392376022464]
[0.40718746968915964, -0.03087908004230737, 0.16416086642903668, -0.9673018400397336, 0.17182867302613528, -0.17382764408646179,0.06772006743332382]
[0.43180769815630937, -0.06939620449739284, 0.18351568043332112, -0.947896468638168, 0.2199127473233439, -0.21968087114420592,0.06979242911170823]
[0.45048909627033173, -0.1137459530686092, 0.20379660404737762, -0.9240057146830358, 0.26773375847871506, -0.2649555312434329,0.06580760037764487]
[0.4621363309738143, -0.1629022539697451, 0.22470904278112896, -0.8957040393843136, 0.31491378402245956, -0.3089064462489212,0.05586045049175906]
[0.46585693400578615, -0.21563301536299076, 0.24595374998487965, -0.8631023385297807, 0.3610816192973638, -0.3508044664172285,0.04013282661041343]
[0.4609996261289633, -0.2705426250663745, 0.26723234216462577, -0.8263470357389193, 0.40587608365991795, -0.3899465466519808,0.018891055888522294]
[0.447183425019394, -0.32612152724168897, 0.28825275928722643, 0.7856188647584527, -0.4489492250162323, 0.4256654515889564,0.007517713517728354]
[0.4243162584964415, -0.3808008551687283, 0.30873456698011104, 0.7411313524386851, -0.4899693940177227, 0.457338956182066,0.038670279500019056]
[0.3926022487690568, -0.43300987653424405, 0.3284140003156212, 0.6931290166930296, -0.5286241605141172, 0.48439841581801407,0.07407319280210262]
[0.35253731391042686, -0.48123388213388674, 0.34704865360278925, 0.6418852962688515, -0.5646230463792781, 0.5063365890798928,0.11316952103005704]
[0.3262947149385775, -0.49054935847834447, 0.3312243533393113, 0.6784728503322136, -0.5403701455305999, 0.4764921303734454,0.1436312879337076]
[0.2989915171543293, -0.49767075662643667, 0.31493526164448615, 0.7134912406294027, -0.5147621456863466, 0.44388236219814514,0.17005478953237207]
[0.2707874104563856, -0.502479292730345, 0.2982785000793874, 0.7468412915020975, -0.48788075275005777, 0.40901014057175994,0.1921227766637401]
[0.24186039001723664, -0.5048682105480324, 0.28135584511943434, 0.7784295855278804, -0.45981346973802495, 0.37241725337492354,0.20958135129598016]
[0.2124059347007541, -0.5047457579690641, 0.26427282480712716, 0.808168863334727, -0.4306532442992222, 0.3346761914209732,0.2222447263868417]
[0.18263568689340914, -0.5020381053936913, 0.2471377797688184, 0.8359783991434042, -0.4004980901658679, 0.2963813544317798,0.2299988884414609]
[0.1527756404456719, -0.49669212205098284, 0.23006089779037966, 0.8617843502722558, -0.3694506841415709, 0.2581398406326621,0.2328040985277007]
[0.12306385750364823, -0.48867792793812204, 0.21315323137905906, 0.8855200789495342, -0.3376179403521368, 0.2205619755546383,0.2306961878077466]
[0.09374774865293646, -0.47799114300280976, 0.19652570787456125, 0.9071264448970898, -0.30511056359461575, 0.18425173973411052,0.22378662461437904]
[0.06508096361190388, -0.46465476136177974, 0.18028814171027643, 0.9265520672753176, -0.27204258372259854, 0.14979725627423826,0.21226135136213323]
[0.03731995134098742, -0.4487205865761604, 0.164548258365641, 0.9437535547122498, -0.23853087309953783, 0.1177614976755561,0.1963784107573314]
[0.010720258555004416, -0.430270174057537, 0.14941073939378563, 0.9586957022789356, -0.20469464923659295, 0.08867336700345912,0.17646440148108258]
[-0.014467356041704977, -0.40941523827626886, 0.13497629765689792, 0.9713516544181772, -0.17065496480669992, 0.0630193014342262,0.152909823401365]
[-0.038000908158698735, -0.3862974952639836, 0.1213407915580833, 0.9817030329836082, -0.13653418729190694, 0.04123553665392683,0.12616339107754773]
[-0.05965118718676083, -0.36108792459177097, 0.10859438662685184, 0.9897400297003524, -0.10245547057614758, 0.02370115866492059,0.09672541153030337]
[-0.07920567870790471, -0.33398544918969497, 0.0968207723005387, 0.9954614625163548, -0.06854222084026092, 0.010732055512468376,0.06514033766847155]
[-0.09647232111232355, -0.30521504566660024, 0.0860964411516566, 0.9988747954742462, -0.034917559149997404, 0.0025758655451389415,0.03198862213323519]
[-0.11128300998208755, -0.2750253118069628, 0.07649003714785363, -0.999996121896519, 0.0017037831507513293, 0.000591998635793447,0.0021219925808467527]
