[0.2651611050754352, -0.027640827218074274, 0.12121436071955288, -0.99987997433499, -0.0154811575401008, 0.0006018705688396333,9.185258414238723e-05]
[0.2652101278709072, -0.02807979921914817, 0.1216883680566768, -0.9999578599749881, -0.008869656099351569, 0.0009257221179962658,0.002179567269409881]
[0.266784489797564, -0.04293355798937511, 0.1285481880728983, -0.9958171113130112, 0.08520613173010136, 0.004613916947142702,0.032663553116702354]
[0.2687720409925199, -0.05787332178395625, 0.13623949815545308, -0.9821094616800852, 0.17692460191974568, 0.006421509484261027,0.06416739615986332]
[0.27117334017614303, -0.0733274624463049, 0.1448570460923261, -0.9593127635758806, 0.26526500713475804, 0.006259396814674836,0.09651071226408071]
[0.2738606552397012, -0.08972018292321728, 0.15448696997989347, -0.928015565483194, 0.3492837181307929, 0.004053241646269653,0.12950507983007412]
[0.2765812118598543, -0.10744020847055395, 0.16520537340127914, -0.8889057462904897, 0.4281262275302666, -0.0002559036303327404,0.16295533751854335]
[0.2789674637599312, -0.12681087477044606, 0.17707700993907521, -0.842757860359738, 0.501037552334907, -0.006711084717002707,0.19666092975993843]
[0.2805539139584663, -0.14806311277144613, 0.19015409577306436, -0.7904194131449975, 0.5673708991733385, -0.015339048501025743,0.23041729033611769]
[0.2807997070342252, -0.1713126912946824, 0.20447526755037687, -0.7327963011908749, 0.6265944860026593, -0.02614996410804427,0.26401725407477505]
[0.2791159407451558, -0.19654287777081206, 0.22006470091191124, -0.6708376602907052, 0.6782964450597886, -0.03913726370087863,0.2972524865244258]
[0.26097006705569725, -0.2324709487335423, 0.22161270364990923, -0.6503153841881875, 0.6945286991039458, -0.06812978819272601,0.30013017037606493]
[0.23704963195714718, -0.2560397253939565, 0.20865502356799145, -0.6819833432581266, 0.6728416557002264, -0.09090438726374973,0.2718808898198784]
[0.21115056279708064, -0.27723475447627843, 0.19621869588660829, -0.7132990278838746, 0.648549618240192, -0.10876861987360315,0.24239900336266423]
[0.18355856697534095, -0.2959236487401128, 0.1843036486066644, -0.7440505861247378, 0.621641103280072, -0.1217741456064519,0.21241968237898268]
[0.15456368037087162, -0.3120077408412569, 0.17290468839927564, -0.7740235476205541, 0.5921224258049285, -0.13007769532019736,0.18264274901557126]
[0.12445638732718922, -0.3254211283656937, 0.1620117961063475, -0.803002342562806, 0.5600179879707985, -0.13393237801666083,0.15371795310433725]
[0.09352405307410186, -0.3361293031256287, 0.15161046956637153, -0.8307718476012221, 0.5253704364953156, -0.13367695355770903,0.12623198397198643]
[0.062047707008398366, -0.3441274300543001, 0.1416821097274478, -0.8571189472124601, 0.48824068638269114, -0.1297233873883008,0.1006974937844429]
[0.03029920342213157, -0.3494383432722383, 0.1322044455856366, -0.881834098869963, 0.4487078096784994, -0.12254304027627344,0.07754435429850441]
[-0.0014612253746985673, -0.35211032713842855, 0.12315199310857722, -0.9047128902558532, 0.4068687889736515, -0.11265187374501918,0.05711330935737573]
[-0.032987019718174825, -0.3522147484541005, 0.11449654297557454, -0.9255575767478088, 0.36283813640733564, -0.10059506976635464,0.03965212266547893]
[-0.06404695354324008, -0.34984360261345504, 0.10620767168924192, -0.9441785874965789, 0.3167473799475693, -0.08693147104647188,0.0253142558850141]
[-0.09442642138407814, -0.3451070315973369, 0.09825327039298795, -0.9603959885827699, 0.2687444197473554, -0.07221824577702526,0.014160047516544054]
[-0.10707997494680768, -0.3410881409811452, 0.09146485955182851, -0.977342823260345, 0.20473375311719794, -0.05312162395747099,0.007949164998023077]
[-0.11901742094876425, -0.33717454585341183, 0.08513101054201194, -0.9897350845395246, 0.1386367328245463, -0.034472419537876525,0.003996377669847087]
[-0.13019972483160727, -0.33339481002595883, 0.07919797953291227, -0.9973493115555215, 0.07083096078681508, -0.016513622161910456,0.00215081771378303]
[-0.14059106970447574, -0.3297715776662653, 0.0736125464959857, -0.9999958831664758, 0.001716717823627681, 0.0005369923793260351,0.0022356585604771245]
