[0.3277418890448381, -0.0526099000834511, 0.13451748532346192, -0.9998794831619164, -0.015508204782507416, 0.0007164346324291156,3.8179845682732604e-05]
[0.32376676624381534, -0.05317952068676533, 0.13203458606599783, 0.9942624442274285, 0.09934629079915495, -0.029883244677184846,0.026067186095039392]
[0.3208496444607477, -0.05546348338310361, 0.13079672119969016, 0.9802781024512588, 0.18098180202038266, -0.06028183986850857,0.05163844472950655]
[0.3192940554085921, -0.059183153753766565, 0.13090964608958494, 0.9583030891425229, 0.25955017533281965, -0.09178572443566924,0.07657856498015632]
[0.31935764607524647, -0.06400984374118768, 0.13245913423743227, 0.9288063277723202, 0.33424125868474525, -0.12426248885485434,0.1007989104431788]
[0.3212445389782086, -0.06957300455158924, 0.13550971332496162, 0.8923416516350171, 0.4043093873148185, -0.15757465693398126,0.12421965858327064]
[0.32509904841496684, -0.07546955772084304, 0.14010371678608594, 0.8495393054873498, 0.4690824881068165, -0.1915805596287664,0.14677015008481437]
[0.3310009200013181, -0.08127413510635922, 0.14626066290255468, 0.8010964569580212, 0.5279700874413742, -0.2261352293744063,0.16838916667125026]
[0.3389622228639785, -0.08654997445662231, 0.15397696851167222, 0.7477668574879736, 0.580470114023684, -0.2610913086246731,0.1890251362347032]
[0.3489259824916235, -0.09086019938313464, 0.1632259994354163, 0.6903498044816585, 0.6261744058393997, -0.2962999662433922,0.20863626465208707]
[0.36076659848215964, -0.09377920149592925, 0.17395845476220165, 0.6296785660475186, 0.6647728493708157, -0.33161181539216983,0.22719059419803783]
[0.37429204635117297, -0.09490383847332434, 0.18610307720979302, 0.5666084370391915, 0.6960560992135508, -0.3668778266025325,0.24466598899524747]
[0.3892478173225188, -0.09386416505140784, 0.19956767704299883, 0.5020045999700339, 0.719916846976903, -0.40195022980965317,0.26105004846528607]
[0.40532250575137485, -0.09033342428929869, 0.21424045248267354, 0.4367299666911324, 0.736349629524167, -0.4366833992575923,0.2763399502540648]
[0.42215491165747365, -0.08403704376165355, 0.22999158528940267, 0.37163317646316385, 0.7454491879013857, -0.47093471536118725,0.2905422246021076]
[0.4393424868478835, -0.0747604051430932, 0.24667508629756787, 0.30753692321939025, 0.7474074094011334, -0.5045653978257708,0.30367246260726316]
[0.41684128149042066, -0.12144545098470164, 0.2419979021896016, 0.3647613525469618, 0.7452272422719245, -0.49895671284759296,0.25025529318721423]
[0.3905811204918915, -0.16256783130601954, 0.23759067450023058, 0.42166008277843403, 0.7383826623469928, -0.4867591923047369,0.20014821319085388]
[0.36172028110724774, -0.19815778588714084, 0.23359822487359794, 0.4778157349962464, 0.7268832789294528, -0.4685914741740108,0.15412609296998334]
[0.33129036162521924, -0.22846354502065835, 0.23016095596480166, 0.5328120101730582, 0.7107784928772, -0.44515891645559386,0.11286644753266173]
[0.3001588407714656, -0.25390596570322665, 0.22741289154855032, 0.5862376274319939, 0.6901573087372478, -0.4172391909409446,0.07694017755641298]
[0.2690042296460125, -0.2750275197888937, 0.22547980029721273, 0.6376902303196706, 0.6651477484954361, -0.3856669456360338,0.04680437874889817]
[0.23830445286328905, -0.2924387949349452, 0.22447743029602824, 0.6867802202784615, 0.6359158718172512, -0.35131782749337853,0.022797304457032937]
[0.2083383442093874, -0.3067656699587924, 0.22450987976038816, 0.7331344771910216, 0.6026644118672494, -0.31509216333843987,0.005135525800941206]
[0.17919942243565704, -0.31860015475860426, 0.22566812744053516, -0.7763999279930327, -0.5656310399147839, 0.27789859750096246,0.006086707183055916]
[0.1446428104847347, -0.3283164013459676, 0.21047034068750659, -0.8178269461567912, -0.5205367172267212, 0.24393802495436095,0.02636004817998834]
[0.11056009548565851, -0.3348821633715989, 0.19659042585150097, -0.8564771671943479, -0.47021748418550835, 0.2089499569228691,0.04101579138487836]
[0.07700080102076112, -0.3387068883387079, 0.1839992679290087, -0.8917234397385553, -0.41488290795245997, 0.17376460216323686,0.05007337361115274]
[0.043884388006316395, -0.34009919441527237, 0.1726504062739463, -0.9229569332088209, -0.3548170463968228, 0.13919331213248456,0.05367108053311418]
[0.01104462499772485, -0.3392328510605136, 0.16248147873284224, -0.9495959617461233, -0.2903766139877765, 0.1060118473134289,0.05206169142127179]
[-0.021717906167140397, -0.3361273645543066, 0.15341590699230687, -0.971094601473304, -0.22198810020571438, 0.07494444708903619,0.045605791375455985]
[-0.0545795073736965, -0.33064498945454773, 0.1453647922763754, -0.9869509762725661, -0.15014386597997512, 0.04664902619359291,0.03476288679620509]
[-0.08763798100390237, -0.32250476156771146, 0.13822898722657923, -0.9967150906147858, -0.07539725858474157, 0.021703798817661633,0.020080504364871198]
[-0.12086292653769287, -0.31131285177126194, 0.13190130707399225, -0.9999960931074555, 0.0016432001037183569, 0.0005956033778232269,0.0021814948684210542]
