[0.29540088290088323, -0.008419703944714514, 0.0915081203223238, -0.999880583993122, -0.01543610390201315, 0.0007332571969218995,8.236372527565377e-05]
[0.3204084621002775, -0.005363663647624517, 0.12138336682933332, 0.9987923901255592, 0.0320748137217909, 0.025634737651827576,0.026978287149249356]
[0.3436112498085758, -0.0012953384721995122, 0.15384301600743672, 0.996008712920839, 0.045319759386034435, 0.05478330632540537,0.053958804128917494]
[0.3647541575438923, 0.003618532122060123, 0.1888757125108746, 0.9914673594593221, 0.054949076144747123, 0.08675415190811318,0.08029191294459483]
[0.3835503838855652, 0.00917536370611971, 0.2264344545072264, 0.9851072670108322, 0.06077766741904826, 0.12149891399193821,0.10539336565613831]
[0.3996914275502783, 0.015127751957583396, 0.266424795933898, 0.9768697507292914, 0.06265917994435016, 0.15887628208403096,0.12867651017162954]
[0.41286095976973536, 0.021177044009692093, 0.3086943915128424, 0.9666997992144271, 0.06048759634706951, 0.19865138652974312,0.14956729427502308]
[0.4227517885121309, 0.02697033351654559, 0.3530244324666644, 0.9545473997296422, 0.054198428358568494, 0.240497523799854,0.1675193513567278]
[0.4290849160527087, 0.032101549428900644, 0.39912345340686495, 0.9403688741965635, 0.04376949786522936, 0.284000218944265,0.1820288085400858]
[0.43162951823406953, 0.03611705139510903, 0.4466239034880387, 0.9241282066542057, 0.029221297123202823, 0.3286635733859672,0.19264845960891214]
[0.4302225695575904, 0.0385258531364305, 0.4950817708796357, 0.9057983426805325, 0.010616923688585201, 0.3739187922574139,0.19900095508652396]
[0.4247868101400416, 0.0388142864604501, 0.5439794327861628, 0.8853624413300106, -0.011938410114268556, 0.4191347333972802,0.2007906798287662]
[0.415345801280066, 0.03646461135421632, 0.5927317780368132, 0.8628150604431611, -0.03829828908524049, 0.46363027112385147,0.19781401422354286]
[0.4020349440489679, 0.030976790564539503, 0.6406955203947085, 0.8381632567308437, -0.06827642005941685, 0.5066882231141313,0.18996770801286375]
[0.38510753358490696, 0.02189239800118356, 0.6871814930944046, 0.8114275828218603, -0.10164835733303904, 0.5475705491890317,0.1772551351814391]
[0.36493518009616077, 0.008819434971713419, 0.7314695935730707, 0.7826429644793734, -0.1381536120622323, 0.585534497466574,0.1597902434495409]
[0.3420022318436124, -0.00854330046935331, 0.7728259365807646, 0.7518594424288135, -0.1774981252170524, 0.6198493469953825,0.1377990616966002]
[0.3168941686451816, -0.030383698741244504, 0.8105216781239648, 0.7191427646839174, -0.21935708000100118, 0.6498133772667813,0.11161868204447865]
[0.2902802779394153, -0.056757058522977015, 0.8438528957582558, 0.6845748168923341, -0.26337802621396506, 0.6747706844055216,0.08169368917711786]
[0.30747256044792703, -0.0544509913050964, 0.8264255090247, 0.7045953556324078, -0.2338314181533318, 0.6551507993541785,0.14016305794047138]
[0.3254354038853513, -0.05630228671286515, 0.8068561828880001, 0.7240223344597044, -0.20511582146050852, 0.6290793877952537,0.1948801755983661]
[0.34342648896099076, -0.06235996650277235, 0.7853177632642147, 0.7428362265391624, -0.1773315575659767, 0.5972225090639757,0.24509821276299193]
[0.3607187944538539, -0.07254738420312758, 0.7619915214039986, 0.7610196942922637, -0.15057414198236516, 0.5603302900807131,0.2901834224824849]
[0.37662115521699074, -0.08666945675154089, 0.7370648571879478, 0.778557562753254, -0.12493390213214592, 0.5192183664287915,0.3296239213721693]
[0.3904966875184309, -0.10442316919042025, 0.7107290159621272, 0.7954367829957607, -0.10049561724080122, 0.4747485400313047,0.36303550640521437]
[0.4017785817121129, -0.1254108132752222, 0.6831768526755594, 0.8116463860032953, -0.07733818177243354, 0.4278091166633554,0.3901644645885166]
[0.40998288863072374, -0.14915534998606889, 0.6546006756912603, 0.827177427403083, -0.05553429378706598, 0.3792953824635228,0.4108874038593051]
[0.41471806102450187, -0.17511724339031998, 0.6251902007508093, 0.8420229235261758, -0.03515016949541768, 0.33009066378136176,0.4252082025611167]
[0.41569114868521106, -0.20271209967238524, 0.5951306432135045, 0.8561777792976825, -0.016245285178148057, 0.2810483896374801,0.4332522401887256]
[0.4127106795483375, -0.23132845971412486, 0.5646009739064246, 0.8696387084989862, 0.0011278524770646414, 0.23297554153737615,0.43525813223232496]
[0.4056863833921714, -0.26034513442415974, 0.5337723607592348, 0.8824041469788513, 0.01692390668527874, 0.18661783234443835,0.43156724554592574]
[0.3946260247080882, -0.2891475360118662, 0.5028068149114073, 0.8944741594221596, 0.031104880707463894, 0.14264690554741039,0.4226113165308569]
[0.37962970270033547, -0.31714254157218824, 0.47185605622857363, 0.9058503403135425, 0.043640257138991945, 0.10164978988090767,0.40889853157947326]
[0.36088204599528373, -0.34377152294800023, 0.44106060921203144, 0.9165357097582321, 0.054507105783511686, 0.0641207833303459,0.3909984569051162]
[0.33864277544094656, -0.36852128363265496, 0.4105491361969309, 0.9265346048439416, 0.0636901596827889, 0.030455876623203246,0.3695262225679992]
[0.31323612949690716, -0.3909327539983774, 0.3804380105782823, 0.9358525672454103, 0.07118185900537773, 0.0009497609794160223,0.34512637291692955]
[0.28503964349796906, -0.41060740494976267, 0.3508311286483916, 0.9444962277873143, 0.0769823626305299, -0.024204600217521594,0.3184567927799082]
[0.254472748024314, -0.4272114420591221, 0.32181995454305223, 0.9524731886915156, 0.08109952739794862, -0.044913919467005736,0.29017310577956323]
[0.22198560528347439, -0.440477932724575, 0.2934837888438714, 0.9597919042410435, 0.0835488551283326, -0.0611801965108744,0.2609139185919135]
[0.18804853926474838, -0.4502070940247687, 0.26589024763502367, 0.9664615605957578, 0.08435340765353526, -0.0730941917842781,0.23128725350838553]
[0.1531423396357286, -0.4562650257580359, 0.23909593532557638, 0.9724919554933269, 0.0835436902280609, -0.0808270098448408,0.2018584722110653]
[0.11774963557256943, -0.458581209714637, 0.21314729137987043, 0.9778933785639884, 0.08115750382494968, -0.08462008256610544,0.17313994732619356]
[0.08234744885514991, -0.45714511170978545, 0.18808158829940877, 0.9826764929785871, 0.0772397669483399, -0.08477387562444785,0.14558268633557356]
[0.04740095051453712, -0.45200221759572384, 0.16392805581525055, 0.9868522191366301, 0.07184230772158184, -0.0816356666612633,0.11957005618095859]
[0.0133583667397726, -0.44324980974981343, 0.14070910431800834, 0.9904316210846873, 0.06502362713321126, -0.07558675895725235,0.0954136978653393]
[-0.01935308820299255, -0.4310327487708903, 0.11844161910364182, 0.9934257963354325, 0.05684863444281157, -0.06702950024442476,0.07335166006493911]
[-0.05033042813840337, -0.4155394695290268, 0.0971382960697599, 0.9958457697341219, 0.047388355864359355, -0.05637447237867864,0.05354872076112617]
[-0.07919747346748841, -0.39699833519769756, 0.07680898907309425, 0.9977023919924357, 0.036719617755527276, -0.04402820421835771,0.0360988077056166]
[-0.10560702397087425, -0.37567442180627936, 0.05746203925964147, 0.9990062434795358, 0.02492470564717633, -0.030381737654109685,0.021029373609911195]
[-0.12924285774818112, -0.3518667337665881, 0.03910555730143844, 0.9997675438270528, 0.012091000547452564, -0.01580034598727782,0.008307531671083767]
[-0.14982176946309214, -0.3259057823167701, 0.0217486306061474, -0.9999960678687019, 0.0016894059508994238, 0.000614665637016475,0.0021522873467006917]
