[0.39147909316594165, -0.02248658419494854, 0.17152284799320422, -0.9998795908990895, -0.015507770260168717, 0.000550057847352279,0.00010100194060984631]
[0.37726874442009556, -0.05459164608475075, 0.17281448432765054, 0.9978419009867974, 0.05767005659370625, -0.017200554745364624,0.026264921929924915]
[0.3610687941758447, -0.08613380196181758, 0.17496956589620447, 0.9931384657416826, 0.09837354969642854, -0.0379520499226697,0.050579388005872444]
[0.34290080708419796, -0.11689807376211939, 0.178069870811837, 0.9858841962410622, 0.13744408002542416, -0.06256304366954019,0.07230035985306865]
[0.3228078831682799, -0.14666297466407308, 0.18218820125398025, 0.9762054780053686, 0.17471805575251398, -0.09072291221326069,0.09091654913114865]
[0.3008563705384649, -0.1752033042910404, 0.18738737191477944, 0.9642393085092396, 0.21004324821842746, -0.12205605675263335,0.10595616458457674]
[0.27713720178766155, -0.20229328108166914, 0.193719300622061, 0.9501323809355339, 0.2432795059827573, -0.15612716121704054,0.11699508620821567]
[0.2517667948209135, -0.22770995643754707, 0.20122421249481992, 0.9340401199715122, 0.2742993937603642, -0.19244747842370027,0.12366432353213122]
[0.2248874673058858, -0.2512368452753924, 0.2099299677638669, 0.916125675700877, 0.30298875300549727, -0.23048204628729277,0.12565662820960893]
[0.1966673240108055, -0.272667698955419, 0.2198515220418336, 0.8965588818618185, 0.3292471813928217, -0.26965771928757054,0.12273214464106087]
[0.1672995878112183, -0.2918103394976286, 0.23099052636810824, 0.8755151849185137, 0.3529884289467137, -0.3093718858194421,0.11472299800543174]
[0.1370013578400544, -0.30849046876799163, 0.2433350728019035, 0.8531745505307442, 0.3741407090834812, -0.34900172960239667,0.10153673654253641]
[0.10601179183255409, -0.3225553631094426, 0.25685958970816963, 0.8297203541027898, 0.392646923352387, -0.38791388324257214,0.08315856394331583]
[0.1037534599395039, -0.3232178216738238, 0.22755186251313406, 0.8494271487595464, 0.3870295215774138, -0.35435537800982314,0.05580263840806616]
[0.10129406863424445, -0.3236050751307747, 0.1998886075035172, 0.8695155570803716, 0.376005592505356, -0.31866996859099267,0.03181102824687235]
[0.09864003020135281, -0.3241511818827295, 0.17401817822517252, 0.8895617949448892, 0.3595573967822872, -0.2815421834327767,0.01150175384351751]
[0.0956576336140419, -0.3252676129474156, 0.15000808434615787, -0.9091339707543037, -0.3377370012364497, 0.2436905780909858,0.0049034035123272325]
[0.09207996493329706, -0.3272986979995629, 0.12785076406357115, -0.9277995568559425, -0.31066659017496945, 0.20585321773187518,0.01728307832557075]
[0.0875261486855696, -0.33048035753774635, 0.10747243005271706, -0.9451328948084423, -0.2785377554856335, 0.16877270785615725,0.02561841140547317]
[0.08153177056109576, -0.3349054464390675, 0.08874452118400847, -0.9607226131588572, -0.24160977065840616, 0.13318107507386806,0.029993008014840988]
[0.07358847457740099, -0.34049863448638146, 0.07149718910565603, -0.9741788376840818, -0.20020686940953852, 0.0997848034851031,0.03059076074835576]
[0.06318999046395253, -0.34700312840179137, 0.055534169959592844, -0.9851400772353177, -0.15471456486744503, 0.06925032976185103,0.027691577610251313]
[0.04988129465386722, -0.35398073856004375, 0.0406483400371315, -0.9932796733661189, -0.1055750600257108, 0.04219029142281335,0.02166509838247589]
[0.03330728357965193, -0.36082586637978387, 0.026637232061500704, -0.9983117087428423, -0.05328181415433399, 0.01915080821400947,0.012962523370086349]
[0.01325726790667811, -0.3667929995780641, 0.013317796801304793, -0.9999962778240419, 0.0016266571327754405, 0.0006000562424589846,0.002106717147624507]
