[0.3345014038178717, 0.08283677752498067, 0.10968235051243785, -0.999879338319991, -0.01552252217703826, 0.0005998086122034426,1.8321285868715848e-05]
[0.35365099021212837, 0.059126996304147285, 0.12121897081230712, -0.9997536371476348, -0.005110854742413004, -0.00971769372434683,0.019290168546634467]
[0.37110242961907935, 0.032494468365089804, 0.1333317638633108, -0.9990281365791691, 0.004691097673053014, -0.023814843230547576,0.036791699711749934]
[0.3864429533668845, 0.003052878284004277, 0.14603461035025048, -0.9976935293383422, 0.01387212022260206, -0.041447712469650524,0.05193527633473888]
[0.3992635842337403, -0.029026241066362736, 0.1593394678020027, -0.9957410790194086, 0.022422187950559534, -0.06228725086348366,0.06416578076080444]
[0.4091674479791242, -0.06351252133511359, 0.17325618563501385, -0.9931626492113949, 0.030332481257488345, -0.08592373464825194,0.07297262922675288]
[0.415778442542356, -0.10011701908739412, 0.18779233070612064, -0.9899507321659076, 0.0375953990056234, -0.11187289488275813,0.07790115049434902]
[0.41875006783106333, -0.13849380728389835, 0.20295302474804533, -0.9860984769327518, 0.04420456923875366, -0.1395836297757286,0.07856309660366143]
[0.4177742022000202, -0.17824294869261356, 0.21874079499428287, -0.981599716887689, 0.05015485749559522, -0.16844717519330232,0.07464606650723556]
[0.41258960052307003, -0.21891486628396092, 0.23515543922391768, -0.9764489965769055, 0.055442372700621155, -0.19780757697172602,0.06592164201424906]
[0.4029898837415156, -0.26001608772608265, 0.2521939063715919, -0.9706415978031877, 0.06006447062127937, -0.22697328121654128,0.05225205830259201]
[0.38883079130680454, -0.30101630211272623, 0.2698501937539629, -0.9641735648794161, 0.06401975488552425, -0.2552296346894297,0.03359525782631426]
[0.37003647620466573, -0.341356628172437, 0.28811526186205505, -0.9570417289757852, 0.06730807555860373, -0.2818520671755554,0.010008206258044416]
[0.33218298568468924, -0.37545473878053576, 0.26840553886056673, 0.9612122083313547, -0.07308907114994774, 0.26547843541795474,0.015820194728052243]
[0.29103885401179846, -0.40473302231863295, 0.24905973066724496, 0.9651041533228583, -0.07799100929794109, 0.24696975178912506,0.038695185861753134]
[0.24726370551840698, -0.42889734391614587, 0.23010230656073877, 0.9687281820893735, -0.08202372276677904, 0.22676365114432545,0.05844710984292684]
[0.2015373835992968, -0.4477438795707244, 0.21155441556352222, 0.9720949415500545, -0.08519957760727885, 0.20531014044734616,0.07496801196396113]
[0.1545478973354733, -0.46115911003751575, 0.1934340813521902, 0.9752150541660709, -0.08753343055923386, 0.18306307689037135,0.0882122811281369]
[0.11462930644260368, -0.4556410119149945, 0.16001474151836986, 0.9822089382241624, -0.08363432110235099, 0.14553995386453605,0.08419634098594453]
[0.07673389066842644, -0.4451285557755808, 0.1287446727806724, 0.9879266286489773, -0.07658364541171059, 0.11090038948642647,0.07640042718125499]
[0.04153140555495384, -0.43009486710641487, 0.09959914751214197, 0.9924478061133364, -0.06657010584984478, 0.07974497676698598,0.06524194837985049]
[0.009603299682617134, -0.41105218437491636, 0.07253658250144418, 0.9958482036955386, -0.053811916941424294, 0.052607357290476185,0.05121619617241147]
[-0.01855529694676266, -0.3885387780692423, 0.04750900481315998, 0.998198297900339, -0.03855455257836897, 0.029943780153539285,0.03488659591397178]
[-0.04253204559918538, -0.3631088735495141, 0.024472137265827254, 0.9995621129648611, -0.021068233876098845, 0.012124087714984293,0.016873599012777473]
[-0.06199328780698214, -0.33532556598341684, 0.003394670374492037, -0.9999961533990759, 0.0016451821781759612, 0.0005756957547662758,0.0021575766616152518]
