[0.3289114876594955, 0.01726859712861659, 0.17259468716758378, -0.9998768339049651, -0.015681455947195902, 0.0006388923311073107,2.7859443095032347e-05]
[0.3724272236348974, -0.004370768850682825, 0.21690888669918507, 0.9964333524663572, 0.018346512837096977, 0.08217922802459539,0.005527570954448279]
[0.40841709793102127, -0.03049543877331449, 0.26853124355287994, 0.9861069350053672, 0.02083686908372968, 0.1634403640036404,0.02112309246928595]
[0.4354429643980821, -0.05974514005450258, 0.32656974259466, 0.9689696293649624, 0.02313891244062124, 0.2416704249847584,0.04645270484136803]
[0.4523946645950782, -0.09050488462021833, 0.3899549895492068, 0.9451409700508545, 0.025240120253277994, 0.3154522400598345,0.08100226726556904]
[0.45854680004597076, -0.12097629897102774, 0.4574649459670881, 0.9147871361558187, 0.027129210624388462, 0.3834549612224729,0.12405963956341823]
[0.45359862724697964, -0.14925978249185856, 0.5277538973734448, 0.878119780879859, 0.02879628348174064, 0.44446171695498354,0.17472895194150315]
[0.43769494157738653, -0.17344359749147892, 0.5993848875996687, 0.8353945409726533, 0.03023295010114728, 0.4973949395243504,0.23194870936661757]
[0.4114267322653222, -0.19169560756633022, 0.67086475542142, 0.7869092366987144, 0.031432449731962554, 0.5413388376431183,0.2945133565074634]
[0.3758113728249455, -0.2023532068693617, 0.7406808366285359, 0.733001775123651, 0.03238975208080676, 0.5755585455448452,0.36109785692527063]
[0.3322531105657161, -0.20400703144909665, 0.807338347580796, 0.6740477716260709, 0.03310164452898891, 0.599515548721303,0.4302847772543202]
[0.2824855845535711, -0.19557431341095763, 0.8693974464765887, 0.6104579065389486, 0.03356680308983717, 0.6128790641199371,0.5005933148154128]
[0.2284989850487273, -0.17635821639063237, 0.9255089765335814, 0.5426750357023724, 0.03378584625262486, 0.6155331368801034,0.5705096665447162]
[0.17245522431575086, -0.146090153255082, 0.974447930826212, 0.47117107545305387, 0.03376137100881471, 0.6075793049293728,0.6385181091445711]
[0.11659508053267698, -0.10495290117515373, 1.0151437406458932, 0.39644368417236137, 0.03349797051268693, 0.5893347750970089,0.7031321455549693]
[0.0631416733840735, -0.05358325460982376, 1.0467065762034828, 0.3190127639525482, 0.03300223299072226, 0.561326147896561,0.7629250715113446]
[0.014204811738108822, 0.006946053006820399, 1.0684489578419618, 0.23941680720998737, 0.032282721681002755, 0.5242788208255329,0.8165593281201506]
[-0.028309288601542804, 0.07516442260625096, 1.079902104606521, 0.15820911416561528, 0.03134993575391363, 0.47910228998688137,0.8628140317892863]
[0.02730974613738693, -0.01388665373349638, 1.069088657392624, 0.24448994096157856, 0.03405219833189147, 0.42090831311231686,0.8728695827615449]
[0.0698205551697868, -0.10604381186336423, 1.043715928378487, 0.3289233810558495, 0.03601745904648321, 0.35998029877445487,0.8723109173527968]
[0.09844120635521447, -0.19792510329857968, 1.0045571919580525, 0.4108432755927146, 0.03724750272199779, 0.2978885119313495,0.8608616967321464]
[0.11307999711243658, -0.28612862401166556, 0.9527198856055904, 0.489603007705643, 0.037750832656114924, 0.23623021342474398,0.8384861690836996]
[0.11432797169896963, -0.3673906732093085, 0.8896165598567236, 0.5645806409187725, 0.037542546566501724, 0.1765931661975066,0.8053906572275286]
[0.10341690817804808, -0.4387374337653931, 0.816927409607186, 0.6351838634033876, 0.036644146049355064, 0.12051931177226237,0.7620195284388719]
[0.0821450494915747, -0.49762245932644444, 0.7365554359795655, 0.7008546983758037, 0.0350832817587088, 0.06946944672719427,0.7090457327119445]
[0.05277455091802513, -0.54204298458856, 0.65057550514881, 0.7610739427883656, 0.03289343716826103, 0.024789706736778664,0.6473561197978543]
[0.01790610161791438, -0.5706291796338394, 0.5611787501663326, 0.8153652986378794, 0.030113554400082468, -0.012319374872283158,0.5780318647110309]
[-0.01966262984673084, -0.5827018870157448, 0.4706138984831537, 0.8632991636781129, 0.02678760619067728, -0.04083052525000807,0.5023244433183125]
[-0.05708724190931935, -0.5782960347441158, 0.38112719736512213, 0.9044960510551749, 0.022964118608697313, -0.05991347240314698,0.42162770154096574]
[-0.09162762297282193, -0.558148719683534, 0.2949026489866241, 0.9386296103643857, 0.01869564963477092, -0.0689542222865738,0.3374466512810424]
[-0.12079183022722456, -0.5236528063644812, 0.2140042554860454, 0.9654292258305937, 0.014038229157487118, -0.06756942846827035,0.2513637013785682]
[-0.14246532340915033, -0.47677868544996194, 0.14032191204081576, 0.984682170714703, 0.009050766326210302, -0.05561552183330189,0.1650030909913468]
[-0.15501887366322192, -0.4199684867264294, 0.0755224750061955, 0.996235300619867, 0.0037944305272404194, -0.03319238705616575,0.07999433440770191]
[-0.157389643932541, -0.3560084545172776, 0.02100737579337203, -0.9999962720823397, 0.0016679874883142557, 0.0006414967792904945,0.0020644905048502315]
