[0.27731167513795957, -0.04531950173635867, 0.13974113780808403, -0.9998785861666859, -0.01557552676420011, 0.0004643616754940477,1.6110914201220558e-05]
[0.29645799776047344, -0.05956857927142774, 0.1753745018016865, 0.9974477090760889, 0.06340347216670326, 0.02978546092852155,0.013816428385938181]
[0.3114262177913131, -0.07429836813146357, 0.21286593438178225, 0.9917143333870325, 0.11012541074048256, 0.05771177084759921,0.032317586073036385]
[0.32208596485071, -0.08914524471144132, 0.25186362983287025, 0.9828241663031902, 0.15546195479270145, 0.08277286063441741,0.05510800563318233]
[0.3283611512113168, -0.10374027432425731, 0.29200406440131255, 0.9709463364560215, 0.19915488150371566, 0.104486284019588,0.08175060457054524]
[0.3302306996819818, -0.11771509914121313, 0.332914981772126, 0.9562705749488775, 0.24096915050859838, 0.1224346283084841,0.11175964289971363]
[0.327728560268908, -0.13070785858388193, 0.3742184991253612, 0.9390042252321131, 0.2806945533232986, 0.13626991492717816,0.1446103143507157]
[0.3209430039231327, -0.14236905904923106, 0.41553431628435744, 0.9193691288282411, 0.31814698065696073, 0.1457165908689816,0.17974865452064628]
[0.3100151905190462, -0.15236730745976929, 0.456483007546828, 0.897598434948963, 0.35316929956583676, 0.15057310441822808,0.21660155966014294]
[0.2951370177945778, -0.16039482178297318, 0.49668937277350866, 0.8739333823344928, 0.38563183837301634, 0.15071208860320087,0.2545867137603656]
[0.2765482682196258, -0.16617263152550693, 0.5357858212874371, 0.8486201012007079, 0.4154324832117112, 0.14607920469270994,0.29312222994341003]
[0.2545330815061224, -0.16945538243133185, 0.5734157592056166, 0.8219064820130347, 0.442496395858815, 0.13669072507300256,0.3316358245967001]
[0.22941579155404965, -0.17003566233160955, 0.6092369480831462, 0.7940391559401127, 0.4667753681229015, 0.12262995944445892,0.36957335888060694]
[0.20155617783143187, -0.16774776941296654, 0.6429248002981791, 0.7652606293080402, 0.48824683335320934, 0.10404264994347469,0.4064066017480101]
[0.17134419227157394, -0.16247085015842888, 0.6741755745426123, 0.7358066112202054, 0.5069125605647405, 0.08113147907940582,0.44164009094365986]
[0.19767855789669536, -0.19462868554313598, 0.6424037814314532, 0.7620660546637854, 0.49142878588991945, 0.06374810632688427,0.4167604295847541]
[0.216954496654875, -0.22822104882499772, 0.6056330830503579, 0.7881180345547488, 0.4732951769539619, 0.048614794435081925,0.3905102314200138]
[0.22883478203707203, -0.2618565687879427, 0.5644675841629532, 0.8137762618830449, 0.45239816055146154, 0.03565475122321678,0.3630879213641277]
[0.233265082529189, -0.2941227263487606, 0.5195822787922535, 0.838824955518931, 0.42865572205036645, 0.024766668203529484,0.33468429616317386]
[0.23047170263762104, -0.323641291669434, 0.47171022148992175, 0.8630234684530725, 0.4020226178768071, 0.01582805965197351,0.30547959038593914]
[0.22094841475457735, -0.3491216369419574, 0.42162912905041194, 0.8861117688782246, 0.3724947223702864, 0.008698956093053501,0.27564096760945833]
[0.20543319010777528, -0.3694099066292496, 0.3701476940311067, 0.9078166247751615, 0.3401123802564123, 0.003225872902110072,0.2453204808453038]
[0.18487598885665377, -0.38353227154691727, 0.3180918627116725, 0.9278583219321914, 0.30496266264143385, -0.0007540302718901933,0.21465353538708415]
[0.16039905334109794, -0.39073078810502515, 0.26629129695011255, 0.9459577311351575, 0.26718045369342536, -0.003408686881044985,0.1837578758136585]
[0.133251360892811, -0.39049071212983855, 0.21556620438035082, 0.9618435309612104, 0.22694832627908298, -0.0049068468513181526,0.15273310708936647]
[0.10475903386442421, -0.38255846212018557, 0.16671468703926548, 0.9752593884182494, 0.18449519696859867, -0.0054138749724957904,0.12166074780044149]
[0.07627357815072847, -0.36694977590770933, 0.12050072703598166, 0.9859709006861913, 0.1400937831759077, -0.005087711386468568,0.09060480179532825]
[0.04911983312122367, -0.3439479464895587, 0.07764290111368044, 0.9937721073978552, 0.09405691693627279, -0.0040750776023913094,0.059612823092046796]
[0.0245454722710302, -0.31409234905581773, 0.0388038952382119, 0.9984913940772056, 0.046732800123635315, -0.002508006174187667,0.028717438106375094]
[0.0036738018635559897, -0.2781577762403613, 0.004580876446471399, -0.9999966232358847, 0.001500686000023887, 0.0005007653478925947,0.0020617207434975218]
