[0.32804122298420063, 0.05999714644916825, 0.12189252341072068, -0.9998794584425761, -0.015517532762952597, 0.0005241521554530314,5.103886336506917e-06]
[0.34782056617872, 0.02750692745204259, 0.13443117972012425, -0.9996084883532221, -0.019084788960027993, -0.01921643618708167,0.007026337794724886]
[0.3638490241296476, -0.008676770194260443, 0.1475574784791274, -0.9988835447313241, -0.022746863481783345, -0.04031764377637713,0.009419759394352283]
[0.3755304175608657, -0.04805748857832141, 0.16125771477489728, -0.9977026084396676, -0.026493905981789346, -0.061956855100582985,0.006994724051530024]
[0.3823406546251029, -0.09004831104132287, 0.17551709680004282, 0.9960641135141017, 0.03031602047763593, 0.08328940964521131,0.0003080790785226243]
[0.3838410182000105, -0.13398286903527432, 0.19031977044937867, 0.9939669476238019, 0.034203279753435255, 0.10346845054638631,0.012414605392882213]
[0.3796897335713817, -0.17912826291395204, 0.20564884642549408, 0.9914104519695355, 0.03814573974831948, 0.12166487016157639,0.02911833843443117]
[0.36965154447633913, -0.22469962562194623, 0.2214864297890508, 0.9883944206214348, 0.042133453911170675, 0.13708693588828255,0.050084062881278944]
[0.353605068305577, -0.2698760199868789, 0.237813651883177, 0.9849190992985112, 0.04615648750189848, 0.14899918621475375,0.07485445214439848]
[0.3315477494199155, -0.3138173288273467, 0.2546107045549534, 0.9809851835928812, 0.050204931819694175, 0.15674020188997853,0.10285933843706191]
[0.30359828195358446, -0.3556817730994033, 0.27185687659084345, 0.976593816642395, 0.05426891833882091, 0.15973887993722727,0.13342747855885934]
[0.26999642898572573, -0.3946436773836207, 0.2895305922769943, 0.971746586256082, 0.058338632732665395, 0.1575288685326287,0.16580057783181626]
[0.23110022232006458, -0.4299110945469813, 0.3076094519896714, 0.9664455214975389, 0.06240432876696203, 0.14976085790621196,0.1991492886447018]
[0.18738058503295485, -0.46074290259171286, 0.32607027471568145, 0.9606930887320908, 0.06645634204330934, 0.13621246564109357,0.23259085981308894]
[0.13941347612882937, -0.4864649965231561, 0.34488914239751844, 0.9544921871442549, 0.07048510357434552, 0.11679550317133364,0.26520807923901163]
[0.08786971179058632, -0.5064852163309173, 0.3640414459931326, 0.9478461437327191, 0.07448115317220348, 0.09156046293332555,0.296069125814543]
[0.061477663176440614, -0.49981831066044957, 0.2872853244983117, 0.9673200290278562, 0.054063594091848716, 0.06636754186113912,0.23867224099741777]
[0.035920883056957495, -0.48089806050622635, 0.21422871119028597, 0.982057601020202, 0.03623501699648029, 0.044031622605427735,0.17975290827256207]
[0.012503773322278044, -0.4505842932218932, 0.14635256574115707, 0.9922701300912565, 0.021029356422514203, 0.025100984642653226,0.11969835281700923]
[-0.007599524601211451, -0.4100072202919154, 0.08499913720036312, 0.998176889161226, 0.008407004263118637, 0.010063179295229312,0.05891479140427937]
[-0.02338162554321731, -0.3605326705384361, 0.03135738660309434, -0.9999958959803474, 0.001740326938471532, 0.0006628635303701877,0.0021771303474165736]
