[0.2198715334384214, 0.02089184098819498, 0.018327144765452635, -0.9998772084977224, -0.015657258439208867, 0.0006430990624191434,6.788642082751248e-05]
[0.2016206242332132, 0.015188729364344159, 0.009892566458811924, -0.9966733216416734, 0.06405646506670748, 0.04698267855369554,0.018212279561647678]
[0.18377863628907223, 0.013967874320952643, 0.0036309122475862987, -0.9847136157791111, 0.14242218412493415, 0.0927214107137811,0.03818057573635102]
[0.1673618394260477, 0.016927330499730553, -0.00037421297942946685, -0.9642216205076611, 0.2185749004064028, 0.13751619292119088,0.059924754003441126]
[0.15330870424267304, 0.023568394396950004, -0.0020991956818225133, -0.9355198436331491, 0.2916820569736919, 0.18102977226756728,0.08338118109595938]
[0.14244005091202175, 0.03321521116829933, -0.0015798961991265736, -0.8990251724777479, 0.3609550220824408, 0.2229333254133334,0.10847093483958482]
[0.13542385161909173, 0.04504204265014085, 0.001090491444721009, -0.85524289530981, 0.4256599291039871, 0.2629089801943884,0.13510026983847664]
[0.13469896612191037, 0.048543760710349555, 0.002603718568004315, -0.8021361350253067, 0.4947200374488211, 0.29281037240446395,0.1615295367592553]
[0.13736065456623475, 0.0522125641330987, 0.005085870968563888, -0.7420041165214903, 0.5577143502212287, 0.31999640487946407,0.18970212304213566]
[0.14341842292530535, 0.05512331350902819, 0.008376789240354121, -0.6755755211192588, 0.6139587342411094, 0.34425383974314816,0.21941212759461579]
[0.15266836743128995, 0.05636568520119281, 0.012300240616042415, -0.6036474909193124, 0.6628591066540116, 0.3653897723628005,0.2504352724464457]
[0.16470006416406754, 0.055090397309380396, 0.016667475996464162, -0.5270742481364226, 0.703918450588037, 0.383233471660297,0.28253080906754074]
[0.17891325373746944, 0.05055312294589215, 0.021281021268261383, -0.44675498581313455, 0.7367423689079784, 0.39763802827863703,0.3154435971352798]
[0.19454364037973265, 0.042154037529808785, 0.025938628654578383, -0.36362121982100704, 0.761043100490134, 0.4084817940889054,0.348906336414454]
[0.21069669717043046, 0.029471134259670795, 0.030437310862507803, -0.27862379974586593, 0.7766419482905879, 0.4156695985019553,0.382641930859386]
[0.2263879912269485, 0.012285717812124175, 0.03457737933379308, -0.19271978067664663, 0.783470094076329, 0.41913372917431946,0.41636596269676274]
[0.24058823237156315, -0.009401162111585065, 0.03816640799948246, -0.10685935900917883, 0.7815678006024573, 0.4188346669481457,0.4497892531130788]
[0.25227102118538025, -0.03536216493629851, 0.04102304558136621, -0.02197307312728397, 0.771082027815374, 0.4147615672182178,0.48262048526369244]
[0.26046113835114115, -0.06514737782580628, 0.04298060263902734, 0.06104053571889343, 0.752262514909518, 0.4069324823522932,0.514568864650553]
[0.24350588693636221, -0.09713957561401255, 0.032881961463054096, 0.07803540728518103, 0.7575382929983017, 0.3624460204176442,0.5372886488047824]
[0.22244048013944318, -0.126002541117559, 0.022716425562506186, 0.09519281430247725, 0.7622948285691628, 0.31686560517886503,0.5562743124543118]
[0.19779292858828157, -0.15119381071319288, 0.012486136494845756, 0.11249517655350398, 0.7665338986108496, 0.27049190860380534,0.5714934338314996]
[0.1879693809102143, -0.15358852577129964, 0.013770284357453602, 0.012501779993387703, 0.7899981660864693, 0.2271014435842733,0.5693606391374029]
[0.17709565704420693, -0.15742818916723775, 0.014813919656979466, -0.08922373163843904, 0.8022263432321036, 0.183898814193472,0.5609396100073468]
[0.16529201610688044, -0.16286718343878068, 0.015887611277984534, -0.1913172537630851, 0.8030461660309836, 0.14173791225714127,0.5462828277224875]
[0.15269470063206125, -0.17001146334094358, 0.017281391309461255, -0.2923966606108524, 0.7924626663153091, 0.1014657606865838,0.5255585740603482]
[0.1394531452394708, -0.17891505590993786, 0.01929744817613488, -0.39108597327497263, 0.7706600186912352, 0.06390681834556383,0.49904991300203616]
[0.12572684886225666, -0.18957781262989348, 0.022242465465696554, -0.4860396899902257, 0.7379999917164208, 0.02984745324006738,0.46715154020494315]
[0.11168199568832449, -0.2019444701736867, 0.02641979151525975, -0.5759667926100052, 0.6950169961353927, 2.0874388470485808e-05,0.43036452973931194]
[0.09748791633532705, -0.21590504353446904, 0.03212162845696985, -0.6596539448483536, 0.6424097933086275, -0.024907192483702247,0.3892890471998309]
[0.08331348441888078, -0.2312965421764189, 0.03962142842446084, -0.7359874096868836, 0.5810299966415596, -0.04435181090366641,0.344615137007454]
[0.06932354450867248, -0.2479059669725597, 0.04916667902984573, -0.8039732352549533, 0.5118675663340482, -0.05782086262341473,0.2971117287729093]
[0.05567546550255156, -0.26547451401455313, 0.060972250190463484, -0.8627552900909703, 0.4360335616686179, -0.06492556183846628,0.24761404228877076]
[0.04251590877313798, -0.28370288169154856, 0.07521446018087061, -0.911630769387421, 0.354740473943698, -0.06538924241104019,0.1970096023781834]
[0.029977893223865917, -0.30225755050512376, 0.0920260007768558, -0.9500628428161211, 0.2692805157404368, -0.059054235581396546,0.14622310283471676]
[0.018178229875380685, -0.32077788160280796, 0.11149184000635451, -0.9776901708428726, 0.18100228731943788, -0.04588668905418693,0.09620038248370412]
[0.007215387099212794, -0.3388838605682915, 0.13364619687057866, -0.9943330789276731, 0.09128627756042093, -0.025979214827895534,0.0478917955009204]
[-0.0028321655090095556, -0.35618429808813573, 0.1584706560588705, -0.9999962463828079, 0.0015196841425322636, 0.0004487079662566009,0.0022352721451166565]
