[0.39311934926966335, 0.06595738224338396, 0.15094880423948312, 0.9998817792763752, 0.015364869903378332, -0.0005606968659862189,0.0001840189858039299]
[0.4190117706117623, 0.04718611621992455, 0.16215799775867767, 0.9971949452452655, 0.066261962246481, 0.03441097881873891,0.005241953192694941]
[0.44341145776044255, 0.026515622989409883, 0.17468199373322477, 0.990649821592917, 0.11705609321604442, 0.06809533933141751,0.016547712236373826]
[0.4661215068068433, 0.0040925501643597345, 0.1884759441061521, 0.9802530863231855, 0.16743614651432379, 0.0996108262645974,0.03386306077701508]
[0.4869619179382041, -0.019917081802374483, 0.20348800583684287, 0.9660369955067064, 0.21709210622264605, 0.12811494934866624,0.05683397295262707]
[0.505771658703139, -0.04532993245945307, 0.2196596365225684, 0.9480592085177956, 0.26571717654009136, 0.15281912266232356,0.08499667631673012]
[0.5224104682249339, -0.07194762075888253, 0.23692593081970234, 0.9264024367987, 0.31300987812626824, 0.17300259506093194,0.11778558227131526]
[0.5367603766500845, -0.09955919774880966, 0.2552159955754523, 0.9011739189402078, 0.3586761063037689, 0.18802523521975653,0.1545429697827456]
[0.5487269184439976, -0.12794377631339035, 0.27445336132875786, 0.8725047261035348, 0.40243113668467734, 0.19733895104704172,0.1945302587088387]
[0.5582400228191778, -0.1568732793074636, 0.2945564276023902, 0.8405489030117625, 0.4440015641981919, 0.20049754645576892,0.23694068139620664]
[0.5652545695287042, -0.1861152656329899, 0.31543893918884225, 0.8054824509011217, 0.48312716200971123, 0.1971648451929644,0.2809131368213296]
[0.5697506033998715, -0.21543579264231907, 0.3370104904318347, 0.7675021599347003, 0.5195626474315271, 0.18712094114901368,0.32554699088306793]
[0.5717332062365014, -0.24460227275116514, 0.3591770543245457, 0.726824299635633, 0.5530793426268339, 0.17026646678943552,0.3699175698796742]
[0.5712320299984155, -0.273386282311662, 0.3818415330861981, 0.6836831768859682, 0.5834667186966311, 0.1466248055052786,0.4130920820192948]
[0.5099912443814764, -0.3426400464365207, 0.3384939327643321, 0.7452184313973613, 0.5389565417800265, 0.10474681688632956,0.37842230369040486]
[0.4387698399033194, -0.3974543632701092, 0.2965778069914091, 0.8016520336213413, 0.48760009056660075, 0.06827464517968285,0.3390261663880815]
[0.36094986784941285, -0.4363358937699656, 0.2564174784597679, 0.8522134690224946, 0.43001992063554384, 0.037775395814873124,0.2956147671282274]
[0.28012488816838965, -0.45857748306336266, 0.21831985154922062, 0.8962094329701983, 0.3669259896844369, 0.013723793161550717,0.24896913031657475]
[0.19991778064080978, -0.46428194755281044, 0.1825710650405381, 0.933033820893632, 0.29910594096652127, -0.003506496225781216,0.1999280611404529]
[0.1237982630290884, -0.4543436510618222, 0.14943339098988062, 0.9621764782388034, 0.22741423758519883, -0.01364992178748008,0.14937492728939608]
[0.054909902279943516, -0.4303889644874854, 0.11914241979900433, 0.9832305775279778, 0.15276030783513106, -0.01655435754303039,0.09822358683357692]
[-0.0040841218075090115, -0.394678972150166, 0.09190456772506675, 0.9958985106981071, 0.07609587711445169, -0.012184559559956969,0.04740369588760491]
[-0.05112829272480701, -0.34997986819155263, 0.06789493877547953, -0.9999962075381403, 0.0015983254694994977, 0.0006237021596126546,0.002154358523200539]
