[0.24070695280841087, -0.02898371350681852, 0.04147579425064893, -0.9998783855117735, -0.015587000916863354, 0.0005070433156401997,4.9958613731722044e-05]
[0.2596492481155574, -0.036141272738440616, 0.06787667495552568, -0.9998642415629851, -0.000453599428083135, -0.011658764708114422,0.011634685071646477]
[0.2761049685741552, -0.042708483067118705, 0.09636694852586583, -0.9993009714007359, 0.012174906285606966, -0.025180962380167468,0.024804421946318784]
[0.2900155532761536, -0.04850392828576278, 0.1267790936724629, -0.9981848777735766, 0.021969710305404268, -0.040184334219299234,0.03910883399692185]
[0.3013107303627825, -0.05334678778566567, 0.15892687825376675, -0.9965134978605525, 0.028647479733506905, -0.056725568695649264,0.054059044967519336]
[0.3099107370357187, -0.05705228987596872, 0.19259535972853398, -0.9942856436708862, 0.03197450182035888, -0.0747887104187181,0.06913999433914364]
[0.31573227184496505, -0.05942854540249939, 0.2275317523583666, -0.9915014300232063, 0.031770183816218676, -0.09428252387830464,0.08382347745922836]
[0.31869760351813237, -0.0602755510137071, 0.2634380004767324, -0.9881622898598986, 0.0279098606332673, -0.11503984812851235,0.09758156547648901]
[0.30683784149985394, -0.0994937490964169, 0.2519837949648752, -0.9898470624374461, 0.02905552440285477, -0.11559517881672139,0.07743593558525676]
[0.29001753957138443, -0.13650760012682184, 0.24068013696575158, -0.9913964521668832, 0.02971620942207845, -0.11325721432233625,0.058504913746152916]
[0.26863189871428983, -0.17068545931940304, 0.22953363335299365, -0.992811994197441, 0.029895173088723522, -0.10832898905376352,0.041175878063321375]
[0.2431554211154819, -0.20146380668297006, 0.21855008445261165, -0.9940952399220986, 0.029596334025746362, -0.10116390972707238,0.0257793395026846]
[0.21413060048410207, -0.22835683975607518, 0.20773452057463265, -0.9952477528691132, 0.02882426641545104, -0.09215613404393741,0.012582489128468672]
[0.18215553266266152, -0.25096425244795206, 0.1970912427473093, -0.9962711046245359, 0.027584193533313355, -0.08173013309541687,0.0017842930054946082]
[0.1478707280687475, -0.2689770953206947, 0.18662386735804704, 0.9971668707926817, -0.02588198048943539, 0.07032967938052685,0.006487763690849638]
[0.11194541398045738, -0.282181654889307, 0.17633537438515257, 0.9979366270014419, -0.023724126186580603, 0.05840651463631222,0.01217921892842718]
[0.07506361506147115, -0.2904613312405181, 0.16622815888615883, 0.9985819449592542, -0.021117754504672064, 0.04640895836377982,0.015308436551869887]
[0.03791029512751527, -0.2937965336437884, 0.1563040853919242, 0.9991043885704403, -0.018070604722570677, 0.034770718846546804,0.015964682744803886]
[0.0011578324078690442, -0.2922626520995607, 0.14656454484099818, 0.9995055101155247, -0.014591021188872552, 0.023900163566414594,0.014304528334399939]
[-0.03454691503658012, -0.28602619828901193, 0.1370105136759919, 0.9997868465030301, -0.010687942254360455, 0.014170295318587652,0.010546666794698706]
[-0.06859471693659347, -0.2753392416101316, 0.12764261471292793, 0.9999499155991173, -0.006370888479637552, 0.005909664239590755,0.004965273595062959]
[-0.10042503817973206, -0.2605322944701677, 0.11846117938583409, -0.9999962126413104, 0.0016499501323455393, 0.0006055752761730154,0.00211793441379158]
