[0.22310220091905741, 0.012260369531616239, 0.0242813898652659, -0.9998802792827198, -0.01546462035215678, 0.0005185781786466782,6.079100900298126e-05]
[0.2519865785738821, -0.009347887551831306, 0.05011583005772427, -0.9984375409981101, 0.04887870509841043, -0.02348434657899483,0.01348459785488096]
[0.27643716103938176, -0.03578576169829205, 0.07843643527614916, -0.992255820265612, 0.1109830495401247, -0.0492523075423172,0.026179382451638068]
[0.29573937640192516, -0.06609716748735171, 0.10912105439623251, -0.9816693587550306, 0.17027461661818968, -0.0768537534515692,0.03775348457323329]
[0.3093521968905852, -0.09921424904030014, 0.14203611478670566, -0.9670770069869451, 0.22623581605879758, -0.10628275876774017,0.047784864529479505]
[0.31692736987838127, -0.13398370197687096, 0.17703127892519724, -0.9489337999234126, 0.27841315704927894, -0.13745276837856443,0.05583452166747204]
[0.31832651822604374, -0.16919742882945865, 0.21393411412985486, -0.9277415839375363, 0.3264238955187899, -0.17019266303278,0.061460973936478425]
[0.3136347799794952, -0.203628074363183, 0.2525450758785187, -0.9040388748760796, 0.3699613213026953, -0.2042453077684744,0.06423540851677849]
[0.3031692697007068, -0.2360695051564118, 0.2926330991947341, -0.8783901404076179, 0.4087985967777795, -0.2392686814543428,0.06375709044729354]
[0.28748043561373354, -0.2653816639958083, 0.3339320751777972, -0.8513747097183183, 0.4427910857213059, -0.2748396183491455,0.0596686034987646]
[0.26734440698650613, -0.2905385092475454, 0.3761384614839554, -0.8235755197027222, 0.4718771393701489, -0.3104601239613237,0.05167049560586798]
[0.24374470077046048, -0.3106770213661238, 0.4189102373503997, -0.795567908992361, 0.4960773354132305, -0.34556615915557976,0.03953491010856939]
[0.2178421852716823, -0.32514460835191317, 0.46186736686624835, -0.7679086694371371, 0.5154921944086185, -0.3795387201046417,0.023117803710639668]
[0.19212757579555745, -0.3432235391063247, 0.4338592168349469, 0.7962822112398592, -0.49238644119882324, 0.3510930882317128,0.0149624858374987]
[0.16469172727733078, -0.3576867315522987, 0.4061419154327971, 0.8239055191116873, -0.46621972757340724, 0.3187670758601126,0.04697246583129904]
[0.13598931139632436, -0.36844287440135653, 0.37882084262247095, 0.8504924471244549, -0.4370159346264539, 0.283588405288702,0.0725071489760456]
[0.10647374903137932, -0.37545472094079857, 0.35199344225707, 0.8757574678753417, -0.4048256808567714, 0.24662700996352133,0.09132438631534746]
[0.07659097954800495, -0.37873718140705126, 0.3257489659761792, 0.8994181476396792, -0.3697263017560474, 0.2089699323921198,0.10334904374128395]
[0.046773694551073206, -0.37835473288100485, 0.3001683153265916, 0.9211976187198876, -0.331821601087333, 0.17169586999867764,0.10867336629572584]
[0.017436105217691917, -0.37441823621177467, 0.275323980514565, 0.9408270279643884, -0.2912413743840745, 0.13584994217710414,0.10755351462899285]
[-0.011030703288373574, -0.36708125534903213, 0.25128007311858125, 0.9580479405133603, -0.24814070713593347, 0.102419248922548,0.10040234354998535]
[-0.0382627926943864, -0.3565359777513545, 0.22809244905949663, 0.9726146780895999, -0.20269905205230757, 0.07230977584844397,0.08777857699067547]
[-0.06392674588422756, -0.34300883528730697, 0.20580891715002544, 0.9842965715910664, -0.15511909169135316, 0.0463251724113092,0.07037261504296276]
[-0.08772238782221894, -0.32675592337052867, 0.18446952763831734, 0.9928801083539904, -0.10562539459514866, 0.025147890329438517,0.04898928519141801]
[-0.10938486066769207, -0.30805831214335255, 0.164106934330674, 0.9981709552372942, -0.05446287486442563, 0.009323118319290896,0.024527919744130797]
[-0.1286860736367638, -0.28721733757254414, 0.14474682313506843, -0.999995839624561, 0.0018950668235687836, 0.000754111542888214,0.0020397968244055234]
