[0.33095240515541696, 0.04758524564452434, 0.14848980238596393, 0.9998797106670444, 0.01549877330882674, -0.0005732304588046938,0.0001537177628120789]
[0.35516647843211135, 0.01496608482950123, 0.15665607861225572, 0.9997380346592625, 0.010886286948234625, 0.020124180768760134,0.0006067623114855757]
[0.37585431780404766, -0.02193905056879102, 0.16500384965448847, 0.9991458737564328, 0.006302692002993231, 0.040542068318349035,0.00491321946186559]
[0.3923846158530391, -0.06271560474369062, 0.1735245309912454, 0.998103982972789, 0.0017547435967387153, 0.06013502234743345,0.01300535028510388]
[0.40417839771575625, -0.10686190603786565, 0.1822090451781803, 0.9966133746875794, -0.002750824167896899, 0.07836998441579077,0.024745906790837578]
[0.41072070445781267, -0.15379614847853817, 0.19104783628594205, 0.9946753180284618, -0.007207303845295605, 0.0947346512706649,0.039930092973669055]
[0.41157130812538356, -0.20286491746357832, 0.20003088538896702, 0.9922913380852325, -0.011608020266660957, 0.10874559132717047,0.058288511676075176]
[0.40637425625687396, -0.2533531219224443, 0.20914772707883658, 0.9894632149543651, -0.015946336139385238, 0.11995596036120242,0.07949105729403551]
[0.394866063490468, -0.30449516898805207, 0.21838746697387135, 0.9861929826149496, -0.02021565762175327, 0.12796270829996567,0.10315170145222079]
[0.37688239114967237, -0.355487193810123, 0.22773880019465198, 0.9824829276367438, -0.02440943986877708, 0.13241317581604978,0.12883410657870736]
[0.3523630819089035, -0.4055001370518667, 0.23719003077322956, 0.9783355877211631, -0.028521192544971295, 0.1330109876145579,0.15605799097739087]
[0.32135544536030636, -0.4536934462135715, 0.24672909196191542, 0.9737537500761552, -0.032544485299906015, 0.12952115874086367,0.18430615868063968]
[0.28401572100062444, -0.49922916452447874, 0.2563435674057358, 0.9687404496260196, -0.03647295320239564, 0.12177434080425148,0.2130320982029788]
[0.24060867727566562, -0.5412861629703933, 0.26602071314088793, 0.9632989670573489, -0.04030030212921299, 0.10967014657003457,0.24166804643114567]
[0.19150533827620245, -0.5790742672332592, 0.27574748037985236, 0.9574328267023848, -0.0440203141042489, 0.09317950376674189,0.2696334073823726]
[0.13717886287394887, -0.6118480319842375, 0.2855105390422187, 0.9511457942611933, -0.047626852584070324, 0.07234600202138743,0.29634341052856356]
[0.09809088292649998, -0.5884914543693078, 0.2541516611162848, 0.9625785942408029, -0.04236077637407555, 0.04701539323639558,0.2635100896231726]
[0.06183606783664431, -0.5605628201741518, 0.22379068921297599, 0.9725178041153675, -0.036889005787047534, 0.026032165629285585,0.22840894965678707]
[0.028924737660725407, -0.5284321291291656, 0.19456342547437544, 0.9809457379990036, -0.031245146790143417, 0.009603091461379318,0.19151235087596086]
[-0.0001797756831973009, -0.4925277755358346, 0.1665978181278779, 0.9878475219955102, -0.025463377626885293, -0.0021145743919355935,0.15331150727294404]
[-0.025067845838292534, -0.453330474053276, 0.1400133152207098, 0.9932111264276936, -0.01957835160134618, -0.009014793827008658,0.11431132918946824]
[-0.045389474924474135, -0.4113664076272719, 0.11492027070561495, 0.99702739218095, -0.013625098634481636, -0.011043908308900589,0.07502511591007031]
[-0.060859331620515704, -0.3671997026307703, 0.0914194061801443, 0.9992900511020917, -0.007638925836595514, -0.008201252248481096,0.035969154035074245]
[-0.07126082809545302, -0.3214243467685041, 0.06960133124011578, -0.9999957404074217, 0.001655317342295561, 0.00053920992246149,0.002342721530333831]
