[0.3123060498973797, 0.06073673241671749, 0.09949374366998706, -0.9998789468194335, -0.01555166578133907, 0.0004829470974885848,6.450416604951904e-05]
[0.34635573166525874, 0.06193743634335365, 0.11709042536874181, -0.9983559055859892, -0.01879773430127265, -0.046547044601062036,0.0276677358239766]
[0.38014304052422615, 0.058214554948666716, 0.13764369975244772, -0.9939356810957901, -0.02077238921137615, -0.09662971384338956,0.04819821670605533]
[0.4128460454798574, 0.04947778423245813, 0.16087139800591208, -0.9867433411333456, -0.021307845115516116, -0.14872169087239187,0.06136296219701423]
[0.44365121569740495, 0.03577215775197144, 0.18644292766374343, -0.9769305634880052, -0.020249488786160636, -0.20175681880430146,0.06701356872213558]
[0.47177713613185607, 0.017276190767330245, 0.21398584448019653, -0.9646741991155925, -0.017458427875236077, -0.25466595051236995,0.06514711433706649]
[0.4964971654215734, -0.005704015532688556, 0.24309340274272956, -0.9501745322961154, -0.012813883747814215, -0.3063965815447708,0.05590435919349085]
[0.5171603264993707, -0.032744459578740955, 0.2733329104219965, -0.9336532555014669, -0.006215396727842217, -0.35593195119342325,0.03956530619963728]
[0.5114113531234594, -0.1031660228094383, 0.2669902312319886, 0.9339288109834322, 0.002379794453112083, 0.3572947578420359,0.010572067538324022]
[0.49592694297852014, -0.17254631326928482, 0.26058048910987, 0.9341830966114107, -0.0013772841719628193, 0.351641855231016,0.06039909555212616]
[0.47089745084946555, -0.2395225586936053, 0.25410769315724635, 0.9344159397785631, -0.005054024268785292, 0.3390780824248507,0.10893742398974637]
[0.4367059021597265, -0.3027666523736896, 0.24757587070109074, 0.9346271802262621, -0.00864864666884671, 0.3198445564835047,0.15523110055969516]
[0.3939217434670857, -0.3610126016147971, 0.2409890635859175, 0.9348166701070182, -0.012159408956679557, 0.2943145329513821,0.19836556595704985]
[0.3432906610753879, -0.4130828633438239, 0.23435132448058424, 0.9349842740396548, -0.015584606496527832, 0.2629866156403301,0.2374859308105088]
[0.28572066346411074, -0.4579130016561094, 0.2276667132053325, 0.9351298691567084, -0.01892257344214699, 0.22647543453094793,0.27181416736311376]
[0.23390184313755322, -0.47151055339743975, 0.19996788142862523, 0.9470915271229251, -0.015689244822790077, 0.18177702828416573,0.2640617330039212]
[0.18115635610850628, -0.47800527189333497, 0.17305358008166688, 0.957960360005476, -0.012957688781771143, 0.14023895585950394,0.24995416023553224]
[0.12855578882894358, -0.47732512406731703, 0.14707835879999284, 0.9676772231999793, -0.010670830363724172, 0.10270178513506002,0.23008535027115104]
[0.07717492148431934, -0.46957447990482054, 0.12218958054527643, 0.9761898616309465, -0.008767375205059756, 0.06990944522054525,0.20515641995785436]
[0.028060549890725577, -0.45503280326188195, 0.09852588852254565, 0.9834532574445225, -0.007182328359487844, 0.04249582306400835,0.17596081837502073]
[-0.017798987347217094, -0.43414752694498787, 0.07621576712410638, 0.9894299323903759, -0.005847538754350961, 0.020973592677771262,0.14336779132943253]
[-0.05950245097320247, -0.40752136032474623, 0.05537621482460464, 0.9940902029648919, -0.004692265703161822, 0.005725477787390034,0.10830452398629137]
[-0.09626146250447018, -0.3758945002808717, 0.03611154555355253, 0.9974123866781623, -0.0036437637596925896, -0.0030018997414822685,0.07173731584453051]
[-0.12742245478065078, -0.3401224176398995, 0.018512333456549235, 0.9993829581077112, -0.002627882081872842, -0.005101484578838431,0.03465215916413997]
[-0.15248404007618066, -0.30115006260738464, 0.002654514145579906, -0.9999966537106688, 0.0015696743803601128, 0.0006065175835472545,0.0019648985280644243]
