[0.28953162518423314, -0.023514861626919816, 0.10379096233287852, -0.999876915431444, -0.01568018232887833, 0.000534141020152143,2.3723510526745383e-05]
[0.33156049911486424, -0.048660858549347326, 0.13239536656907563, 0.9966778039600701, 0.025273775337756776, 0.0631969660032351,0.044729574796715486]
[0.37084844239248743, -0.07086968348355727, 0.16687805922138496, 0.9874180074740095, 0.03664070695857614, 0.1263582564530209,0.08773099871644893]
[0.4065667973684871, -0.08953604898931954, 0.20631117921255615, 0.9723792846842462, 0.05012688338960096, 0.1881068337312671,0.12876972230379644]
[0.43805983860936476, -0.1041708424199771, 0.24957033592152325, 0.9519531837656325, 0.06603967966749445, 0.24762198417281395,0.1676521684387338]
[0.4648664602633534, -0.11443024044213304, 0.29538408611130457, 0.92663394547007, 0.08463626371690039, 0.3041170573955631,0.2042034509201025]
[0.4867296409740756, -0.12014006333428914, 0.3423909458115365, 0.897009248529159, 0.10611294312600336, 0.3568508447672788,0.23826860041384137]
[0.5035933204831488, -0.12131335613869274, 0.3892009594821896, 0.8637489760356885, 0.13059580527820533, 0.40513829193039974,0.269713563716687]
[0.5155871569909615, -0.11815944534280941, 0.4344585964669182, 0.8275922235887172, 0.15813289425327154, 0.44836039096912333,0.29842596907873414]
[0.5230004406955184, -0.11108313101039706, 0.47690367190192307, 0.7893328075830143, 0.18868813513574065, 0.4859731096736648,0.32431565365584986]
[0.5262471614377051, -0.10067321447751046, 0.5154271000297809, 0.7498035643199029, 0.22213717872897665, 0.5175152292838676,0.34731495248371647]
[0.5158575668020166, -0.15347436478228427, 0.49637993560986904, 0.7700379059885115, 0.2050976875388352, 0.47069208532408313,0.3787156224930746]
[0.49939478988215724, -0.204230877555237, 0.4762579599256206, 0.7900003707186365, 0.18867469763064237, 0.42105890438801785,0.40374580093663487]
[0.47719895162480497, -0.2521175171516685, 0.4551827001788272, 0.809587385779259, 0.17288857150641532, 0.3695108958562027,0.422065758470316]
[0.44973404712716053, -0.2963687005255745, 0.43328770714046694, 0.8286970602624031, 0.1577544677691711, 0.3169907209404614,0.4334646387526481]
[0.41757748042108295, -0.336298396658131, 0.41071713751666866, 0.8472296827325727, 0.14328239615841976, 0.26446962697819043,0.4378673726757716]
[0.3814062457355704, -0.37131814918761274, 0.3876241919071103, 0.8650882071767818, 0.12947730260140852, 0.21292757739144688,0.4353387976058812]
[0.3419800999061254, -0.4009526382773093, 0.3641694286634203, 0.8821787248547189, 0.11633918355790826, 0.16333279491056676,0.42608483884020615]
[0.30012217457203927, -0.42485226271200527, 0.3405189757112515, 0.8984109197216771, 0.10386322877865183, 0.11662115536025552,0.4104506732300035]
[0.2566975682385009, -0.4428023069469514, 0.31684266384854537, 0.9136985051816889, 0.09203999144500016, 0.07367587954766576,0.38891586027883934]
[0.2125905337591146, -0.4547283578768327, 0.2933121061533276, 0.9279596400244133, 0.08085558451085306, 0.03530797124546612,0.36208649257559894]
[0.16868093338938386, -0.46069774935151075, 0.2700987489111195, 0.9411173215062284, 0.07029190192797434, 0.002237839812144451,0.33068448369596326]
[0.12582066895480748, -0.46091693532036704, 0.24737191989349755, 0.9530997536531435, 0.060326863303528835, -0.02492147325997595,0.29553417623149325]
[0.08481080725258049, -0.4557248209133964, 0.22529689987938023, 0.963840688989951, 0.05093468041439608, -0.04567907330936515,0.25754651393497385]
[0.046380109719705215, -0.44558221047313407, 0.20403304300829772, 0.9732797420358545, 0.042086143887401124, -0.059678644097851334,0.21770107871563674]
[0.011165640623619633, -0.43105765812747787, 0.1837319708943887, 0.9813626730509115, 0.03374892824858222, -0.06670822502779224,0.17702634407930185]
[-0.020303929636164578, -0.4128101255677581, 0.16453586442047186, 0.9880416406693259, 0.025887913448536724, -0.06670708014299619,0.1365785404064053]
[-0.047621788473450256, -0.3915689590915816, 0.14657587578753295, 0.9932754222140754, 0.01846552088527771, -0.05976946442225008,0.09741956316142783]
[-0.07051277251260672, -0.36811178985459, 0.12997068173537663, 0.9970296006518238, 0.011442061871310236, -0.04614515717199122,0.06059438186639517]
[-0.08883916031846294, -0.34324103430482644, 0.11482519689856957, 0.999276717316635, 0.00477609642819026, -0.026236700211997855,0.027108424775049253]
[-0.10260226618109754, -0.3177597232156345, 0.10122946404582567, -0.999996389704869, 0.0015751997599914348, 0.0005933485768305848,0.0020945788146121114]
