[0.29775479333219723, -0.0548338118322241, 0.05359664215990137, -0.9998790564768693, -0.015537513763722118, 0.000670771299142514,9.02819603879153e-05]
[0.35099250602258836, -0.05962292427759605, 0.09420846050484172, 0.9951962763781637, 0.06899579919257286, 0.05918001532131806,0.03635487537297701]
[0.4002750495164581, -0.05912067115709302, 0.14178550789278732, 0.9828926998256609, 0.11987596398092784, 0.11889169424300418,0.0735965959069773]
[0.44427738402443734, -0.053642191296149895, 0.19567635618318915, 0.9632449240178093, 0.16756918339671154, 0.1779627576320562,0.11139587975180436]
[0.4817997594692488, -0.04367681536737511, 0.25507665879819486, 0.9366222786599959, 0.211503817338766, 0.23589509695432306,0.14952707313994268]
[0.46648672640699096, -0.10203332378401554, 0.25904793286822886, 0.9385270973385829, 0.2056709776254576, 0.21363922228531043,0.17670489304241385]
[0.4441416001231394, -0.15724667900285116, 0.26287059080199593, 0.9403980108161395, 0.19982890156347105, 0.18834251030323967,0.2006167743875346]
[0.41531519401853356, -0.2084768015794699, 0.2665429095984631, 0.9422346834039932, 0.19398060445109713, 0.16047550590761972,0.22093650330141784]
[0.3806572848646183, -0.2549732378915906, 0.2700633156964588, 0.9440368109882046, 0.18812907797848546, 0.13054154599475512,0.23740441084252256]
[0.34090262878056127, -0.29608656120628896, 0.27343038531968444, 0.9458041208961776, 0.18227728810586094, 0.09906751185634353,0.24983030887219299]
[0.29685571028804314, -0.33127764811789495, 0.2766428446066134, 0.9475363717314887, 0.17642817296787663, 0.06659438179724719,0.2580951614079306]
[0.24937454137364037, -0.3601246980083235, 0.27969956952772324, 0.9492333531772812, 0.17058464080557942, 0.03366775429765678,0.26215149028300305]
[0.19935383975032897, -0.3823279098145693, 0.2825995855929385, 0.95089488576859, 0.16474956792743575, 0.0008285088306954816,0.2620225365497804]
[0.1477079209852571, -0.3977117778511703, 0.28534206735258616, 0.9525208206340017, 0.15892579670084853, -0.03139623472732362,0.25780022080416365]
[0.10728475244381475, -0.38402708237764066, 0.24467967544170524, 0.9694955906230114, 0.12930311018454083, -0.03935290921090945,0.20447580295913054]
[0.07083124749698685, -0.3633851933045585, 0.20654156118088662, 0.9828351861583327, 0.09824961465231397, -0.04021947547174885,0.1508787720740242]
[0.03955435126864451, -0.33676042441323856, 0.1712177650944565, 0.9924233106524047, 0.06594821697463861, -0.03396426063828283,0.09794505679656207]
[0.014446310503709644, -0.3053428236107926, 0.13895835682166516, 0.9981667824648367, 0.03258931480186323, -0.020683856558870953,0.046617475504289074]
[-0.003754012534415588, -0.2704906179767117, 0.1099694598560286, -0.9999961275165045, 0.0016308399587150317, 0.0006043528154389251,0.002172572369042841]
