[0.3406415790186685, -0.03979516691773594, 0.034552760420327844, -0.9998792056692405, -0.015528602766175634, 0.0006520328308794445,0.00010686237313229811]
[0.3859230772847382, -0.059916987362048396, 0.060224157552696, -0.9984281867545095, 0.00159403171596425, -0.055932467745145084,0.003189672229164137]
[0.42751400144352397, -0.08506729253618872, 0.0900171933456558, -0.9934777639806467, 0.018591405422775178, -0.11249578998743773,0.000994663522644014]
[0.46455016465997345, -0.11472571786119001, 0.12365202361792796, 0.9850572510580442, -0.03549041047435982, 0.1684096731076229,0.006389437073387571]
[0.4780350323403508, -0.16832493090923012, 0.15355336239495254, 0.9772967494618314, -0.046850711272468606, 0.20492618088798834,0.026482725148025056]
[0.48328070276007284, -0.22490756726814257, 0.1853102551178168, 0.9679377324089815, -0.057840774470583306, 0.23860333549269194,0.05309839243672432]
[0.47981981929388007, -0.28310784799877964, 0.2187671998924074, 0.9570033083767902, -0.06844897349864597, 0.2685095685090197,0.08580219928393659]
[0.4674172034232899, -0.341496286677936, 0.2537583788723028, 0.9445207374088966, -0.07866401866584145, 0.2937822592914934,0.12403440207249057]
[0.44607742726543187, -0.39861961420213315, 0.2901088960683942, 0.9305213472633772, -0.0884749455195545, 0.3136443947116218,0.16712091421615044]
[0.41604545687547073, -0.4530413735596296, 0.3276360901073762, 0.9150404374110602, -0.09787110373957511, 0.3274194049004854,0.21428667305734472]
[0.37780036923301674, -0.5033819709831455, 0.36615090894023095, 0.8981171711854702, -0.10684214669385504, 0.3345438834798191,0.26467091366052864]
[0.33204236021760497, -0.5483569929872052, 0.4054593328916146, 0.8797944564220085, -0.11537802177703443, 0.33457794972396016,0.3173440122303116]
[0.2796734668618675, -0.5868126600430362, 0.4453638319827035, 0.8601188149591306, -0.12346896164727107, 0.32721306399010053,0.3713255315989682]
[0.22177261791568942, -0.6177573847111636, 0.48566484315851216, 0.8391402414082642, -0.13110547647069254, 0.3122771653060014,0.4256030795437475]
[0.15956579601738768, -0.6403885313728552, 0.5261622529090211, 0.8169120516319262, -0.13827834727603314, 0.28973705984567644,0.4791515780263164]
[0.09439223711019368, -0.6541136316253919, 0.5666568707928875, 0.7934907214008403, -0.14497862051478166, 0.2596980497454851,0.5309525379944962]
[0.08159027474549249, -0.6459374160062762, 0.5128573367535805, 0.8346426611384714, -0.12520281473493958, 0.22015449652743896,0.4891092731168458]
[0.06644216255443967, -0.6316994164611647, 0.45855912328413856, 0.8719319488799634, -0.10648423544079658, 0.18243206797483744,0.44171747158042407]
[0.04941844475830899, -0.6111725072134198, 0.4047691724420529, 0.9050007635888503, -0.08879593986231703, 0.14696450114283688,0.3892175925769583]
[0.031061032294745952, -0.5843090106011742, 0.3524892216616359, 0.9335300641019142, -0.07210017822385431, 0.1141397969640624,0.33210734780634926]
[0.0119567124677098, -0.5512480978146328, 0.3026869447890658, 0.9572427734978259, -0.056349465551131, 0.08429440817972202,0.2709344257711126]
[-0.007290619687407785, -0.5123154281664037, 0.2562679691494042, 0.9759065350828002, -0.04148777627770014, 0.05770834198467311,0.20628850299421678]
[-0.02608755721012959, -0.46801506804609283, 0.21404973879682632, 0.9893360115794808, -0.027451843966195683, 0.034601256266807184,0.13879267098669226]
[-0.043877196685753905, -0.41901409766861447, 0.1767381319285424, 0.9973947038700248, -0.01417254711904237, 0.015129611421485166,0.06909441698443661]
[-0.06016228364708246, -0.3661206563938211, 0.14490764437457967, -0.9999962706579226, 0.0015763609628592773, 0.0006150781965554828,0.0021436966142772055]
