[0.3336428694542668, 0.049807259968419094, 0.04351910483086563, -0.9998786691733652, -0.015565335318889902, 0.0006019134705451148,7.048889939078772e-05]
[0.37890394690096696, 0.02961950521483173, 0.06838814115586503, -0.9990137050323569, -6.893631959790717e-05, -0.042559153768269506,0.012662181322196217]
[0.42089897094392487, 0.0022883713665501244, 0.09627371061906476, -0.9958854011494883, 0.0149866983594301, -0.08728209335376998,0.019222456382840043]
[0.4585134572152511, -0.031615126335728536, 0.1270173961056738, -0.9905055839102767, 0.029569399371523714, -0.13281621032682248,0.019600845333575506]
[0.4907360548554057, -0.0713507400436969, 0.16043606560977522, -0.9828935660395453, 0.04364776723520837, -0.17839925049006242,0.01374109449904089]
[0.5166845656718623, -0.1160277043725405, 0.19632349650651829, -0.9730760756158621, 0.05719124574276833, -0.2232695340666603,0.001681556445709579]
[0.5356285161870304, -0.16462749711497357, 0.23445225889333488, 0.9610871577357779, -0.07017019390032897, 0.266677985043466,0.016446015216806713]
[0.5470076464686523, -0.21603000065831374, 0.2745758351203965, 0.9469680491953624, -0.0825559561729849, 0.30789984343945026,0.04041923197509229]
[0.5504458021737332, -0.26904231863300543, 0.31643094955053186, 0.9307670266583798, -0.09432093081239361, 0.3462458554347562,0.06992933354792343]
[0.545759854612341, -0.3224294253726657, 0.3597400798696834, 0.9125392288805165, -0.10543863604901292, 0.3810727478138594,0.1045868569939415]
[0.5329634232674837, -0.37494577485805525, 0.4042141189488226, 0.8923464536569916, -0.11588377393677393, 0.4117928082706904,0.14392859563165344]
[0.51226533114017, -0.4253669725114637, 0.449555154369409, 0.8702569302562876, -0.12563229164442652, 0.43788241147849677,0.18742570889515012]
[0.4840628803800521, -0.47252061811692836, 0.4954593312929766, 0.8463450681952469, -0.1346614399950483, 0.4588893520656252,0.23449282436960397]
[0.44893018875634694, -0.5153154609130768, 0.5416197634006074, 0.8206911833000656, -0.1429498290632453, 0.47443886932932733,0.2844979565723397]
[0.40509747853238265, -0.5405241006119504, 0.495242008824195, 0.8462323991997657, -0.13593311266032776, 0.41762939834694096,0.3016597438563117]
[0.35778038830811537, -0.5591648324140135, 0.44909934740648016, 0.8700442778584566, -0.12821360452579073, 0.3607573617880181,0.3105452496754867]
[0.3079750619553891, -0.5707359920506304, 0.4035040578485168, 0.8920485828257632, -0.11980579388627488, 0.304925046480592,0.3113143325621809]
[0.25675109983240096, -0.5748968256445368, 0.35876527785455786, 0.9121729851060477, -0.11072520376042971, 0.25119858029032827,0.3042690384430483]
[0.2052247619839381, -0.571477941377984, 0.31518602885537095, 0.9303513349674017, -0.10098837791981863, 0.20058981773523923,0.2898473150995902]
[0.15453073377305848, -0.5604871546317192, 0.2730602908424733, 0.9465239106544521, -0.09061286688149613, 0.15403922421436217,0.26861443058472634]
[0.10579326557425842, -0.5421105415204324, 0.23267016366112, 0.9606376430479979, -0.07961721288157832, 0.11240004918963922,0.24125224789486183]
[0.06009751877244415, -0.5167086617096159, 0.19428315010840055, 0.9726463154066467, -0.06802093377743185, 0.07642405593770131,0.20854654484779062]
[0.018461944255827034, -0.4848080587684105, 0.15814959468482837, 0.9825107374211133, -0.05584450582486211, 0.04674904814876244,0.17137260142327915]
[-0.018187512953267742, -0.44708829016146806, 0.12450030987381819, 0.990198892910299, -0.04310934527592758, 0.023888402180944807,0.13067930620546173]
[-0.04904064721601377, -0.4043648744973959, 0.09354441940094843, 0.9956860605893263, -0.029837788742739586, 0.008222778740180334,0.0874720585149482]
[-0.0734230095637892, -0.35756866631007117, 0.06546744508802638, 0.9989549074429528, -0.016053072272853092, -5.850229205584185e-06,0.042794762904111674]
[-0.09081215632129513, -0.30772227438266336, 0.0404296607060145, -0.99999555434285, 0.0017793090825967376, 0.0006977639164847643,0.002288772431180167]
