[0.29618008807061175, 0.05414256015971604, 0.04172948189437581, 0.9998788174049075, 0.015560785300904203, -0.0004607919485632133,1.1686036084934634e-05]
[0.3465306808055954, 0.04770402287090603, 0.06873213080297308, 0.9967446466068883, 0.054645842424152664, 0.05803832493862736,0.012062097851647904]
[0.39424600760308076, 0.03993971159035633, 0.10004700053642585, 0.988536579591588, 0.09323544202344684, 0.1151223197137704,0.029145062425344183]
[0.4387485479763936, 0.031051400231750736, 0.1353178996113359, 0.9753232916325673, 0.13115190427425225, 0.1700839099898814,0.05113822803740621]
[0.47953268177957564, 0.02128299494728128, 0.17410466358017743, 0.9572121121910515, 0.16822266140184242, 0.22223248009449342,0.07783850754400302]
[0.5161787419265953, 0.010911312286765534, 0.21589412894156879, 0.934348097145244, 0.2042820762632788, 0.27090447469156653,0.1089643623884083]
[0.5483641893138351, 0.00023501110408670825, 0.2601131183109235, 0.9069127661036488, 0.23917318856372596, 0.3154734404084517,0.1441593873021949]
[0.575871454076328, -0.010437826059115017, 0.3061430394490638, 0.8751225165826111, 0.272749368326384, 0.3553595491022484,0.18299714180697763]
[0.5985921204105304, -0.0208028943490498, 0.3533356514168937, 0.8392267298719118, 0.30487585724957283, 0.3900384446574672,0.2249871534644133]
[0.6165272800446725, -0.030573037072281428, 0.40102951624074523, 0.7995055863117425, 0.33543117981725695, 0.41904926615966814,0.2695819979037251]
[0.62978403568406, -0.03949115417835601, 0.448566635149231, 0.7562676104315647, 0.3643084074672325, 0.44200171375281666,0.31618534232376055]
[0.6385682936570554, -0.04734202974713228, 0.49530876527910317, 0.7098469689297664, 0.3914162607487548, 0.45858203923341484,0.36416082273524325]
[0.643174137692062, -0.05396250073218464, 0.5406529258128475, 0.6606005467781902, 0.41668003620092064, 0.4685578611947024,0.41284161096067085]
[0.6439702166249185, -0.05924945796199402, 0.5840456313383798, 0.6089048287952427, 0.4400423466351245, 0.4717817240073908,0.46154051558915565]
[0.6413837017267513, -0.06316526368270554, 0.6249954338266678, 0.5551526158255855, 0.46146366558815227, 0.46819334077800223,0.50956045189466]
[0.6340806660234749, -0.13195010586957284, 0.5984789808642716, 0.5957020259348123, 0.4431834054363919, 0.416377335542174,0.5247451570903384]
[0.6180748825738487, -0.19874230162838596, 0.5704450996135014, 0.6350891544096684, 0.4239933506958102, 0.36343699828906234,0.5336712028876852]
[0.5937069790293997, -0.2622515375681267, 0.5410751865905956, 0.6731568659777584, 0.4039148992463088, 0.31019290431284474,0.5361836906022128]
[0.5615303277024044, -0.3212484215277512, 0.5105714174042773, 0.7097525599797339, 0.3829749822941097, 0.25749068365911765,0.5322405606187877]
[0.5223000315516342, -0.37460219879978934, 0.4791542958329937, 0.744728915438291, 0.3612059425939531, 0.2061850358111362,0.52191650726192]
[0.4769548669912943, -0.421316360674169, 0.44705988231680777, 0.7779446124786197, 0.33864537687705343, 0.15712317384007668,0.5054045873136797]
[0.4265926112922017, -0.4605607807773697, 0.41453674527363776, 0.809265026303249, 0.31533594352847516, 0.11112803425221446,0.4830154448096323]
[0.3724394536805923, -0.4916991066190631, 0.38184268366777446, 0.8385628900632744, 0.29132513677508115, 0.06898159848095216,0.45517412400390456]
[0.31581443987833746, -0.5143102806165828, 0.34924127344363903, 0.8657189231269008, 0.26666502885464977, 0.03140867446025336,0.42241449276107723]
[0.25809011852767233, -0.5282032618300773, 0.3169982937133105, 0.8906224214243001, 0.24141198183694512, -0.0009385181286535342,0.3853713490460822]
[0.20065073460690297, -0.5334242595772929, 0.28537809089238886, 0.91317180674391, 0.21562633095717626, -0.027494627475621574,0.34477033257806067]
[0.14484944109503853, -0.530256063836594, 0.25463994027243897, 0.9332751320685226, 0.1893720415003207, -0.04779400187674867,0.30141581104031057]
[0.09196606933864156, -0.5192093540533356, 0.2250344647748796, 0.9508505402686213, 0.16271634144010236, -0.061481788281956364,0.256176954484341]
[0.043167006725422195, -0.5010061755892361, 0.19680016984451307, 0.9658266737141923, 0.13572933218802108, -0.06832304302810825,0.20997225177949735]
[-0.000531324133206685, -0.47655607885282486, 0.1701601516234006, 0.9781430326233539, 0.1084835799448153, -0.06820963841146167,0.1637527582684435]
[-0.038294006286619844, -0.4469257072378056, 0.1453190327283273, 0.9877502802351897, 0.08105369026827978, -0.06116479138543098,0.11848439341945047]
[-0.06949298427387605, -0.4133028839220814, 0.12246017618646682, 0.9946104931737013, 0.053515868576713976, -0.047345087296015595,0.07512963056064817]
[-0.09372525420376301, -0.376956472878282, 0.10174322342982522, 0.9986973556582736, 0.025947469395823736, -0.027039921242443875,0.03462893721047972]
[-0.11082317426216234, -0.33919346616004187, 0.08330199679126168, -0.9999962965119014, 0.0015734627719093054, 0.0006683313607423748,0.0021176663050244296]
