[0.33642693612238467, 0.034228688649066655, 0.09079869977651792, -0.9998790048147933, -0.015543026217429496, 0.0006236276460884428,3.398738469405201e-05]
[0.36165839416867984, 0.01832334249066723, 0.1110976911584356, -0.9966314056985354, 0.05788222639448366, -0.051012512287629506,0.027806701226212673]
[0.3847947691203847, -0.003598778929143542, 0.13445013591665106, -0.9845387003120594, 0.1311670879433033, -0.10375680299883024,0.052089043567500354]
[0.4043939281164242, -0.031219171987286284, 0.1605123160704678, -0.9636650934077962, 0.20340459730587104, -0.15708300015127988,0.07280857508325114]
[0.41911479016159375, -0.06391062291272713, 0.18887062180143346, -0.9341848313857711, 0.27370337910376946, -0.21046601033316045,0.08994008878336077]
[0.42778377265505735, -0.10076649679570869, 0.2190515171427711, -0.8963790793962029, 0.3412010217408738, -0.263387770291613,0.10350503004498174]
[0.4294526178841473, -0.1406437575949172, 0.25053321155580227, -0.8506311104462632, 0.4050769030391417, -0.3153429926467911,0.1135703022525751]
[0.4234447993862119, -0.18221733086626685, 0.28275869908553264, -0.7974198980788473, 0.46456424878026, -0.36584470667232694,0.12024647813134923]
[0.3980515433602029, -0.23343736931279432, 0.2758539894837706, -0.7901930992863692, 0.47833161143624553, -0.37444490706063915,0.08114645351065285]
[0.36625272059620895, -0.28118281415605784, 0.2688820586518133, -0.7826963221071598, 0.4921319521067406, -0.37879833116832945,0.0412847838752118]
[0.3285196302896284, -0.3246217746723671, 0.26184464427259674, -0.7749320703876861, 0.5059524226580957, -0.3788022505474397,0.001134579769379127]
[0.2854357688095744, -0.36298612713957223, 0.25474397538311816, 0.766903113239145, -0.5197801295309744, 0.3744086114997114,0.038812671690174425]
[0.23768819726674753, -0.39558719320700214, 0.24758278170141823, 0.7586124839005204, -0.5336021454092043, 0.3656274934731835,0.07805373598678488]
[0.186056645924149, -0.4218302480759558, 0.2403643010092928, 0.7500634783057762, -0.5474055209133575, 0.3525297174929484,0.11608088761617208]
[0.13140051423286908, -0.4412275219678864, 0.2330922845523725, 0.7412596533559686, -0.5611772963075249, 0.33524849640151294,0.15238967837780523]
[0.07464397670248375, -0.45340937991486974, 0.22577100042591133, 0.732204824897397, -0.5749045132077389, 0.3139800351502605,0.18648708431788633]
[0.01675945331200484, -0.4581333945248489, 0.21840523492145664, 0.7229030654072417, -0.5885742262805174, 0.2889830086941803,0.21789988267358723]
[-0.041250252560122144, -0.4552910636520737, 0.21100029181649418, 0.7133587013884629, -0.6021735149200095, 0.26057686682515346,0.24618309762823593]
[-0.041614465710329604, -0.4511934765997959, 0.19505308732241528, 0.7657911827339206, -0.552518965723933, 0.2267845429723535,0.23844376282712756]
[-0.043155591055627024, -0.44533206717918095, 0.17869723410931654, 0.813573343443184, -0.49942033864682217, 0.19346414897436043,0.22638322209518824]
[-0.045911237489294376, -0.4377141419230117, 0.16217268035063276, 0.856396445210507, -0.44326232857609776, 0.1611266882062646,0.21009956459684626]
[-0.04990168180155579, -0.4283692889937014, 0.14572060911557638, 0.8939900516087619, -0.38445736931540636, 0.1302636635487332,0.18975167130358395]
[-0.055130733181020505, -0.4173500722598419, 0.1295791085375376, 0.9261246745482564, -0.3234418498351716, 0.10133981082631255,0.1655557299213044]
[-0.06158686668250023, -0.4047322068486262, 0.11397894520686025, 0.9526140309368138, -0.2606720749288192, 0.07478640500650256,0.13778088053435664]
[-0.06924456865663561, -0.3906142056645592, 0.09913952162781967, 0.9733168845585172, -0.19662001077378513, 0.050995242694394795,0.10674408095608284]
[-0.07806583496385423, -0.3751165005979203, 0.08526509427016349, 0.9881384524493745, -0.1317688583428025, 0.030313391159887425,0.07280429299414878]
[-0.08800176262900472, -0.35838005607654166, 0.07254132293280238, 0.9970313595481941, -0.06660849960618327, 0.013038779414639646,0.036356101125801225]
[-0.09899417735495705, -0.34056450585609943, 0.06113221494574006, -0.9999961300921447, 0.0016308629865769335, 0.0005833090114211215,0.0021771167288404296]
