[0.27318724204812356, 0.021643504491764613, 0.04840250290120299, -0.9998788158039759, -0.015552991048798672, 0.0006711901282898012,8.763382263293575e-05]
[0.2912911586826841, 0.03898212247865091, 0.06049198323102814, -0.9993610785272802, -0.030363640073998263, -0.0002418708204637014,0.018852734145333894]
[0.3084798913167158, 0.05844930807036841, 0.07275810505185976, -0.9981552976850341, -0.046385821275042295, -0.001316884306967297,0.03914873054982933]
[0.32462055868323064, 0.07994964558899091, 0.08527764973454752, -0.9961102653934544, -0.06364033705771985, -0.0025821185823409294,0.0608898952256357]
[0.3395771523814364, 0.10337043095995498, 0.09813053586699425, -0.9930683766962299, -0.08212993614048311, -0.004063864874667388,0.08398427113308546]
[0.353212006002931, 0.1285808038896951, 0.11139781513540717, -0.9888676329461156, -0.10183837257502694, -0.005786239566158161,0.10833406580803615]
[0.36538757560684976, 0.1554310898314217, 0.12515961955189653, -0.9833437559922225, -0.12272968317640381, -0.007771000399564977,0.13383607126376085]
[0.37596850471521226, 0.1837524061348278, 0.13949309567927926, -0.9763323896873273, -0.1447476952751079, -0.010037377802508043,0.16038210812564965]
[0.38482393660378195, 0.21335658230533264, 0.15447036183288437, -0.9676713640178503, -0.1678157741993533, -0.012601922333014898,0.1878594920232082]
[0.39183002701373143, 0.24403643811595327, 0.1701565239780318, -0.9572029962127033, -0.1918368172728719, -0.015478369158734743,0.21615152016172487]
[0.4393826263320548, 0.1829017924396913, 0.17161315423471699, -0.9660060968466685, -0.13105533920828022, -0.05973926502546944,0.21468101717265226]
[0.4767495827050518, 0.11226633465204498, 0.17335701316100402, -0.9706208674360566, -0.06941975227740418, -0.10333713906546732,0.20590644812920605]
[0.5020138613972632, 0.033942339140793816, 0.17536032133550322, -0.9709650161715391, -0.00725176952478183, -0.14517369223353271,0.1899972323299638]
[0.5136011734759673, -0.04986864919119779, 0.17759570003671415, -0.9669825830624783, 0.05511931476134735, -0.18418410211342887,0.16728048817099717]
[0.5103594613102347, -0.13664421968265006, 0.18003637577047948, -0.9586446205023427, 0.11735885712620532, -0.21935912750874706,0.13823517430289572]
[0.49162410424095543, -0.22362580615462052, 0.1826563743250047, -0.9459496807328196, 0.17912915708495525, -0.2497662502822682,0.1034831716920475]
[0.4572654896275633, -0.30791661402415027, 0.1854307029313157, -0.9289241049801839, 0.24009179240036804, -0.2745694339886744,0.06377745940285148]
[0.40771628038741964, -0.38658898497751093, 0.18833551920993502, -0.9076221105320241, 0.2999099801346494, -0.2930471026232486,0.01998759448127683]
[0.3439765379667286, -0.4567968843607688, 0.19134828569680443, 0.8821256735550335, -0.35825094579228733, 0.304607974447665,0.0269172397712148]
[0.30812581136554146, -0.4727584488001956, 0.18613512566529233, 0.8796339158028097, -0.3704826788702974, 0.29449111929249605,0.04755774894122771]
[0.27177336942903074, -0.4859698144508424, 0.18106599219421138, 0.8768940835943337, -0.3824047094760339, 0.283374529745756,0.06724790122506143]
[0.23670175124296816, -0.4806581007094714, 0.1694497472742989, 0.8980566444602336, -0.35003550260046046, 0.25421051339657247,0.0796644534200789]
[0.20207925127450282, -0.4725807717444294, 0.157677880358739, 0.917348076923221, -0.3170671939981472, 0.22403224284072448,0.08803666522060315]
[0.16811634614794566, -0.46179535979723924, 0.14584554627605936, 0.9347140076406085, -0.2835704059392798, 0.19333055995302592,0.0923084144816407]
[0.13502341410464774, -0.44837959595445204, 0.1340461875130943, 0.9501059703385846, -0.24961765292636798, 0.16259436671662836,0.09248104879664175]
[0.10300832691104962, -0.43243216888791647, 0.12237041130482493, 0.9634815648218522, -0.21528310056420955, 0.13230399592761297,0.0886121522223789]
[0.07227384885908042, -0.41407310507469275, 0.11090491498112928, 0.9748045958454566, -0.18064231736053668, 0.10292483919545542,0.0808135543939314]
[0.04301491059935991, -0.3934437372175439, 0.09973147259725834, 0.9840451913326753, -0.1457720204193632, 0.07490131815565033,0.06924862465379071]
[0.015415830244598687, -0.3707062401953229, 0.08892599504119617, 0.9911798994966808, -0.11074981601548771, 0.04865127843405495,0.054128903489888455]
[0.0023164973344271395, -0.3516050697009062, 0.08149403028153535, 0.9960794427311651, -0.07422032991373018, 0.03102099692622633,0.036807392539707176]
[-0.010584549771817005, -0.33200641508968476, 0.07444710244097646, 0.9990153644695772, -0.03784261651607158, 0.014557492434368812,0.01800881292476016]
[-0.023251055247307383, -0.31195834516211374, 0.06782724263318204, -0.9999959904408082, 0.0017076910778855315, 0.0006296805946626859,0.002169422927529537]
