[0.2204109718400478, 0.03811880427235598, 0.1399501183594944, -0.9998806533859762, -0.01543926597748859, 0.0005538038186501629,3.676738380985746e-05]
[0.24314395421146262, 0.019418454377764037, 0.15251931288106735, -0.9992142797939471, 0.028211859648433656, -0.022314294997859512,0.01664290448778791]
[0.264285693758606, -0.004788480571912298, 0.16567858602712382, -0.9958199174925997, 0.07222768410505175, -0.047730246184971986,0.029114896066707453]
[0.282717489419675, -0.03437275587913886, 0.17938818589640984, -0.9896586000919005, 0.11642601785501466, -0.0751042198737428,0.03715095944549035]
[0.29733155963753194, -0.06899140488911087, 0.19360481878128005, -0.9807042589183299, 0.1606217248114775, -0.10381419195850007,0.04052692445818348]
[0.3070709197243673, -0.10808929431299832, 0.20828186011410288, -0.9689439144147923, 0.20462766357183074, -0.13321578125161232,0.03909943279890505]
[0.3109688228425627, -0.15090805464761245, 0.22336958514625502, -0.9543777977781267, 0.24825563965476655, -0.1626523813114665,0.03280791583574693]
[0.3081864050633799, -0.19650224684624598, 0.23881541810176315, -0.9370194023001692, 0.2913173635306489, -0.19146543716338116,0.021675326766190585]
[0.2980472156678127, -0.24376237623476676, 0.25456419843399314, -0.9168954642687575, 0.33362540921827954, -0.21900471561889884,0.005807621199835502]
[0.280067400479172, -0.2914441254423577, 0.27055846270811057, 0.8940458736749907, -0.37499416823356985, 0.24463841858341956,0.014608001524498575]
[0.2539804358151516, -0.3382029582255603, 0.2867387405350077, 0.8685235153602736, -0.4152407937171738, 0.2677629916068638,0.039306066009040526]
[0.2197554793418599, -0.3826330532473149, 0.30304386289463947, 0.8403940416189992, -0.45418612963846533, 0.2878124849268647,0.06794694971474881]
[0.17760860605203344, -0.42330936793580576, 0.31941128110878303, 0.8097355776480236, -0.4916556200718523, 0.3042673312980059,0.10012210868521426]
[0.12800642594870573, -0.45883151312257725, 0.33577739465565365, 0.776638361600267, -0.5274801936676645, 0.31666241388360905,0.13536031993380596]
[0.07166182703664216, -0.48786804350347535, 0.3520778859619941, 0.741204321354807, -0.5614971185928973, 0.32459430827055946,0.17313484587220201]
[0.04829031311207228, -0.48481328053958916, 0.32469521241708166, 0.7872922757749286, -0.5189865594500975, 0.27644229431340606,0.185481755248393]
[0.02465044350339598, -0.47906274586776854, 0.2979202290038044, 0.8296908133872095, -0.4724902474042894, 0.22895246513864578,0.18959664816562968]
[0.0010113735956961724, -0.4706235726862025, 0.271892732764364, 0.8680409112108861, -0.4223285377376742, 0.18335319362549857,0.18580955051843598]
[-0.02236126141848618, -0.4595381243491194, 0.24674584158188564, 0.9020135542950432, -0.36885492974136797, 0.14079856658563258,0.17462345867879647]
[-0.045209896366358436, -0.44588288958568933, 0.22260466050162891, 0.9313128514640235, -0.3124530874324186, 0.10234473930556465,0.15670033563580932]
[-0.06728934918648326, -0.4297667355833691, 0.19958503208505443, 0.9556788432243079, -0.25353356372461644, 0.06892873394860653,0.13284393217150403]
[-0.08837080637379903, -0.41132856630474296, 0.1777923859310871, 0.9748899733995037, -0.19253026064753, 0.04135010232609291,0.10397984197781335]
[-0.10824539873937514, -0.39073444654046585, 0.15732070130704656, 0.9887651995592385, -0.12989666094313912, 0.020255806882081114,0.07113325455761645]
[-0.12672729620927628, -0.36817426372395634, 0.13825159546293242, 0.9971657210698701, -0.06610186872602614, 0.0061286000114899155,0.03540491400967786]
[-0.14365626275607335, -0.34385800917473774, 0.12065354867432537, -0.9999963075789845, 0.0016264988461635477, 0.0007208972613497015,0.002054175513279779]
