[0.22798564975346575, -0.07011781566192815, 0.09708282219137493, -0.9998798670927932, -0.015486808204224978, 0.0006320185032928049,0.0001034734536295977]
[0.264762047674091, -0.09477713200015467, 0.13591925550198689, 0.9963575221158935, -0.05260750303062316, 0.0668645441664954,0.005768143667338877]
[0.2947355480360665, -0.12357875701896102, 0.18025573257489366, 0.9837199009255013, -0.11903320167744964, 0.13404962669772713,0.01252800876986696]
[0.3169821677915813, -0.15511196027619856, 0.22954625108169274, 0.9622823659309113, -0.1827057646876352, 0.20056978275797416,0.020075208908836496]
[0.33087154180076866, -0.1878214942903248, 0.2831497897562889, 0.9324970695929737, -0.24259012353585377, 0.26608002054229596,0.02829610983134428]
[0.3360923199029703, -0.22006838136543802, 0.34034182808028535, 0.8949455114637456, -0.2977181113889411, 0.3302462825285853,0.03706548985170659]
[0.3326646831908503, -0.25019456167850784, 0.40032773405390326, 0.8503288322851761, -0.34720479588240216, 0.39274781661165453,0.04624780262419913]
[0.3132800312977243, -0.28017252889283784, 0.3708790101891295, 0.8691053975173375, -0.3303848911091645, 0.35876765617033174,0.08238568212416049]
[0.2899860336768093, -0.3070586858928443, 0.34141771462600695, 0.8869624286267448, -0.3120581770728201, 0.3215957333008523,0.11177445436781354]
[0.2632959999473894, -0.33035087952789505, 0.3120738925312704, 0.9038068217296485, -0.29228310484789743, 0.28232833383983663,0.13414368239558075]
[0.2337856855737731, -0.3496284810011618, 0.28297559749847884, 0.9195490141979998, -0.27112461296969403, 0.2420825307910558,0.14938909938585962]
[0.20208074336962092, -0.36455988615374046, 0.25424843602251457, 0.9341034197412093, -0.2486538928036153, 0.20197168866751067,0.15757372813442266]
[0.16884331897917343, -0.37490813171311005, 0.22601512941346194, 0.9473888478611135, -0.22494812430714595, 0.1630810216522588,0.15892543124353822]
[0.1347580668092058, -0.3805345378790818, 0.19839509373703867, 0.9593289056767974, -0.20009018325401726, 0.12644372313008184,0.15383092725240818]
[0.10051787076777681, -0.38140032722996803, 0.1715040382559098, 0.9698523801898402, -0.17416832112576566, 0.0930181752537269,0.1428263828177458]
[0.06680955652907816, -0.37756620993576895, 0.14545358274465586, 0.9788935991436504, -0.14727581900631617, 0.06366672750299604,0.12658476409374342]
[0.03429987893801101, -0.36918996492128037, 0.12035089396150228, 0.9863927687224441, -0.11951061693992185, 0.03913650302024119,0.10590020010395296]
[0.0036220597387957272, -0.35652208520996964, 0.09629834148252642, 0.992296286435709, -0.09097492033108188, 0.02004265143431399,0.08166967564609032]
[-0.024636862705864394, -0.33989959251249524, 0.07339317303916923, 0.996557027642247, -0.06177478507644511, 0.006854417702917643,0.054872429721702795]
[-0.04994762832603848, -0.3197381605589864, 0.05172720944755088, 0.9991346042835967, -0.032019683222603304, -0.00011566080501087537,0.026547486358661544]
[-0.07184907416949905, -0.29652271812177033, 0.0313865591781628, -0.9999955945193189, 0.0018220510396086632, 0.0007191810371133998,0.0022302131286441426]
