[0.3448435771405922, 0.04473441152873605, 0.13194672658668388, -0.9998793605515712, -0.015522808377442961, 0.0005499121439672997,6.602796765464044e-05]
[0.38210290162649646, 0.033935579529250484, 0.17730942311129905, 0.9953805544648493, 0.06436424791514818, 0.07037399890050926,0.011058736922354134]
[0.41317063150171773, 0.02137586327254353, 0.22839930448943704, 0.9834783883399463, 0.1112784546474335, 0.13916055413583187,0.031964126331710474]
[0.4371588665794901, 0.007495374975228321, 0.2844360215579771, 0.9644431083173023, 0.15553936418483535, 0.20439962481337864,0.062271906863269444]
[0.4533137442805167, -0.007179153476865408, 0.3445206077946739, 0.9386323852917376, 0.19645601468961238, 0.2647463595693772,0.10140830670403789]
[0.4610377857542444, -0.0220497509889831, 0.40765245927992355, 0.9064867707487252, 0.2333823172463817, 0.3189483399431646,0.14861488788730845]
[0.4599083394557084, -0.03646537652883251, 0.472748788834105, 0.8685240049697914, 0.2657262399086445, 0.3658709585634796,0.20296319837617932]
[0.44969153752291413, -0.049742297485679085, 0.5386661030221109, 0.8253322542886082, 0.29295827151505466, 0.4045204917564262,0.2633729160922494]
[0.4303513156441101, -0.06118601584392142, 0.6042231979806713, 0.7775623699258336, 0.31461904146616443, 0.4340643847586692,0.32863312295980035]
[0.40205319762104963, -0.07011402246086464, 0.6682251305913705, 0.7259192754384552, 0.33032598362675086, 0.45384832454575386,0.3974262804532938]
[0.3651627064189763, -0.07587862657917752, 0.7294875964725362, 0.6711526027652687, 0.3397789461926554, 0.46340974130838886,0.4683544204831493]
[0.3202384286877178, -0.07788910105163244, 0.7868611362686946, 0.614046708034776, 0.3427646645298606, 0.4624874534252861,0.539967017997934]
[0.26801992392624874, -0.07563240385561096, 0.8392545970228716, 0.5554102075527255, 0.33916003042947385, 0.45102725081250794,0.6107899754660584]
[0.20941082707886813, -0.06869178258392362, 0.8856572958380002, 0.49606518156071727, 0.32893410867780115, 0.4291832960603853,0.6793551252284898]
[0.14545763907806583, -0.05676263901308429, 0.9251593679561181, 0.43683619834358434, 0.3121488700521984, 0.39731530998307846,0.7442296441253271]
[0.07732482881223643, -0.03966512297325585, 0.9569698297878432, 0.37853931398397694, 0.2889586285454691, 0.3559815962251225,0.8040447760583214]
[0.006266977937009088, -0.017353035185802473, 0.9804319479133109, 0.3219712034748669, 0.25960818951120207, 0.3059280464966628,0.8575232722430323]
[-0.0664012166242914, 0.010081256557217255, 0.9950355759183943, 0.26789857699712544, 0.22442973422338086, 0.24807335197003752,0.9035049855322813]
[-0.13933621133505897, 0.04240604908083796, 1.000426200112648, 0.21704803097812597, 0.1838384847708772, 0.18349072555426604,0.9409700937868513]
[-0.2111972571301264, 0.07925370535807987, 0.9964105204607504, 0.17009647713179138, 0.13832721098172646, 0.11338651246426315,0.9690594769984775]
[-0.2806775159773663, 0.12012810884684597, 0.9829584820525898, 0.12766228413822317, 0.08845965792414275, 0.03907613115339902,0.9870918326592708]
[-0.34653378663145434, 0.16441591979634454, 0.960201762656851, 0.09029725608215895, 0.03486298820590708, -0.03804215810725734,0.994577182426749]
[-0.40761403140553043, 0.2114012588614323, 0.9284288108527168, 0.058479559394904165, -0.02178065244579654, -0.11651511512359122,0.9912264989697107]
[-0.4628819789335726, 0.2602833338629754, 0.8880766144757738, 0.03260769602297899, -0.08074332521095724, -0.19486343723892577,0.9769572633546373]
[-0.5114381828242196, 0.310196434136244, 0.839719458337498, 0.012995605092726056, -0.14126111188474116, -0.2716111366859848,0.9518948486810442]
[-0.5525370388390793, 0.3602316466879999, 0.7840550012673898, -0.00013104131051689687, -0.20254441151116437, -0.34531477407831973,0.9163697130509117]
[-0.5855993992230573, 0.40945960158821876, 0.7218880636221009, -0.006637300223163735, -0.26378857246808984, -0.41459194904834307,0.8709104724742327]
[-0.6102205671379295, 0.4569535320106611, 0.654112565952477, -0.006480147985749667, -0.3241847080214184, -0.47814846650260323,0.816233010082513]
[-0.5401199094473397, 0.44412885958220893, 0.7389821588982042, -0.01263082690817866, -0.24898738609568144, -0.4713674031211014,0.8459660247620616]
[-0.4640697197315681, 0.41932489257626787, 0.8141026214397443, -0.008735511131205239, -0.1725043761903396, -0.46194588849019474,0.8699263917984459]
[-0.3845081872548024, 0.3825709559544269, 0.8779451158707477, 0.0051762421257247684, -0.09620163201420903, -0.45002564975395243,0.8878036759772916]
[-0.3039475484751676, 0.3343805716188008, 0.9292199833370232, 0.02887142131654801, -0.02153489042528765, -0.43576368223819917,0.8993401485354355]
[-0.22487487397486636, 0.2757473383075481, 0.9669157739305149, 0.06191722920889254, 0.050079045604046295, -0.4193312993531426,0.9043337919713532]
[-0.1496527443840867, 0.20811966290912928, 0.9903315529185752, 0.10368876855033073, 0.11729028264713287, -0.4009130944625366,0.9026407477848234]
[-0.08042437193595475, 0.13335478680566248, 0.9991012652925787, 0.15338060165857414, 0.17884250656572187, -0.38070581828073785,0.8941771797621194]
[-0.019027621245050197, 0.053653569801952364, 0.9932091708079647, 0.2100219616223751, 0.2335978073826404, -0.35891717586625377,0.8789205316127877]
[0.03307795103376956, -0.028521528783863576, 0.9729956332051749, 0.2724953180312073, 0.2805591570405414, -0.33576454780893666,0.8569101641866741]
[0.07486747083107852, -0.11054195059522505, 0.9391528510647451, 0.3395579313835835, 0.31889008487921516, -0.3114736407546623,0.8282473640859139]
[0.10578771597375566, -0.189717962130791, 0.8927104430540357, 0.40986596898939787, 0.34793115213922, -0.28627707297211297,0.7930947221649988]
[0.125772766442859, -0.2634083945392387, 0.8350111354475468, 0.48200070255912386, 0.367212891507549, -0.26041290123651356,0.7516748871106167]
[0.13523744105714813, -0.3291302632121801, 0.7676771324676679, 0.5544962648581885, 0.3764649493227899, -0.2341230958794376,0.7042687059393843]
[0.13504870630478344, -0.3846632450834968, 0.6925680678405054, 0.6258684106892659, 0.37562124506924616, -0.20765197142611397,0.6512127697740351]
[0.12647632780096507, -0.42814415705800346, 0.6117317270463779, 0.6946437067153787, 0.36482104361517526, -0.18124458080544917,0.592896389586672]
[0.11112506656729998, -0.4581469913087377, 0.5273489830095036, 0.7593885656814482, 0.34440591861370684, -0.155145081666198,0.5297580326629419]
[0.09085164568014809, -0.47374470406961444, 0.4416745936927175, 0.8187375436130409, 0.31491266886610486, -0.12959508385788565,0.46228125627801386]
[0.06767047786739253, -0.4745497931135997, 0.35697566024436267, 0.8714203334997567, 0.27706233151831505, -0.1048319876294843,0.39099018042204087]
[0.0436527096437603, -0.46073169339259296, 0.27546963304380945, 0.9162869154891334, 0.23174551502442256, -0.08108732255448403,0.316444546311704]
[0.020823471530217172, -0.4330101195715003, 0.19926377656754138, 0.9523303611652553, 0.18000434923066544, -0.05858509759984677,0.23923441182262167]
[0.0010623082532852397, -0.392624631647034, 0.13029796126261903, 0.9787068372746296, 0.12301141817605404, -0.037540173110353445,0.15997453882744167]
[-0.013988407397880692, -0.34128183586256405, 0.07029254289356449, 0.9947524112875722, 0.062046101866737965, -0.018156665771162803,0.07929853068486008]
[-0.023002689220668473, -0.28108269852885387, 0.020702920915352252, -0.9999963262520157, 0.0015311948818272614, 0.0006263978323804364,0.002147219239423255]
