[0.27016248642836926, -0.0008452226883007657, 0.1395641046099046, -0.999880197816673, -0.015466208988228347, 0.0006199804338280099,4.492087531739653e-05]
[0.29349910601099316, -0.01949184898086909, 0.1495498644943874, 0.9982222539335337, 0.05222681184073681, 0.017208874160026557,0.022990139776715667]
[0.316399765606866, -0.03872145487163836, 0.15961116794060393, 0.9943130797565501, 0.08969907189418529, 0.032512667278410436,0.04731281425586192]
[0.33879430532241817, -0.05847207426748359, 0.16966399221943362, 0.9881076115218079, 0.12774608166616677, 0.04520099653788438,0.07267156654147157]
[0.3606157881864603, -0.0786812408705325, 0.1796216990065822, 0.9795699904269818, 0.16622762832294424, 0.05520827186674346,0.09880817858102664]
[0.38180038924352144, -0.09928642397191914, 0.189395713163295, 0.9686737710654391, 0.20500081772331005, 0.06249421882000958,0.12546020323876725]
[0.40228724897878, -0.12022540866087764, 0.19889622623909337, 0.9554020869751608, 0.24392071168568366, 0.06704413856156612,0.1523634539474434]
[0.4220182996070627, -0.14143661658093457, 0.20803291898324988, 0.9397477724890522, 0.2828409755264387, 0.0688689221077128,0.1792545068689746]
[0.44093807308789035, -0.16285936465429676, 0.21671569697101065, 0.9217134402766249, 0.3216145328680713, 0.06800481883399923,0.2058731912533443]
[0.45899349988653293, -0.1844340605126882, 0.224855433318425, 0.9013115141733906, 0.3600942246804576, 0.06451296165398004,0.2319650438080759]
[0.4761337074859081, -0.20610233469540373, 0.23236471237721046, 0.8785642171026202, 0.3981334694972574, 0.058478653660756504,0.25728370325180333]
[0.4923098274671919, -0.22780711098078954, 0.239158568269078, 0.8535035141034446, 0.4355869217426217, 0.050010423356296,0.2815932218210917]
[0.5074748196222421, -0.2494926174836419, 0.24515521213769204, 0.8261710106885971, 0.47231112511077794, 0.039238857856499686,0.30467027132375557]
[0.5215833210451839, -0.2711043423567913, 0.2502767420658276, 0.7966178069634714, 0.5081651579627777, 0.02631522562951828,0.32630622237622503]
[0.5345915274831757, -0.2925889390600878, 0.25444982972478364, 0.7649043081446011, 0.5430112677405903, 0.011409902379488948,0.34630907671656097]
[0.5464571134193537, -0.3138940871851854, 0.257606377991777, 0.7310999923191874, 0.5767154914486636, -0.005289384392521545,0.36450523393602885]
[0.5571391964284378, -0.33496831573266733, 0.25968414398753153, 0.6952831364869795, 0.6091482593168038, -0.023579474852924397,0.38074107560624054]
[0.5665983503036363, -0.35576079651381154, 0.260627322248835, 0.6575405021206876, 0.6401849788354679, -0.04324384143356457,0.39488435157951607]
[0.5747966703203748, -0.37622111597950936, 0.26038708305734953, 0.6179669816702819, 0.6697065964449535, -0.06405477826397987,0.40682535518941143]
[0.5816978927974599, -0.39629903425273105, 0.25892206129393347, 0.576665207619117, 0.6976001342630953, -0.08577569393198493,0.41647787615694426]
[0.5872675698603192, -0.4159442404502592, 0.2561987915743363, 0.5337451258749565, 0.7237591993514478, -0.1081634850723303,0.4237799221953374]
[0.5914732990254721, -0.4351061135186218, 0.2521920858442047, 0.48932353544583684, 0.7480844631470339, -0.1309709675110572,0.4286942025803696]
[0.5942850059325083, -0.4537334977754871, 0.24688535006546047, 0.44352359650853285, 0.7704841088249494, -0.15394934115063183,0.4312083692922094]
[0.5956752772718478, -0.47177450214124805, 0.24027083710854347, 0.3964743091254064, 0.7908742445058224, -0.1768506644731665,0.43133501371471816]
[0.539669709953023, -0.5112990801798712, 0.23209223045104857, 0.456767162852857, 0.7691998502046254, -0.18496650772369688,0.40679569860684783]
[0.4804894105103244, -0.5436211021685612, 0.2229197553092071, 0.5153366302240674, 0.7434947380306048, -0.1911888251370701,0.3809075546806762]
[0.4191129270802022, -0.5683786159440919, 0.21284085538980982, 0.5718592366250979, 0.7138598225112258, -0.19534426392030324,0.3538669041380344]
[0.35657119651518643, -0.5853562374047913, 0.20195224981657983, 0.6260200714470093, 0.6804220973774976, -0.19728033076984425,0.3258912558465323]
[0.293924015597065, -0.5944938384754884, 0.19035835156595277, 0.677514991190806, 0.6433339137689305, -0.19686784189432885,0.29721703338527244]
[0.2322349821976848, -0.5958912120121707, 0.17816958659103993, 0.7260527559508685, 0.6027720690575126, -0.19400312244164025,0.26809702874737007]
[0.17254562828195324, -0.5898084399684604, 0.16550063959824043, 0.7713570827087863, 0.5589367125984681, -0.18860992528338433,0.23879760959692356]
[0.11584951522028573, -0.5766618254060878, 0.15246865347184932, 0.8131685994822522, 0.5120500761804458, -0.18064104223510918,0.20959571121539217]
[0.06306708485485532, -0.5570153916209024, 0.13919140996582074, 0.8512466851169139, 0.4623550383524758, -0.17007958426004474,0.18077564715823016]
[0.015022055734163965, -0.5315680978153474, 0.12578551948962396, 0.8853711803769079, 0.41011353313779847, -0.156939910978241,0.1526257751409471]
[-0.02757987754719193, -0.501137065194551, 0.11236464760407577, 0.9153439569751564, 0.3556048148944748, -0.1412681938384043,0.12543505675274655]
[-0.0641693423301693, -0.4666372448804616, 0.09903780521664923, 0.9409903322794454, 0.299123592239066, -0.12314260155986566,0.09948955122868121]
[-0.09432796731065707, -0.4290580845728762, 0.08590772843373476, 0.9621603186258669, 0.24097804500302528, -0.1026731008676399,0.07506888467610229]
[-0.11779893401482464, -0.3894378597373427, 0.07306937260543434, 0.9787296974576545, 0.1814877391329911, -0.08000087007296212,0.05244273683183233]
[-0.1344930168741969, -0.3488364231010123, 0.060608543308290797, 0.9906009098742266, 0.1209814552680402, -0.055297327642007024,0.031867387612332584]
[-0.14448986964402333, -0.30830718991810085, 0.048600684879991585, 0.9977037566111664, 0.059794947422319666, -0.0287627824927345,0.013582365405352993]
[-0.14803446761650074, -0.2688692131906569, 0.03710984467971201, -0.9999959019651246, 0.0017313512354859178, 0.0006247173097156918,0.00219276176080761]
