[0.37676946713906156, -0.007609036865287644, 0.01911351853007298, -0.9998796249695213, -0.015506052173813569, 0.0005434169896864839,5.113480274374909e-05]
[0.39900195756780277, -0.010523731799508988, 0.03423460922328603, -0.9990727336428118, -0.0346264468663674, -0.018294865776098523,0.017887983539932588]
[0.4209178830274594, -0.013615420714841345, 0.05058437672355384, -0.9970718408450984, -0.05500657728863112, -0.03987686063137667,0.035097815244583164]
[0.4425035514356731, -0.016910099475888507, 0.06822777197833543, -0.9936663149371284, -0.07662361645021723, -0.06425059558309545,0.05126340730555704]
[0.4637249277137595, -0.020438658441252096, 0.08723229678522551, -0.9886409699110869, -0.09942390652359513, -0.09140118632234184,0.06595257814309882]
[0.48452638616220933, -0.024234467176840448, 0.10766495260103379, -0.9817802903495462, -0.12332182198888803, -0.12124828594977516,0.07872764988708636]
[0.5048301333506539, -0.028330838081911627, 0.12958906430613912, -0.9728728386073431, -0.14819919834956785, -0.15364495675309267,0.0891552846048779]
[0.5245363247337753, -0.03275845361731172, 0.1530610552768345, -0.9617157694803738, -0.1739053516732983, -0.18837801482028455,0.09681648064522824]
[0.5435238798147892, -0.037542843208044324, 0.17812725212345326, -0.948119374391592, -0.20025770442052565, -0.22516986631353295,0.10131650915750977]
[0.5616519821373842, -0.042701994739409714, 0.20482079773262335, -0.9319115751647781, -0.22704302283985978, -0.2636818214909679,0.10229456910729384]
[0.5419780332644748, -0.09943287309326826, 0.20583766342573873, -0.9368995588263763, -0.22001226698562204, -0.2603263704762789,0.07774316613977292]
[0.5164195032464299, -0.1527792429220052, 0.206510160323611, -0.9419207373916739, -0.21248215189090588, -0.25434205457685555,0.05428424147908342]
[0.48546152598006553, -0.20212238467941687, 0.20685598938077102, -0.946945960828168, -0.20443634664452176, -0.24588837161157967,0.03221856837391867]
[0.4496542625610973, -0.24690786305625465, 0.20689378940744507, -0.9519447076198979, -0.19586016202644607, -0.23515994444210442,0.011826711099375546]
[0.40960484420336013, -0.28665225447088866, 0.20664305389425935, 0.9568851750899268, 0.18674064526485262, 0.22238405698682856,0.006635080803281981]
[0.3659686432571419, -0.32094892539525643, 0.20612404454124783, 0.961734375813426, 0.1770666698159095, 0.2078177128054612,0.022938680506313747]
[0.3194399738114643, -0.34947279866195985, 0.2053577018437935, 0.9664582398445517, 0.16682901978805562, 0.1917442522383432,0.03688753890796374]
[0.2707423285533047, -0.3719840537170804, 0.20436555310115356, 0.9710217224572507, 0.15602046864806332, 0.17446957043177425,0.04831973584721944]
[0.22061826343042037, -0.3883307159201466, 0.2031696182247594, 0.975388917077989, 0.1446358518631506, 0.15631798439945357,0.05711058177379343]
[0.1649469699172751, -0.39605777870551423, 0.19707668198366343, 0.9816377548219524, 0.1257667892045948, 0.13073120424638934,0.058986314324365414]
[0.10984977041515431, -0.39657679765779447, 0.19103879503346033, 0.9870820969907745, 0.10613574297572069, 0.10550263334517883,0.05721304239873973]
[0.05623342820822582, -0.3900938753055079, 0.1850979900452816, 0.9916547931900626, 0.08578673687955679, 0.08106511694271247,0.051863799839546504]
[0.004967218747944379, -0.37692941714849965, 0.1792950081644424, 0.9952915843001984, 0.06476918932113478, 0.05784008392499219,0.04305971466968053]
[-0.04313184648672873, -0.35751257585173585, 0.17366907473007231, 0.9979315185240891, 0.04313770261742658, 0.03623235870182306,0.030968356947029832]
[-0.08731307532650419, -0.33237369048839704, 0.16825768473205868, 0.9995173512132597, 0.020951820883043877, 0.01662520056991394,0.015801535726770972]
[-0.1269051378312309, -0.3021348022400593, 0.1630963991529382, -0.9999959261528201, 0.001724242127903782, 0.0006243715322670234,0.0021874247502337856]
