[0.36343959054367997, -0.01672000806932198, 0.11904357652100847, -0.9998788104092209, -0.01555767021824481, 0.0005657672856308597,5.744040635897399e-05]
[0.3725133482620993, -0.041024359213883616, 0.14105840028013772, 0.9993769542729325, 0.03342758391326407, -0.0015744200515526562,0.011217000641004943]
[0.3784440288021162, -0.06690571123759656, 0.1639225846488906, 0.9984819736350744, 0.049665342435901566, -0.004143733815081978,0.023450619535552532]
[0.38102796993082794, -0.0939324401819993, 0.18757158438451943, 0.9972440289644406, 0.06415018388603717, -0.00841481988246583,0.03630828291868829]
[0.3801086733949637, -0.1216418769324179, 0.21193361445445005, 0.9957167383337047, 0.07677941409200556, -0.014469498535247307,0.04943411965349285]
[0.3755822461238707, -0.14954589661557297, 0.23692732570606717, 0.9939563193673967, 0.08746932100124008, -0.022327598989421257,0.06246143927710674]
[0.3674025864224356, -0.17713761340623171, 0.26245978168271306, 0.9920206930434394, 0.0961559232617558, -0.031945849002845944,0.07502296799501644]
[0.3555860495827268, -0.20389922078272532, 0.2884248474803583, 0.9899685594678092, 0.10279554661853813, -0.043218386110666536,0.0867611546869711]
[0.34021530097261143, -0.2293109513181997, 0.31470208734609706, 0.9878584560650953, 0.10736522320065174, -0.05597888474984046,0.09733829713902424]
[0.3214420551673055, -0.25286105698057354, 0.3411562498996943, 0.9857478088477468, 0.10986291026771394, -0.07000425586759819,0.10644624211214933]
[0.2994884087785423, -0.2740566348692997, 0.3676373989877505, 0.983691987541354, 0.110307526505768, -0.08501983882989132,0.11381542183930758]
[0.2788643374864885, -0.29960056405931496, 0.3498076272986086, 0.9853161880390112, 0.10854330937943027, -0.08806757862481557,0.09805335880221266]
[0.25538001264705074, -0.32313147074845544, 0.3319715325450372, 0.9869614055153006, 0.10580447392219904, -0.08886210699547215,0.08255981626454006]
[0.229279440457386, -0.3443093707695836, 0.31417725078659736, 0.9886053504625885, 0.10208242898680321, -0.08752297674933429,0.06766363328873677]
[0.20084583323302233, -0.36282736246672675, 0.29646970424390967, 0.9902251503591801, 0.09737322568200722, -0.08421818798917857,0.0536647307664895]
[0.17039678018550258, -0.37841546720796754, 0.27889051875900916, 0.9917975240039311, 0.09167757565875685, -0.07915834508508818,0.0408270731793871]
[0.13827924628368118, -0.3908437358904276, 0.2614780105714879, 0.9932989571934618, 0.08500084983119201, -0.07258981578492184,0.029372705198329265]
[0.104864511140443, -0.3999246817723041, 0.2442672400587454, 0.9947058788066268, 0.07735305754085278, -0.06478707897587485,0.019477000651842706]
[0.07054313185672356, -0.40551511609670776, 0.22729012898236406, 0.9959948363610877, 0.0687488062527614, -0.056044465983601355,0.011265230289873234]
[0.03571998383612149, -0.4075174706975163, 0.21057563674231802, 0.9971426701113977, 0.05920724195203235, -0.04666751362982353,0.0048105212977849615]
[0.0008094039412569459, -0.4058806910217286, 0.19414999018189644, 0.9981266847669216, 0.04875197048895939, -0.036964155272580165,0.0001332464739251435]
[-0.03376956687515742, -0.40060077421701545, 0.17803696062313837, -0.9989248179211229, -0.03741096019880376, 0.02723597855782164,0.0027981547943579394]
[-0.06759786721767486, -0.3917210110675291, 0.1622581810579697, -0.9995158043012076, -0.025216426199435954, 0.01776977557739963,0.004064957289793293]
[-0.10026106780417814, -0.3793319690086725, 0.146833495785278, -0.9998793349687228, -0.012204696845279129, 0.008829602645625123,0.003794600708893619]
[-0.13135404515950963, -0.363571227968279, 0.13178133427818262, -0.9999962106273811, 0.0015839371106937646, 0.0006495531897476168,0.002155911584899331]
