[0.35779543023557686, 0.0525664413330295, 0.08024092033391744, -0.9998770990695036, -0.015659333761883713, 0.0007515279770942562,8.501875032428445e-05]
[0.39833584018848117, 0.02502035291943302, 0.11171098656482345, -0.9981921165569638, 0.03982784034395508, -0.038508160633787814,0.023310151043441037]
[0.4341316614615442, -0.01010063259427218, 0.1465372353970709, -0.9914535741758321, 0.09321250798312283, -0.08054867200097113,0.042931923417713416]
[0.4637901513051462, -0.051809892068266916, 0.18454926552669085, -0.9799019071642656, 0.14401092673921298, -0.12499256830425155,0.05856588754774608]
[0.48611768910259145, -0.09886304669650388, 0.22554199427259633, -0.9638264893631485, 0.19176990550624157, -0.17140830760822806,0.0698712661035922]
[0.5001689451441341, -0.14979747209958072, 0.26927560528257544, -0.9435621384398015, 0.23607173985446245, -0.2193157914461549,0.07655852772449924]
[0.5052882788171377, -0.2029815493042838, 0.31547602292977994, -0.9194851231921823, 0.27653874646247156, -0.2681929615111013,0.07839620736443496]
[0.5011413513775624, -0.25667211975132104, 0.36383593720854374, -0.8920087180727422, 0.3128373466347779, -0.3174833384323134,0.07521682824081571]
[0.4877352488110832, -0.3090781728048826, 0.41401639278372315, -0.8615783550622057, 0.34468165397653194, -0.366604376091407,0.06692179712871384]
[0.46542581781007997, -0.35842842457264457, 0.4656489451181579, -0.8286664274533839, 0.3718365268449124, -0.41495648767889287,0.05348516288425766]
[0.4349114082860125, -0.40304016447814617, 0.5183383755117569, -0.7937668039249008, 0.39412005217777135, -0.4619325850585535,0.034956148520131174]
[0.404360188710153, -0.4275152313029543, 0.4763999216405124, 0.8155887547403926, -0.3848229182058803, 0.4320691698763383,0.006522055419750121]
[0.37093973480629167, -0.44725594523359036, 0.4349387610093373, 0.8370094872700575, -0.37272214529680014, 0.3983454951313941,0.04259327568749853]
[0.3352944259397331, -0.46201022984238327, 0.39415328729177646, 0.8578391813167007, -0.3578566478350985, 0.36158772027848884,0.0728346012683854]
[0.29808782513205945, -0.47160784440638154, 0.3542294755286468, 0.877890412693931, -0.3402836004308803, 0.322672192846013,0.0969440588268422]
[0.2599921819096678, -0.4759603646961684, 0.3153408094517606, 0.8969795860044079, -0.3200781656343996, 0.2825080387210914,0.1147466698141679]
[0.2216783558575706, -0.4750599423572136, 0.27764841887025743, 0.9149283449088098, -0.29733309700520333, 0.24201903256689433,0.12619802289697402]
[0.18380628665877777, -0.4689769698691819, 0.2413014041825266, 0.9315649496134872, -0.27215821977991095, 0.2021251010431353,0.13138527918360327]
[0.14701610764750678, -0.4578567861541325, 0.2064373220051844, 0.9467256115101266, -0.24467979225586456, 0.1637238204081935,0.13052557758290104]
[0.11191997190677974, -0.4419155602000716, 0.1731828034291322, 0.9602557751793908, -0.21503975186128996, 0.12767227196322165,0.12396185835091265]
[0.07909463378774721, -0.42143548705527367, 0.1416542745619401, 0.9720113383205513, -0.18339485071006223, 0.09476961358921789,0.11215617347910636]
[0.04907480536753472, -0.396759422910415, 0.11195874782436163, 0.9818598005882068, -0.14991568623464352, 0.06574071339994766,0.0956806020641017]
[0.022347287566919085, -0.3682850745605972, 0.08419465195300341, 0.9896813328024067, -0.11478563324845623, 0.04122117249677727,0.0752059362031632]
[-0.0006541400108809525, -0.3364588442900072, 0.058452668824845955, 0.9953697585464828, -0.07819968450330707, 0.02174403830967848,0.05148834734857379]
[-0.019553097632979077, -0.3017694151879962, 0.03481654605355669, 0.9988334407738024, -0.04036320747325425, 0.007728478513097601,0.025354283549548006]
[-0.034034286059597345, -0.26474114515764025, 0.013363855791117735, -0.9999960667062056, 0.00149062570862599, 0.000529351394046525,0.0023161161924360623]
