[0.31870045286940946, -0.038473097111906704, 0.10985307750407783, 0.9998785280960538, 0.015572792557746764, -0.0006395294203084675,9.047951746125597e-05]
[0.3220101883239423, -0.025062320124605464, 0.10851769591212221, -0.9996467291027819, -0.0160020503478105, 0.01449118287700238,0.015503451151318204]
[0.3250382210405316, -0.011081411866860852, 0.10718478616079025, -0.9989675276935751, -0.016721913912000178, 0.028673936610458615,0.031017117341326738]
[0.3550191722480747, -0.042501643309121914, 0.12318405234154203, -0.9993866566625257, -0.025860121241671162, -0.0028198105868552643,0.02344383250494098]
[0.38136849025581104, -0.07823359665766759, 0.14002376069635977, -0.9987944161635383, -0.034914517545296, -0.03270814797096688,0.010993987512524575]
[0.40355569122203244, -0.1178263976425445, 0.15767130628454418, 0.9971922438750894, 0.043868972946452596, 0.06038200355409438,0.006095540565136977]
[0.42110817824463576, -0.16076551911235581, 0.1760903927182405, 0.9945827574773003, 0.05270744052900936, 0.08526357502784337,0.02751703136608876]
[0.43361890438000705, -0.20648036615308943, 0.19524113905863386, 0.990969751698541, 0.06141398504590147, 0.10681433189309142,0.05289586147844541]
[0.4407530261435999, -0.2543527924771289, 0.21508020245501958, 0.9863581937509557, 0.0699728114799506, 0.12454253178325432,0.08179533636437267]
[0.4422534332953522, -0.3037264119104371, 0.23556091605828358, 0.9807542171616213, 0.07836829340745127, 0.13801015232792083,0.11372235471763459]
[0.4379450593008442, -0.35391655471307604, 0.2566334416722759, 0.97416511400845, 0.08658500111555019, 0.14683914708804433,0.1481338351396466]
[0.4277378971910788, -0.40422070693927914, 0.27824493654082416, 0.9665993255723438, 0.09460772942484129, 0.15071694247071793,0.18444382502118306]
[0.41162866726319003, -0.4539292622938922, 0.30033973360502897, 0.9580664314194722, 0.10242152516907171, 0.14940110199642168,0.222031202517696]
[0.38970110578787664, -0.5023364101377588, 0.3228595345052648, 0.948577136929897, 0.11001171428440959, 0.14272309472560263,0.2602478746234669]
[0.3621248672142007, -0.5487509805479239, 0.3457436145452947, 0.9381432592910914, 0.11736392846136881, 0.13059111592299807,0.2984273676873305]
[0.3291530558737176, -0.592507067706308, 0.3689290387823181, 0.9267777119771926, 0.12446413131319631, 0.11299192000456917,0.3358937013587076]
[0.29111842646463126, -0.6329742563729772, 0.39235088835687854, 0.9144944877370912, 0.13129864401533178, 0.08999163832148391,0.3719704329787865]
[0.24842831522704348, -0.6695672827408631, 0.4159424961305816, 0.901308640116681, 0.13785417037142014, 0.061735567229156296,0.40598975689187206]
[0.1915505148309273, -0.6632713470629403, 0.3777614268969712, 0.9180986526464133, 0.12793153457179793, 0.03370349380786127,0.37362074484173013]
[0.136336565920868, -0.6490833742563905, 0.3398764848648447, 0.93342359292631, 0.11729224430457229, 0.009812942749413751,0.3389198013529627]
[0.08389893975743212, -0.6273046402900252, 0.30250071310204363, 0.9472435041058446, 0.10598815940001566, -0.009733241061877935,0.3023268397193829]
[0.03529869031615277, -0.5983937452777565, 0.26584197689451344, 0.9595218491310974, 0.09407304342421012, -0.0247774587848452,0.2642993777463576]
[-0.008476804317662779, -0.562957989110521, 0.2301018170367501, 0.9702256079249483, 0.0816024060535393, -0.035208859924457395,0.2253079076192359]
[-0.046534668398082235, -0.5217416000989291, 0.19547434561787208, 0.9793253657232418, 0.06863334077590434, -0.04096437074820591,0.18583114086229255]
[-0.07809547868907986, -0.475611052525234, 0.16214519046846276, 0.9867953923360158, 0.05522435836109428, -0.042029238828803495,0.1463511769391899]
[-0.10250993280151247, -0.4255377714948945, 0.13029049412905178, 0.9926137121265795, 0.04143521655384802, -0.038437088705555726,0.1073486447947498]
[-0.11927287746551841, -0.37257857970861363, 0.10007597286333653, 0.9967621645254701, 0.027326746453027406, -0.030269488685851935,0.06929786687546133]
[-0.12803439357791085, -0.3178542895251006, 0.07165604087001426, 0.9992264549210262, 0.012960676048962016, -0.017655033834465747,0.03266209489020008]
[-0.12860769650296583, -0.2625268838945918, 0.04517300444872671, -0.9999961957934456, 0.0016005486016113402, 0.0007679551692507687,0.0021111342138758074]
