[0.2981732261096519, -0.0012738525126654214, 0.04257145500862569, -0.9998807821006763, -0.015427358025005668, 0.0006443864212673787,5.455500532975709e-05]
[0.2964035882425988, -0.009834985563518597, 0.056958100357709956, -0.9983559400276264, 0.052133279325845154, 0.003454199442891154,0.023571311047474248]
[0.294555343782044, -0.015437350049640117, 0.07208260531907543, -0.9919069008469319, 0.11607679444880183, 0.005124292359025642,0.051191986389910966]
[0.29315389434113015, -0.018353344759762424, 0.08820617181336884, -0.9809751397160977, 0.17565943390989716, 0.005438977442626148,0.08247397202642794]
[0.2925648644766748, -0.018951280791496446, 0.10560078749199142, -0.9660796459863036, 0.2302201826152152, 0.004218583964354912,0.1169230031983925]
[0.29297892954179766, -0.017652083178918455, 0.12452556562907635, -0.9478050984004838, 0.2791911303482039, 0.0013233013071260171,0.15400018524207104]
[0.2944102484272395, -0.014884882444037129, 0.14520310649305296, -0.9267888076925713, 0.3221059882843448, -0.003343699843461327,0.19312964018633896]
[0.2967081489550289, -0.01104495972542506, 0.16779713088903192, -0.9037066988081004, 0.35860659896823993, -0.009833923460996498,0.23370666155495193]
[0.2995807820254299, -0.006457249879386159, 0.1923925836435047, -0.8792586238689001, 0.38844732398169274, -0.018152023585066315,0.27510625744137035]
[0.3026286373367616, -0.0013481182817505072, 0.21897929449160283, -0.8541533099178514, 0.4114972365480883, -0.02825512782375171,0.31669195635716657]
[0.30538515549597817, 0.004172552838316149, 0.24744012110216027, -0.8290932521437572, 0.42774009072791347, -0.040053023474512804,0.357824746690772]
[0.3073612231317246, 0.010117752286423434, 0.27754429124309243, -0.8047598635697742, 0.4372720837541441, -0.05340920639999719,0.3978720189058161]
[0.3080901282777272, 0.016617883935058128, 0.30894641784761157, -0.7817991860911241, 0.44029747251665485, -0.0681427783833901,0.436216379881469]
[0.3071695944871514, 0.023904059359689755, 0.3411913931500483, -0.7608084553994675, 0.43712214832342, -0.08403116448320497,0.47226421104440186]
[0.30719569392859797, -0.00807657476951222, 0.3236037514875508, -0.7738071296051325, 0.43769110052099236, -0.11703077416438187,0.4426655900287191]
[0.3034719713235011, -0.039621506791268274, 0.30633618945682617, -0.7873167413189418, 0.4364183693253766, -0.14553990970197128,0.41047471351868214]
[0.2961605191536037, -0.0703297974105772, 0.2894614639219801, -0.8012413322099092, 0.43325358992642865, -0.16936411643534166,0.3763235980355582]
[0.28546673406751066, -0.09983373227149987, 0.2730438576899901, -0.8154804326433603, 0.42815439776877207, -0.1883972439499018,0.3408547404967981]
[0.2716332960919805, -0.1278030235310197, 0.2571387576138757, -0.829929610769688, 0.42108678197850147, -0.20262108103189255,0.30470881302012204]
[0.25493382982634794, -0.15394799111279636, 0.24179235620686537, -0.8444810488780414, 0.41202539590894016, -0.2121032849179824,0.2685126211911195]
[0.23566641460522536, -0.17802172250764575, 0.2270414792529042, -0.8590241437829707, 0.4009538227806674, -0.21699366727489564,0.232867560553409]
[0.214147103572581, -0.1998212366075207, 0.21291354027578321, -0.8734461278631512, 0.38786479464234425, -0.21751893140145517,0.1983387941878472]
[0.19287545690378657, -0.21678905834604345, 0.19318780119047435, -0.893275083795271, 0.3664687854304179, -0.20236048012982985,0.16373909141475962]
[0.17066939715817614, -0.23173239875190912, 0.17476711006395007, -0.9124088370389811, 0.3408441000101715, -0.18415703473111267,0.13199090930997656]
[0.1479274084744981, -0.24473061832886261, 0.1576438628435553, -0.9304941137756653, 0.31106655145319606, -0.1634589247614522,0.10343831355781914]
[0.12502393452753768, -0.2558881010325191, 0.1417739392241139, -0.9471815469653502, 0.2772557020119083, -0.14085522076712945,0.07833389798071787]
[0.10230509208962993, -0.2653265181040363, 0.12708119922010253, -0.9621301890219598, 0.23957430872158442, -0.11695932862354577,0.0568345442585115]
[0.08008584915429154, -0.27317731381177185, 0.1134628629094874, -0.9750119601911784, 0.19822725649872225, -0.09239415998327388,0.038999377765948834]
[0.058648587445473244, -0.2795747240213149, 0.10079559969988156, -0.9855159767172743, 0.15345998836093663, -0.06777720702625245,0.024789953912401328]
[0.03824291330733111, -0.28464959980252, 0.08894213401792983, -0.99335270421491, 0.10555644862062652, -0.043705850824959,0.014072660984811065]
[0.019086534112427972, -0.28852425921867964, 0.07775816038876376, -0.9982578836777838, 0.054836560947212475, -0.020743226696262888,0.006623277501563197]
[0.0013669812129329622, -0.29130853331303375, 0.06709935283339283, -0.9999961802332795, 0.0016532689750569038, 0.0005950429551454471,0.0021335755033326533]
