[0.31816400293172303, 0.015884381827704838, 0.14222499883546055, -0.9998824058698945, -0.015324844109479903, 0.0005627204291503069,8.325004953812374e-05]
[0.3524612295871586, -0.010951637249660926, 0.1813348881385282, 0.9977751861075193, 0.023052489534104614, 0.05437853245066635,0.030923064578038516]
[0.38113656865660517, -0.040015843744979185, 0.22517566404024553, 0.9916180627379728, 0.028445099123265837, 0.10683602503698472,0.06686222956164808]
[0.3822471820674607, -0.09013936962955381, 0.2294152268520072, 0.9896086713526516, 0.030027210983268843, 0.1096892339976323,0.08798474941271886]
[0.37667534901442157, -0.14082910021200262, 0.2337959142845566, 0.9873889696049767, 0.03184424852321242, 0.10886068824459168,0.1104459917485847]
[0.36433394760194476, -0.19118337116143486, 0.23830844926548894, 0.984962792861083, 0.03389487299923751, 0.10410554979890914,0.13364680604012935]
[0.34525853859608197, -0.2402922299842556, 0.24294333561530876, 0.9823340423368336, 0.03617757522789931, 0.09527234477228932,0.15695283571314045]
[0.3196074321292765, -0.2872541855650629, 0.24769088076021942, 0.979506681560667, 0.038690676289139234, 0.08230734233606618,0.17970863569643267]
[0.2876594733172367, -0.3311927499034959, 0.2525412187691898, 0.9764847328214588, 0.0414323283510923, 0.06525684622926614,0.20125226148846592]
[0.24980961419490658, -0.3712724643139186, 0.2574843336626446, 0.9732722736042853, 0.044400515616157064, 0.04426735865345046,0.22093002648805307]
[0.20656238014462175, -0.40671411816223596, 0.2625100829396785, 0.9698734330169715, 0.047593055387668955, 0.019583619814674425,0.23811112288529285]
[0.15852337652259546, -0.43680888925972705, 0.2676082212703525, 0.9662923882102975, 0.05100759925642666, -0.008455430643377856,0.25220180609498216]
[0.10638901484999204, -0.46093116070630846, 0.2727684242994076, 0.9625333607947268, 0.054641634406236074, -0.03942268237329708,0.26265885338422895]
[0.05093466719167723, -0.4785497985924095, 0.27798031250763566, 0.95860061325651, 0.0584924850375472, -0.07281074569396262,0.26900202372819565]
[-0.006998518214915782, -0.4892377077943751, 0.2832334750771625, 0.9544984453759964, 0.06255731390817597, -0.10804154135723383,0.2708252676405092]
[-0.06651788769106974, -0.49267951836429213, 0.2885174937070345, 0.950231190650979, 0.0668331239900135, -0.14447739135042403,0.2678064622826249]
[-0.07387343996690698, -0.46723779673155963, 0.22892468724480802, 0.9682836754201362, 0.05845592513943016, -0.119654613777826,0.2114057760153334]
[-0.07865146818937269, -0.43545372737418053, 0.1735863196797031, 0.9822906066471285, 0.047305180434416776, -0.09254395805726504,0.1558941943241597]
[-0.08040159438439673, -0.3981267914613248, 0.12316403398072481, 0.9922333375050466, 0.033484258831676945, -0.06345505761924942,0.10161330629709682]
[-0.07877453405706165, -0.35613506804855, 0.07822621490268733, 0.9981222766986243, 0.017120222765995206, -0.03272518470013399,0.04886594946115404]
[-0.07352850696650054, -0.31041286791035216, 0.03924342786484111, -0.9999962280893862, 0.0016366402560620374, 0.0007133316826815908,0.0020871927518867125]
