[0.2590842450693618, 0.003632128264791263, 0.1271166242829965, 0.9998817480757817, 0.015369562425773357, -0.0005142783096921686,4.397248862869977e-05]
[0.2790293803923507, -0.028517289713668327, 0.15215093048430625, 0.9995607729392468, 0.014590840290963976, 0.025327755209365563,0.0048860410102565185]
[0.29329553574494277, -0.06477513677312001, 0.17828825165714554, 0.9985490403868795, 0.013666768996955635, 0.04973965652165138,0.015459622787586612]
[0.3012230032240213, -0.10406327902751153, 0.20543812116346388, 0.9968464714937469, 0.01259738223289118, 0.07175662632101101,0.031454805839043504]
[0.30235356991166656, -0.14520838970626826, 0.23350693179719845, 0.9944534638806043, 0.011383057446168066, 0.09047272777357711,0.052415834518334876]
[0.2964431246781964, -0.18697862761722867, 0.2623982622506705, 0.9913708941262188, 0.010024518745762656, 0.1050617222437453,0.07775148759011441]
[0.28346773462261, -0.22812180359120504, 0.29201321261894525, 0.9876001198808961, 0.008522839157789753, 0.11479616086417836,0.10674832961117521]
[0.2636230525958693, -0.26740389206123144, 0.3222507477964366, 0.9831429816734392, 0.006879442225642323, 0.1190643457640562,0.1385865521206921]
[0.23731711453603152, -0.3036467409342305, 0.35300804759263915, 0.9780018044038927, 0.005096102948163567, 0.11738481972772069,0.17235807035054204]
[0.2051567800024946, -0.33576386258467567, 0.3841808623702866, 0.9721793985145595, 0.0031749480504371817, 0.10941809455489653,0.2070864973693904]
[0.16792825564234387, -0.3627932511390155, 0.4156638729895803, 0.9656790608319308, 0.0011184555829131578, 0.09497538536191948,0.24174858159506213]
[0.15568332903199703, -0.3834970189610058, 0.37248397009198064, 0.9722213456346073, 0.002586826829136328, 0.07445928388293072,0.22188911298896818]
[0.1399064651959475, -0.39918805825816284, 0.3281258643734023, 0.9780808686279123, 0.0036246917605372423, 0.056283458856199946,0.2004416331326715]
[0.12130308540814352, -0.4094034935168061, 0.28318916700025903, 0.9832535509462501, 0.004236617688453775, 0.04051362168564214,0.17763206940207835]
[0.10064680069445152, -0.4138197418604657, 0.23827690018920875, 0.9877358304989086, 0.004434095226686821, 0.027196282548306305,0.15368353901347082]
[0.0787553937714235, -0.41226119626311575, 0.19398697465141257, 0.9915246606764816, 0.004235293672378684, 0.0163604366183429,0.12881477272251943]
[0.05646574978678713, -0.4047046315001325, 0.150903795070899, 0.9946175085182074, 0.003664731540275266, 0.008019349289796153,0.10323890511207483]
[0.03460847657812566, -0.3912792361977125, 0.10959010568255717, 0.997012352407493, 0.0027528666097974015, 0.0021723735954843233,0.07716263127490923]
[0.013982957777365355, -0.3722623001597153, 0.07057918347241385, 0.9987076793631959, 0.0015356107663774645, -0.0011932650531571373,0.05078571845575386]
[-0.004666436156609026, -0.3480707099767634, 0.034367480970187436, 0.9997024819935831, 5.377577954644441e-05, -0.0021007779375375843,0.024300850521997167]
[-0.020672292254969072, -0.3192485244683744, 0.001407814138154606, -0.9999962551783059, 0.0016475430490443187, 0.0005822716079082604,0.002106226730659472]
