[0.30209927728415614, -0.0021487150818083594, 0.13007347460851146, 0.9998815056792378, 0.01538169953727534, -0.0006143179831515457,2.3095044163969534e-05]
[0.32957146925574454, -0.025607602038507433, 0.1454207726460801, 0.998718839776348, 0.04032440644652151, 0.029027666882386748,0.009592490598715647]
[0.35483466911249684, -0.052150830851606385, 0.1615459223494743, 0.995958961088336, 0.06527362393332663, 0.05686597835130334,0.023903187080438024]
[0.37756226805296567, -0.08154124042122286, 0.17841493371924372, 0.9916027180285975, 0.09015390659333328, 0.08230106057861683,0.04269494293114199]
[0.3974555009885267, -0.11350712417836768, 0.19598982769944803, 0.9856550245122657, 0.11489002003806482, 0.10476761766050692,0.06563689693396617]
[0.414247174580185, -0.14774566950319412, 0.21422878257329908, 0.9781248381035537, 0.13940715716872196, 0.12374273000528015,0.09233191423269098]
[0.4277049568190412, -0.18392680872548725, 0.23308629982969895, 0.9690251262728206, 0.16363115269400738, 0.1387534272935231,0.12232185795791375]
[0.4376341817533386, -0.2216974246065747, 0.2525133886914688, 0.9583728208901248, 0.1874886952309456, 0.1493836126428704,0.15509371880726674]
[0.4438801305168893, -0.26068584788420474, 0.272457768399222, 0.9461887611192584, 0.21090753633631382, 0.1552802410147555,0.1900865229271902]
[0.44632975798181207, -0.30050658015454734, 0.2928640872527857, 0.9324976249129232, 0.23381669582707118, 0.15615866468878903,0.22669892749389592]
[0.44491284300661027, -0.34076517214011104, 0.3136741573253481, 0.9173278493456802, 0.25614666276101355, 0.15180706965398538,0.26429740364652665]
[0.43960254923403796, -0.381063185302285, 0.33482720368452185, 0.9007115400564583, 0.2778295914637623, 0.14208993887626242,0.3022248980252001]
[0.4304153925614804, -0.42100316383622827, 0.3562601268797563, 0.8826843701066439, 0.29879949200505196, 0.1269504914341821,0.33980985723133467]
[0.41741062060607387, -0.4601935443476398, 0.3779077773873534, 0.863285468592963, 0.31899241454606886, 0.10641206029215973,0.3763754941579958]
[0.40068901856335704, -0.49825343194896027, 0.3997032406431401, 0.8425572993864064, 0.3383466270002337, 0.08057838581386516,0.411249171413004]
[0.3803911646599791, -0.5348171740999179, 0.42157813123893995, 0.8205455303992473, 0.35680278547226496, 0.04963281681152431,0.4437717750335243]
[0.3245745602088267, -0.5392254061418508, 0.3845831136093064, 0.8571822939276015, 0.323990198575102, 0.029966884082927258,0.39921279045471686]
[0.26949614259555743, -0.5352377607928465, 0.34815709318716204, 0.8900320027811123, 0.28864881819547383, 0.01349274429416045,0.35262280078181435]
[0.21637308481770662, -0.5231313377403473, 0.3126134895297217, 0.918883643586533, 0.2510873227570791, 0.00039511375901483454,0.3043153788176629]
[0.16636427397910417, -0.5033729136032954, 0.27825002832939544, 0.94355472833042, 0.21163258926572348, -0.00916928135306161,0.2546213779034702]
[0.12053986014979404, -0.476607137359153, 0.24534513265218794, 0.9638929294190567, 0.17062706506522088, -0.015073289594319424,0.20388629484098317]
[0.07985313139856459, -0.4436396731289536, 0.21415457850314062, 0.9797774637468573, 0.1284259915842906, -0.017220667602721323,0.1524674877693093]
[0.04511557208372445, -0.40541575011494996, 0.18490846114344903, 0.9911202123461701, 0.08539450443532849, -0.01554714906088837,0.10073127343187033]
[0.016975870125480873, -0.3629947272678752, 0.1578085141837625, 0.9978665645908116, 0.0419046354387808, -0.010021238463871167,0.0490499294609594]
[-0.004096478114179835, -0.31752140976131427, 0.13302581845583458, -0.9999959784337864, 0.0016677568787241057, 0.0006447214219833596,0.0022013717396409727]
