[0.27057268166370974, 0.04253346023912575, 0.1344392749727466, -0.9998782653971112, -0.015594669127309446, 0.0005040890272830318,8.108962152307184e-05]
[0.2909513010042954, 0.046697336762333896, 0.15736830321265727, -0.9986356901010923, -0.013950894277575178, -0.031989766014593655,0.03884309302183507]
[0.31138705392807964, 0.04825920588757142, 0.18301479606417065, -0.9947548156037263, -0.013743451675979493, -0.06953245508683746,0.07375101395115838]
[0.3313049646036147, 0.04716208276893906, 0.2112966614364928, -0.9881686267726552, -0.014861918998237437, -0.11155251978413287,0.1042013615829744]
[0.35012797932035405, 0.04344321297316675, 0.24208607682617994, -0.9788310278923391, -0.017188009100369914, -0.1574093597439579,0.12967916040517077]
[0.367295158311164, 0.03723322658088664, 0.2752115070563631, -0.9667172349772151, -0.020597262329500977, -0.20640696759313493,0.14976549706639544]
[0.3822792167566996, 0.028752111075710813, 0.31046063801602436, -0.9518239684470834, -0.024960763527713186, -0.25780842174514484,0.16414295918813301]
[0.3946028299243528, 0.018302207555100425, 0.34758414704638113, -0.9341694463165416, -0.030146865055825558, -0.3108508177171833,0.17259890272105102]
[0.40385317506745505, 0.006258538167570438, 0.3863002121637705, -0.9137931799915939, -0.03602289735445449, -0.3647603159584805,0.1750265321855823]
[0.4096942586754122, -0.006943138243213097, 0.4262996464289104, -0.8907555766690571, -0.04245684893748985, -0.41876698856208655,0.1714238253625097]
[0.4118766685343043, -0.02082007365784703, 0.467251530825201, -0.8651373541794541, -0.04931899827269602, -0.4721191584619498,0.1618903796583733]
[0.4102444919209336, -0.0348575610784842, 0.50880920927344, -0.8370387758838507, -0.05648348073826228, -0.5240969424374311,0.14662230048083238]
[0.4047392498499205, -0.048524696373028295, 0.5506165030860884, -0.8065787149125206, -0.0638297747438038, -0.574024732961105,0.1259052916090279]
[0.39540080819029255, -0.061290312124288926, 0.592313999365249, -0.7738935586024532, -0.07124409215895976, -0.6212823830090579,0.10010614291172991]
[0.38236533524557337, -0.07263853688741692, 0.63354526860207, -0.7391359654367649, -0.07862065939026142, -0.6653148916713316,0.06966284113691257]
[0.3658604778246764, -0.08208346681003037, 0.673962870981689, -0.7024734880986018, -0.08586287677391004, -0.705640425926008,0.03507355427746746]
[0.34619802005968714, -0.0891824886692342, 0.7132340184925643, 0.6640870774131451, 0.09288434539381972, 0.741856554372597,0.003115241250295953]
[0.32376436790712604, -0.09354786136234094, 0.751045770656954, 0.6241694829534592, 0.09960975197502837, 0.7736446111055812,0.044321209013057083]
[0.3452745049537485, -0.15193964916786556, 0.6976884182786671, 0.677826576955795, 0.06809946240358414, 0.7266620329485692,0.08874618112226415]
[0.3543376578227727, -0.2083213090151679, 0.6411526452979447, 0.7271669300939968, 0.03911776683950721, 0.6734279178165932,0.1272513088355884]
[0.3518331276464869, -0.2608012301173407, 0.5825858240154206, 0.7720979164848364, 0.013086206527027643, 0.6151244234236444,0.1591084606997257]
[0.3389785568642768, -0.3077750317798258, 0.5230591040439583, 0.8125885947561358, -0.009625615882742678, 0.5530301797076314,0.18375185311629352]
[0.3172475241051413, -0.3479622852800939, 0.46354240832007765, 0.8486650149684681, -0.028707220535892062, 0.48849424519383217,0.20079083711709067]
[0.2882853895144109, -0.38042245518232976, 0.4048869445765691, 0.8804045650488129, -0.04391324726367238, 0.42290839032082245,0.2100188609440144]
[0.2538286628360971, -0.4045519015728852, 0.3478155989027254, 0.9079295127213708, -0.055068153112856885, 0.35767829528364065,0.21141838975184285]
[0.21563223041024254, -0.4200650021430098, 0.2929211329236291, 0.9313999127957523, -0.06206952514374839, 0.29419427751190097,0.2051616522933696]
[0.17540756889151937, -0.42696330309658204, 0.24067167663651748, 0.9510060597969987, -0.0648899513255782, 0.2338021779569709,0.19160717635028388]
[0.13477371688144058, -0.4254970379944935, 0.19142261793233073, 0.9669606721234634, -0.06357742153099843, 0.1777750355312789,0.17129216788826798]
[0.09522140266657908, -0.41612335078894863, 0.14543365790307924, 0.9794909961062439, -0.058254260183883, 0.12728616525584266,0.14492088135147832]
[0.05808946473652139, -0.39946514994694865, 0.10288954543085463, 0.9888310165084898, -0.049114621455937896, 0.08338422817568723,0.11334921808981283]
[0.02455166421025028, -0.37627376740432766, 0.06392283826022094, 0.995213954217296, -0.036420606452648094, 0.04697084045395458,0.07756587460890774]
[-0.004388737957734571, -0.34739759148267507, 0.028636968842197796, 0.9988652222978408, -0.02049708901122938, 0.018781216110021474,0.038670440227384646]
[-0.027899626347188834, -0.3137576997757318, -0.002872075546468178, -0.9999959984283879, 0.0017253620154294655, 0.0006317262389766099,0.002151086954676893]
