[0.2249097573121321, -0.016164340034941625, 0.08078067699254737, -0.9998797565725139, -0.015498980360186685, 0.0005004517437409069,5.9601488258704254e-05]
[0.24110322806113693, -0.0465899811690911, 0.10484994656984722, 0.9994084154096234, -0.025855310595863462, 0.007348249079662409,0.02145519419349451]
[0.2527323193672881, -0.08034961805859231, 0.12974320126476413, 0.9965166799001077, -0.06902980001800015, 0.013791154435955745,0.044712385864155504]
[0.2592702193888683, -0.1167149465405933, 0.15548643779052032, 0.9908804118800344, -0.11391869689648224, 0.018707590080766834,0.06948788328356967]
[0.2602917204665069, -0.15487274282741764, 0.18209729743234165, 0.9821760284500319, -0.16036659807522496, 0.021998405498676966,0.0955451386278626]
[0.2554884594255648, -0.19393783311179555, 0.20958214211690576, 0.9700875692352163, -0.208167740952274, 0.02358695170722932,0.12263749569889966]
[0.2446828251477209, -0.23296919084275725, 0.23793334962436327, 0.9543138992513849, -0.25706622838895965, 0.02341982423938755,0.1505106233795127]
[0.2278398207362444, -0.27098909501243224, 0.26712690016950486, 0.9345759164665026, -0.30675724319821274, 0.021467364654189212,0.17890500932347805]
[0.20507615107430432, -0.307005111038936, 0.2971203203486753, 0.9106236313365945, -0.3568892522075346, 0.01772391633495321,0.20755848934662421]
[0.17666583224116353, -0.3400344769072829, 0.32785104273223675, 0.8822429860670751, -0.4070671823728518, 0.012207832781908956,0.23620878770538495]
[0.1430416888712987, -0.36913030148812553, 0.35923523034224414, 0.8492622841086862, -0.45685653405314547, 0.004961239067236764,0.26459604341403614]
[0.10479221836908971, -0.39340882006573175, 0.39116710508348085, 0.8115581054075025, -0.5057883796380629, -0.003950450429148082,0.29246529796181825]
[0.06265345363017831, -0.4120768144673451, 0.4235188081093446, 0.7690605901188624, -0.5533651795409661, -0.014439252469448964,0.3195689202437329]
[0.0558923517704326, -0.4178510811458606, 0.40020722807017306, 0.8007283698676957, -0.5183520401396186, -0.03826603907805899,0.2977934694136106]
[0.048161424808324346, -0.422567612646187, 0.3769727807170916, 0.8296676359098355, -0.4828490179429825, -0.058381508525461916,0.2740438637473462]
[0.03957808212517047, -0.42619255289415525, 0.35390441867676115, 0.8559238491269061, -0.4470687137724062, -0.07466556754837052,0.24889552564147818]
[0.030257195482573246, -0.4287054034983169, 0.33108156393285393, 0.8795608155094997, -0.4112123743513197, -0.08708522073191771,0.22291998414383454]
[0.020309423848081695, -0.4300971138096103, 0.30857392354840446, 0.9006591437893444, -0.37546827905348706, -0.09569123874668466,0.19667197299153508]
[0.009839986826877312, -0.4303679946270301, 0.2864414942981683, 0.9193145589697154, -0.34001030877279803, -0.10061295605164096,0.17067737011418682]
[-0.0010520971071641266, -0.4295255494494427, 0.2647347508159221, 0.935636091896077, -0.3049967098158403, -0.10205136638263827,0.14542224438642395]
[-0.01227430912491851, -0.42758231750400183, 0.24349500879068872, 0.9497441661604707, -0.2705690635640412, -0.10027072141064242,0.12134324502838888]
[-0.023740484258072972, -0.4245538198838687, 0.22275495183874033, 0.9617686045587295, -0.23685147039578258, -0.0955888698407325,0.09881953359069186]
[-0.035370256799072144, -0.42045669412146774, 0.202539307980943, 0.9718465780102988, -0.20394995402397717, -0.08836660024936298,0.07816641877212538]
[-0.047088147461189195, -0.4153070936256174, 0.1828656592101667, 0.9801205202997774, -0.1719520900153642, -0.0789962705769168,0.05963081134431054]
[-0.058822356051934005, -0.40911941692959314, 0.16374536547953691, 0.9867360322032274, -0.14092685983885478, -0.06789002000632993,0.043388571206387554]
[-0.07050333424474958, -0.40190541802176305, 0.1451845826130581, 0.9918397985193352, -0.11092472936666196, -0.05546786472367617,0.02954377211957773]
[-0.08206222116873729, -0.3936737336189413, 0.12718535216415253, 0.9955775412366017, -0.08197794834860234, -0.04214597769099027,0.01812986305263427]
[-0.09342922970877862, -0.3844298466077666, 0.1097467401478299, 0.9980920315364415, -0.05410106502160213, -0.028325444145200752,0.009112659379387746]
[-0.10453207344824138, -0.37417648757257616, 0.09286600086544586, 0.9995211825643304, -0.02729164772733039, -0.014381769309375124,0.002395053457030435]
[-0.11529452302272925, -0.362914458922352, 0.07653974173794309, -0.9999962439053478, 0.0015312032144826338, 0.0006553931567675832,0.0021767066229554104]
