[0.3099698056025506, 0.06788998899652479, 0.12003545479198627, -0.9998770047132298, -0.015672285846722412, 0.0005957287907527123,3.0408043305263374e-06]
[0.3431680093932647, 0.039025407924836525, 0.14334589237895787, -0.9992319924585128, 8.413567582983745e-05, -0.037495801453372724,0.011379061558333466]
[0.37199298554934823, 0.0033513581597392718, 0.16869103642788041, -0.9967617759380767, 0.015613076916567535, -0.07742097862284078,0.015105824275775948]
[0.39518898170160555, -0.03830418850860462, 0.19597101545674828, -0.9924778016314425, 0.03086109812683934, -0.11796157579469782,0.01097599777955914]
[0.4116662951501178, -0.08488953472783245, 0.22507392975933868, 0.9863957653754432, -0.045775269730121214, 0.15788268892678983,0.0010369511923499085]
[0.4205404411447251, -0.13516278006147756, 0.2558764770515142, 0.978535578228714, -0.060303346014452044, 0.19595887504422158,0.02077854401687723]
[0.4211645774866748, -0.18773211835675493, 0.28824466059239134, 0.9689213206129403, -0.07439393701778314, 0.23099999019785203,0.04791681464018959]
[0.4131540265260838, -0.24110155840705, 0.3220345747469951, 0.9575811848571395, -0.08799667803170638, 0.2618761953088413,0.08194948073994791]
[0.3964020058946404, -0.2937205206045479, 0.3570932623412273, 0.9445474063070377, -0.10106239615655936, 0.2875416182356143,0.1222145944811296]
[0.37108598205694854, -0.3440356205421361, 0.39325963758991456, 0.9298561831968939, -0.11354327335036705, 0.30705619127112754,0.16790443427574378]
[0.3376643852173083, -0.3905428680145835, 0.4303654678591674, 0.9135475855157694, -0.1253930054254119, 0.31960522408886644,0.2180823329015819]
[0.29686375869524556, -0.431838489693862, 0.4682364070596587, 0.8956654531341767, -0.13656695645942252, 0.3245163219859277,0.2717020780746557]
[0.24965674860746498, -0.4666666267534918, 0.5066930730615764, 0.8762572834901036, -0.14702230810335928, 0.3212733170123636,0.3276294703264326]
[0.19723165864434522, -0.49396226343385685, 0.5455521611783591, 0.8553741091655421, -0.15671820328452635, 0.3095269439551851,0.38466558085470703]
[0.14095458847826453, -0.512887905269894, 0.5846275854876634, 0.833070365715705, -0.16561588382218217, 0.28910206275463624,0.4415712197405009]
[0.08232543237816944, -0.5228627406301343, 0.6237316395466828, 0.80940375014302, -0.17367882149290692, 0.26000130225639617,0.49709210318031505]
[0.022929227723398105, -0.5235832786339235, 0.6626761679165973, 0.78443507043664, -0.18087284210462648, 0.22240507566141166,0.549984197571258]
[0.0035779318340468345, -0.5494480064357826, 0.5733324644493174, 0.8322042195753039, -0.17239342480463873, 0.16652707755606652,0.49998537623196837]
[-0.016890962498858318, -0.5604861318065913, 0.48281169329080975, 0.8749193808711255, -0.15912327641804158, 0.11688769061611556,0.4421912794939601]
[-0.037057555826095406, -0.5567889023354371, 0.39328922391837395, 0.9120564649505852, -0.14140399323777067, 0.07457574524342657,0.37761935021876486]
[-0.055557306051979845, -0.5388715601507701, 0.3068900521428429, 0.9431479002352843, -0.1196338558040499, 0.04052796366132063,0.307436599949806]
[-0.0711388062861009, -0.5076514916191324, 0.22563744780020967, 0.9677885765338645, -0.09426253616723809, 0.015508830049592663,0.23293630373209234]
[-0.08271658267513048, -0.46441334433399667, 0.15140453753733066, 0.9856410664902836, -0.06578518132594803, 9.398331988808065e-05,0.15551202247075446]
[-0.08941687007192753, -0.41076245511961246, 0.0858700600216401, 0.9964400601498068, -0.03473594826423164, -0.005342519139988301,0.07662948463922546]
[-0.09061461454309262, -0.3485683434457136, 0.030479407349070925, -0.9999959574164513, 0.0016810726517190247, 0.0006367982590331374,0.0022030963374932364]
