[0.29449887843169903, 0.06794536321611437, 0.04738595545818272, -0.9998793547528861, -0.01552115794532933, 0.0006024694373077455,8.139757844438457e-05]
[0.3442811194398332, 0.048930601051708204, 0.07554243324241419, 0.9975154335591919, 0.018131544778353104, 0.06754228483066292,0.008499803234299786]
[0.38958780793407316, 0.025644646769022474, 0.1090588028262936, 0.9904584411049611, 0.021217818701463775, 0.13422555526480362,0.022921189483483855]
[0.4294184814460947, -0.0011244624201735762, 0.14739681432999643, 0.9788216949267725, 0.02513196337799031, 0.19855180289842583,0.043054099958455556]
[0.462981229171833, -0.030424388786428523, 0.1898910538876336, 0.9627862590877505, 0.030210897516127443, 0.25964651833539654,0.06865570988193177]
[0.4897297306887239, -0.06118881078802969, 0.23576876503667446, 0.9425982884341099, 0.036769317933435915, 0.3166727194720368,0.09937239376195738]
[0.5093864469331709, -0.09229526742057384, 0.2841732251768765, 0.9185653564931758, 0.04509291603914553, 0.36884683916952166,0.13474540440513993]
[0.521950344435, -0.12262680186548872, 0.33418982721847523, 0.8910518243550074, 0.05543208636177753, 0.41545367207058675,0.1742187604084565]
[0.5276885699774523, -0.15113336077011008, 0.38487391833240375, 0.8604733231738312, 0.06799623767472868, 0.4558600685358568,0.2171491876170611]
[0.5271125829558023, -0.17688887495876623, 0.43527938625766605, 0.8272904370572984, 0.0829488073619578, 0.4895270890685559,0.26281791639619917]
[0.5209403185065118, -0.19914020717667003, 0.48448696123627155, 0.7920016858537118, 0.10040306808105537, 0.5160203640707106,0.31044409704344655]
[0.5100469187497372, -0.2173446869275718, 0.5316312191035738, 0.7551359184948174, 0.12041880271041881, 0.5350184406691402,0.35919956110321183]
[0.49540736171738886, -0.23119372565690133, 0.5759253275475916, 0.7172442369252539, 0.14299990922389882, 0.5463189398903169,0.4082246274743695]
[0.47633423278778864, -0.27504237472220444, 0.5481707474267846, 0.743702099372175, 0.12414715671862099, 0.494836387455808,0.4320088199536987]
[0.45237212345705424, -0.31534784353389017, 0.5187661285133294, 0.7698084319243129, 0.10667575715835961, 0.44117030302039967,0.4487583143584196]
[0.42401804932286447, -0.3513965344437434, 0.48796442558260955, 0.7953648103259694, 0.09061214000786048, 0.3862939414828712,0.45821528712163145]
[0.3918775563263601, -0.3825604100346903, 0.4560430741514323, 0.8201760258225409, 0.07596908787796335, 0.3312146734043533,0.4602573459213671]
[0.35665070029322715, -0.4083149086949419, 0.42330002248412407, 0.8440514914379456, 0.06274592669391163, 0.27695496148665727,0.45490216287969726]
[0.3191149618639626, -0.4282543509193276, 0.39004937626628744, 0.866806611136544, 0.05092882813978053, 0.2245327198132204,0.44230940651038286]
[0.28010555232606205, -0.4421042973738802, 0.35661673191296106, 0.8882641014948819, 0.04049122105581693, 0.17494144315645982,0.4227798936553564]
[0.24049366226706545, -0.44973040599601966, 0.323334280707977, 0.9082552558899983, 0.031394307590936164, 0.12913050307170063,0.3967519385907637]
[0.20116328471272935, -0.45114343903702214, 0.2905357706373518, 0.9266211416700475, 0.023587679074157087, 0.08798600879607754,0.3647949334381294]
[0.16298730434738073, -0.4465001886960063, 0.2585514157863382, 0.943213721305896, 0.017010025773055035, 0.05231262406240127,0.3276002508045279]
[0.1268035820404935, -0.436100217985812, 0.22770284445483016, 0.9578968891249657, 0.011589933960649378, 0.02281671590629702,0.2859696150131207]
[0.09339177749233134, -0.420378447414403, 0.1982981766807522, 0.9705474158961126, 0.007246763020430648, 9.118864417802109e-05,0.24080114120937138]
[0.06345164146590394, -0.39989375337898486, 0.1706273196521209, 0.9810557942615004, 0.003891594687948154, -0.015397674149692727,0.19307329092213021]
[0.03758347277748542, -0.37531387615063644, 0.14495756557645692, 0.989326978792475, 0.00142824596147289, -0.023321074058113865,0.14382703727604057]
[0.016271374852530822, -0.34739705932090015, 0.12152957103576972, 0.9952810152752104, -0.0002456632818024905, -0.023496026383043996,0.09414657203799895]
[-0.00013013602944500664, -0.31697095415442955, 0.10055378979329802, 0.9988535547018543, -0.0012375973498834584, -0.015890959262020343,0.04513891919400057]
[-0.011405721105570914, -0.28490941739409026, 0.08220742257166497, -0.9999962483471599, 0.0016589562115573834, 0.0006284427142114329,0.002087154917248382]
