[0.3229362287708054, -0.01170925662384864, 0.06323812234281961, -0.9998785285559271, -0.015573781063640846, 0.0006152541308619277,8.329808378481939e-05]
[0.34007127496483075, -0.011946680668845609, 0.0678619137013792, -0.9997453935338568, -0.008899083144416805, -0.015736580270696528,0.013502387507647758]
[0.35728991113874453, -0.013267127980953516, 0.07267137970288784, -0.9991327122063578, -0.0019319802576771123, -0.032691688491148875,0.02571661632193409]
[0.3813202223947599, -0.03424340575333446, 0.08626886861477687, -0.9971150261036603, -0.002375516322221191, -0.06927476117475055,0.030935240498198062]
[0.4032240151476355, -0.05905041068193957, 0.10111258135837445, -0.9938659287218762, -0.0023992495247054423, -0.1063574111308334,0.030213580143172783]
[0.42244720581545875, -0.0874326235406776, 0.1171106831504361, -0.9894230555775612, -0.0019383983895062712, -0.14311782214024085,0.02357008037917478]
[0.4384752539868155, -0.11905783055641485, 0.13416052797701833, -0.9838312375307668, -0.0009311755502480911, -0.1787493367110947,0.011131199221941767]
[0.45084395443793535, -0.15352367539076045, 0.15214969317867344, 0.9771422491786284, -0.0006806677943044955, 0.21247431446343595,0.006872208871855483]
[0.4591490961770389, -0.19036572524181158, 0.17095713005704002, 0.9694145113114928, -0.0029513178797857583, 0.24355731764847993,0.030110264053138457]
[0.46305477590147165, -0.22906685386151518, 0.19045441678136826, 0.9607127491342, -0.005930398398987354, 0.27131740350237554,0.058161074461930744]
[0.46230018757648506, -0.2690677147224607, 0.21050709858008462, 0.9511076082364064, -0.009662497975002305, 0.2951393207794969,0.0905192521926862]
[0.45670474820916307, -0.30977805395051, 0.23097609909915648, 0.9406752305654567, -0.014186728349628756, 0.314483428864628,0.1266057672813751]
[0.44617146127326723, -0.3505885955030451, 0.25171918591003223, 0.929496792911588, -0.019536316368906428, 0.32889418193176523,0.16577895343270113]
[0.43068846254930426, -0.39088322077791726, 0.27259247246688156, 0.9176580106566022, -0.025738232645035476, 0.33800704725313335,0.20734646094229756]
[0.4103287372495059, -0.43005116156350315, 0.2934519383545673, 0.9052486097620688, -0.03281285955290741, 0.3415537554757238,0.25057793776035603]
[0.38524804106289934, -0.46749892897785833, 0.3141549494411518, 0.8923617701802277, -0.040773700981366394, 0.3393658109503955,0.294718209120294]
[0.3556811000675347, -0.5026617116035365, 0.3345617595547077, 0.8790935440587364, -0.04962713600557134, 0.3313762214719068,0.33900071977672414]
[0.3219362042540935, -0.5350139930365856, 0.35453697554364894, 0.8655422522780886, -0.059372218378947544, 0.31761943850405444,0.38266100074413867]
[0.28895164700194215, -0.5383679877310625, 0.3348330779427979, 0.8815242249927486, -0.04535429788145215, 0.28660954366225166,0.3724419389600623]
[0.25487842408790173, -0.5382494049270132, 0.31404838102432203, 0.8972688115882312, -0.03293941429431249, 0.2554210450316981,0.3585857840069881]
[0.2199819225087219, -0.5344938065828593, 0.2924475725188593, 0.9125710350346212, -0.022171836063766544, 0.22443092330353534,0.34110596061418297]
[0.18457239891939614, -0.526962520096597, 0.270310689641301, 0.9272278314191509, -0.013076201418310297, 0.19401151381412576,0.3200579542922782]
[0.14900246092051067, -0.5155530633126785, 0.247928239702497, 0.9410400698660301, -0.005657836646865257, 0.164525799586463,0.29553821590692786]
[0.11366217076594849, -0.5002090784082601, 0.22559614311906062, 0.9538145092901726, 9.673039872309762e-05, 0.13632289681042728,0.2676825364419408]
[0.07897191313251817, -0.48092925766244055, 0.20361059585669303, 0.9653656729178607, 0.004219069753410113, 0.10973379216535052,0.23666392175250106]
[0.04537327726403955, -0.45777478818069317, 0.18226294937756798, 0.9755176225249423, 0.006757971746316314, 0.08506738711217011,0.20269000372753576]
[0.013318299634111871, -0.43087490873225903, 0.16183470523350474, 0.9841056155356502, 0.0077784040827209595, 0.06260689927492191,0.1660000303141688]
[-0.01674250802527761, -0.40043025646355807, 0.14259271858161413, 0.9909776294793837, 0.007360316895369657, 0.042606665369743564,0.12686148222645074]
[-0.0443728622970253, -0.3667137800812698, 0.12478470016507484, 0.9959957398041296, 0.005597310488453536, 0.025289383909883285,0.08556636879510145]
[-0.06916362490389455, -0.3300691042845567, 0.10863509980384059, 0.9990373386774463, 0.002595181763692375, 0.010843829210799608,0.042427259255651086]
[-0.09074540320757193, -0.2909063425652385, 0.09434144631934, -0.9999961841517635, 0.0015296335904436786, 0.0005769388602903534,0.002226891228377301]
