[0.24102558192605875, -0.0014449795132185175, 0.09028729340044053, -0.9998823422938652, -0.015327748992955102, 0.000594878523937507,8.83135589839489e-05]
[0.2624404928981395, -0.025029083983709982, 0.10798325546974252, 0.9992095952888527, 0.033963249836603544, 0.011052908158803425,0.017450374335727183]
[0.2818400050724471, -0.051349803428582697, 0.12573806000412993, 0.9977594648764643, 0.05204566391793916, 0.020137038700815325,0.036902558029693354]
[0.29891617897632755, -0.0802250574490975, 0.14354703793647902, 0.9955429226617858, 0.06954877076213505, 0.026413983635739498,0.057961703667135024]
[0.3133777415365712, -0.11143848943365306, 0.1614047577253145, 0.9925720485496656, 0.08644726595037198, 0.02967498280810404,0.08029317556906652]
[0.32495397013862737, -0.14474098433444788, 0.1793049525168164, 0.9888600041980082, 0.1027168040668072, 0.029749120485867697,0.1035381093614034]
[0.3333984408847478, -0.17985263772816376, 0.1972404534818395, 0.9844210047232289, 0.11833404007952222, 0.02650597256149775,0.12731761008099424]
[0.3384925872530723, -0.21646516432839627, 0.21520312983943768, 0.9792702887127297, 0.13327666908517974, 0.019857792377126208,0.15123722823416777]
[0.3400490163554758, -0.2542447275490657, 0.2331838360406971, 0.9734240866020688, 0.1475234643498905, 0.00976120685404864,0.17489166340877246]
[0.3379145318069185, -0.2928351652300187, 0.25117236654610153, 0.9668995874771951, 0.1610543135816745, -0.0037815999147318606,0.1978696422275305]
[0.3319728148467944, -0.33186158033249175, 0.2691574185863635, 0.9597149043647131, 0.1738502533728923, -0.020722232698815995,0.21975891521025345]
[0.32214671877366197, -0.3709342593965402, 0.2871265632509196, 0.951889038075618, 0.18589350175412103, -0.040965971921041955,0.24015131551092958]
[0.2928614919498137, -0.39066573423219847, 0.26305639511069956, 0.9564805423134821, 0.18421964968978324, -0.05317974583645156,0.21995455775375838]
[0.26153861704770864, -0.40736673766394205, 0.2394691843971101, 0.9609517445297888, 0.1812349656992644, -0.06260978014158244,0.19951352666865765]
[0.2285644788015615, -0.4208151373387342, 0.2164200368553844, 0.9652804495178889, 0.1769648197838893, -0.06937816726429324,0.17917526683235618]
[0.19434506145392436, -0.4308401052746386, 0.19395781873374085, 0.9694447210055499, 0.17144020474731553, -0.07364843021940844,0.1592516807976834]
[0.15929925190675887, -0.43732253133091026, 0.17212557695226574, 0.9734230251926063, 0.16469759652890847, -0.07561853575861954,0.14001483054376174]
[0.12385255359069043, -0.44019466658591117, 0.15096103542650538, 0.9771943710988503, 0.1567787925298513, -0.07551341365714254,0.12169344955029365]
[0.09703932193364814, -0.42660743510826604, 0.12472952055380274, 0.9830564960905891, 0.13941908233373584, -0.06568144559366058,0.09923806064227594]
[0.07137805441726044, -0.4102752285916514, 0.10000308616672018, 0.9881295754823797, 0.12002729062004644, -0.0550666128226527,0.07849241820496669]
[0.04715826451303334, -0.3913349011036991, 0.07680137644849808, 0.9923608225517331, 0.09875911594422077, -0.043988739129416136,0.0594274828018855]
[0.024651527674168363, -0.36993649177058524, 0.05513963115560841, 0.9957024388059181, 0.07578328755721875, -0.03274860274012636,0.041965172483100305]
[0.0041139819659919965, -0.34624200749443446, 0.035031943440247626, 0.9981120964632874, 0.051280473473734434, -0.021620965614374148,0.025982489870553353]
[-0.014211356671244815, -0.3204256046614213, 0.01649429743978756, 0.999553374052668, 0.025442109761809387, -0.010848327099003172,0.011316592682812392]
[-0.030092871032505717, -0.2926750250737148, -0.0004527156730724513, -0.9999961414012886, 0.0015308413285302746, 0.0006355255413035382,0.002229308109635372]
