[0.24236839458515227, 0.052078854728039005, 0.037685099638383485, -0.9998796094847016, -0.015514108453093325, 0.00028045425230946794,1.791756408369777e-05]
[0.2832704788751244, 0.043400405608099366, 0.0532713788044514, -0.997902445960867, 0.0476109928527416, -0.04274102793533424,0.009854249637925713]
[0.32316504921937994, 0.02968442768491483, 0.07050540380839146, -0.9900049236661523, 0.11028583653185513, -0.085687623424487,0.019619290739179028]
[0.3613827489372002, 0.011064671207604912, 0.0893043634258047, -0.9762612768689801, 0.17190089654990734, -0.12847527549187082,0.02929342313173157]
[0.3972776609251086, -0.012236426224193667, 0.10957085946143574, -0.9568094248399218, 0.23185753953805358, -0.17102027494453198,0.03885706441247251]
[0.4302393818387493, -0.03991191132224704, 0.13119363840974954, -0.9318494840975461, 0.28957467741808757, -0.21323942645417804,0.04829070501495292]
[0.4597043636702639, -0.07157615257931911, 0.15404843681593902, -0.9016415878211631, 0.3444952266131341, -0.2550502137992528,0.05757494587972181]
[0.4851662911515356, -0.10677221786643454, 0.1779989336939624, -0.8665030366965859, 0.39609230194530864, -0.29637096368289045,0.06669053621719347]
[0.5061852845313608, -0.14498063423067872, 0.20289780250270745, -0.8268048128955303, 0.44387507628654754, -0.3371210077978662,0.07561841128819187]
[0.5223957428723573, -0.18562934320616203, 0.22858785438538934, -0.782967495968837, 0.4873942407596154, -0.3772208428133211,0.08433973012676377]
[0.5020394987404236, -0.23522186432625464, 0.22966689404534146, -0.7920263739780731, 0.4794260099866327, -0.37557922736522437,0.04225124664650963]
[0.4768156841898644, -0.2825363957394466, 0.23085654416972684, -0.8009369724527583, 0.4712704526791657, -0.3693262489893789,0.0014994656446402693]
[0.4469838160073637, -0.3270809752906364, 0.23215633490637289, 0.8096947795014631, -0.4629317526444265, 0.35873163571103106,0.03741884527514426]
[0.4128543739395357, -0.3683935997338027, 0.23356576010606261, 0.8182954036624778, -0.45441419570411284, 0.34411775244841863,0.07404960187128534]
[0.37478531331866854, -0.4060476112441592, 0.23508427760388717, 0.8267345767194842, -0.4457221651550438, 0.32585353027690245,0.10798688787086726]
[0.3331779990519107, -0.4396566763493938, 0.23671130948787183, 0.8350081563375944, -0.4368601371535751, 0.3043478339707867,0.13887762733119333]
[0.28847260863685126, -0.46887929428679154, 0.2384462423548386, 0.8431121285173742, -0.42783267603157793, 0.28004237219152384,0.1664253882191842]
[0.24114305880381173, -0.4934227773554576, 0.24028842755362073, 0.8510426098648021, -0.4186444295518263, 0.2534042602887872,0.19039327369217945]
[0.19169151667597684, -0.5130466521676249, 0.24223718141587386, 0.8587958496754633, -0.40930012411070926, 0.22491834969140073,0.21060587113196583]
[0.16744451240813868, -0.4999859770699416, 0.2284569091666845, 0.8874985661880959, -0.3700416722663289, 0.18444952693950878,0.20345473160436614]
[0.1439369820893988, -0.48494185066129675, 0.21536747981082874, 0.9132479387725775, -0.32864845686049204, 0.1465779484474426,0.1910060186480914]
[0.12133005965979891, -0.4680089916587397, 0.2030383969602132, 0.9358812225218184, -0.2853726360075135, 0.11193440562362797,0.17366486342054147]
[0.09977693074716365, -0.44929752671807016, 0.19153449538004316, 0.9552576131503591, -0.24047871457356568, 0.08109559880482457,0.1519091314233999]
[0.07942131358206836, -0.42893218566451735, 0.1809156151282256, 0.9712591701198281, -0.1942416341171023, 0.05457585466957712,0.12628257251397035]
[0.060396017416325457, -0.407051343057366, 0.1712363009619183, 0.9837915738515831, -0.14694479523128792, 0.03281969197914608,0.09738703297387385]
[0.042821594177751436, -0.3838059138883695, 0.16254552856616208, 0.9927847122173905, -0.09887802666323806, 0.016195341550268416,0.06587383352050749]
[0.026805098311663694, -0.3593581128342381, 0.15488645902709325, 0.9981930927412652, -0.050335515912888845, 0.004989313728329984,0.032434429082871405]
[0.012438968809419753, -0.3338800880248908, 0.1482962228321605, -0.9999960782087726, 0.0016137162352299747, 0.0005979073499247905,0.0022095234300204027]
