[0.389212018837651, 0.06951380815285646, 0.03193596178175978, 0.9998808855396826, 0.015423590019107713, -0.0005723346653314619,6.027750386198223e-06]
[0.4229914239043919, 0.05327744762021341, 0.04358873123420598, -0.9994082894149647, 0.016042433882923608, -0.023064252404749776,0.019843175773459516]
[0.45572922180949516, 0.03253052065087973, 0.056205512840213134, -0.9969942836092798, 0.04707568155505112, -0.048790463380036106,0.037493590648379954]
[0.4868514434136347, 0.007360788242744779, 0.0697568491625106, -0.9926534738343321, 0.07761271328714778, -0.07636987457753328,0.05275405081936362]
[0.5157958791357347, -0.022070236872340967, 0.08420387434864404, -0.9864067329366047, 0.1075913757711209, -0.10554956183498734,0.06546100421971679]
[0.5420222267503936, -0.05552934829921709, 0.09949877477878552, -0.9782811273032997, 0.1369510088366841, -0.1360634056542307,0.0754798435515866]
[0.5650218158001318, -0.09271516143506855, 0.11558536491417201, -0.9683098222926823, 0.16563264804103658, -0.16763549080406226,0.08270584125265665]
[0.5843266918577457, -0.13326299715216428, 0.13239976963940495, -0.9565319670012318, 0.1935792223403276, -0.19998355331282242,0.08706468392664309]
[0.5995178623879547, -0.1767510117207103, 0.14987120297565634, -0.9429925587519452, 0.22073574608660113, -0.23282242789073268,0.08851260706315002]
[0.5739045048588259, -0.24226681491895738, 0.15563126333857535, -0.9420368219471162, 0.22198380688394584, -0.24344347069205138,0.06344361397726915]
[0.5411418022304091, -0.30422767538701034, 0.16134080005041584, -0.9410761130467703, 0.22320239257141306, -0.2513572050093461,0.03709443210333697]
[0.5017101150328028, -0.3618558117348131, 0.16699904596091858, -0.9401105512838863, 0.22439134680518055, -0.25640875801350416,0.009758260994516207]
[0.4561739736552741, -0.41443720665141376, 0.17260525079357378, 0.9391402566029359, -0.2255505163308307, 0.25847509453853906,0.018252904260991045]
[0.40517371927507795, -0.46133064024126935, 0.17815868126433954, 0.9381653496408466, -0.22667975100254525, 0.25746730476477403,0.04661173882033665]
[0.3588971372892027, -0.47490290921454326, 0.1712837642790592, 0.9465616874345231, -0.21110844268828519, 0.23575230466182143,0.06224988476676193]
[0.31243404529629165, -0.4840214234043945, 0.1642578301475571, 0.9543728564710073, -0.19542868348506176, 0.213083671165351,0.07466879927628607]
[0.26621323489313864, -0.4887311176500542, 0.15709825189685592, 0.9615902179999025, -0.17964857744063184, 0.1898529396055841,0.08382423631370639]
[0.22065513424143096, -0.48911927439837405, 0.14982216093098683, 0.9682057932989397, -0.1637763294538747, 0.16645082850811563,0.08971609343896426]
[0.17616745249604018, -0.48531443329837404, 0.14244636433205748, 0.9742122728312772, -0.14782023727036248, 0.14326244358449283,0.09238775447239315]
[0.1331409519593144, -0.47748482937626613, 0.13498726511229536, 0.9796030246354328, -0.13178868335118527, 0.12066261138180226,0.09192492197547496]
[0.09194540194360366, -0.4658363743490147, 0.12746078579458792, 0.9843721019379145, -0.11569012662595526, 0.0990113961219682,0.08845395958113887]
[0.052925766620917816, -0.450610202166777, 0.11988229568163389, 0.9885142499795303, -0.09953309414107492, 0.07864985048113453,0.08213976976718472]
[0.016398676606221976, -0.4320798061929238, 0.11226654215474782, 0.9920249120472902, -0.08332617261450738, 0.05989604770673011,0.07318323786289407]
[-0.0173507693110264, -0.4105478014256842, 0.10462758632270133, 0.9949002347047461, -0.06707799990842216, 0.043041438590193014,0.06181827785383338]
[-0.048071829959651945, -0.38634235073309153, 0.09697874331884379, 0.9971370722145714, -0.05079725643120447, 0.028347572458364213,0.04830851985036602]
[-0.07555053756055104, -0.35981329911468346, 0.08933252752123363, 0.9987329901481286, -0.03449265648042203, 0.016043216573026972,0.0329436828647476]
[-0.09961167134807287, -0.3313280644294582, 0.08170060294572276, 0.9996862681777409, -0.01817293953842471, 0.006321903197255841,0.016035679759821637]
[-0.12012026285812469, -0.3012673367602016, 0.0740937390360111, -0.999995902048347, 0.0018468615323235958, 0.0006600718358032654,0.0020854961436534334]
