[0.2599375300037152, -0.0671147633008683, 0.16816373869056073, -0.9998786167473896, -0.015569177735100479, 0.0005928342663898342,3.199238184745623e-05]
[0.2745924115155549, -0.09767361672347474, 0.18258494041410087, 0.9985224377355292, 0.039881054714296454, 0.026848357784818266,0.02532999206139154]
[0.28602683404191975, -0.12965676984368446, 0.19842302222496483, 0.9951578286716215, 0.06450870580600565, 0.049859444347265816,0.054895889811532865]
[0.2940975888949273, -0.1626627780336635, 0.21561469330871433, 0.9897734366017225, 0.08935791640306277, 0.06791063861539988,0.08804460310869922]
[0.29871539060948876, -0.19627810880233457, 0.23408687872860376, 0.9823645673424182, 0.11433414774714065, 0.08055433773040897,0.1240909269926453]
[0.2998457203094863, -0.2300847838086116, 0.2537572497123113, 0.9729331724511238, 0.13934292956815442, 0.08743286185372695,0.1622962864381794]
[0.2975085419866818, -0.2636680382406326, 0.27453483099796827, 0.9614878098139938, 0.1642902500733052, 0.08828478610092749,0.20188041473370777]
[0.2917769023129617, -0.2966238262766646, 0.29632068002547807, 0.9480435781398612, 0.18908294159396574, 0.08294974998915261,0.24203378715104892]
[0.28277445121870026, -0.3285660047359602, 0.31900863210006414, 0.932622025761231, 0.2136290602241504, 0.0713716538490866,0.28193060975993817]
[0.2706719463022471, -0.35913303462131535, 0.34248610505121835, 0.9152510342538771, 0.23783825781727583, 0.05360017819651322,0.32074215237937403]
[0.2556828285172984, -0.3879940518883301, 0.36663495636759796, 0.8959646774945096, 0.2616221447481316, 0.029790589897806637,0.357650207343835]
[0.23805797887731694, -0.41485417418045095, 0.3913323853121484, 0.8748030568808347, 0.28489464189424396, 0.0002018276215343529,0.3918604521478392]
[0.21807978552953167, -0.4394589290730916, 0.41645187211645673, 0.8518121135396345, 0.30757232034491516, -0.03480711194959988,0.4226154942054468]
[0.19605566696105997, -0.4615977111109213, 0.44186414602286245, 0.827043418445814, 0.329574727406879, -0.07478243686911755,0.44920737994389687]
[0.15171803675850798, -0.47183479878742846, 0.3801176733935241, 0.8649598860890058, 0.3015202011961959, -0.08478012366765364,0.39209985253554663]
[0.10575310431594737, -0.4712185504575678, 0.32014879137107943, 0.8990578973142056, 0.2688068427751194, -0.08919171539630963,0.3338901263273531]
[0.06047961812509141, -0.4597658069952523, 0.26270414163052763, 0.9288574166591957, 0.23180070815178463, -0.08795776036698799,0.27523764933010203]
[0.018147076867997172, -0.4379799766223653, 0.20848903190135254, 0.9539234374202742, 0.19091749201199026, -0.08110014021501331,0.2168025692680907]
[-0.019163981873975798, -0.40682299150798373, 0.15815731746036724, 0.9738710582105491, 0.14661760059313791, -0.06872147363544534,0.15923504713959666]
[-0.049633069805521665, -0.3676669861002894, 0.11230222482567231, 0.9883699852034935, 0.09940071103874648, -0.05100304994922187,0.10316472211815038]
[-0.0717781156687775, -0.32222810251453365, 0.0714482893595779, 0.9971484083582633, 0.04979988217780558, -0.028201321671152052,0.04919053668805896]
[-0.08451765568303486, -0.2724856521007536, 0.03604455400585041, -0.9999962073589529, 0.0016247131762787874, 0.0006430155373850407,0.0021288743091387283]
