[0.21902583989675903, 0.05965124351663056, 0.06582619754454788, -0.9998809055686545, -0.01541869143635283, 0.0006608703455634335,4.340489257332371e-05]
[0.23691425194485702, 0.039658136513359483, 0.07759928206047706, 0.9979778990952567, 0.06026931102521035, 0.014464296976951856,0.014089257571887552]
[0.2528325083134281, 0.01728856427880676, 0.08992003832087098, 0.9936774564893148, 0.10439736286819856, 0.026498333835060704,0.031688190151184153]
[0.2664978278936171, -0.007247602163143558, 0.10279826959065286, 0.9870438430271934, 0.147663129968026, 0.034832916918767325,0.052218003495783455]
[0.27764947087058095, -0.03370752315481623, 0.1162422036074659, 0.978149790059948, 0.18993191881672805, 0.038946013572459824,0.07504706821115431]
[0.2860526513435352, -0.0618175701993283, 0.1302583566867915, 0.9670761239027409, 0.2310745863639551, 0.03841627976497486,0.09946102534660067]
[0.2915022570445146, -0.09127598792933339, 0.14485140537627303, 0.953911361438322, 0.27096804019436055, 0.032935373626549524,0.12467837373095028]
[0.2938263139068137, -0.12175602488592968, 0.1600240665782651, 0.9387512743459852, 0.3094957097950524, 0.022317893054233276,0.1498678156972525]
[0.29288913347910966, -0.1529095113230211, 0.17577698701729724, 0.921698424002771, 0.346547986929513, 0.006508694147145707,0.17416700274853875]
[0.2885940826130404, -0.1843708536751879, 0.19210864288102897, 0.9028616692294863, 0.38202263327847386, -0.014412599134342603,0.19670228998493977]
[0.28088591751452674, -0.21576140676611935, 0.20901525040966387, 0.8823556491698158, 0.4158251536603144, -0.04023002576957405,0.2166090833461717]
[0.26975262816065765, -0.24669417647131045, 0.22649068814995102, 0.8603002436958863, 0.44786913330287903, -0.07059272958654751,0.23305234746907727]
[0.2552267442355297, -0.2767787975692484, 0.24452643152616904, 0.8368200138276718, 0.47807653780449993, -0.1050194200182249,0.24524683459191457]
[0.23738606009291716, -0.3056267241065623, 0.2631115003122043, 0.8120436247361763, 0.5063779745936439, -0.14290579594944933,0.25247659664972044]
[0.21635374374554467, -0.3328565629478096, 0.2822324195163989, 0.7861032539710725, 0.5327129148732286, -0.1835348141148189,0.25411335350823056]
[0.19229780341646402, -0.35809947545495974, 0.3018731941146531, 0.759133987612078, 0.5570298752164319, -0.2260896227292244,0.2496333100023095]
[0.15533612555765358, -0.36966503187014, 0.26883939751786723, 0.8170164603657425, 0.500129375579347, -0.20193097916937447,0.203908290232996]
[0.11783897410133183, -0.3757462594665791, 0.23749760434652142, 0.8690725644361212, 0.43410035104616224, -0.17432848041841462,0.16087058115463343]
[0.08081511068671944, -0.3766719162562107, 0.20795017001040558, 0.9139890994139309, 0.3596576318466318, -0.14369689728945279,0.12091945962651711]
[0.045102043511745404, -0.3729493993806588, 0.18025229649375027, 0.9505516801950091, 0.27770355509393696, -0.11049791014843241,0.08439461250259556]
[0.011339639507807246, -0.36520422418534476, 0.15441428602855523, 0.9776713168169874, 0.18931325470518923, -0.07523140055233783,0.0515705753041405]
[-0.02003767363247929, -0.3541177666495986, 0.13040489069736014, 0.9944087238761739, 0.09571620098898562, -0.038426106551827724,0.02265244098245316]
[-0.04879099437894736, -0.3403685668663351, 0.10815563925417618, -0.9999958327382062, 0.001725654579632309, 0.0006298258834302417,0.002227092690068604]
