[0.25412990037719396, -0.05840504112799598, 0.1076721945540654, -0.9998802482695454, -0.015462386027106971, 0.0006314324116387114,7.093582163398327e-05]
[0.28205320278860846, -0.06880378389648505, 0.1239271556467145, -0.9958697974291043, 0.064443328269531, -0.06003668057377677,0.02204543026894056]
[0.30742942069333784, -0.08623167364144094, 0.1439793771818175, -0.9811771690869648, 0.14545918736870336, -0.12021060136888595,0.041017057318355275]
[0.32856610508612144, -0.11024816510749363, 0.16723673180291618, -0.9557176429990227, 0.22629947179142235, -0.17928953826158628,0.05698769513906704]
[0.34393140473968864, -0.1400335039315747, 0.19301504919575907, -0.9195876746046269, 0.3056787095208694, -0.23668554853375864,0.06999275945542455]
[0.3522395545583321, -0.17443366487850928, 0.2205601881655, -0.8730624650766279, 0.38233676512750236, -0.2918296363701599,0.08009989664300202]
[0.3525224695305673, -0.21202368401660965, 0.24907276145016352, -0.8165899787488585, 0.45506322414055966, -0.3441776195736384,0.08740729275273143]
[0.34418353971777593, -0.25118547503179023, 0.27773463484418237, -0.7507815618837231, 0.5227205723574134, -0.3932157029155847,0.09204162400989223]
[0.3162825129476332, -0.28470715060492896, 0.26568029781497443, -0.770500517994823, 0.5065317754638281, -0.3848875130727301,0.040200926554753935]
[0.28479633806379595, -0.31494668066421455, 0.25361264022527924, 0.7896031885820268, -0.48956709990731545, 0.3698463945452151,0.008031420256860192]
[0.25013020654038787, -0.3414912531027069, 0.2415494379337658, 0.8080569978306522, -0.4718458309149886, 0.3488857653396075,0.05180852100237987]
[0.21273958180720381, -0.36398043686217724, 0.22950839544641244, 0.8258302196543507, -0.45338858972313495, 0.3229021401598802,0.09042921482951868]
[0.17312311280773496, -0.38211255668301536, 0.2175070862754811, 0.8428920342945406, -0.43421729765739436, 0.2928705067752374,0.12335000283395472]
[0.1318147172178199, -0.395650066046525, 0.20556289374237802, 0.8592125832843965, -0.4143551378153767, 0.2598184293369871,0.15019301005245045]
[0.08937498182246624, -0.4044238085773112, 0.19369295246466398, 0.8747630226747427, -0.3938265144259406, 0.22479949757864434,0.17074986554738888]
[0.04638204208285288, -0.4083360806695511, 0.18191409076497134, 0.8895155744226113, -0.37265700996377904, 0.1888667476803295,0.1849814785461579]
[0.0034221139295390925, -0.4073624325003362, 0.17024277423610623, 0.9034435758468339, -0.3508733401022021, 0.1530466732415391,0.19301378260711938]
[-0.03892014195053254, -0.40155217032995544, 0.1586950506921896, 0.9165215270588175, -0.3285033065911124, 0.11831442356929202,0.19512961121250977]
[-0.057972590558794286, -0.3877383955188459, 0.14229437044494653, 0.9384133225114474, -0.28412935198274936, 0.08777014415627783,0.1759185870500207]
[-0.07638831798833358, -0.3719931699619664, 0.12655450942051524, 0.9570813147074279, -0.23865465266686908, 0.06108364407109213,0.15266991263950455]
[-0.09398687174030149, -0.3543978205581663, 0.11157653500544235, 0.9724513479140141, -0.1922753426625373, 0.038735839398816814,0.125968659952746]
[-0.11059828408186116, -0.33505720203977085, 0.09745338106763354, 0.9844641343353453, -0.1451925739771993, 0.021123651093960708,0.09645349155782598]
[-0.1260662569049578, -0.3140978200953441, 0.08426890353357161, 0.993075613982772, -0.09761139631497338, 0.008554373250664271,0.06480480630686435]
[-0.1402509948392034, -0.291665490848953, 0.07209704286312402, 0.9982572254292735, -0.04973961084760898, 0.0012417001788780494,0.03173233637227413]
[-0.1530316197048707, -0.26792260433582565, 0.06100110319687957, -0.9999960855751853, 0.001786605222160807, 0.0006965410399277035,0.002037573720650158]
