[0.2392084879088051, 0.022363018645250383, 0.08456215207249382, -0.9998783400541698, -0.015586107546547682, 0.0006011115438692221,0.00013041080423176952]
[0.25373090265215564, 0.03311227683920156, 0.1081439054664951, -0.9991625503476778, 0.02535801616105878, -0.014249607036356932,0.028777034218443]
[0.26689276742758355, 0.0446962711343368, 0.13346458180315257, -0.9958115334203915, 0.06299466679648473, -0.028055950718977683,0.060032703515524685]
[0.2785446120903019, 0.05701091510956517, 0.16057264293722073, -0.9900421568912605, 0.09700425367116094, -0.040695690244746646,0.09354444474850278]
[0.2937183607560789, 0.027588666402297013, 0.17179211922534157, -0.987378170833101, 0.10982448964625759, -0.056530812686620815,0.0991322170296277]
[0.3056877826748156, -0.004654192332121478, 0.18306213991072373, -0.9844157708102034, 0.1223742317363779, -0.07400472351055529,0.10233981866903567]
[0.3139875230581363, -0.03935501103365098, 0.19438170536649785, -0.9811617393494971, 0.13464619449695236, -0.09277957813144619,0.10287853724615965]
[0.3181951348876341, -0.07607841776307808, 0.20574965272240925, -0.9776230400698619, 0.1466333249391956, -0.11247383900282827,0.10050619424594469]
[0.3179421385416201, -0.11432164254463018, 0.2171646499342006, -0.9738068110572787, 0.1583288073580272, -0.13266858530857517,0.09503330979851146]
[0.31292438877038675, -0.15352150074201765, 0.22862519020626682, -0.9697203581132673, 0.1697260679560691, -0.15291465961046505,0.08632841822403693]
[0.30291150139560974, -0.19306294172497737, 0.24012958678279642, -0.9653711478826568, 0.18081877926029724, -0.17274053746658416,0.07432242338819092]
[0.2877551054640626, -0.2322890316695404, 0.25167596812192333, -0.9607668008668262, 0.19160086432810883, -0.19166079154279111,0.05901189817347889]
[0.26739570545328106, -0.2705122043831186, 0.2632622734666815, -0.9559150843286448, 0.20206650073975269, -0.2091850093031511,0.04046124954314321]
[0.24186796220983828, -0.30702658188121434, 0.27488624882581325, -0.9508239050954134, 0.21221012437425402, -0.22482701322487353,0.018803689439970163]
[0.21130423017781802, -0.34112113784589304, 0.2865454433766851, 0.9455013022661931, -0.22202643296615787, 0.23811422484098538,0.005759028184876752]
[0.17593622160735067, -0.372093452781836, 0.29823720630176664, 0.9399554398299679, -0.23151038944060776, 0.24859700893074352,0.032958122910717445]
[0.13609470517546465, -0.39926379028587256, 0.30995868406928323, 0.9341945992011595, -0.24065722502446446, 0.25585783197024903,0.06246055304264699]
[0.10298214552684293, -0.4069456297326227, 0.282021275924422, 0.9451767620132095, -0.2281885655732358, 0.2219224545197873,0.0729471813832926]
[0.06982609010248055, -0.4105674709709099, 0.2549482430744515, 0.9555123530785703, -0.21290980543620083, 0.1882611945693283,0.07888777143957364]
[0.03712290879610881, -0.4103153595224309, 0.22879662210232513, 0.9650689779458861, -0.19489066738025063, 0.15553774600064743,0.08042080044119014]
[0.005329489507118569, -0.40642041252297256, 0.20360323921268575, 0.9737174264946166, -0.17421926255566939, 0.12438764178996739,0.07778005184615643]
[-0.025139798903563142, -0.39915060708316435, 0.179387068506834, 0.9813328707694959, -0.15100163452958873, 0.09540481276673295,0.07128972448843764]
[-0.05391472983807986, -0.38880291826030555, 0.15615196746284773, 0.9877960317643308, -0.12536117576584846, 0.06912894673963595,0.061357672412780485]
[-0.080669615146385, -0.37569604637364185, 0.13388970885562468, 0.9929943054229674, -0.09743792029480715, 0.04603390531539633,0.048466902599554995]
[-0.10512269834481158, -0.36016391850690815, 0.1125832220100089, 0.9968228384419848, -0.06738771724186726, 0.02651743585889553,0.03316549292358869]
[-0.12703479300572015, -0.34255008875509796, 0.09220995199557622, 0.9991855448521906, -0.03538129077495743, 0.010892391400634274,0.016055124761414265]
[-0.14620742462790176, -0.32320309904667827, 0.07274524323594686, -0.999996054821214, 0.0016031928820762764, 0.0006203576406469127,0.0022215469809291183]
