[0.3749077695727748, 0.06889655015101358, 0.1068499332702087, 0.9998800391658683, 0.015475243273210116, -0.000648989221641493,5.4187518031471406e-05]
[0.39931600215226914, 0.011256329201157803, 0.13210276293724774, 0.9987699309023678, -0.03269255709073424, 0.02990780555174339,0.022256347481745778]
[0.4135140944435236, -0.05155804751228435, 0.15923251253397522, 0.993681935383422, -0.0824801747286091, 0.05773375324694912,0.04959884883155687]
[0.41643791403371516, -0.11757899543797357, 0.18822705028900769, 0.9842555952199065, -0.13351404263361386, 0.0821251552028712,0.08167241015693164]
[0.40740612206216115, -0.18461323211367786, 0.21905410510233927, 0.97016991724784, -0.18535940281888186, 0.10243789663660398,0.11797754356917103]
[0.3861707752294738, -0.25031559846888246, 0.25165888376839507, 0.9511528588068974, -0.23752497223566515, 0.11809857277042056,0.15793306765051726]
[0.35295386689272945, -0.3122749788362802, 0.28596202955372446, 0.9269902082455315, -0.28946902304980804, 0.12861442110775304,0.20088596067075898]
[0.3084667357318559, -0.3681096606856134, 0.3218579848015756, 0.897533652701145, -0.3406067930910355, 0.13358190121762573,0.24612238914057677]
[0.2539097778171052, -0.4155686584350685, 0.35921381298883887, 0.8627078384439567, -0.3903191123073609, 0.13269378589790576,0.29287972828284087]
[0.19095062883247782, -0.45263480996301464, 0.39786852707195564, 0.8225162456311547, -0.4379621029056575, 0.12574465221899236,0.3403593755570856]
[0.18133552060595926, -0.4573025303922099, 0.3652797364111936, 0.8502710416401634, -0.4053319293974969, 0.0943883960542595,0.322235959274192]
[0.17036453126848683, -0.4602169349784879, 0.3332417610363353, 0.8751649123582819, -0.3725778857112658, 0.06652034608433345,0.30140859113944424]
[0.15824639719582004, -0.46133888389485767, 0.301872034735161, 0.8972988461119137, -0.3399118158021756, 0.0422981843945651,0.27843419660885727]
[0.1451856470749836, -0.4606481234571825, 0.2712727792690216, 0.916791685686677, -0.30752531160578306, 0.021794576517124336,0.2538625301457202]
[0.1313805434924604, -0.45814066089699657, 0.24153184271124956, 0.9337773220130654, -0.2755882343773733, 0.00500207289699462,0.22822361234894895]
[0.11702163533576074, -0.4538261061558875, 0.21272380612665376, 0.9484017665922422, -0.2442475866697693, -0.008160186762431628,0.20201637775861223]
[0.10229089493685864, -0.447725105949005, 0.18491131986769088, 0.9608201441568016, -0.21362674431912898, -0.01783820699781111,0.17569878504194614]
[0.08736139064865744, -0.4398669843855201, 0.15814662653011977, 0.9711936477013667, -0.18382505304079097, -0.024233582838232886,0.1496795978144209]
[0.0723974250365281, -0.43028768934970013, 0.13247322431500344, 0.9796864981203344, -0.1549177894388833, -0.027592960482961233,0.12431199639564924]
[0.05755505179102435, -0.4190281252558481, 0.10792762224539784, 0.9864629502555942, -0.12695648146412677, -0.028196832839961484,0.09988912956409984]
[0.04298287140165578, -0.4061329314288363, 0.08454113742576844, 0.9916843861929274, -0.09996957867338747, -0.02634800075131511,0.07664166215206429]
[0.028822997004254187, -0.39164974205567626, 0.062341684330461694, 0.9955065351658375, -0.07396345811022251, -0.02236003257830339,0.05473732044578012]
[0.015212077893991253, -0.37562893929123153, 0.04135550696395476, 0.9980768574498966, -0.04892374729411895, -0.016546048158910344,0.0342823841639317]
[0.0022822690809097715, -0.35812388660328276, 0.0216088066288129, 0.9995321271855143, -0.024816941730965787, -0.009208138227069076,0.015325022594243213]
[-0.009837959118897186, -0.3391916057291396, 0.0031292209257237913, -0.9999962461842942, 0.001592290588827058, 0.0006277076387396417,0.002139675471153355]
