[0.2445746798255487, 0.02687945055440078, 0.0979543399995638, -0.9998799982687816, -0.015478159255531778, 0.0006417656017663871,6.152230826257299e-05]
[0.2781562420770881, 0.01946575497821466, 0.13488070354052345, -0.998486621080772, -0.03585004291605095, -0.04037655004192838,0.010439164350279783]
[0.30795544235859046, 0.008614372393790329, 0.17472668300052294, -0.9948211733160994, -0.057109674354848594, -0.08276676172454646,0.014798019147675014]
[0.33346506791495234, -0.005079687087335432, 0.21715870833175446, -0.9888116003602099, -0.07915113557837716, -0.1257761365128626,0.012925951169330728]
[0.3542737369093335, -0.020954470596679695, 0.2618199215253637, -0.9803934959575584, -0.10185841182548282, -0.16861597313146207,0.004702194108877949]
[0.37007517995752337, -0.03829569017745476, 0.30833264218852374, 0.969511126184707, 0.12510581549994432, 0.21047273135867334,0.009896488598230597]
[0.3806753791744076, -0.05635261856016489, 0.35630106787619087, 0.9561184264928965, 0.14875851881508628, 0.2505201995335909,0.03079102509400511]
[0.3859973769324776, -0.07435496441073687, 0.4053141995086944, 0.9401799609527633, 0.1726731935635311, 0.2879325234461942,0.05779680950830218]
[0.38608360962441485, -0.09153038949031303, 0.4549489788892783, 0.9216718329370804, 0.1966987553456155, 0.3218978922003686,0.09062217726830678]
[0.3810956696176847, -0.10712230711546307, 0.5047736218718866, 0.9005825366858483, 0.22067720851783806, 0.35163265219416273,0.12886870127442357]
[0.37131145051204795, -0.12040758498801246, 0.5543511271788154, 0.8769137395111438, 0.2444445870681039, 0.37639559983921683,0.17203339713951626]
[0.37487921740368, -0.17144733033791243, 0.5196537099448073, 0.8942352270872789, 0.22417207444312548, 0.3379532883446035,0.1894143990648498]
[0.36934778185467215, -0.2221014426807888, 0.4832669271933516, 0.9100894301563514, 0.20427016236460754, 0.29877405740433677,0.20185388900730908]
[0.35500415890716647, -0.2707643394192908, 0.4455029624156126, 0.9245033456903906, 0.18481350004686753, 0.25950577601204267,0.20927084418066577]
[0.3324185664758291, -0.3159197890635861, 0.4066792626894632, 0.9375098589635933, 0.1658660022573236, 0.22081228246032766,0.21167349752838158]
[0.30242128353225944, -0.3561901347230289, 0.36711593442879475, 0.9491467539897158, 0.1474805679023271, 0.1833603802149558,0.20916235906448413]
[0.2660711970391298, -0.3903800614244846, 0.3271332733778093, 0.9594557034185403, 0.12969892562397617, 0.14780632722158088,0.20193125439834192]
[0.2246172509488468, -0.4175135763054021, 0.28704943591373616, 0.9684812501825242, 0.11255160681876386, 0.11478212993494519,0.19026630415028037]
[0.1794542033871215, -0.4368631270765734, 0.24717825359813067, 0.9762697931562522, 0.09605804518476913, 0.08488196371645301,0.1745428175593845]
[0.13207423973902782, -0.4479700626179193, 0.2078271883720718, 0.9828685889362001, 0.08022680061303775, 0.058649043665210995,0.15522012441405666]
[0.08401607900128971, -0.45065593068444587, 0.16929542195006297, 0.9883247815685676, 0.06505590397343665, 0.036563264313254254,0.1328344202321121]
[0.036813249256687226, -0.445024402649775, 0.13187206993172906, 0.9926844716516462, 0.050533318117930555, 0.019029913012464306,0.10798974910806236]
[-0.008056802508973435, -0.43145390604265654, 0.09583450899206578, 0.9959918357207406, 0.03663750924682779, 0.006369740553124658,0.08134729558568114]
[-0.04922115784205121, -0.4105813253130693, 0.061446804272839384, 0.9982883061934877, 0.023338121667568903, -0.0011893559401554713,0.053613200117273226]
[-0.08545592250708947, -0.38327739370540526, 0.028958223792001164, 0.9996118214180909, 0.010596747931879098, -0.0035188178307927194,0.025525151038708976]
[-0.11572539940822006, -0.3506146390823648, -0.0013981727038105962, -0.9999961545340584, 0.0016322146242484373, 0.0005938982696947545,0.0021619614616455343]
