[0.22643076079439117, -0.038880976828995446, 0.03632996891158499, -0.999879697394823, -0.015505501127418731, 0.00041106169087557306,3.465128294462505e-05]
[0.2739704512121695, -0.042631819772398855, 0.07710530078120412, 0.9953968203807749, 0.08490132700458972, 0.04273685804475667,0.012267665351063923]
[0.3167312690751568, -0.044105542431289696, 0.12277473026782931, 0.9841634663470603, 0.15315113296752814, 0.08438668031631605,0.029084190958206645]
[0.354151274792218, -0.043506406077490976, 0.17273505140632545, 0.9663817048262845, 0.21950119632084075, 0.12411177441852678,0.05021845120519817]
[0.3857462524140354, -0.04108272919392302, 0.22633387409638897, 0.9423398947675089, 0.2832312088977578, 0.1615103002907054,0.07543227383475419]
[0.4111167984786985, -0.03712067064387661, 0.2828782808129953, 0.9124073796714036, 0.3436642397215034, 0.19620926108543216,0.10444898143166952]
[0.4299540709386285, -0.031937335547752514, 0.3416439706941318, 0.8770280303839485, 0.4001758729765494, 0.2278681419595285,0.13695698042896925]
[0.4420441072497472, -0.025873343513766217, 0.4018847704634902, 0.8367127622848314, 0.45220238840974747, 0.25618209656983015,0.1726136922242666]
[0.4472706441012587, -0.019285008224750343, 0.46284238691854307, 0.7920311687753797, 0.4992478706279425, 0.28088464988124284,0.21104976859229949]
[0.4456163958186413, -0.012536283990817387, 0.5237562725521364, 0.7436024251993258, 0.5408901547998488, 0.30174989335869745,0.25187353083698955]
[0.43716277378940605, -0.005990638615406567, 0.5838734743295688, 0.6920856264363593, 0.5767855385604885, 0.3185941562932619,0.2946755703540156]
[0.4220880549310072, -3.012716210397566e-06, 0.6424583357471844, 0.638169727278892, 0.6066722129931975, 0.33127714477925746,0.3390334474850888]
[0.4006640328230602, 0.005087976531442173, 0.6988019240688615, 0.5825632572909946, 0.6303723889561363, 0.33970254758732793,0.3845164257335696]
[0.3732512102381735, 0.008967434376069115, 0.752231058070575, 0.525983981177921, 0.647793118258772, 0.34381811574399507,0.4306901795572433]
[0.401966956997522, -0.038030405263646025, 0.7001197150825875, 0.5834689992090912, 0.6296246837921587, 0.29704903076242034,0.4182087491249712]
[0.41843005346769485, -0.09100523472517681, 0.6450000936378124, 0.6399080712025049, 0.6050170165625244, 0.25239170568039754,0.4009619645096179]
[0.4215558164627652, -0.14676561432199414, 0.5875522643311242, 0.6945569544172784, 0.5740719536045977, 0.21028678580676718,0.3792248632015768]
[0.4110615116803213, -0.20195186552107233, 0.5284926430330912, 0.746681934818018, 0.536980180729028, 0.1711412157411806,0.35331155938530046]
[0.38748437634730293, -0.253232642466858, 0.4685647854268359, 0.7955707545503257, 0.4940202300159552, 0.13532515415573773,0.3235711505865974]
[0.35215226581875025, -0.2975005389975593, 0.40852977141442653, 0.8405434609859661, 0.44555608654633244, 0.10316937930994852,0.2903834415183675]
[0.3071084021860881, -0.33205546304192135, 0.3491563077554529, 0.8809629936959416, 0.39203340785572005, 0.07496318468178723,0.25415454315372715]
[0.25499435045391844, -0.35476515874286263, 0.29121068089758373, 0.9162453253987722, 0.3339743847334396, 0.05095275736106473,0.21531240220694017]
[0.19889777068361225, -0.36419351923096804, 0.23544669382060873, 0.9458689761727765, 0.2719712972383356, 0.03134002580463928,0.17430231259201687]
[0.1421735522875783, -0.3596891396469561, 0.18259572083695172, 0.9693837270323515, 0.20667884464604122, 0.0162819582790342,0.13158245618335676]
[0.08824850950567552, -0.3414288092278092, 0.1333570126883298, 0.9864183692904871, 0.13880535196510438, 0.005890288876796212,0.08761951545796157]
[0.04042081256280387, -0.3104132056791852, 0.08838838098493498, 0.9966873398283479, 0.069102978153998, 0.000231644428645997,0.04288439549531395]
[0.0016656874682585614, -0.2684147887610968, 0.048297386103434814, -0.999996109258966, 0.0016429282476026982, 0.000671957037630661,0.002151912508283937]
