[0.3230409834104544, 0.05816042145598213, 0.05824327621206299, -0.9998784809732572, -0.015578750394076224, 0.0005672292940729251,6.382553656548313e-05]
[0.35366361694134013, 0.04458506311183329, 0.06954352579757467, -0.9977978004950094, 0.058480279541983086, -0.019492815814837142,0.024487473606354823]
[0.3838385387366887, 0.02607380259893015, 0.08152562297035684, -0.9892566852809387, 0.1319585859859049, -0.04070500880491177,0.04797128797273187]
[0.41282652619633387, 0.0026112646851420562, 0.09414382701826068, -0.9743389455711278, 0.20430592577817214, -0.06293818325402697,0.07043786569700784]
[0.43988758097393577, -0.025705873494940714, 0.10734205377377573, -0.9531777157522554, 0.2749825042466175, -0.08605691044082636,0.09182087299166482]
[0.464298661202774, -0.05867007344141189, 0.12105463430231622, -0.9259542219863185, 0.343463524151384, -0.10992252260952072,0.11206527288318606]
[0.4853708905602524, -0.09596699958781559, 0.13520721839447492, -0.8928961211539865, 0.4092435932748238, -0.13439414520181642,0.13112746442736337]
[0.5024657725048541, -0.13718230464529, 0.14971780954523525, -0.8542754270755267, 0.47184094962597883, -0.15932973036786513,0.14897533343437966]
[0.5123743934666096, -0.17871583430352458, 0.16273982722652472, -0.8169294537116454, 0.5226149707678178, -0.18211348677732753,0.16227919743932043]
[0.5180574165028126, -0.22247323889498843, 0.17593281535366911, -0.7759524123488771, 0.5704051625553705, -0.2052317634110896,0.17440105385952903]
[0.5192131867231143, -0.26796886645743945, 0.18923704882266693, -0.7315898882738375, 0.6149626589354427, -0.2285776228064082,0.18533600255399932]
[0.5037956993339306, -0.3229795085832191, 0.2012353702953444, -0.6985350111009703, 0.6435832767189231, -0.25375442380960295,0.18291554496804813]
[0.4821437168435073, -0.3772504464403895, 0.2133983487566992, -0.6641298427924054, 0.6702437090864842, -0.27921269091526146,0.1781718147586375]
[0.45427914800978086, -0.4300429183431127, 0.22570851936588177, -0.6284909646607556, 0.694881950468358, -0.30474843726591044,0.17107475628236138]
[0.42031449205200855, -0.48061822124249787, 0.23814804940791037, -0.5917379837366842, 0.7174430116096183, -0.3301561383250212,0.16161252433544532]
[0.39334029214593313, -0.48365795426325675, 0.232822724363642, -0.6357843563617865, 0.6875250585601023, -0.3255058985790425,0.13089482819350562]
[0.3660592181701421, -0.4851606010785216, 0.22705080839231365, -0.6778303151259815, 0.6553210437592187, -0.3174617092133576,0.10157980451780062]
[0.33854905643035293, -0.4851182604320516, 0.2208806926559297, -0.7177403310011449, 0.6209597741323809, -0.306227571973152,0.07404357046535515]
[0.31089016312039386, -0.4835265969327086, 0.21436238281477085, -0.7553876383235898, 0.5845785285442492, -0.2920480018842413,0.04863562920712056]
[0.28316538547000786, -0.48038528410895887, 0.20754715822862738, -0.7906547846748195, 0.5463224492114043, -0.27520466342474137,0.025674621472236342]
[0.255459910403876, -0.4756984543721411, 0.20048722603311542, -0.8234341378668315, 0.5063438965404838, -0.25601257098078545,0.005444495524510452]
[0.2278610394926708, -0.46947514533909424, 0.1932353723957299, 0.8536283475590679, -0.46480177044259785, 0.2348159050134303,0.011808860644694606]
[0.20045789042695594, -0.4617297318918604, 0.18584461326033533, 0.8811507592524245, -0.4218608013438496, 0.21198349966792068,0.02588048737837022]
[0.173341026685885, -0.45248233347026867, 0.17836784687736035, 0.9059257786356876, -0.37769081426510664, 0.18790406110659708,0.036608690808774415]
[0.1466020184804884, -0.44175918639830775, 0.17085751039022407, 0.9278891845002148, -0.33246596948099444, 0.1629811786050554,0.04387682583205118]
[0.12033293940235862, -0.4295929715304243, 0.16336524270670832, 0.946988388688444, -0.2863639833876854, 0.137628192390504,0.04761450794584137]
[0.09462580448044501, -0.416023088159381, 0.15594155582748376, 0.9631826417996505, -0.23956533331081106, 0.11226298330540255,0.04779824464242778]
[0.06957195652073422, -0.40109586594055485, 0.1486355167332372, 0.9764431836410083, -0.1922524500681687, 0.08730274964319512,0.044451484435690386]
[0.04526140865701993, -0.3848647075436163, 0.14149444184739918, 0.9867533376821206, -0.1446089021663844, 0.06315883593214518,0.03764408892674404]
[0.02178215195910966, -0.3673901558242586, 0.13456360599395784, 0.9941085490454207, -0.09681857555597304, 0.04023167705457389,0.02749124048670285]
[-0.0007805622865115214, -0.3487398804970731, 0.12788596766001753, 0.9985163658418386, -0.04906485289501521, 0.01890591890939291,0.014151805064721228]
[-0.02234495540095956, -0.32898858056528735, 0.12150191225140589, -0.9999963639394911, 0.0015297962778283171, 0.00045422610709770767,0.0021738237714082525]
