[0.33363734391796074, 0.009710367607747763, 0.04797926279376091, -0.9998790866052375, -0.015539902248476872, 0.0005624439169847902,8.523159323310421e-05]
[0.3493095796560807, -0.004790545653124242, 0.06329692261154762, -0.9985627254665274, -0.043445415496869234, -0.02935193345215545,0.011110498809043856]
[0.36370896574166667, -0.021368844380985415, 0.07967423023669123, -0.9954278994196978, -0.07147610161483924, -0.061200257686942115,0.01640098819843753]
[0.37654431062304927, -0.03988789956224218, 0.09706919846382833, -0.9904571505516641, -0.09947340497877918, -0.09408977955400277,0.01570948778559125]
[0.3875426250547114, -0.06017314884995008, 0.11543147545630936, -0.9836491841966276, -0.12727785274679504, -0.12710250009694424,0.008921048065148719]
[0.39645423865760393, -0.08201475085867671, 0.134702758896002, 0.9750188158507254, 0.15473076497271296, 0.15931457341455676,0.003945352423628979]
[0.4030574975510462, -0.10517092806606979, 0.15481728933479094, 0.9645967378521756, 0.18167594244521035, 0.189815618731534,0.022737989074476887]
[0.40716294945568493, -0.12937192996837465, 0.1757024172451792, 0.9524291098161131, 0.20796131352556396, 0.21772752331808262,0.04717635468518911]
[0.40861693400629795, -0.1543245354021671, 0.19727923747636647, 0.938576978730218, 0.23344052183010192, 0.24222233565857715,0.07685777692237614]
[0.4073045090825349, -0.1797170020974502, 0.2194632841022483, 0.9231155364602335, 0.2579744373697046, 0.26253887510309937,0.11126650470433222]
[0.40315165845123624, -0.20522436280119935, 0.24216527800686416, 0.9061332241641434, 0.2814325747096569, 0.27799771930244155,0.14978502602339416]
[0.39612674157106, -0.23051396088671064, 0.2652919189978972, 0.8877306947518737, 0.30369440283790233, 0.28801427308172556,0.19170733366642786]
[0.3701454114799865, -0.27539807329822136, 0.26779035107273674, 0.8855361033326727, 0.3054251410784396, 0.26643735149497133,0.22705160342958774]
[0.3390363922328804, -0.3173379155330375, 0.2702787125019622, 0.8833397488952885, 0.3071142331920566, 0.24047964671062705,0.25992551877489084]
[0.3031357755627966, -0.3557431131180733, 0.2727565211240236, 0.8811422602197511, 0.30876188763477247, 0.21042991102313158,0.2897821018383259]
[0.2533683783336371, -0.38818014593142336, 0.2366114983117011, 0.9089595136495955, 0.2742520234624329, 0.16453978506449135,0.2674043554312146]
[0.19869690590870986, -0.41140037317921824, 0.20101743141617787, 0.9332924843061547, 0.2376597849040215, 0.12318901050356969,0.23938970961211326]
[0.14100861770199855, -0.4246322399852136, 0.16623613939087312, 0.953959629311734, 0.1993994063810603, 0.08702990338081269,0.2064623411080742]
[0.08230316118401991, -0.42750986989728323, 0.1325147309213552, 0.9708356289737473, 0.15990480975523327, 0.05661261366948286,0.16942150189926078]
[0.024603186343480923, -0.4200848334861708, 0.10008194958580532, 0.9838539246055467, 0.11962138934466456, 0.03237660451147643,0.129127587020835]
[-0.030134427425740774, -0.4028178594077286, 0.06914491282958168, 0.9930080124142642, 0.07899744253416881, 0.014644001575649287,0.08648725092165865]
[-0.08010216870154893, -0.37655146393976435, 0.03988631906589565, 0.9983514433484563, 0.03847543709129226, 0.0036149163107467345,0.04243782139500754]
[-0.12371619741180097, -0.34246552134432, 0.01246218628181417, -0.9999965082740362, 0.0015166867790770732, 0.000635186115997116,0.0020687289691787166]
