[0.3497261325766048, 0.07061173349119575, 0.055908717894207816, 0.9998831901557967, 0.015262717414488433, -0.0007902073199724962,0.00017627644210551347]
[0.36761460436490095, 0.05429469994504659, 0.0703496777202384, -0.9992259418413808, -0.019632306506236527, -0.029370365765889726,0.01730523929995399]
[0.38432042715299897, 0.035085895368712657, 0.08588692551125185, -0.9973402327536907, -0.02391660085289315, -0.062291602910951156,0.029329380171464366]
[0.3993716970201382, 0.01309161468764611, 0.10245743603967677, -0.9942390312081805, -0.02803268167567653, -0.09714687548335076,0.035572491677018626]
[0.41231300755938055, -0.01150897876957753, 0.11998687438607636, -0.9899438384874356, -0.03189912077957325, -0.1330782148180217,0.035830594121515985]
[0.4227167240863861, -0.03846702662590269, 0.1383903168823655, -0.9844845287023544, -0.035436687872090554, -0.16921334596356652,0.030021616315147787]
[0.430193608954966, -0.06746887931742562, 0.1575730939316934, -0.9778991284724864, -0.03856904205442713, -0.20468273271595444,0.018185226302822974]
[0.43440253290263114, -0.09814259990325563, 0.17743174469746129, -0.9702335379332564, -0.04122340258606388, -0.2386362970341265,0.0004802984321682307]
[0.43505903298268034, -0.13006589683041161, 0.1978550722984035, 0.9615411949745138, 0.04333119416281387, 0.27025948694368235,0.022819896939873383]
[0.4319425094053739, -0.16277527914447745, 0.21872528693196808, 0.9518826849990044, 0.04482866211912987, 0.29878838456466844,0.0513346501004079]
[0.42490189058302374, -0.19577619796080956, 0.23991922328945378, 0.9413252988584218, 0.045657453166830925, 0.32352356952758143,0.08458474247495279]
[0.4138596367892574, -0.2285539149251645, 0.26130961773661276, 0.9299425419762434, 0.04576515751306053, 0.3438424822241656,0.12200314093699527]
[0.3988139969330533, -0.2605848224547523, 0.28276643002376745, 0.9178135979982753, 0.04510580845872103, 0.3592100654212877,0.16294721314824637]
[0.37983947877429064, -0.2913479321130514, 0.30415819376861564, 0.9050227506215459, 0.04364033586314419, 0.3691875009949545,0.20671219376772132]
[0.3570855391957049, -0.32033624667238547, 0.32535337962923416, 0.8916587675378475, 0.04133697016951139, 0.3734389000845419,0.25254560988807484]
[0.3307735466245229, -0.3470677381797013, 0.34622175495825913, 0.8778142506879576, 0.03817159401649309, 0.37173584892883765,0.29966235886500053]
[0.2962891053799407, -0.373863586241028, 0.3159833595829311, 0.8957364242347354, 0.039115459604744045, 0.3202496334814847,0.3058862719607643]
[0.25783934952809484, -0.395761905587228, 0.28563228755113956, 0.9126683948245493, 0.03894281551688522, 0.26975309129059394,0.3045539819919733]
[0.21620236620660027, -0.41207961145806726, 0.25542485108928137, 0.9284531938841266, 0.03772347170152164, 0.2212509182118449,0.29597235958711543]
[0.1722844615150798, -0.4222787760664922, 0.2256175525126426, 0.9429453402433637, 0.03554414836666032, 0.17568868403362323,0.28057830481480567]
[0.12708953553147317, -0.4259915042563772, 0.1964629649820057, 0.9560127044977702, 0.03250715158605591, 0.13393611606717556,0.25892877543343956]
[0.08168362102305313, -0.42303773831135055, 0.1682056511381943, 0.9675382155960098, 0.02872885438486168, 0.09677197272384785,0.23168866951613715]
[0.037156304329087765, -0.41343508032369203, 0.141078197437608, 0.9774213896771436, 0.024338001035941303, 0.06487078206161183,0.19961680876592264]
[-0.00541909369765866, -0.39740014747772057, 0.11529743998395875, 0.9855796631528425, 0.019473854308011053, 0.038791682773350336,0.16355030396037779]
[-0.0450246458508707, -0.37534142612356725, 0.09106095412945248, 0.9919495142000921, 0.014284207201304166, 0.01896956312023835,0.1243876134422519]
[-0.0807343804918959, -0.34784403824458465, 0.06854387517084068, 0.9964873591764826, 0.008923282266095527, 0.005708647728036508,0.08307062884194964]
[-0.11174656138435352, -0.31564725291571, 0.047896111188689555, 0.9991702129678193, 0.00354954290711507, -0.0008213661252607192,0.040566138843645384]
[-0.1374102224930688, -0.2796159416584666, 0.02924000159483023, -0.9999961048996928, 0.0016765578817959027, 0.0005865711315500486,0.0021529685133358954]
