[0.33563992387425373, 0.07150539334066225, 0.049958907528481145, -0.9998796664088089, -0.015500305872091696, 0.0006260322523664975,3.610678966570979e-05]
[0.33770778346438357, 0.06137460444503747, 0.05403918361392421, 0.9969869913222311, 0.07254971231175987, -0.020200256383338708,0.01858569395459748]
[0.33986111778255806, 0.04937666967526633, 0.058969523370654114, 0.990258391750146, 0.12766025541615988, -0.0413687118137341,0.03714574589866246]
[0.34210107342127777, 0.03564718218389765, 0.06485943104160122, 0.9799223623974669, 0.18043960792323416, -0.06422448388243834,0.05539789920124825]
[0.344411179514911, 0.020342822531195702, 0.07181820169289665, 0.9662441960484209, 0.23052560840044947, -0.0888261349022991,0.0730754078514938]
[0.3467577560181673, 0.003640272285188678, 0.07995087267588527, 0.9495224012633676, 0.27758997088274096, -0.11519449286083398,0.08989575284129353]
[0.3490909009321364, -0.014265126753884257, 0.08935412572862081, 0.9300847535389829, 0.321341569607741, -0.14331010067165503,0.10556591268891291]
[0.3513460406882726, -0.03316098635016822, 0.10011225005001376, 0.9082840293577192, 0.3615292623982212, -0.17311138445685917,0.11978799194799829]
[0.3534460112062447, -0.05281977367690387, 0.11229327642996406, 0.8844934761464436, 0.397944221958961, -0.20449358737176346,0.13226511099940547]
[0.35530362102828805, -0.07300101124676181, 0.12594538958164603, 0.8591020741008752, 0.430421750424464, -0.2373085026224263,0.14270745467640103]
[0.3568246328633844, -0.09345377869149596, 0.14109372025575678, 0.8325096480778827, 0.4588425588397834, -0.2713650257830646,0.15083837322232296]
[0.3579110862901974, -0.11391951273524342, 0.15773761064075068, 0.8051218892864167, 0.4831334998007064, -0.3064305325165694,0.15640042680185953]
[0.3584648726745143, -0.13413509332806964, 0.17584843614674175, 0.7773453473033008, 0.503267748140905, -0.34223307356732374,0.15916126433198588]
[0.3583914639153039, -0.1538361948012052, 0.19536805416777459, 0.749582452994828, 0.5192644312503845, -0.37846436466672406,0.1589192287858344]
[0.3576036897468355, -0.17276087134116266, 0.2162079361011606, 0.7222266322407797, 0.5311877172594048, -0.41478353500460247,0.15550858434173398]
[0.3261771244350211, -0.21311023425163692, 0.22073103611954648, 0.7401379247780585, 0.51635711695045, -0.4181151300714859,0.10368663407186633]
[0.29047177754005293, -0.24818885325674894, 0.22501586755908579, 0.7575064885637218, 0.5011211297940701, -0.41500818260340744,0.053195313985274315]
[0.25133519611725713, -0.27759590792851735, 0.2290659433143366, 0.7743211816219092, 0.4854995574869505, -0.40582454615199465,0.004829607867471628]
[0.2096414095800644, -0.301063431740265, 0.2328851102461672, -0.7905716114800477, -0.46951254525284847, 0.3910234866347441,0.0406832873799672]
[0.166270486162917, -0.3184554429262642, 0.23647753782195224, -0.8062481467240401, -0.45318055306078286, 0.37115053517028934,0.08269578268800541]
[0.1431741047238655, -0.31941659074885953, 0.22499922589855315, -0.8351713337776885, -0.42713585306513097, 0.33307693270614885,0.09541259435411895]
[0.12182926418474292, -0.31895103407782716, 0.21438494205939973, -0.8627838275727342, -0.39760580487591674, 0.2945107405039446,0.10381288232072024]
[0.10216672486297296, -0.31756013059211535, 0.20467518808448804, -0.8887474654419893, -0.3646699711512714, 0.2559325769183023,0.10789935534065298]
[0.08400842087311047, -0.3156894411556093, 0.1958952209585476, -0.9127304140570649, -0.3284404984598229, 0.21781858158050268,0.10772694994726342]
[0.06708399816424988, -0.313707027008903, 0.18805503859797057, -0.9344102585751078, -0.2890615116831188, 0.1806348127859795,0.10340200937527662]
[0.05105151206509767, -0.31188580868633364, 0.18114955534781532, -0.9534770291181897, -0.24670821700363507, 0.1448317629265875,0.09508086586908722]
[0.03552135720025692, -0.3103907635121278, 0.17515896349142251, -0.969636137167362, -0.20158572011318296, 0.11083905522488303,0.08296784185732343]
[0.020082360828164197, -0.3092715345182733, 0.17004927479517915, -0.9826111951564369, -0.1539275688530435, 0.07906038308951127,0.0673126921610632]
[0.0043288727596476825, -0.3084607943621635, 0.16577303397584628, -0.9921466934955332, -0.1039940319996572, 0.04986875076681244,0.04840751585541832]
[-0.012112364591913727, -0.3077784626191875, 0.16227019395297826, -0.9980105104336363, -0.05207012831540168, 0.023602070642223038,0.02658317254599613]
[-0.029556781393326806, -0.30694162372237194, 0.1594691408581958, -0.9999962315729616, 0.0015365777289572014, 0.0005591685820488083,0.0022052435819620757]
