[0.3654040331125001, 0.002103513495015394, 0.04414059932192463, -0.9998797485138021, -0.015490825147725635, 0.0007212488146776073,5.146227855677544e-05]
[0.3669498836210204, -0.01194807036744767, 0.06409262018090242, -0.9974910437299005, 0.06574017893156797, -0.0070880837178586235,0.025290425498361812]
[0.3678129206028923, -0.024043976998035482, 0.08458689380114273, -0.9880639480452078, 0.14340345824778591, -0.015673324264308685,0.05403174661621149]
[0.368405779833152, -0.03432330897089138, 0.10584995259653257, -0.9721492862372741, 0.21658963657955113, -0.025124772469420877,0.0859269480608762]
[0.3690172549746758, -0.042998272540536744, 0.12811950318954513, -0.9504028048343893, 0.28448352382116454, -0.035512654640176826,0.12059222444928361]
[0.36980066034201875, -0.05031803238208871, 0.15162623606887582, -0.9235706846464471, 0.3463772010247621, -0.04688522628127436,0.15761281873153124]
[0.37077315662325805, -0.056531799008944124, 0.1765755183616659, -0.8924734501151982, 0.40168086262955977, -0.059267216186409254,0.19654776142749983]
[0.3718257484909795, -0.061853962317366694, 0.203129788177316, -0.8579886169958809, 0.4499312176430994, -0.07265863757826341,0.2369349169729199]
[0.37274293659663393, -0.06643388729780379, 0.2313924446104739, -0.8210324440027982, 0.49079730336488, -0.08703398663813192,0.27829627750731434]
[0.37323035919942366, -0.07033261376474335, 0.2613939705633983, -0.7825411703551971, 0.5240836199356034, -0.1023418433211551,0.3201434414757563]
[0.36168718869208544, -0.1080136455406925, 0.2533286968031222, -0.7974830876990678, 0.5105513655991256, -0.13054964555383178,0.2937938358179052]
[0.3463201217597583, -0.14414036856186668, 0.2454674718116559, -0.8120984107593093, 0.4962943252505584, -0.15432197391471952,0.26527880113827784]
[0.3273318334996787, -0.1783244421547796, 0.23781076184120947, -0.8263595715098867, 0.4813216866057154, -0.1735456129339042,0.23524713135003772]
[0.30496408564566646, -0.21020392919828576, 0.2303585521132846, -0.8402392458321911, 0.4656437202456894, -0.18819592338230934,0.20434341188642524]
[0.2794942846333302, -0.23944713723239883, 0.22311035535288637, -0.853710395942029, 0.44927177312382427, -0.19833415674563884,0.17319640874647402]
[0.2512316799518785, -0.26575601269062143, 0.21606522144459345, -0.8667463126498858, 0.43221826038965266, -0.20410328841131134,0.1424080494679227]
[0.22051326029216683, -0.28886905766133975, 0.20922174817880185, -0.8793206573870619, 0.4144966555338821, -0.20572247421834985,0.11254318124654358]
[0.1881413588384454, -0.3080402623967091, 0.1968381886359539, -0.8984580414718952, 0.385237754393216, -0.19455918305262915,0.08069538149393897]
[0.154254039600341, -0.32373991989258344, 0.18499449862828649, -0.9163228450275673, 0.354046167911278, -0.1795051721394067,0.05274132955402361]
[0.11925550256815504, -0.33588979612194036, 0.1736709432185152, -0.9327844692465224, 0.32099620313748695, -0.16133128476563677,0.02909962301594322]
[0.08354531212684041, -0.34445787803438244, 0.16284394176257147, -0.9477165812589478, 0.2861715691487387, -0.1408473413048336,0.010056891426334147]
[0.047513474838361824, -0.3494558404355897, 0.15248648287435246, 0.9609977779505734, -0.24966510759712165, 0.11888091109618434,0.0042348316990923245]
[0.011536101860350128, -0.3509360728633799, 0.1425685665568481, 0.9725122318843921, -0.2115784756481447, 0.09625611922549496,0.013757433964717876]
[-0.02402832350073272, -0.3489883762039949, 0.13305766904236047, 0.9821503158896903, -0.17202178256849646, 0.07377299170054212,0.018622809006447128]
[-0.058842071248279976, -0.343736434802074, 0.12391922569103511, 0.9898092029741742, -0.13111318147216128, 0.05218782531353036,0.019065839633302537]
[-0.09259069824727763, -0.33533416285976, 0.11511712714695041, 0.9953934383255995, -0.08897841797653748, 0.032195040024649305,0.015434489643168943]
[-0.12498501972774739, -0.32396201442742406, 0.10661422384590505, 0.9988154802976382, -0.04575033775467895, 0.014410932679655415,0.008177281481878254]
[-0.15576256086413626, -0.30982333475734386, 0.09837283390967477, -0.9999962074200964, 0.001568355194634706, 0.0006402977694924902,0.0021715032060044106]
