[0.26460096882053036, -0.06117398264070529, 0.015318712941883833, -0.9998800669005872, -0.015475440793452373, 0.0005991383008652622,5.983663134707127e-05]
[0.3071142644903058, -0.04548278465724561, 0.03924183105015425, -0.9992473695298887, 0.0008680136620090864, -0.03875054175835913,0.0015285788545725924]
[0.34667052949094135, -0.023683074762282895, 0.0661626873370908, -0.9967916719590061, 0.016632367277162757, -0.07764843257877242,0.010022374468503126]
[0.3823741562230432, 0.003714655082287856, 0.09593647333201055, -0.9925226036768647, 0.031749211465315896, -0.11508555763680889,0.025420133462531785]
[0.4134145884059309, 0.03606899144856141, 0.12840033327290418, -0.9864549839214196, 0.046152180788223675, -0.15007847897112156,0.047465682917218]
[0.4390855178696147, 0.07262156289094829, 0.16337423845932436, -0.9786087693362217, 0.05977716138848522, -0.1816868469325494,0.07577240398911361]
[0.4588018027861075, 0.11251382396135265, 0.20066198741124533, -0.9690089856551276, 0.07256249290935952, -0.20903018030257647,0.10983011456368709]
[0.49063359835636033, 0.06257535752235917, 0.24070191934338317, -0.9536701801930092, 0.10484973828549843, -0.26058927438211066,0.10776339763157608]
[0.513401512600139, 0.006480777538593111, 0.2828170021683154, -0.935137596867771, 0.13586560072000228, -0.312285786898837,0.09765142480444286]
[0.5259665347135205, -0.053923855607127605, 0.326701858358976, -0.9135297605583363, 0.16541482890809486, -0.3630079114322675,0.07953972082624952]
[0.527576095177493, -0.11659049586019093, 0.37203559855936463, -0.8889812255318308, 0.19331117065355102, -0.41166433391328683,0.05362507003452987]
[0.5178980190734337, -0.17935043652859128, 0.4184849621936522, -0.8616418084514107, 0.21937853436564805, -0.4572049585058105,0.02025039520263852]
[0.497037344660505, -0.24000090176506375, 0.46570758226658476, 0.8316757289722327, -0.24345208750053116, 0.49864057501684655,0.020103230511737756]
[0.4655353056763094, -0.29639329256203906, 0.5133553348968842, 0.7992606633312379, -0.26537928475915684, 0.5350610688642998,0.06682723889119811]
[0.4243505372722013, -0.34651941563381866, 0.56107773319938, 0.7645867169120086, -0.28502081931703244, 0.5656518103244463,0.11919863402841746]
[0.37482332036246213, -0.38859212428345186, 0.6085253247514222, 0.7278553223012972, -0.30225149087002945, 0.5897079032025829,0.17639516706795727]
[0.31862439372561374, -0.42111705589298176, 0.6553530520483406, 0.6892780698452498, -0.3169609848320946, 0.6066460231834655,0.2375122714311038]
[0.25769050583318553, -0.4429525483758082, 0.7012235360670168, 0.6490754781574146, -0.32905455761093516, 0.6160136317394348,0.3015813775440846]
[0.24477348806911975, -0.47165315608221037, 0.6499229541221353, 0.6927446587303837, -0.31982217582911004, 0.5540516471875148,0.3329345069187932]
[0.22679991275248806, -0.4961021968979951, 0.597330123933005, 0.7344311549664181, -0.30789741559259726, 0.48994898860379327,0.35462663274521994]
[0.20441450112771647, -0.5155775966693675, 0.5439461964900408, 0.7738749948773351, -0.29336614089773594, 0.425077120454967,0.3665559184409494]
[0.17836749465301555, -0.5294792460190848, 0.49028500803717234, 0.8108279171002725, -0.27633163359093155, 0.3608022139266305,0.36880981488220077]
[0.14949339091991926, -0.5373446159944562, 0.4368662834411626, 0.8450549582154097, -0.2569138083357014, 0.2984592135100673,0.36166214973777827]
[0.1186873151369523, -0.5388604391362015, 0.384208685439257, 0.8763359537853213, -0.23524830582578152, 0.23932657947947045,0.34556666370459965]
[0.08687975585713344, -0.5338700964174108, 0.33282282567109966, 0.9044669423719922, -0.21148547140423055, 0.1846021942472335,0.3211471242597333]
[0.055010447871589666, -0.5223764889846545, 0.2832043547831804, 0.9292614625031018, -0.18578922713175774, 0.13538089722016158,0.2891842147425147]
[0.024002212853062345, -0.5045403199915778, 0.23582724807464803, 0.9505517333514568, -0.15833584616637, 0.0926340801440735,0.25059945977033204]
[-0.005264431637030911, -0.4806738608879494, 0.19113740014084912, 0.9681897107542813, -0.12931263906439025, 0.05719173368813881,0.20643650589343246]
[-0.03197511180923544, -0.45123042304025934, 0.14954663681773323, 0.9820480111256633, -0.09891656228404054, 0.02972728702975383,0.1578401278379089]
[-0.055403157357129126, -0.4167898943239509, 0.11142724553109881, 0.9920206967986087, -0.0673527597618345, 0.01074552646077848,0.10603337463623644]
[-0.07492823171452455, -0.3780408264315223, 0.07710711604512008, 0.9980239173651335, -0.03483304893434416, 0.0005738176890998408,0.05229330552136472]
[-0.09005148437898186, -0.3357596676371558, 0.046865572758228946, -0.9999964026555856, 0.001574362989584488, 0.0006432091880548647,0.00207420804292059]
