[0.2253758527310572, 0.02143183354615194, 0.02303501419858478, 0.9998820536183566, 0.015348886673715855, -0.00048357690736111104,0.00023808231866948297]
[0.22967068753715048, 0.010320908429931558, 0.03232057221025364, 0.9984177704300224, 0.04585137137301325, -0.023267453848410943,0.02276473202498622]
[0.23391975204114118, -0.0040713317405872175, 0.04293489404076134, 0.9950510623069331, 0.0734597147534001, -0.04665712952643249,0.04796004560618183]
[0.2381385178307706, -0.021454306771824312, 0.05513559339779245, 0.9898145619665802, 0.09780096791938456, -0.07073415477590347,0.07549028375279208]
[0.24229080797841937, -0.041472790222947406, 0.06918215972734729, 0.9827491251138567, 0.11853662844883273, -0.09555597257807913,0.10498705114722597]
[0.24629034877545794, -0.06371076366240555, 0.08531904369794735, 0.9739033851131199, 0.13536605426628856, -0.12115310650371584,0.1360520216758347]
[0.25000539939648553, -0.08769679618877814, 0.10375866847341159, 0.9633332585421206, 0.14802949958733494, -0.14752681529288628,0.16826211400098934]
[0.25326628590107947, -0.1129110857936517, 0.12466515432080608, 0.9511014074465933, 0.1563107428888975, -0.17464725741067458,0.20117504788009866]
[0.2558755138087309, -0.13879424636314103, 0.14813952371237094, 0.9372766645027186, 0.1600392809267244, -0.20245220163528127,0.23433520604497965]
[0.2576199944415198, -0.16475785571438045, 0.17420710130037553, 0.9219334276087577, 0.15909206714526913, -0.23084631138213796,0.26727972192119986]
[0.2470834464588907, -0.1913001670881228, 0.1859928246790793, 0.9164543684783596, 0.15538657657242821, -0.25901243029925014,0.26244802012685936]
[0.23389619373536163, -0.21698340721809262, 0.19810747176036658, 0.9108088722973503, 0.15096688893570193, -0.28755545592252907,0.2548490854578278]
[0.21813395751974496, -0.24151828409858528, 0.21053900162224093, 0.9049992436170071, 0.145832894547817, -0.3162037351368756,0.2443856252031597]
[0.1999061972887369, -0.26462270797889287, 0.22327321759255045, 0.899027824051921, 0.13998573938222436, -0.34467032486734783,0.23098773020642732]
[0.1793554405099202, -0.2860259284123292, 0.2362937696774744, 0.8928969914630306, 0.13342782495980232, -0.3726558538489229,0.21461498725600597]
[0.16020748828720538, -0.2888845086939783, 0.2187911884267545, 0.9051075859754322, 0.13730365558598934, -0.3654284234543901,0.16849341620398423]
[0.14203539340535365, -0.2901949673079238, 0.20224286404761652, 0.9166976483764315, 0.1394340966375225, -0.3528912022678138,0.12526513289010535]
[0.12495427435493796, -0.2902958592537631, 0.18668864399768342, 0.9276387792927905, 0.13982151427167375, -0.335580515434679,0.08556843436427493]
[0.10900037227512167, -0.2895282065179865, 0.17215554725359813, 0.9379035233017717, 0.13847443911192173, -0.3141118482664507,0.049955554940328356]
[0.09413279808913935, -0.2882188132759085, 0.15865797620942185, 0.9474654596332581, 0.13540753898806268, -0.2891668100695951,0.018882720707309272]
[0.08023867140923, -0.2866642184553579, 0.1461980999360207, -0.9562992912120524, -0.13064157042186877, 0.2614788455315741,0.007297879452948009]
[0.06714148025174019, -0.2851159611704511, 0.1347664005434949, -0.9643809316905486, -0.12420330901254172, 0.2318179706085789,0.02834404919775516]
[0.05461235783335569, -0.28376779280341774, 0.12434237218266109, -0.9716875901262526, -0.11612545894976938, 0.20097482941987632,0.0441273488665824]
[0.04238384970765191, -0.28274540194552267, 0.11489536017564364, -0.9781978529643391, -0.10644654195499864, 0.16974438258635857,0.05463459290738924]
[0.030165636232788784, -0.282099127229463, 0.10638552590749942, -0.9838917629925656, -0.09521076602333466, 0.13890954546569087,0.059967048677971986]
[0.017661586323335574, -0.28180002147452216, 0.09876492146562826, -0.9887508949443721, -0.08246787440899447, 0.10922509665514721,0.06033734911180512]
[0.004587452439408536, -0.2817395025460856, 0.09197865660355478, -0.9927584274358701, -0.06827297536626233, 0.08140217289380974,0.056064176065138]
[-0.009311523224934384, -0.28173268662697537, 0.08596613944931761, -0.9958992109336262, -0.052686353225150334, 0.05609365615415673,0.04756481456785944]
[-0.02424383336818897, -0.28152535346061275, 0.0806623714913074, -0.998159831462619, -0.03577326144623228, 0.03388074244230893,0.0353457198480079]
[-0.04035648604650342, -0.28080434613771355, 0.07599927676743126, -0.9995286697774725, -0.017603698362162717, 0.015260959913897112,0.01999127808213228]
[-0.057722020199630776, -0.2792110658615093, 0.07190704486440039, -0.999995955734977, 0.0017478336260114676, 0.0006378767555482427,0.002150977580273036]
