[0.3075081645537423, 0.016832651713932306, 0.04381005089789339, -0.9998756147877952, -0.01576359481471143, 0.0005081066505940227,7.654330877087721e-05]
[0.3796839695147596, 0.016336606316193124, 0.08996731986272391, 0.9958298341574267, 0.06488611601862802, 0.06292051745656893,0.01239926743833218]
[0.4457417218580099, 0.015243711663835225, 0.14334694895535866, 0.9853482349023058, 0.11172445085630285, 0.12501037640664023,0.031287519020184784]
[0.504729281906868, 0.013554918509542425, 0.20313707614947912, 0.9687093676816266, 0.15558924273095523, 0.18499875057734885,0.056299296594994976]
[0.5558003445117257, 0.011284273392056916, 0.268407886572295, 0.9462702331344816, 0.1958333117051062, 0.24216218309394977,0.08705996203420557]
[0.5982298601443903, 0.008458416569134089, 0.3381254009815899, 0.9184608581262454, 0.23186031328899195, 0.2958263299606167,0.12311470145179333]
[0.6314276662658502, 0.005115803965106122, 0.4111673097985688, 0.8857779049164495, 0.26313269022414615, 0.3453750780388911,0.16393518831190304]
[0.6549500436112965, 0.0013056694891451191, 0.4863406180113392, 0.848777402273776, 0.2891788104246185, 0.39025880430096394,0.2089272664262989]
[0.6685089433384186, -0.0029132497876124437, 0.5624008257248359, 0.808066699358025, 0.30959919537567016, 0.43000166205139,0.25743954289193277]
[0.6719786683591729, -0.007474197382592966, 0.6380723328829836, 0.7642957536066909, 0.3240717557197369, 0.46420779367708875,0.3087727683150789]
[0.6653998350070115, -0.01230405669998499, 0.7120697256419859, 0.718147872764219, 0.33235596431299963, 0.49256638475625686,0.3621898707003756]
[0.6489804887223957, -0.017325148030638584, 0.7831195768522313, 0.6703300384548432, 0.334295911528837, 0.5148554908165104,0.4169265003046974]
[0.6578799983198175, -0.0791559825353742, 0.7378813094164826, 0.6996920149384103, 0.33423332826579183, 0.4619998901008731,0.43043613702218414]
[0.656889075585126, -0.14229785076093648, 0.6912665707288047, 0.7286217793184081, 0.3315898644853061, 0.40923368575564284,0.4378198886715239]
[0.645871663382345, -0.20500593047798485, 0.6436016777236475, 0.7569389530967493, 0.32638789449570266, 0.35723353526760815,0.43920219135571964]
[0.6250049417810468, -0.265532295175963, 0.5952172254662842, 0.7844649990590625, 0.3186643399699368, 0.306649996637394,0.43477981007065625]
[0.5947753156250488, -0.3221820364569596, 0.5464458980592148, 0.81102430395624, 0.3084705134005093, 0.25810003988460467,0.4248174786497002]
[0.5559644493595031, -0.3733677377154148, 0.49762030331456064, 0.8364452477567936, 0.2958718780794771, 0.21216022030254286,0.40964279584532653]
[0.5096258243991562, -0.41766056068489643, 0.44907084384188845, 0.8605612531721908, 0.28094772578711624, 0.1693605827050884,0.38964047266621216]
[0.4570525921084629, -0.4538363249134781, 0.4011236364555452, 0.8832118092594502, 0.26379077385126254, 0.13017935271742515,0.36524603179456056]
[0.399737766092378, -0.4809151284786167, 0.3540984910210825, 0.9042434630435382, 0.24450668370904746, 0.09503845762736209,0.33693906383268424]
[0.3393280329104041, -0.49819327039268474, 0.30830695904806293, 0.923510773275728, 0.2232135035609084, 0.06429990567083368,0.305236147273637]
[0.27757265368809164, -0.505266484056517, 0.26405046150729644, 0.940877220652149, 0.20004103815072857, 0.03826303910319879,0.27068353949225177]
[0.2162690749692722, -0.5020437686611852, 0.22161850451455517, 0.9562160690580876, 0.1751301491331649, 0.017162663226335313,0.23384974477359116]
[0.15720696161962777, -0.4887514027499209, 0.1812869906894236, 0.9694111726768713, 0.1486319898971454, 0.0011680409054753101,0.1953180625260027]
[0.10211240536451893, -0.4659270319065712, 0.14331663317572085, 0.9803577241058302, 0.12070717910079179, -0.009617269792729246,0.1556792144806117]
[0.052594048979380165, -0.4344040312361208, 0.10795147850634268, 0.9889629389541844, 0.09152491753535728, -0.015154768210307994,0.11552414399483892]
[0.01009279924511695, -0.3952866435602333, 0.07541754371693052, 0.9951466727568591, 0.061262053272066685, -0.015469597279472731,0.07543707370951287]
[-0.02416331589352927, -0.3499166770649397, 0.0459215723648104, 0.9988419664221594, 0.030102100353988834, -0.010648415384473014,0.03598889992750858]
[-0.049197754926059975, -0.299832803147209, 0.01964991339637298, -0.9999955168377447, 0.0017657834265358576, 0.0008366135351478857,0.00226900663191872]
