[0.35917415019601134, 0.021664540975012685, 0.10762249342283103, -0.9998791490582358, -0.015536929153415497, 0.000536432208410511,5.789253827135655e-05]
[0.3640047087980334, -0.002244252087804311, 0.1235470892737548, 0.9970257433514975, 0.07421978322295003, 0.0076614323315513586,0.01929749536498224]
[0.3668647371353784, -0.027231244810376094, 0.14000142585258255, 0.9904461986823961, 0.13102680472255082, 0.012217481550529236,0.04121937777736105]
[0.36760880849909006, -0.05309036949270354, 0.15702715442351114, 0.980378214469268, 0.18564508766372687, 0.012654906833096198,0.06507158637549168]
[0.3661005069711002, -0.07959476129627788, 0.17466265585829913, 0.967086243370013, 0.2377903554086252, 0.00860573226008625,0.09014369712510908]
[0.36221548208776655, -0.10649639932160776, 0.1929409711614088, 0.950858244518833, 0.2872093318911826, -0.00017861405767847865,0.11566921198919924]
[0.35584488112015644, -0.13352623578949965, 0.21188780004309363, 0.9320022251053858, 0.3336817511325617, -0.01381969835193546,0.14084515361622768]
[0.34689907313718504, -0.16039490647612692, 0.2315196089098046, 0.9108426101421727, 0.3770219861380642, -0.03230762720766881,0.16485259701355612]
[0.335311559133406, -0.18679409962318866, 0.25184188782046313, 0.8877164819408058, 0.4170802826256779, -0.05549984399538837,0.186877641391397]
[0.32104294568474273, -0.2123986408464603, 0.272847593418617, 0.8629697320168794, 0.4537435875448266, -0.08312320119163383,0.20613231626390174]
[0.3040848465262429, -0.23686932869348015, 0.2945158116378801, 0.8369531688542987, 0.4869359669460091, -0.11477925637914109,0.22187491869103812]
[0.28446356769420084, -0.25985653016750576, 0.316810670146804, 0.8100186251765076, 0.5166186124051874, -0.14995266349750727,0.23342929313542285]
[0.26224342787342697, -0.28100451855030406, 0.3396805261157134, 0.7825151080932035, 0.5427894398379642, -0.18802245792294892,0.24020259141583855]
[0.24888306397181498, -0.3007281415616355, 0.3110668202519782, 0.8020195425197, 0.5276881121045226, -0.18463526384719198,0.2102848760708537]
[0.23210433872227154, -0.3192678895260983, 0.2826215524798663, 0.8222812244436377, 0.5091162161086752, -0.17800682917732163,0.18157046893394585]
[0.21217380503949376, -0.3361355819837794, 0.25452750009916203, 0.8429667535651697, 0.4869776111623643, -0.1685169853948536,0.15447292398289902]
[0.18940868359709948, -0.35090466956154404, 0.2269361364704378, 0.8637275228845164, 0.46122293143921295, -0.15659530520577652,0.12932936292237138]
[0.16416227356529747, -0.36320797953452394, 0.19996873003457666, 0.884205479482618, 0.43185110466880977, -0.14270754653142617,0.10639478188437418]
[0.1368130198066203, -0.37273252161608456, 0.17371848851465213, 0.9040390384811029, 0.3989101318498319, -0.1273415004379272,0.08583860364620553]
[0.10775768640320994, -0.37921291588304906, 0.14825361816779928, 0.9228690581964419, 0.36249711522868144, -0.11099260038893645,0.067743527612596]
[0.0840831601423385, -0.3797043824641256, 0.12007518090641964, 0.9447479863534214, 0.3112990716707102, -0.0885202477118804,0.052041291328493715]
[0.05931810355431755, -0.37751772355553204, 0.09310846977295792, 0.9636818675674742, 0.2556276626071575, -0.06713922088680603,0.03826331468102767]
[0.033774725971229394, -0.372476805798749, 0.06734987131489481, 0.9791248580217687, 0.19593346663800454, -0.04729439932868709,0.026226491324694876]
[0.007793134224945316, -0.36439392089186745, 0.04278845632546502, 0.9905897907323202, 0.1327489256839204, -0.029383928327696693,0.015689932526818932]
[-0.018241998783518374, -0.3530786621698387, 0.019416993618002504, 0.9976594301714087, 0.06667902864195949, -0.013750864257263046,0.006362567217987279]
[-0.04388819892284602, -0.3383542749700167, -0.002757973879108616, -0.9999962958855936, 0.0016095709815780778, 0.0006760604599233812,0.0020881663253972224]
