[0.255768678548461, 0.001209043585175139, 0.09984286870116227, -0.9998794210063144, -0.015516971160433844, 0.0005995026923253064,8.746774168556302e-05]
[0.2923093968558031, -0.023346766068541663, 0.12169066674275544, -0.9975976265087327, 0.03956899845468373, -0.05683443296376426,0.0017655523565937895]
[0.32444694816414377, -0.054637479490679215, 0.14706783912041946, 0.9889819312093949, -0.09430774670486755, 0.11410240341673111,0.001195904390887669]
[0.3508891393860301, -0.0918084575237258, 0.1757756993018424, 0.9740967578417798, -0.14801913297157407, 0.17073141455847357,0.008753668907336441]
[0.37052346776491785, -0.13376374881973027, 0.20757211054492783, 0.9530800133289277, -0.200033975519359, 0.22625525842314534,0.020819578927721575]
[0.36182690095329684, -0.1830882992924721, 0.21527282851701857, 0.9474091007786732, -0.21223844557160493, 0.23465334100923252,0.04804838744744689]
[0.34642473994765866, -0.23219411396164713, 0.22294462766944698, 0.9414254634761626, -0.22431830925909962, 0.23962450041698646,0.07732717277737038]
[0.32424881563825625, -0.28015326590480766, 0.23058253911513518, 0.9351321528611622, -0.23626543125247104, 0.2408247539559292,0.1082124787739299]
[0.2953613039725123, -0.32601870089267126, 0.23818160900796023, 0.9285324326128647, -0.24807175076312254, 0.23796832173148738,0.14021057703202938]
[0.25995829160849004, -0.36884277791922243, 0.2457369018140397, 0.9216297768211551, -0.2597292870891971, 0.23083445612936038,0.1727851433665177]
[0.21837067701078408, -0.40769638266616437, 0.25324350357553305, 0.9144278680127529, -0.2712301451164862, 0.2192732595505574,0.20536582049556204]
[0.1710623223616161, -0.44168822780515915, 0.26069652516473485, 0.9069305950333485, -0.28256652077048117, 0.20321037903258138,0.23735753408214477]
[0.11862542795761266, -0.4699839423005928, 0.26809110552623483, 0.8991420507869459, -0.29373070641579224, 0.18265048374294807,0.268150415631959]
[0.06177315859592662, -0.4918245483808139, 0.2754224149049277, 0.8910665298337266, -0.30471509619919396, 0.15767945032407812,0.2971301743409669]
[0.001329609610733807, -0.5065439297842717, 0.2826856580576613, 0.882708525847849, -0.3155121913325809, 0.12846520141281573,0.32368875102788924]
[-0.06178274252925743, -0.5135849082679196, 0.2898760774463192, 0.8740727289366907, -0.32611460531216374, 0.09525716404000012,0.34723508093266575]
[-0.1265579050362054, -0.5125135670177468, 0.2969889564101472, 0.8651640228231389, -0.33651506907026413, 0.058384336704458424,0.3672057885283119]
[-0.19192329721860896, -0.503031489176345, 0.3040196223151404, 0.8559874818926352, -0.3467064360561142, 0.018251976367557658,0.38307563665554595]
[-0.1869714664880431, -0.48201939109312153, 0.2589650813432527, 0.8987436604164325, -0.29765678834306664, -0.005932456109263397,0.3219084888272989]
[-0.18060246699926685, -0.456665543326639, 0.21696689147730247, 0.9345535887304101, -0.24401699766414955, -0.021923463039229447,0.2580400286979794]
[-0.1728659971836769, -0.4273983041026629, 0.17855161914186846, 0.9629156063991191, -0.1866614824434506, -0.02944347730243315,0.19257234372923732]
[-0.16384131186461434, -0.3947047538215441, 0.1441858253642821, 0.9834389606436004, -0.126519946581109, -0.028363903577356308,0.12663333991964001]
[-0.15363659914060543, -0.35912177697498454, 0.11426813429503951, 0.9958498875668307, -0.06456330693912841, -0.0187070498586932,0.06135655723555041]
[-0.1423876289095044, -0.32122629892294813, 0.08912252267172008, -0.9999959037693625, 0.0017889606325630248, 0.0006453273438710191,0.002139069183217539]
