[0.22615735996626468, 0.03646902066643048, 0.1333289220111759, -0.9998785178284398, -0.01557357994244459, 0.0006423737196393561,2.3430393662348522e-05]
[0.25301602415495666, 0.007439565396011394, 0.1550807180203052, 0.9994058287204242, -0.00038036172757392007, 0.03423491913555373,0.003976827426581824]
[0.27485499823513765, -0.02728250893985847, 0.1782164735445273, 0.9974456299801162, -0.016349192762196547, 0.06788227665423778,0.015063719521804717]
[0.2906552050543729, -0.06673157221204909, 0.20267732848286915, 0.9939996720276947, -0.032260091333953154, 0.09917842553233432,0.03297845394933002]
[0.29958700440650915, -0.10976863838498832, 0.22839780321543518, 0.989074038929617, -0.04804050419883027, 0.12704897816045282,0.05729932477928187]
[0.3010391333058105, -0.15511840422911222, 0.25530606665576433, 0.9826791228071619, -0.06361838647123085, 0.15048923606732045,0.08744959879621358]
[0.2946404471239555, -0.20141107571825814, 0.28332423844607785, 0.9748295845486651, -0.07892243942643198, 0.16858572031473695,0.12270853495018112]
[0.28027367601480285, -0.24722758816346802, 0.31236872373908153, 0.9655443009660899, -0.09388234555266513, 0.18053600302006145,0.16222533611916326]
[0.2580806805360274, -0.29114669882036837, 0.3423505788251081, 0.9548462985811511, -0.10842900008452601, 0.1856664452306102,0.20503577527342468]
[0.22845898006463705, -0.33179235548227926, 0.3731759056884566, 0.9427626742701732, -0.12249473826156874, 0.18344748513541256,0.2500811854152044]
[0.19204962742301915, -0.36787972452822343, 0.4047462734128645, 0.9293245030400228, -0.13601355757060227, 0.173506166352075,0.29622945573357395]
[0.14971680256725467, -0.3982582981788636, 0.43695916420405667, 0.9145667332496912, -0.14892133424734805, 0.1556356479118454,0.34229763618529174]
[0.10251978665614733, -0.4219505924647329, 0.46970844165819575, 0.8985280696332658, -0.16115603333266873, 0.12980149460582463,0.387075719982139]
[0.05167824504789718, -0.43818509178284637, 0.5028848387795766, 0.8812508445199793, -0.1726579116004746, 0.09614460746926509,0.42935114888534703]
[-0.0014680158214173417, -0.4464222881641249, 0.5363764631398413, 0.8627808776856265, -0.18336971269858096, 0.05498071820760845,0.4679335702749226]
[-0.055503455683593876, -0.44637289700927757, 0.570069316474949, 0.8431673253067713, -0.19323685387014944, 0.006796437086956849,0.5016793680074108]
[-0.07481827232120614, -0.4494482621964715, 0.5133764188328731, 0.8752655045392517, -0.17656102395925702, -0.025288267646180744,0.4495520046686072]
[-0.09319933147555745, -0.4457665102131307, 0.45715010214457646, 0.9039925598954581, -0.15811601193420213, -0.049983675318323754,0.3940791933423438]
[-0.10986492484743643, -0.43560911252412826, 0.40202808286494235, 0.9291822291030825, -0.13814907642145974, -0.06690585032966659,0.3362422117976698]
[-0.12408860872554597, -0.4193872670137178, 0.3486279447324218, 0.9506930733819638, -0.11692158972128233, -0.07580224373756318,0.27706685461266456]
[-0.13521706355193547, -0.3976311918424246, 0.29753957360409194, 0.9684097655135779, -0.09470678836702948, -0.07655679656009289,0.21760562307899256]
[-0.1426860275661837, -0.3709767171893021, 0.2493180113100579, 0.982244161598536, -0.07178740827280124, -0.0691926068887363,0.15891934486085804]
[-0.14603391621490852, -0.34014952302146173, 0.20447682667120617, 0.9921361461175251, -0.04845322505751839, -0.053872100022771055,0.10205855862066207]
[-0.1449128006821082, -0.3059474282918784, 0.16348209380727302, 0.9980542418982734, -0.02499852105727245, -0.030894687126931084,0.04804500474701836]
[-0.13909648881500697, -0.2692211832939263, 0.12674705849222084, -0.9999959786596513, 0.0017195012694064754, 0.0006919446735549476,0.002146437159562084]
