[0.22596937316359733, 0.0025923918391453377, 0.16802218527687893, -0.9998797300815985, -0.01549785793053658, 0.0005796307331349163,7.615594725287803e-05]
[0.2368412400786433, -0.03045023522492757, 0.20344242519099426, -0.9977306470620045, 0.05862966034632226, -0.033106496349372724,0.0002806071596701155]
[0.23874520858985185, -0.06539036982937452, 0.23983703565865874, 0.9890237754413033, -0.13181610888989584, 0.06662311477210567,0.004224408481754591]
[0.23160544484955306, -0.09975070395722485, 0.2767731208346901, 0.9739377443296792, -0.20341675964813918, 0.099430498941422,0.013433835808428447]
[0.21599219933849512, -0.13114200303331183, 0.31381643996985953, 0.9527167721326327, -0.2728171570647625, 0.13098528488869715,0.027283805652897647]
[0.19307392969104314, -0.1574239564331354, 0.3505360536687559, 0.9256657831407178, -0.33943974141356503, 0.16074689000983566,0.045650380324153306]
[0.18800670995978144, -0.17849610850369335, 0.3372871795899643, 0.9348370676604946, -0.31901124675883835, 0.1452348514423888,0.056730232643689364]
[0.1803299234795842, -0.19896809376077979, 0.32339635447191883, 0.9434674563234579, -0.2982048637543036, 0.12913376370933247,0.06532602208985314]
[0.17013777341722666, -0.21850795236548304, 0.3089191411152562, 0.9515413382707814, -0.27703586525828966, 0.11277609356880595,0.07142663118054514]
[0.15756722867726114, -0.23679886683065343, 0.2939129164675475, 0.9590434204657358, -0.25552057405465456, 0.0964914618336123,0.07506231870502462]
[0.14279560899532356, -0.2535446681659801, 0.27843664382092415, 0.9659588019336557, -0.2336763636866611, 0.08060164046946286,0.07630416485820163]
[0.126037466893865, -0.26847496422874645, 0.2625506410015495, 0.9722730488861071, -0.2115216532437444, 0.06541561412589249,0.0752629128274977]
[0.10754082429035455, -0.28134980157757966, 0.2463163453992109, 0.9779722702383297, -0.18907589601835037, 0.0512247802039619,0.07208721164534991]
[0.08758283257317503, -0.2919637807728226, 0.22979607668418048, 0.98304319302302, -0.16635956199013266, 0.038298361588096,0.06696127451911692]
[0.06646493471832192, -0.3001495550595737, 0.2130527980548735, 0.9874732372007408, -0.14339411413527536, 0.02687910495064664,0.06010197634605461]
[0.044507616349923076, -0.30578065352570094, 0.19614987685384994, 0.9912505893677293, -0.12020197859929564, 0.01717933505229021,0.051755423542903245]
[0.02204483941456441, -0.3087735819464249, 0.1791508453815488, 0.9943642748655985, -0.0968065088121257, 0.009377431709002015,0.042193038491719896]
[-0.0005817427637241903, -0.30908916739347175, 0.1621191627269189, 0.9968042278043915, -0.07323194366430062, 0.0036147911020889233,0.03170720964903989]
[-0.023028686932013258, -0.3067331260731924, 0.14511797842199295, 0.9985613585205954, -0.04950335990246518, -6.6730779314285345e-06,0.020606566510231433]
[-0.04495667419104659, -0.3017558475299464, 0.1282098987135418, 0.999627618004994, -0.025646618940855823, -0.0014264404644481956,0.009210945997355032]
[-0.06603633370030147, -0.2942514020706095, 0.11145675622938819, -0.9999960588515601, 0.0016883083227381933, 0.0006266669536316126,0.0021538767105423544]
