[0.30859471344840705, 0.07861900299099014, 0.015124233912537227, -0.9998795966859932, -0.01550587153661298, 0.0006000543381766061,3.70637382139575e-06]
[0.36064324084018734, 0.0652125779490695, 0.05037544515821882, 0.9979133517627207, 0.014072351147720994, 0.06287181645999897,0.004248058602281861]
[0.40798552525592313, 0.046106709411100386, 0.09170124040097868, 0.9918564269344293, 0.011625587270684287, 0.12599461983050617,0.014526866256882069]
[0.44938061930975776, 0.022046393528257283, 0.13858663983954228, 0.981662960840828, 0.008427053214959783, 0.18793601473454769,0.030771260179385647]
[0.4837572904796089, -0.006009890447344776, 0.1904062407082634, 0.9673380455821192, 0.00474107952868149, 0.24787721473389143,0.052834781631394885]
[0.510258259798297, -0.036925316699387395, 0.24643828965939724, 0.948937069717914, 0.0008288627935047614, 0.3050237158562642,0.0804877845817961]
[0.49692472179481584, -0.10386359540983567, 0.24333673941439157, 0.9505574261341817, -0.0005004345826522885, 0.28684152556024756,0.11900532929519732]
[0.4749003926323684, -0.16789717052866465, 0.2402365796421257, 0.9521538457542477, -0.0018124520681990412, 0.2639077773946062,0.15411831190204536]
[0.4447230864196953, -0.22791078643342635, 0.23713826616951042, 0.9537261558210758, -0.003107208189631872, 0.23680454962148414,0.18525757808679713]
[0.4070718072805587, -0.2828809304155855, 0.23404225343295668, 0.9552741851571083, -0.004384722842278597, 0.20617943993991686,0.21194821047624338]
[0.3627518609177277, -0.3318934188357132, 0.23094899438577055, 0.956797764178257, -0.005645017281776074, 0.17273086136269775,0.2338166413587318]
[0.3126778196565028, -0.37415864760929574, 0.22785894040596258, 0.9582967249077565, -0.006888114115431291, 0.13719263860620995,0.2505955323370043]
[0.25785469841701747, -0.40902425186097885, 0.22477254120449416, 0.9597709009898724, -0.008114037293466138, 0.10031823704233502,0.2621263651916899]
[0.19935772830776127, -0.43598497325214014, 0.22169024473398072, 0.961220127703468, -0.009322812100147166, 0.06286495810229847,0.26835973676218766]
[0.13831113584186047, -0.45468959032683803, 0.21861249709787356, 0.9626442419754275, -0.010514465144802448, 0.0255784298739628,0.2693533986038723]
[0.07586634883870307, -0.46494482607646254, 0.21553974246013807, 0.9640430823939318, -0.011689024352724613, -0.010822290306356324,0.2652681285616757]
[0.013180054739697637, -0.46671620661034036, 0.21247242295545177, 0.9654164892215897, -0.012846518955963495, -0.045658702862369005,0.2563615652602793]
[-0.016826736973373814, -0.4475954658054324, 0.18249351117295234, 0.9746252816532304, -0.010878137992975063, -0.0559303543264052,0.21646944805466276]
[-0.04370054424628038, -0.4248234032168061, 0.15400293833232054, 0.9824251461489002, -0.008933691754804905, -0.06042594068698462,0.17637949727231814]
[-0.06699793285713462, -0.3988990913040443, 0.1271330730548221, 0.9888013302555662, -0.007071594339871555, -0.05918019886727603,0.13681968389213994]
[-0.08635120783113535, -0.3703781556854536, 0.10200507387981089, 0.993745376821603, -0.005351173384181561, -0.05231930811874424,0.09850980147720749]
[-0.1014756368281014, -0.33986115733519656, 0.07872788400822062, 0.9972552178134642, -0.0038322405914729537, -0.04005951746083806,0.06214965435683725]
[-0.11217486636584859, -0.30798103537289623, 0.057397346819306166, 0.9993352322234053, -0.002574655295979388, -0.02270419952121681,0.028407465765193176]
[-0.11834440785243504, -0.2753898980940019, 0.03809545217440646, -0.9999962675422197, 0.0016378837480700438, 0.000639366507157528,0.0020912792561344194]
