[0.315939198299364, 0.07196695515035198, 0.017900685061155386, -0.999878740184507, -0.015564777751058766, 0.0004887795372999469,6.095217311215365e-05]
[0.36477493001428835, 0.07972347584735454, 0.05108193502721753, 0.9937979306067205, 0.08881329942790404, 0.06626882870977618,0.009290495571505263]
[0.40963928510356373, 0.08878298609476405, 0.09032960765102754, 0.9779350817363563, 0.16004466561285072, 0.1319410302134886,0.024904727751581885]
[0.44964459052105726, 0.0989273857656357, 0.13506157067757957, 0.9526075627788784, 0.22834053581893055, 0.19549903854694967,0.046685725501780184]
[0.48402386537287856, 0.1099229070199414, 0.18454894585513174, 0.9182641183956392, 0.29282939464131075, 0.2559360891146148,0.07442226004227119]
[0.5121557046506313, 0.12152753509834821, 0.23794100672993115, 0.875477539578732, 0.35270221586622563, 0.312284041207211,0.10779101179373668]
[0.5335834797338409, 0.13349795737462375, 0.2942946374291606, 0.8249351695550247, 0.407227021149023, 0.3636294013886147,0.1463618041808516]
[0.5480280808297318, 0.14559576776594832, 0.3526070737873436, 0.7674274164461615, 0.4557620516161232, 0.4091284761401885,0.1896048596545976]
[0.5553937125410714, 0.15759270179248697, 0.4118505090243413, 0.7038344826074473, 0.49776729702494016, 0.4480213771832328,0.236899946585118]
[0.5557665608098301, 0.16927473582735722, 0.4710070715469721, 0.6351115547210744, 0.5328141584670799, 0.47964462368730176,0.2875472492733399]
[0.549406463561509, 0.18044494949047324, 0.5291026756017267, 0.5622727281496875, 0.5605930564066722, 0.5034421112557371,0.3407797601121573]
[0.5367320241623108, 0.1909251194668387, 0.5852383066182592, 0.48637396318017445, 0.5809188354010384, 0.5189742476687113,0.3957769635456405]
[0.559134801785991, 0.12183023664939605, 0.5608705840853431, 0.533231068161277, 0.564507874090935, 0.4684214950378796,0.42139861298228676]
[0.5712103860849816, 0.050739983076613315, 0.5354091279996612, 0.5787485943319387, 0.5459908097719053, 0.41585590727142774,0.44046335215416327]
[0.5728033841999254, -0.02065199110670806, 0.5090103971700124, 0.6227444527788896, 0.5254148253522808, 0.36216282822834905,0.4527324747384457]
[0.5640578313930911, -0.09064844283431392, 0.48184382637198464, 0.6650410765205684, 0.5028397668353076, 0.3082619953037285,0.458090687179669]
[0.545414403755635, -0.15760445243702323, 0.4540899624289795, 0.7054664843875551, 0.4783378611962147, 0.25508992759309623,0.45655126633560383]
[0.5175967439482454, -0.21998224392378923, 0.4259384329560327, 0.7438553185644611, 0.4519933498153338, 0.2035815559048945,0.44825866066526815]
[0.48158722112609764, -0.27640272017264184, 0.3975857756783048, 0.7800498487772635, 0.4239020396726827, 0.15465147007799449,0.4334884277424524]
[0.43859289734737195, -0.32569161099909144, 0.36923315840139825, 0.8139009363146166, 0.3941707750836708, 0.10917517353705135,0.4126444564262117]
[0.39000290091820833, -0.36691831379272905, 0.34108402142868977, 0.845268951323667, 0.3629168333113367, 0.06797074124423551,0.3862534794175572]
[0.3373387921469175, -0.3994257768165951, 0.3133416754648207, 0.8740246371186171, 0.33026724792392853, 0.031781274961823223,0.354956939952194]
[0.28219983029714335, -0.42285012400806615, 0.28620688879479267, 0.9000499155817194, 0.29635806427392486, 0.0012585389888670518,0.31950033377254194]
[0.22620529607332537, -0.4371291329531676, 0.2598754977727862, 0.9232386281192195, 0.2613335319521972, -0.023051859576458,0.28072020304210166]
[0.1709361789960443, -0.44249913707328475, 0.23453607438954874, 0.9434972070563785, 0.22534523951559685, -0.04072340914021581,0.23952901129606505]
[0.11787859478424643, -0.4394804088861527, 0.21036768391553698, 0.9607452728132164, 0.1885511971946698, -0.051459448242339896,0.1968981767059038]
[0.06837125010387843, -0.4288515717986211, 0.18753776435021785, 0.974916152692898, 0.15111487365756854, -0.05510147579711781,0.1538395837972637]
[0.023559121290763645, -0.4116140609807907, 0.16620015766492224, 0.9859573176343331, 0.1132041932339713, -0.05163480378388275,0.11138593033124398]
[-0.01564473474076984, -0.388948087647223, 0.14649332063353965, 0.9938307338260606, 0.07499050028657801, -0.04119139185293445,0.07057029549846673]
[-0.04858765523827651, -0.3621619352325306, 0.1285387404352482, 0.9985131266460138, 0.0366474976555378, -0.024049759932541468,0.032405337189674414]
[-0.07489495930287308, -0.3326367127026873, 0.11243957722579259, -0.999996154977468, 0.0016498337087158983, 0.0006319343697839276,0.00213746063495264]
