[0.2339136502398681, 0.07930702786580673, 0.12397331424459981, -0.9998789855521523, -0.015547225318926857, 0.0005450087879907956,3.164653144072049e-05]
[0.23378435902629208, 0.059028549217233106, 0.13385185800862912, 0.9993945382431002, -0.008581128418502235, -0.032746555859179106,0.008036432310903566]
[0.23170906237365724, 0.03926773703831911, 0.14463633765475273, 0.9972274820255372, -0.03260928568946512, -0.06572023122413663,0.012443262742381273]
[0.2278358322809495, 0.020224316642716303, 0.15632742723783014, 0.9933868422931144, -0.05644286214333008, -0.09911765924830196,0.01313295462269873]
[0.22233361275544952, 0.002066669880805061, 0.1689209325061433, 0.9878870825309795, -0.07998834631653529, -0.13258710226447964,0.010081514523356988]
[0.215386460915721, -0.015070227373223364, 0.1824077660821023, 0.980748032900238, -0.10315341460136593, -0.16577635223327422,0.003296977194627791]
[0.20718762047564432, -0.031085889016975746, 0.19677394584614621, -0.971994800599065, 0.12584724012559412, 0.19833561697034355,0.007180724347061111]
[0.197933586118614, -0.04591441885650503, 0.2120006165895451, -0.9616576625045594, 0.1479807944804513, 0.2299203773453228,0.021280147851605306]
[0.19883000087197605, -0.07216746004625084, 0.20108427179466568, -0.9635601496973005, 0.14532924369586653, 0.22177089706743228,0.03534003474828264]
[0.19613508622679798, -0.09873096084686929, 0.19019070791637455, -0.9654524473021581, 0.14199293270072752, 0.21311212751303663,0.04819543721336926]
[0.1898514968320646, -0.12509617470787932, 0.17932831689301904, -0.9673296255998315, 0.13798186470163662, 0.2040676201520275,0.05992334149425735]
[0.18005365912555893, -0.15076647264577406, 0.1685043544947148, -0.9691864749707816, 0.1333085295934845, 0.19473333271288634,0.07060695292863377]
[0.16688399876690257, -0.1752671304082662, 0.15772509621060982, -0.9710175303973124, 0.1279878677953754, 0.1851787594097957,0.08032987253660655]
[0.1505479205303529, -0.19815426560200222, 0.146996011065058, -0.972817096650365, 0.12203722680512549, 0.17544910289155374,0.08917075772369643]
[0.13130770502746003, -0.21902278581873108, 0.13632195041388448, -0.9745792740664064, 0.11547631058921246, 0.1655683694471823,0.09719863832123232]
[0.10947549728284245, -0.2375132373819722, 0.1257073485501359, -0.976297984818575, 0.10832712194480826, 0.155543242339707,0.10446903489932162]
[0.08540556835660362, -0.2533174724168642, 0.1151564317684291, -0.9779669995853474, 0.10061389798994222, 0.1453675660341381,0.11102099800764484]
[0.05948603339599589, -0.26618307891257587, 0.10467343240064111, -0.9795799645194134, 0.09236303895683179, 0.13502725711488953,0.11687515554142942]
[0.03213020826799116, -0.27591654385172143, 0.09426280424501343, -0.9811304284191846, 0.08360303048195841, 0.12450544628940759,0.12203282168538007]
[0.003767782853603255, -0.2823851430357693, 0.08392943576705994, -0.9826118700054218, 0.07436435960449293, 0.11378765033633881,0.1264761858058544]
[-0.025164017264365034, -0.28551757279948176, 0.07367885745471325, -0.9840177252058457, 0.06467942470214212, 0.10286677330879844,0.13016956422278325]
[-0.0542291171061427, -0.2853033583716119, 0.06351743976203292, -0.9853414143512814, 0.054582439610356547, 0.09174774271668087,0.1330616629867232]
[-0.05577348544511003, -0.28865672795317904, 0.05755481049300895, -0.9908107572405109, 0.04153612722019229, 0.06366274094519814,0.11187425480144318]
[-0.05895719130755639, -0.29242771983781474, 0.05282595291196657, -0.9949114605246097, 0.029727280732057524, 0.040152116256520105,0.08749446872339246]
[-0.06395158993225758, -0.29632452175465046, 0.049260142710880195, -0.9977443500318951, 0.019147800558294046, 0.021616851166484752,0.06059938497095001]
[-0.07087177190342685, -0.30002213050448406, 0.04678083596144117, -0.9994077114451586, 0.009776892781372946, 0.00836419025170426,0.0319167509769644]
[-0.07977103258539824, -0.30317185312129624, 0.045308001462350644, -0.9999961213108914, 0.0015816842320506219, 0.0006013266227720854,0.002212248732896895]
