[0.26516833691545144, 0.03706825679037321, 0.09723642392904203, -0.9998805802387843, -0.015438171936684607, 0.0006935859485406049,8.394723064492911e-05]
[0.2824006426017788, 0.03997641948659916, 0.11919886120199308, -0.9991128583775499, 0.02178443717921944, -0.004715244602621624,0.03573095282474871]
[0.3000433654124644, 0.04280278878869634, 0.14297091919028457, -0.995680235643045, 0.0552391559638216, -0.012745925426176806,0.07353261441867646]
[0.31805140277997745, 0.045302846847588, 0.16878463995830664, -0.9897069264886511, 0.08461947280250041, -0.023629642675433028,0.11296629793901584]
[0.33626684935289414, 0.047225521661024825, 0.19683819216251836, -0.9813317653302082, 0.10965852845447527, -0.037530938064664864,0.15347443493651658]
[0.3544235148991646, 0.048339185625940084, 0.22728124461926896, -0.9707062058296622, 0.1301313999993747, -0.05454348613736923,0.19447439116235082]
[0.37215843754596334, 0.048455872461041403, 0.2602019080674421, -0.9579922029738106, 0.14585696591297256, -0.0746872282970556,0.2353688646897699]
[0.38902966377061315, 0.047452190891344524, 0.29561578896095514, -0.9433600054173914, 0.15669933489842242, -0.09790692569512262,0.2755566230781279]
[0.40453921671395143, 0.04528563319986725, 0.3334576226179471, -0.926985886556659, 0.16256882560954303, -0.12407216675991727,0.314443382026397]
[0.4181598897260054, 0.042005269789029534, 0.3735758587389296, -0.9090498434471755, 0.16342248904020806, -0.15297883809511062,0.3514526245450998]
[0.4293642979959854, 0.03775616956040671, 0.41573046364692945, -0.8897332929703268, 0.15926417006945884, -0.18435204017187307,0.3860361599600917]
[0.4376545083627523, 0.032777269485245106, 0.45959408459407847, -0.8692167945837097, 0.1501441093955908, -0.2178504021911308,0.4176842260519169]
[0.4425905513497088, 0.027392812645491427, 0.5047565965033971, -0.847677828562047, 0.13615809181391345, -0.2530717241987644,0.4459349452655531]
[0.44381619995784893, 0.021997859209346757, 0.5507329251796029, -0.8252886578528887, 0.11744615144216217, -0.28955984948422575,0.47038295706527805]
[0.4410805711117781, 0.017038727019125538, 0.5969739179928706, -0.8022143005445248, 0.09419084902552582, -0.3268126469460449,0.4906870629615473]
[0.4342543570759352, 0.012989517560744346, 0.6428799178634583, -0.7786106384858015, 0.0666151408121509, -0.3642909618998825,0.5065767382434458]
[0.44627438555312904, -0.035956480735776813, 0.607895781605239, -0.794708251821577, 0.09368349118902035, -0.3855432412427991,0.4593676165091822]
[0.45064767104072667, -0.08532744118893348, 0.5722452256383137, -0.8106642169946546, 0.11807006469271283, -0.40055156113544227,0.4104161716841365]
[0.4475537714805854, -0.13406688479110762, 0.5362718550559532, -0.8264245518693941, 0.1396359146127615, -0.40922756964962526,0.36063425746369443]
[0.43733475032218416, -0.1811879059113587, 0.5003022699460364, -0.8419308674566449, 0.15825940999586433, -0.4116184880747525,0.31092859927404176]
[0.42047637105243074, -0.22579612888259573, 0.4646404080915837, -0.8571208418487357, 0.17383710572832123, -0.4079042239778517,0.2621806003531573]
[0.39758611768033314, -0.26710813792583343, 0.4295626309833745, -0.8719287343675364, 0.18628449603597988, -0.39839148337933544,0.21522684472820822]
[0.36936907511278083, -0.30446502165917977, 0.3953136613940005, -0.8862859354026221, 0.19553664608024707, -0.38350502189507063,0.17084074141857727]
[0.33660272357732707, -0.33734090182704024, 0.3621034579934139, -0.900121547123412, 0.20154869714166312, -0.3637762401982715,0.12971572823625996]
[0.30011167218021695, -0.3653465377300636, 0.3301050876879042, -0.9133629899961365, 0.2042962417273455, -0.33982939003973406,0.09245041799052134]
[0.2607432818330918, -0.3882283027201693, 0.29945363017099874, -0.9259366298255729, 0.2037755658094703, -0.3123657119311464,0.05953602553109037]
[0.21934501279938917, -0.405863007796438, 0.2702461222535012, -0.9377684198742936, 0.2000037562929584, -0.28214587317852835,0.03134636188624738]
[0.17674418448692386, -0.41824919215096873, 0.2425425225753936, -0.9487845524899764, 0.19301867271553008, -0.24997111415111578,0.008130622951575428]
[0.13373066373739378, -0.4254956057786484, 0.21636765097916125, 0.9589121145950364, -0.18287878309609532, 0.2166635405753753,0.009990863902092405]
[0.09104281254815094, -0.4278076714910097, 0.19171403180940455, 0.9680797413630219, -0.16966286476180084, 0.18304601955589975,0.023027839847997972]
[0.0493568371146611, -0.4254727317007605, 0.16854554733039662, 0.9762182624230372, -0.1534695718936496, 0.14992214647395022,0.031118235990650434]
[0.009279497372632731, -0.41884486034521756, 0.14680178690450965, 0.9832613349967498, -0.134416872429234, 0.1180567486683853,0.03452326173179971]
[-0.028656030743733265, -0.4083299556918021, 0.12640296006834753, 0.9891460584817339, -0.11264135784256343, 0.08815737987496523,0.03361957565192405]
[-0.06399149105460275, -0.39437173091176453, 0.10725522762049935, 0.9938135651490936, -0.08829743017918429, 0.0608572370452393,0.02888872182392888]
[-0.09634254382809052, -0.37743909328392117, 0.0892562946466895, 0.99720958182123, -0.06155637155386529, 0.0366998988808628,0.02090407776451699]
[-0.12539596295709238, -0.35801525802348694, 0.07230110330879833, 0.9992849576356276, -0.032605302112358216, 0.01612624392642906,0.010315617972255754]
[-0.15090561143365866, -0.33658878813787113, 0.05628746136376389, -0.9999961532807224, 0.0016460332126649498, 0.0005361437016327949,0.0021671521294403537]
