[0.2680656591387569, 0.025011214241967946, 0.09630828753849988, -0.9998793354837373, -0.015526410276744083, 0.0004930112036677328,4.468189286718673e-05]
[0.29596057941639475, -0.0005633310662469424, 0.11570111364612012, -0.9991679704206349, -0.0006113884595037876, -0.040415577971908194,0.005438211733460027]
[0.31994970100085596, -0.03178437536347673, 0.13712399568837583, -0.9965336751084005, 0.014269511568086226, -0.08189440665537422,0.0032127205165946374]
[0.339013245512426, -0.06794216857662759, 0.1604908338369455, 0.9919825560599482, -0.02906340480296846, 0.12280830433156033,0.006636818608167888]
[0.35226686419021347, -0.10814903071934054, 0.18570264886003546, 0.9855251268782258, -0.04371770670940337, 0.16203404936626079,0.023957321588609252]
[0.35899215414471347, -0.15136554365075863, 0.21264819817735842, 0.977176280084312, -0.05818031343426237, 0.19848181801193826,0.04844106406710508]
[0.3586620853914524, -0.19643191108752656, 0.24120468414732166, 0.9669552466920589, -0.0723997803908519, 0.231115908448299,0.07963202594543149]
[0.3509604744254312, -0.2421034959245387, 0.27123854915905077, 0.9548855436523805, -0.08632549861113742, 0.2589743574955641,0.11693497754306151]
[0.3357948331844028, -0.2870894016343169, 0.3026063514035121, 0.9409949093275741, -0.0999078682737767, 0.28118709010872,0.15962712436416063]
[0.31330213827523257, -0.3300928598359333, 0.33515571455049703, 0.9253152271928263, -0.11309846882490845, 0.29699227090000047,0.2068720805237149]
[0.27566997247215386, -0.354405433769174, 0.31423138032764253, 0.9381861625964493, -0.10324300551131826, 0.24958353640430633,0.21646169287303338]
[0.23546586520754653, -0.37373230634310206, 0.29392993119411287, 0.949875668038064, -0.09326494090830958, 0.20345603491866962,0.2182739286350629]
[0.1934234975825247, -0.38777478584734526, 0.2743278473768341, 0.9603685308178204, -0.08318643665062721, 0.15975443867712188,0.21272240383925334]
[0.15030996940568067, -0.3963492688253213, 0.2554978482962023, 0.9696512934559486, -0.07303005718575126, 0.11954230842647375,0.20038117761586796]
[0.10690713177287553, -0.39939040977506446, 0.2375085370340877, 0.9777122792945913, -0.06281872094813566, 0.08378018692951464,0.1819708424255693]
[0.06399276468845722, -0.3969512163463643, 0.22042406622215893, 0.9845416150406893, -0.052575650670529835, 0.053305946538681044,0.158341672573133]
[0.022322108867835054, -0.3892001040382966, 0.20430382715248777, 0.9901312502050985, -0.04232432293984119, 0.028817780864598522,0.13045418567839479]
[-0.017389754590595156, -0.3764150287268257, 0.18920216378551089, 0.9944749733990192, -0.0320884171066842, 0.010860175744536849,0.09935752288279755]
[-0.054484212352100464, -0.3589748954783932, 0.1751681131940018, 0.9975684254548025, -0.021891763659205036, -0.00018686671603205745,0.0661660963057846]
[-0.08837369282642957, -0.33734851574521546, 0.16224517383656759, 0.9994091093442485, -0.011758292172988493, -0.004115144034106429,0.03203498578880729]
[-0.11855413793260959, -0.31208145011239363, 0.1504711029011339, -0.9999963968736195, 0.0017119789498139483, 0.000891972931294241,0.001865409377091432]
