[0.36378295794266174, -0.014517602698826005, 0.05323382252430789, -0.9998798477798463, -0.015492709307951935, 0.000512867554604162,5.411952169492747e-05]
[0.3862545489965832, -0.05196155931724598, 0.0826422935036725, 0.9990812201887189, 0.016116512794268553, 0.024038852593208093,0.03160865463089386]
[0.403156708612663, -0.09367534660577807, 0.11498738947276779, 0.996479875232643, 0.013179133760524814, 0.04573108523622099,0.06901330692537636]
[0.4137393917956723, -0.1387052251831023, 0.15038873781004744, 0.9916821183542085, 0.006493245204466748, 0.06394308025125926,0.11151545359817029]
[0.417332612195878, -0.18593382460083596, 0.188940599247805, 0.9842731986919185, -0.0040522107978848585, 0.07813673975147818,0.15838086950588037]
[0.4133819787828749, -0.2340816101313492, 0.2306888354727463, 0.9738279202214403, -0.01848727608312106, 0.08786652991514234,0.2087986478425624]
[0.4014894642609098, -0.2817178298843496, 0.2756088773849115, 0.9599218793514173, -0.03675791086476879, 0.09278757026954003,0.2618956057950886]
[0.38145665435986625, -0.32728305281587267, 0.3235859576657131, 0.9421430827172803, -0.05872470019446673, 0.09266176025123518,0.31675166844421326]
[0.35332700932626576, -0.3691245516620761, 0.3743987830418661, 0.9201036875016247, -0.08416338591986255, 0.08736184062298967,0.3724159469187381]
[0.3174232216233698, -0.4055447233245963, 0.42770767552081085, 0.8934516006281412, -0.11276723920061973, 0.07687332684971779,0.42792321591278437]
[0.27437563182607344, -0.43486155769000884, 0.4830480143733979, 0.8618816727873334, -0.14415124958895828, 0.06129429205837277,0.48231049036519325]
[0.2630468995547496, -0.44237905120445303, 0.4429849199201359, 0.8834666627298234, -0.12094091430208241, 0.030657545904196542,0.4515750944991732]
[0.2496342913102894, -0.44763706685911475, 0.4038000398060195, 0.9027430942434816, -0.09942202753071455, 0.0042675760801898594,0.41851159366472324]
[0.23449932997567757, -0.4505635731758735, 0.36570029627551287, 0.9198153948552803, -0.07971156365690421, -0.01777048755168595,0.38375762634607274]
[0.2179950855867588, -0.4511340484125357, 0.3288585372676009, 0.9347989086989544, -0.06190534032931599, -0.03544751213745154,0.3479399416813496]
[0.20045827706127298, -0.4493649297827638, 0.29341408117266765, 0.9478179843871157, -0.046077329500212864, -0.04884559515708767,0.311660161092534]
[0.1822031927900064, -0.4453060652816902, 0.2594741262825564, 0.9590040047890469, -0.032279193991741145, -0.0581312282201855,0.27548163775363743]
[0.1635175612689636, -0.43903261754747264, 0.22711595550827446, 0.9684933806622197, -0.020540053155595508, -0.06354660366609212,0.2399177087926922]
[0.14466040228736116, -0.43063687829241526, 0.19638984727375106, 0.9764255303229401, -0.010866478886765289, -0.0653993175458717,0.20542159729372006]
[0.1258617895791504, -0.4202204392093184, 0.16732258629336683, 0.9829408675511411, -0.003242720940970302, -0.06405075738017792,0.17237817767262498]
[0.10732436183698044, -0.4078871317338034, 0.13992145362663225, 0.9881788197066396, 0.0023688417904290126, -0.05990349071560592,0.14109776990388775]
[0.08922633483222205, -0.3937370953851252, 0.11417856432320517, 0.9922758975918319, 0.006027029651978381, -0.05338799035010027,0.11181207653145671]
[0.07172569686544222, -0.37786226522754274, 0.0900754133916189, 0.9953638379337775, 0.00781097804326037, -0.04494904375661968,0.08467232263918589]
[0.054965216033126624, -0.3603434866317327, 0.06758748692375169, 0.9975678384840275, 0.007819050601591911, -0.03503219748653188,0.05974960426027923]
[0.039077853208071764, -0.34124937388996884, 0.046688795069977695, 0.999004904656678, 0.006167561675837332, -0.024070582159286057,0.03703739636353824]
[0.024192160684455295, -0.32063693267239113, 0.027356187178374847, 0.9997823253552133, 0.0029893219072309437, -0.012472450217903474,0.016456118844365434]
[0.010437253683919729, -0.2985538693384107, 0.009573316682641803, -0.9999962941899901, 0.0015679775204510173, 0.0006097373169982293,0.0021403908957520266]
