[0.32399471368146604, 0.00424876398407758, 0.04288073062608527, -0.999878187400027, -0.015595688015304887, 0.0006202988007770334,1.0313293461325926e-05]
[0.331925589411536, -0.007480477946943275, 0.05925137301235092, -0.9992740255628512, 0.02777066015958086, -0.009830152636162357,0.024157408157030987]
[0.339446061793091, -0.018454330179008965, 0.07661165449432442, -0.9961082528159251, 0.06855832451496226, -0.02294935410280537,0.05041261705139564]
[0.3467780777148988, -0.028794568413250062, 0.09515235060482058, -0.9904634264476972, 0.10642166381220054, -0.03904478803794432,0.078307948945188]
[0.354052876332698, -0.03866680996077529, 0.11507256850905773, -0.9824373548693915, 0.14104056048236463, -0.058354049697539864,0.10732757772330014]
[0.3613030150894274, -0.04825531951257451, 0.1365679576129848, -0.9721418536933647, 0.17212300561196608, -0.08103835547591932,0.1369184873510175]
[0.36846145835243954, -0.05773698626809623, 0.1598186886959525, -0.9597013697678539, 0.19940743194143928, -0.10717763794951235,0.16650198460015017]
[0.3753676880452589, -0.06725618907918443, 0.18497764316540002, -0.9452514891013739, 0.22266477459874098, -0.1367673396224138,0.19548584428836457]
[0.38178038038451045, -0.07690219633722609, 0.21215924967324915, -0.9289373458343575, 0.24170024181760325, -0.16971698283126768,0.22327683793484485]
[0.3873958077154169, -0.08669058157138879, 0.24142938609708467, -0.9109119504514026, 0.2563547805796926, -0.2058505570465543,0.2492933877229455]
[0.3918707912954292, -0.09654988438166262, 0.27279673138983357, -0.8913344562636438, 0.26650622494657905, -0.24490872761795376,0.2729780838794082]
[0.3745663266461758, -0.1514481245074188, 0.26566149632528613, -0.8925412964661453, 0.27112769831527694, -0.27452859286523257,0.23343919338497637]
[0.349541496704184, -0.20328852319349908, 0.2585536762257451, -0.8937399058995, 0.27559249666972735, -0.29803794559297836,0.19092181480599973]
[0.3173300230243213, -0.25098648724312794, 0.25147638391479343, -0.8949305817476338, 0.27990034800646824, -0.31518023809017615,0.14634365909092134]
[0.27861713170236957, -0.2935494242675331, 0.2444326197482183, -0.8961136161113121, 0.28405105543008835, -0.3258339588721271,0.10063605802433956]
[0.23422389698845092, -0.3300976856918023, 0.23742527066097707, -0.8972892957723896, 0.28804449702456864, -0.330011403684317,0.0547244083061631]
[0.18508873565813524, -0.35988287979830047, 0.2304571094277326, -0.8984579019611546, 0.29188062569242185, -0.32785465258670127,0.009509233734339786]
[0.15435189675572902, -0.36593735059421767, 0.19997822848730112, 0.916291556105894, -0.2804762197712616, 0.2857842823678785,0.008379636229536722]
[0.12376043208327676, -0.3686712576832162, 0.17163165085854906, 0.9327514423861637, -0.2645381147722552, 0.24397116944222424,0.021734788709945718]
[0.09385983496897315, -0.36840403662922255, 0.14535132760630073, 0.9476990801708638, -0.24423470296324482, 0.20316381721432078,0.03066474664269413]
[0.06513206807141966, -0.365469250230506, 0.12102050810836257, 0.9610019657041969, -0.2197734285891148, 0.16408305832322098,0.03537812841507568]
[0.037995756350707066, -0.360199641825685, 0.09848381786912333, 0.97253516316677, -0.19139908446852946, 0.12740813120438876,0.036178929942692443]
[0.01280897258793464, -0.3529146865836817, 0.07756042295727902, 0.9821828235261967, -0.15939176156752577, 0.09376353926943953,0.03345991957816759]
[-0.010126026826151366, -0.34391111162953103, 0.05805774602145952, 0.9898396129178935, -0.12406447002635601, 0.06370694902357851,0.027694270558035174]
[-0.03055682806323915, -0.33345665565356974, 0.039785182549435055, 0.995412033345002, -0.08576045326770797, 0.037718363814490695,0.01942559029847124]
[-0.04827438338792483, -0.32178713004660103, 0.022567269924171796, 0.9988196197329672, -0.04485021976064555, 0.016190785625747543,0.009256537405201937]
[-0.0631067436159354, -0.30910663827225787, 0.006255785716053369, -0.9999959988050131, 0.0017283197264318971, 0.0005774511380833508,0.002163754854599893]
