[0.3792751555850357, -0.06275453714265876, 0.13140386979256044, -0.9998790904731699, -0.015540634893036642, 0.0005370268734215087,6.858429243477279e-05]
[0.4069745372067411, -0.10103894530249471, 0.15640660243528873, 0.9975387779718965, -0.026934912736862042, 0.06468765485700202,0.002530657482730267]
[0.4279268316193947, -0.14541141179163453, 0.1858750379648082, 0.9891204998554993, -0.06959625665269652, 0.12892777912464753,0.013214597819297446]
[0.4406716490121293, -0.1945278170138443, 0.21946359128310106, 0.9746428342079558, -0.11194504428497852, 0.1911332273397825,0.03174495540706612]
[0.4440548237037658, -0.24673191285431562, 0.2567500639642982, 0.9541787706101461, -0.1534884757724236, 0.2502975234396825,0.05775215391593816]
[0.43729346702561245, -0.300128471325328, 0.29724365305175654, 0.9278546688077601, -0.19374463686807203, 0.3054742496864637,0.09074255911639799]
[0.42002317230504455, -0.35266934870289524, 0.3403943881946197, 0.8958486521844904, -0.23224767950850292, 0.3557923208107851,0.1301077714597534]
[0.3923249369904235, -0.40224810000367484, 0.3856037909203772, 0.8583884568755132, -0.26855279110155356, 0.40046985828672094,0.17513579901965895]
[0.3561814534915252, -0.4278933843023007, 0.347316870429939, 0.8799973335750587, -0.2516599901136677, 0.3506190255212757,0.19833870328124756]
[0.31685126974826006, -0.4483450192207501, 0.30977902496942833, 0.9000223642382076, -0.23356769609064715, 0.30006224436941825,0.21299888431154296]
[0.2751428085633484, -0.46320663764957076, 0.27316921977150244, 0.9183915193723179, -0.21435124952892826, 0.25008399758511596,0.2192454175626952]
[0.23191065501983607, -0.4722094062963672, 0.23766078013574313, 0.9350378459200168, -0.19408987457272, 0.20192764509689248,0.21739037106372597]
[0.1880355020058783, -0.47521685378045897, 0.203420411235915, 0.9498996909378877, -0.1728663920799976, 0.15677006207197602,0.2079205023159068]
[0.14440369020541116, -0.47222655949536263, 0.17060725930018994, 0.9629209071770561, -0.15076692015113047, 0.11569773824951364,0.1914854972926285]
[0.10188683247785055, -0.4633686907332359, 0.13937202045639466, 0.9740510398435008, -0.1278805632198316, 0.07968480474485193,0.1688829926995273]
[0.061322006978045046, -0.44890145192684416, 0.109856103195728, 0.9832454938851836, -0.10429909084761284, 0.0495734161564359,0.141040684958008]
[0.023492985894627866, -0.4292035842140284, 0.08219085002482929, 0.9904656812247692, -0.08011660740008358, 0.026056869173012483,0.10899588571847786]
[0.009381653928534683, -0.3940042976906835, 0.05056439007941496, 0.9976343624234715, -0.041136931883766104, 0.009422605300958889,0.0542645948703818]
[-0.0034239121611671095, -0.35592114412673875, 0.023092796298606805, -0.9999962339445887, 0.0016927760857828968, 0.0007772067090339617,0.0020155782035482994]
