[0.2973532925051771, 0.07257007849340531, 0.16011131883536137, -0.99987881730238, -0.015558117081294802, 0.000539904096367525,6.485711598185841e-05]
[0.3453296633623911, 0.06903759728309954, 0.1874529960295113, -0.9969616715935724, 0.03783220084427755, -0.06572622581197382,0.017782384349179562]
[0.39106367712528245, 0.06077334236111246, 0.2195923899412969, -0.9865087401554409, 0.09058902341662504, -0.1314211516616821,0.036367778723265444]
[0.43356783743409405, 0.04799207907121044, 0.25617790988049793, -0.9686458158355147, 0.14182881051596788, -0.1962256143434792,0.055725938731441056]
[0.47192074878085094, 0.031052956415420697, 0.29677329901379434, -0.9436044425609017, 0.19068965527587528, -0.2598260870834271,0.07575299215881486]
[0.505293773105321, 0.010447596204734833, 0.3408655735507027, -0.9117185062779188, 0.236343844460376, -0.3219163872960495,0.09633686774184848]
[0.5329749639653658, -0.01321620067169479, 0.3878744117724673, -0.873419339335836, 0.27800991161631317, -0.3821992448803319,0.1173579308361637]
[0.5543895179496536, -0.03923458659002779, 0.437162815479333, -0.8292294108957772, 0.3149640077697651, -0.44038781856962506,0.13868967939445634]
[0.5691160955978851, -0.06683096770246194, 0.4880488423264132, -0.7797546965201227, 0.34655042453486423, -0.4962071522512975,0.16019949614207485]
[0.5768984976712843, -0.0951816983014599, 0.5398181872396165, -0.72567583929583, 0.3721911170086134, -0.5493955635213937,0.18174945244809915]
[0.5776523327685262, -0.12344331655575369, 0.5917373750357182, -0.6677382323868454, 0.3913940885517729, -0.5997059571314644,0.2031971590270223]
[0.5714664740657596, -0.1507804192078285, 0.6430673148194959, -0.6067411685405848, 0.40376051628664367, -0.6469070564168926,0.22439665827275695]
[0.558599271055594, -0.17639325273680176, 0.6930769599146348, -0.5435262155638221, 0.40899051463133934, -0.6907845462658945,0.24519935272484802]
[0.5394696510518355, -0.19954410886385954, 0.7410568151325602, -0.4789649879382413, 0.4068874541651079, -0.7311421216931893,0.26545496389847323]
[0.5146434093808627, -0.21958165272000504, 0.7863320361305786, -0.4139464934037259, 0.3973607742869532, -0.7678024366192157,0.28501251547682593]
[0.48481514122908315, -0.2359623811266247, 0.828274873400595, -0.34936423937322325, 0.3804272501794393, -0.8006079480215734,0.30372133466841844]
[0.45078640703376854, -0.24826850393284947, 0.8663162259129681, -0.2861032873703046, 0.35621069719763504, -0.829421651216841,0.3214320653740212]
[0.4543151126716447, -0.28592301908687456, 0.8371845804615842, -0.3295962479215938, 0.37419198898391076, -0.8350215848009328,0.2325631562668752]
[0.45301161307000937, -0.32376500491564897, 0.8061140994520588, -0.3738423081630223, 0.38874490658829414, -0.8294438168913851,0.1454038543149835]
[0.44681207858348504, -0.361130230251606, 0.7732953619835525, -0.41855493309015335, 0.39981069233624716, -0.8131327084599096,0.06146850178880255]
[0.43575044182281536, -0.3973479191162785, 0.7389343408896432, 0.4634436491527019, -0.40735446163321903, 0.7867433002100498,0.017813091313341963]
[0.4199587743829341, -0.43175554064471366, 0.7032506270884396, 0.5082160403233181, -0.41136546003702157, 0.7511265703485847,0.09112513354168683]
[0.3996653890560845, -0.46371352192870574, 0.6664755290438527, 0.5525797593848469, -0.4118571533669862, 0.7073105747701518,0.15729286556276317]
[0.37519070373212593, -0.49261953159765176, 0.6288500646651594, 0.5962445404730985, -0.408867150112442, 0.6564778746873994,0.2153065293038487]
[0.34694095780110845, -0.51792199172521, 0.5906228639663947, 0.6389241988961211, -0.4024569565699687, 0.5999397355225794,0.2643417861679956]
[0.31539992428329433, -0.5391324938715302, 0.5520480016328269, 0.6803386043323616, -0.3927115663032761, 0.5391076493059159,0.3037761537819783]
[0.28111880981636866, -0.5558368212914792, 0.5133827792911453, 0.7202156136883903, -0.3797388866732994, 0.4754627894469023,0.33320111584289386]
[0.24470457881394075, -0.567704312906294, 0.4748854777469876, 0.758292950170839, -0.3636690063211264, 0.41052405035500283,0.3524296520480839]
[0.20680697647744112, -0.5744953447134741, 0.4368130997337107, 0.7943200154949611, -0.3446533085947631, 0.3458153540622986,0.3614990328528353]
[0.16810455694482576, -0.5760667498994173, 0.3994191238072319, 0.8280596226112543, -0.3228634369847607, 0.28283292111630454,0.36066882481317014]
[0.12929004691336438, -0.5723750488861743, 0.3629512899224693, 0.8592896368786824, -0.2984901196658632, 0.22301320325143528,0.3504141543806347]
[0.09105539098851267, -0.5634774136441967, 0.3276494369382924, 0.8878045142444186, -0.2717418612248758, 0.1677021607148431,0.3314143790435856]
[0.05407683239846209, -0.5495303455162197, 0.29374341182256597, 0.9134167257013301, -0.24284351058203696, 0.11812653793647679,0.304537412500329]
[0.01900038139968887, -0.5307861011586165, 0.26145106967124343, 0.9359580580806579, -0.21203471497782303, 0.07536774812455346,0.2708200430189603]
[-0.013571986274509031, -0.5075869556409423, 0.2309763828215488, 0.9552807820931009, -0.17956827069325781, 0.040338921263363414,0.23144466931673977]
[-0.043095076943970814, -0.4803574439019083, 0.20250767633679648, 0.971258679450789, -0.14570838189390448, 0.013765602094634942,0.18771295436474894]
[-0.06909187481672557, -0.44959477034912004, 0.1762160059785752, 0.9837879218790563, -0.11072883963069678, -0.003829493568150607,0.14101696287304932]
[-0.09116332202650401, -0.41585762020974326, 0.15225369347157244, 0.9927877958536996, -0.07491113359015195, -0.012137342735803745,0.09280840144892637]
[-0.1089962587598794, -0.37975364420987107, 0.1307530324193602, 0.9982012679693708, -0.038542509658353145, -0.011068871587357814,0.044566620416619344]
[-0.12236934476322939, -0.3419259193494825, 0.1118251766593309, -0.9999953869504672, 0.001913986744113016, 0.0007564749914484932,0.0022339378049428768]
