[0.2198771700054586, -0.00672332935190827, 0.13164351560780843, -0.9998801539434995, -0.01547320137208291, 0.0005040690415058107,6.085741091950396e-05]
[0.23320803372736823, -0.013874107007845228, 0.15047186986365552, 0.9941506640118197, 0.1052672997305815, 0.0077899453553141994,0.0228597813561579]
[0.24658648644950823, -0.020849543244641694, 0.16986299359350104, 0.9799827255083127, 0.19296819016010264, 0.012948318425001526,0.047217330945307015]
[0.2599592891945041, -0.027622590159309037, 0.1898300032502189, 0.9577884491475643, 0.27775417979280365, 0.014790236691239104,0.07263023602982516]
[0.2732682085745857, -0.03416837129651122, 0.21038120921189557, 0.9280614922201528, 0.358869172316895, 0.013180277102830736,0.09869682930156874]
[0.2864505368166195, -0.040464586325495586, 0.23151972361195605, 0.8913675815331367, 0.4356307824033872, 0.008030481259379305,0.12500066953869823]
[0.29943967389238024, -0.04649187465296385, 0.25324311400016913, 0.8483342397807723, 0.5074371492931775, -0.0006981922129349932,0.15111608008556549]
[0.3121657651283972, -0.052234132754673555, 0.2755431068720545, 0.799639888641467, 0.5737723739145921, -0.012995055124610631,0.17661381590403555]
[0.32455638699138184, -0.05767878065230188, 0.298405344648928, 0.7460025086217799, 0.6342105265554508, -0.028799526774680045,0.20106678590414684]
[0.3365372731546358, -0.0628169736671273, 0.32180919919884765, 0.6881680394694982, 0.6884181952888812, -0.04800162200618154,0.22405575674970532]
[0.3480330724551771, -0.06764375633912346, 0.3457276444646472, 0.6268987058284508, 0.7361555686746837, -0.07044308335720739,0.24517496476393474]
[0.35896812995664273, -0.07215815619917307, 0.3701271902139831, 0.5629614507281459, 0.7772760693555294, -0.09591914219373743,0.2640375639224422]
[0.3457502796821716, -0.11833636863032965, 0.34710351702856246, 0.6259922486721882, 0.7370956410555489, -0.1055678648323534,0.23168760530935884]
[0.3257249384928379, -0.16222037056666466, 0.32461889685252165, 0.6869272639096549, 0.689994565011001, -0.11064663678347435,0.1994887368283769]
[0.29938817418351227, -0.2026914591172851, 0.302734399216799, 0.7448959004225224, 0.6360016866161919, -0.11132685971868167,0.1680425019459543]
[0.2674230280008012, -0.23876224063788012, 0.2814985699854965, 0.7990125750228819, 0.5752622484021591, -0.10785860751977965,0.1379085613821366]
[0.2306623231954934, -0.2696038116532315, 0.2609477477584504, 0.848392756480585, 0.5080412895000713, -0.10056257183921234,0.10959447093472936]
[0.19004957716012844, -0.294562603536606, 0.24110657867634472, 0.8921695549255122, 0.43472479828851174, -0.0898206980675714,0.08354685640813024]
[0.14660073798234238, -0.3131677194064374, 0.22198871767846473, 0.9295105437728255, 0.3558185399569693, -0.07606574046383033,0.06014414988780264]
[0.10136891047244448, -0.32513025695999576, 0.20359770140126587, 0.9596344861382974, 0.27194452590514795, -0.05976998521736303,0.03969101550006968]
[0.055413534114140836, -0.3303365451199158, 0.18592797528502697, 0.981827633874916, 0.18383513834473902, -0.04143340467073808,0.022414554350814013]
[0.009774707600756306, -0.32883739824949965, 0.16896605511553509, 0.9954592701135192, 0.09232497025661152, -0.021571514579377313,0.0084623383841302]
[-0.03454739361133739, -0.3208354085791588, 0.15269180120319129, -0.9999961755398705, 0.0016595129525683863, 0.0007032089838119643,0.0020977176926740984]
