[0.3162898845370771, -0.05112256990374422, 0.06559331913788202, -0.9998798648822363, -0.01548768001468819, 0.0006204258147311365,5.1406732472621465e-05]
[0.34223319819142073, -0.07309884378406908, 0.0771278157944972, 0.9982224710405299, 0.052727029342203365, 0.021818427523967746,0.017196363187217213]
[0.36675548905394534, -0.09657597883546937, 0.08917041515324198, 0.9943745778593756, 0.08989067178166552, 0.04200788100231806,0.03707025717910449]
[0.38972763071095473, -0.12143635498588876, 0.10168814333246079, 0.9883431004953556, 0.12687019767334776, 0.059678901901305065,0.059332093452092574]
[0.41103185204570286, -0.14755265206316914, 0.11464380110072436, 0.9801414419559682, 0.16355783382575698, 0.07458654890837542,0.08371639909026339]
[0.4305626126772546, -0.17478906691547494, 0.1279961779135577, 0.9697894374551788, 0.19984683452860097, 0.08651276450484462,0.1099328490806795]
[0.44822733659074127, -0.2030026121670732, 0.1417002970413653, 0.9573132740327598, 0.23563186797697902, 0.09526891623797419,0.13766899343425124]
[0.4639469954759952, -0.23204447930337183, 0.15570769001426762, 0.9427453858018643, 0.2708093965195581, 0.10069805701731516,0.16659324601839254]
[0.47765653547549314, -0.26176144785561173, 0.1699666983837128, 0.9261243252925501, 0.3052780491716315, 0.10267687739674115,0.1963581056219401]
[0.48930514333118114, -0.2919973218128698, 0.18442280059025332, 0.9074946114601234, 0.33893898486883306, 0.10111732594633753,0.22660357698056544]
[0.49885635027659625, -0.3225943740390316, 0.19901896153346502, 0.886906555025751, 0.371696244978787, 0.09596787724848826,0.25696075703780863]
[0.5062879744078634, -0.35339477942232705, 0.213696002265102, 0.8644160619123599, 0.403457093635865, 0.08721443073320283,0.2870555496323173]
[0.5115919046460182, -0.3842420177371874, 0.22839298707163255, 0.8400844156310001, 0.434132344518354, 0.07488082745906076,0.3165124701113131]
[0.5147737317349761, -0.4149822277498125, 0.24304762507844904, 0.8139780395611637, 0.4636366727473845, 0.05902897600567449,0.3449585000947524]
[0.4590159185485189, -0.44824809259806797, 0.23515008384227643, 0.841370279568671, 0.4306689162859678, 0.032055939537693194,0.3249503868961575]
[0.4015269168335927, -0.4737241511739468, 0.2269408318620922, 0.8667025960352879, 0.39675141079906784, 0.008245236075304434,0.30223656982024005]
[0.34340568668424887, -0.49142717987118095, 0.21848758299314713, 0.8899206345021086, 0.36200967461302014, -0.012128580307065515,0.27720598354594633]
[0.28572029111211616, -0.5015316570207011, 0.2098587728082589, 0.9109783742728191, 0.3265723006275581, -0.02883524100744435,0.2502747748897565]
[0.2294848880093074, -0.5043616636159575, 0.20112303452559124, 0.9298383181365504, 0.29057040571267945, -0.04169140789793609,0.2218814276960747]
[0.1756384209241741, -0.5003793808195763, 0.19234867629598368, 0.9464716452301212, 0.25413706829044597, -0.050562790537016164,0.1924816342128128]
[0.12502551710508264, -0.490170513173681, 0.1836031637092806, 0.9608583262965404, 0.21740675657301214, -0.05536571157387987,0.16254296959552725]
[0.07838003992881644, -0.4744270428620423, 0.17495261132383533, 0.9729872007628165, 0.18051474997489914, -0.05606810237622473,0.1325394284323257]
[0.03631166998071013, -0.4539277855924298, 0.16646128693989115, 0.9828560152292382, 0.14359655625306053, -0.052689917170459004,0.1029458837862684]
[-0.0007041932856762089, -0.42951727095193576, 0.1581911322266109, 0.9904714231335786, 0.10678732695244084, -0.04530296038005966,0.07423253019329928]
[-0.03233300693106846, -0.40208350806780513, 0.15020130317510644, 0.9958489455263817, 0.07022127374737722, -0.03403012831348046,0.04685937232035679]
[-0.05838402886291871, -0.37253522011204954, 0.1425477336870489, 0.9990128930668112, 0.03403108827026313, -0.01904407281659325,0.021270820576045377]
[-0.0788096194496955, -0.3417791380768506, 0.1352827254216704, -0.9999962495217469, 0.0016526319916674778, 0.000565300894961275,0.0021095461215167124]
