[0.25431457769529514, 0.07654568399372036, 0.1035422225624103, -0.9998802934896882, -0.015459851508582232, 0.0006195406586444518,8.860970612899758e-05]
[0.2604138903136246, 0.07762940146302647, 0.10814182365770986, -0.9999104103503853, -0.009094618889121742, -0.008525155994793112,0.004876565948535643]
[0.2855447026965016, 0.050236909447053585, 0.1203594499577686, -0.999252110292004, 0.009008030896832189, -0.03491729857184447,0.013959144557728946]
[0.30719929046081157, 0.017542120217555503, 0.1334526237416631, -0.9974935177779273, 0.027128725896238694, -0.06305271627940415,0.017177578177730243]
[0.3243818010321203, -0.01992839522553568, 0.14739798642402194, -0.994635216351766, 0.045229844528149654, -0.09192704002696887,0.01429919119095544]
[0.33618683832329954, -0.06146992638635162, 0.16216941882470215, -0.9906795466397682, 0.06327384964634297, -0.12051109055393516,0.005247177723006661]
[0.34183053317157935, -0.10621630400719241, 0.17773812390293728, 0.9856305994168326, -0.08122336299522638, 0.147773903053527,0.009897493283050939]
[0.3406784321777944, -0.15316191598082313, 0.19407271960981615, 0.9794942052345579, -0.09904123923584353, 0.17270576336469395,0.030897477941878783]
[0.33226929943915906, -0.20118844333462071, 0.21113934149287042, 0.9722779206362586, -0.11669063938519063, 0.19434079005887311,0.05736372584135177]
[0.31633404500478207, -0.24909554910244686, 0.22890175464671592, 0.9639910109912052, -0.13413510351342256, 0.21177860726801676,0.08876331583045441]
[0.29280913847888596, -0.29563462394453416, 0.24732147456556342, 0.9546444299875967, -0.15133862254524663, 0.22420467253514287,0.12443029547973326]
[0.2618440315868008, -0.3395445906825068, 0.26635789641719165, 0.9442507958309457, -0.16826570901385088, 0.23090885190382612,0.16357930142639968]
[0.2238022945721449, -0.3795886987687003, 0.2859684322238001, 0.9328243642016039, -0.18488146661810823, 0.23130187031853544,0.20532168331707834]
[0.17925636237538617, -0.4145912014261769, 0.30610865540316523, 0.9203809980320964, -0.2011516584365132, 0.2249293084505847,0.24868380520175543]
[0.1421619235897192, -0.4167819434263371, 0.27230774294414184, 0.9387321181504272, -0.17892015558284455, 0.17441463222508588,0.23737970499773442]
[0.1049508011444831, -0.4134952880224947, 0.23982254450946647, 0.9547956556503245, -0.15568304063413427, 0.12847314253090067,0.21822625519953515]
[0.06846607262194138, -0.40480130204012776, 0.20883993527603487, 0.9685048375089401, -0.13155117367469196, 0.08821536950853236,0.19212162035821456]
[0.033523064706100406, -0.39090195996007737, 0.1795345971076687, 0.9798012588561616, -0.10663916456262766, 0.05459954283339447,0.16011393333389368]
[0.0008887299197134083, -0.37212384172280305, 0.15206769265092138, 0.9886351179085392, -0.08106484593099482, 0.028411925316669816,0.12337688961857148]
[-0.02873733642817082, -0.34890761217230404, 0.1265856587423299, 0.9949654129685034, -0.054948731908671125, 0.010250949512589558,0.08318282209768513]
[-0.05473973828497634, -0.32179462273233356, 0.10321913013169914, 0.9987601005895173, -0.028413465183968842, 0.0005154726808017064,0.04087383948899841]
[-0.07660154676125366, -0.29141105349172886, 0.08208200325375212, -0.9999962141964586, 0.001583255089999719, 0.0006026231156406401,0.0021683499374939874]
