[0.3560216810563297, -0.052644095586704874, 0.06345577670739366, -0.999882177197627, -0.015336332120733544, 0.000643645356898065,0.00011983434704446498]
[0.3675870200403863, -0.06505450451993193, 0.0755375226631115, 0.9955335090194872, 0.09273064586311051, -0.004188736215176379,0.017219588440985173]
[0.3784758681139147, -0.07883810060043338, 0.08827721984769751, 0.9850937653695386, 0.16794168420656808, -0.01059326783892795,0.035688188696242934]
[0.3886667846539209, -0.09391254912925555, 0.10175504820692338, 0.9689209587244574, 0.24038199714873465, -0.020090154397506943,0.05481839916988505]
[0.3981255719451724, -0.11018157234305262, 0.11605334720868149, 0.9474331036784028, 0.30951583092719126, -0.032839461990587,0.07410825997099246]
[0.4068054771753275, -0.12753475987694923, 0.13125342387422378, 0.9211011525606289, 0.3748654381599948, -0.0489239155796354,0.09303236269682383]
[0.4146478456541378, -0.14584756463652343, 0.14743232311414883, 0.8904412600059303, 0.436016446021755, -0.06834600955930328,0.11105333968381671]
[0.4215832133491669, -0.1649815126273504, 0.16465963436224815, 0.856006500449961, 0.49262221098664455, -0.09102678385337441,0.12763366738973017]
[0.42753281561578027, -0.18478465154621565, 0.1829944079905959, 0.8183781700780745, 0.5444071048581164, -0.11680629455197182,0.14224754645583276]
[0.4324104782902328, -0.2050922582521677, 0.20248225294358013, 0.778156810210554, 0.5911686937787239, -0.14544577465352024,0.1543926191705123]
[0.38276735232361964, -0.2658730449815701, 0.2213992404269588, 0.8268574541036372, 0.5197754755543726, -0.16453020314382144,0.13809423542976187]
[0.32434953878965445, -0.31527550076944566, 0.23981754292833599, 0.8691074986550286, 0.44458174956799756, -0.18110452025970963,0.11916533251813811]
[0.25967033870578377, -0.35206804959738447, 0.25767971100877807, 0.9046027118372588, 0.3662283144154938, -0.1948605152208862,0.09798027895915974]
[0.19139529012020165, -0.3755595937337658, 0.27493402773531095, 0.9331095339580725, 0.2853789192405021, -0.20554442736182924,0.0749463706270682]
[0.12222825368835354, -0.38561088732612864, 0.2915344227318516, 0.9544663795393629, 0.20271178264819967, -0.21296013866176786,0.05049596860909792]
[0.0547994287494768, -0.3826223533139501, 0.3074402997489154, 0.9685838635360501, 0.11891113474017799, -0.21697123364494544,0.025078379193488216]
[0.044104604447899834, -0.3822860334942662, 0.2807533704960996, 0.9741608623397686, 0.11842939369099104, -0.1920211848348041,0.010628149888903343]
[0.033036191011796355, -0.3805487676286598, 0.2549921784679263, -0.979454464859167, -0.11455024249267659, 0.1659706537623238,0.000967110137858442]
[0.021647201091342667, -0.3775364593911877, 0.23026337803451927, -0.984360683531344, -0.10729559156694313, 0.13939185513235824,0.009571388131559678]
[0.009953503904676357, -0.3733528111853452, 0.2066345992863526, -0.988775149352443, -0.09672125072358126, 0.11286925183443756,0.01514053076529243]
[-0.00205758038996497, -0.36806578592269684, 0.18413754289338513, -0.9925947523726051, -0.08291648504915544, 0.08698511999204393,0.017722950359063395]
[-0.014415080132763288, -0.3616970939524556, 0.16277252809317164, -0.995719261562787, -0.06600325660129182, 0.06230518051745665,0.017458142844229658]
[-0.027149447748763475, -0.35421565712500164, 0.14251426839880774, -0.9980529042861197, -0.04613515876850311, 0.03936462271183506,0.014573052192373467]
[-0.0402760253011209, -0.3455357441850704, 0.12331860487719845, -0.9995058861059368, -0.023496053058853675, 0.018654836727726592,0.009376363735680092]
[-0.053778173211378746, -0.3355201597235478, 0.10512989233549103, -0.9999958323762369, 0.0017015791075144738, 0.0006111560762631122,0.0022508547151430538]
