[0.33385496147668203, 0.0009647464587244554, 0.11589896203895911, -0.9998782152155498, -0.01559646171257302, 0.0005353118966264003,0.00013623725091659188]
[0.3280226283991856, -0.03174283115021967, 0.12447092113363681, 0.9981992601866306, 0.04224812173691774, -0.018132301299923482,0.03852989517419891]
[0.3203164183262937, -0.06656774799352522, 0.13507639166030083, 0.9940316463024383, 0.0648410985248539, -0.03922031190622879,0.07847601687989104]
[0.31050331073336546, -0.10296175266650215, 0.14811967884638116, 0.9873348129242588, 0.08314471113273382, -0.06388577346673897,0.1190610437843963]
[0.29836361437910897, -0.1402854124169691, 0.1639546844171486, 0.9780738309062894, 0.09697153104091781, -0.09212788946134264,0.1596262993597057]
[0.28371180171758426, -0.17781571503233662, 0.18286584486577093, 0.9662203100114679, 0.10617942972419075, -0.12385667881197401,0.19950880767138138]
[0.26641778862291277, -0.21475914501824647, 0.20505135902702093, 0.9517533189039638, 0.1106731645907823, -0.15889295078211302,0.23805482726990604]
[0.24642723201075747, -0.2502702288969165, 0.2306094234508916, 0.9346603033556301, 0.1104054861263711, -0.19697023630659635,0.27463334097244113]
[0.22377938221407428, -0.28347518171501845, 0.25952808181072684, 0.9149379879367148, 0.1053777539973771, -0.23773865747913642,0.30864921502055115]
[0.20402933680162338, -0.2903633020743408, 0.2406547531985055, 0.9266578586123182, 0.10927257202576952, -0.2462655001096813,0.26214122440134213]
[0.18476625411715308, -0.2956573096341826, 0.2229441639177979, 0.9375198152252071, 0.11132222251801083, -0.24816140572659218,0.21697897488361895]
[0.16613461592940879, -0.29965540084574616, 0.20641770862340772, 0.9475184679559367, 0.11152484023825517, -0.24386122159116685,0.1740766138696703]
[0.14819604783514376, -0.3026649656022023, 0.1910810530186843, 0.9566495070497519, 0.10988570012675726, -0.23392585388140882,0.13425925835849511]
[0.13093007981018595, -0.3049829429204325, 0.1769246952076994, 0.9649096699445143, 0.10641719169601468, -0.21902628946296662,0.09824558353018853]
[0.11423926707417797, -0.3068767528023264, 0.16392474915901906, 0.9722967069781727, 0.1011387661317129, -0.19992521574778788,0.06663311258643713]
[0.09795847763723474, -0.3085667392851273, 0.152043935806466, 0.9788093459153444, 0.09407685631172692, -0.1774566808026271,0.0398865377513907]
[0.08186795651449298, -0.3102110052919842, 0.14123276422311357, 0.9844472555330923, 0.08526477006021803, -0.1525042808344862,0.01832933133251374]
[0.06570959436096727, -0.31189342481843424, 0.13143088249359702, 0.9892110085052692, 0.07474255705640526, -0.1259783958801673,0.0021388286790834346]
[0.04920566853238911, -0.3136154857649784, 0.12256857541894295, -0.9931020438228587, -0.0625568499185145, 0.09879301616011808,0.008655116470637008]
[0.03207919480026478, -0.31529245257123345, 0.11456838405476832, -0.9961226289845949, -0.048760680082316585, 0.07184271059763457,0.014167887517693767]
[0.014074934426871934, -0.31675414843499067, 0.10734682033974363, -0.9982758221878097, -0.03341326919017876, 0.0459802852183626,0.014654338897260569]
[-0.00501995116664327, -0.3177504502402898, 0.10081614874250766, -0.9995654347439697, -0.01657979680029964, 0.02199566259344688,0.01049965857707256]
[-0.025356614256338852, -0.3179613741927149, 0.0948862059613059, -0.9999959939367518, 0.0016688546835609095, 0.0005964845299147232,0.002207088738391086]
