[0.37937571035480233, -0.05929980570447479, 0.04018308398701326, -0.9998803056102309, -0.015455422778401595, 0.0007055444772935772,8.103408516079885e-05]
[0.41790135794729466, -0.08894720522397495, 0.06920851150372395, -0.9963264411844948, 0.0588791212058583, -0.0618741421688861,0.006201791155006409]
[0.45094038224134525, -0.12495203923484062, 0.10302271696763865, -0.9833420687025043, 0.1321985408347971, -0.12430368786747388,0.010512606887714208]
[0.46277645386474664, -0.16150949510035248, 0.1264907072797979, -0.9706766263988845, 0.17669805617604406, -0.16278183949026828,0.008170473588039594]
[0.47008066692080175, -0.2002414845240515, 0.15149705760199259, -0.9545484219288533, 0.22019275650110937, -0.2008526382693394,0.0032677022240854624]
[0.4550527342190107, -0.26793872830805926, 0.17985846457762025, 0.9340495066530969, -0.26461673200657027, 0.2391563745855115,0.01826835401408736]
[0.42830411704396054, -0.3343424311869219, 0.20950307976875293, 0.9099782734474143, -0.3074094213044346, 0.2743398546272405,0.046654407187749956]
[0.3899877770152896, -0.3972253249797905, 0.2402653151244463, 0.8824774479962687, -0.34833601670797054, 0.30540875612976653,0.08136992639351741]
[0.34070093256920186, -0.45439707908003746, 0.27196972693527555, 0.8517079234300374, -0.38717400429181936, 0.3314585113913806,0.12175860870321245]
[0.28147250585855027, -0.5037950712740608, 0.3044327916309492, 0.8178476611853251, -0.4237145885808633, 0.351692388497261,0.16704374992957788]
[0.21373182622849762, -0.5435709667706036, 0.3374647645777451, 0.781090474700137, -0.45776401733265104, 0.3654369834528091,0.21634598654261822]
[0.18478949272040837, -0.53833099329209, 0.3085114739975501, 0.814481845869879, -0.42744139952602644, 0.3201924791639919,0.2266935133753135]
[0.15581593372413266, -0.5300774666795364, 0.2800885343162339, 0.8454824717662194, -0.3951972502031001, 0.27528113921999553,0.23064868904403976]
[0.12711677664282509, -0.5187948140001826, 0.25234385466523757, 0.873957798934307, -0.36117067884305026, 0.23151734426637263,0.2283708075253879]
[0.09900196697911978, -0.5045063032738866, 0.2254211015605267, 0.8997835814154522, -0.3255102600883507, 0.1896842230610266,0.22011922386318664]
[0.07178056831069476, -0.4872745128377144, 0.19945843703329488, 0.9228465846674582, -0.28837326602870045, 0.1505215045751372,0.2062481933690225]
[0.045755535569725364, -0.4672010497036917, 0.17458730519785215, 0.943045228222285, -0.24992484532024156, 0.11471416439290473,0.1872002396004602]
[0.021218572925661445, -0.44442552215347214, 0.15093128008994167, 0.960290163009758, -0.21033715412408036, 0.08288204371538177,0.16349816895377514]
[-0.0015548147866884833, -0.41912378863102245, 0.12860498696821077, 0.9745047796887564, -0.1697884441611702, 0.055570602173768774,0.13573587133526122]
[-0.022309973065819777, -0.3915055211966702, 0.10771310849323926, 0.9856256447641337, -0.12846211345926095, 0.03324294593594276,0.10456806555715775]
[-0.040817354477122675, -0.3618111370036903, 0.08834948629111572, 0.9936028617256444, -0.08654572561000828, 0.016273250592636287,0.07069916452403546]
[-0.05687629399412214, -0.3303081650896342, 0.0705963273823651, 0.9984003549213764, -0.04423000355887576, 0.004941674420640559,0.034871448664663116]
[-0.070318227365359, -0.29728712791238965, 0.05452352382368719, -0.9999960743694606, 0.0017078041157748741, 0.000569167744908607,0.0021472537923616333]
