[0.3185345470495097, -0.00681866974936071, 0.12133538106176364, -0.9998779411066662, -0.01561694713964483, 0.0004608033402305998,3.886661549881391e-05]
[0.3364617860080792, -0.059588651337226545, 0.14984620214625177, 0.9990248723785563, -0.02127246970872353, 0.02356804180191681,0.030681163718543982]
[0.3441610402181177, -0.1167044252616872, 0.18064850640745284, 0.9950177130839772, -0.06073599450721239, 0.04325340025248063,0.06618181764616951]
[0.3407033778114169, -0.17604611899378797, 0.21372678743530593, 0.9873959235505928, -0.10254923869838707, 0.057925901007905865,0.10572385629779]
[0.32558134202661343, -0.2352869976994222, 0.24903334902094165, 0.9757169681816965, -0.14641266936035183, 0.06703365027219885,0.1484796887937182]
[0.298759781220287, -0.2919750841725274, 0.2864826063715844, 0.9595677685321796, -0.19195319372261108, 0.07015324331834885,0.19355152147627297]
[0.2607112048261918, -0.34362860542130164, 0.32594625848105696, 0.9385759830043693, -0.2387274499680851, 0.06699803468177254,0.23999081671576097]
[0.2124316275588618, -0.38784232739511515, 0.36724953184658826, 0.9124208623538438, -0.2862267798732089, 0.0574235193854232,0.2868186532397674]
[0.15543345053994106, -0.42240061933119744, 0.4101686671220738, 0.8808434343196633, -0.33388382228087055, 0.041429737980555034,0.333046564681157]
[0.14758937900508107, -0.4273650623397699, 0.3784970413815284, 0.9023119745737834, -0.30170411095352023, 0.01669962811484781,0.3074554478218465]
[0.13834465297104717, -0.4306449386704005, 0.34726139600454925, 0.9211798971497073, -0.2702088574511367, -0.003973254066036964,0.2799981851625704]
[0.12791759574640993, -0.43219295214793557, 0.31659461366086067, 0.9375753683790312, -0.23956664883819564, -0.020539875181358174,0.25127348228751684]
[0.11652236078101652, -0.43198448312727744, 0.28661203077330066, 0.9516398819673108, -0.20992534068767738, -0.0330378638530876,0.22185893251891112]
[0.10436614312206448, -0.43001434273255856, 0.25741209296032824, 0.9635257691812212, -0.18141107444773064, -0.04158490091448675,0.1922987524852631]
[0.09164719476017631, -0.4262933785251044, 0.22907737677081869, 0.9733936366485312, -0.15412758134877033, -0.0463704164323596,0.16309292222415842]
[0.07855363086642558, -0.42084510885179194, 0.2016759374899486, 0.9814097632509935, -0.12815577758110283, -0.047645853485991006,0.1346879575678673]
[0.0652629789262587, -0.41370255258628147, 0.17526293611087204, 0.9877434878271424, -0.10355365207864396, -0.04571378842095188,0.10746949773983265]
[0.05194239087069958, -0.4049054037976045, 0.14988249296539935, 0.9925646192781079, -0.0803564448498308, -0.0409162196668789,0.08175684250613491]
[0.038749410700317496, -0.394497677838068, 0.12556971110036236, 0.9960409001873904, -0.05857711044042114, -0.03362235171982035,0.057799522066992216]
[0.02583316782960054, -0.38252592742497893, 0.10235280936223626, 0.9983355542314343, -0.03820705783202094, -0.02421620727352957,0.035775930379536657]
[0.013335850272880185, -0.36903809566564544, 0.08025530337163583, 0.9996049464821216, -0.01921715491148539, -0.013084398664135029,0.015794000037390156]
[0.0013943024305017632, -0.35408303894340176, 0.05929817216436056, -0.9999963841990355, 0.0015589826250759077, 0.0006043798858379905,0.0021061545488763878]
