[0.304396248992792, -0.01512174191260744, 0.17376188378564322, -0.999880592954431, -0.015432944181806737, 0.0007838254731559456,9.841038894066288e-05]
[0.3198456701438012, 0.005417748094176559, 0.19083389230244846, -0.9972871175618924, -0.05022446136639473, -0.031574099412942466,0.04357734356072738]
[0.33526436993090214, 0.025118481400723654, 0.21074823509047308, -0.9904373923014349, -0.08555606061670575, -0.0687479375723298,0.083592185654135]
[0.35031627349170147, 0.04376612617815956, 0.23343346442867569, -0.9792472197667715, -0.12090165893655523, -0.11019015643698954,0.1196486559466057]
[0.3646736263632202, 0.06116506466277275, 0.25876773008520293, -0.9637052398525294, -0.15572622499735042, -0.1553058607838021,0.15133288847787174]
[0.3780242050744597, 0.07714057768401, 0.2865815273362281, -0.9438734720517217, -0.18949602840147295, -0.20346426990515565,0.17831549245384787]
[0.3900779915557472, 0.09154072423438239, 0.31666150265207066, -0.9198864132313412, -0.22168883971816833, -0.25401045929054866,0.200354015851431]
[0.40030326900977464, 0.032879148931144374, 0.3028321475021779, -0.9314113876516324, -0.2047320732395733, -0.2552497265242281,0.15939003183760775]
[0.4015042737833327, -0.02673595178271057, 0.2892054447746927, -0.9419294635105687, -0.1878804767331315, -0.25080269787814247,0.12069722022593939]
[0.3936642269077515, -0.08590027192575417, 0.275789597834868, -0.9514618389462377, -0.17118493079725802, -0.2412234249392852,0.08501380921675532]
[0.3769843517606949, -0.14323367580466276, 0.26259056649194207, -0.9600325116949772, -0.15469426843985698, -0.22715797536830218,0.05297654223394642]
[0.3518749371446163, -0.1974134693273898, 0.24961211525061977, -0.9676681224935778, -0.13845512194612844, -0.20932771629942884,0.02510958194600084]
[0.31894149424344576, -0.24720532496921443, 0.23685587548282142, -0.9743977901032135, -0.12251178096624761, -0.18851130529793017,0.0018160234918640989]
[0.27896654207392385, -0.2914911797159135, 0.22432142096866478, 0.9802529387306455, 0.10690606227695515, 0.1655257832693334,0.016627839049111106]
[0.2328876402090754, -0.3292935373470127, 0.21200635617759134, 0.9852671186464916, 0.09167719161854816, 0.14120717874322178,0.030075407268335397]
[0.18177234961062663, -0.3597957263144932, 0.19990641658687922, 0.989475820821076, 0.07686169795496317, 0.11639103947477031,0.038509808204152486]
[0.12679084233533422, -0.3823577880773962, 0.18801558026589515, 0.99291628641553, 0.062493320449800625, 0.09189330522212802,0.042041093293407064]
[0.06918689938502512, -0.3965277941853272, 0.17632618989072596, 0.9956273119793443, 0.048602928395504695, 0.0684919249449616,0.04090069937667263]
[0.010248034401556617, -0.4020485101582397, 0.16482908429567258, 0.9976490512154443, 0.035218454276724515, 0.046909602780129823,0.035433321242761016]
[-0.048724538855951696, -0.39885943725735745, 0.15351373861579637, 0.9990228141800583, 0.02236484009236433, 0.02779803040373733,0.02608639839213101]
[-0.1064454129938314, -0.38709436709967876, 0.14236841202857195, 0.9997908647871709, 0.010063997004236758, 0.011723929363233895,0.013397467398946794]
[-0.16167333421584196, -0.3670746768379475, 0.13138030206298532, -0.9999962174862154, 0.0016652216762050582, 0.0008428136153434984,0.0020203255285136893]
