[0.38004479843979816, -0.01083593096673837, 0.0670013693654457, -0.9998781766639916, -0.015594305740398435, 0.0006681235463685501,5.5412035940544504e-05]
[0.40394991486071785, -0.016756301341678624, 0.08885906630588794, 0.9977423111420309, 0.0668825006457105, 0.0036900488700440564,0.004836858864208466]
[0.42604115335935505, -0.023453326437538728, 0.11182176505636032, 0.9930069666665886, 0.11732297438159638, 0.007387258613010721,0.010858740445403373]
[0.44621873533851686, -0.03084932607418273, 0.13576475517768632, 0.985788912151013, 0.16671834584959475, 0.010291470883716266,0.01786895252518083]
[0.46439265649705386, -0.03885999951930429, 0.16055731283201027, 0.9762223170799927, 0.21489037991330842, 0.012294709604660035,0.02570899397918081]
[0.4804833574523306, -0.04739507591721584, 0.1860628091213374, 0.9644558890358754, 0.26168190247887757, 0.013315254893607673,0.034207075381753875]
[0.49442245884229613, -0.05635902829244843, 0.2121388672615734, 0.9506497890758179, 0.30695829616297565, 0.013299223682235966,0.043182329676341086]
[0.5061535501303128, -0.06565185344464106, 0.23863759483723207, 0.9349723846218941, 0.35060855045226474, 0.012221499340941341,0.05244920683928607]
[0.5156330158169096, -0.07516991868050979, 0.2654059156891182, 0.9175969025215549, 0.3925458485674331, 0.010085990183988855,0.06182195449296941]
[0.5228308777002104, -0.08480687457484071, 0.29228602323632946, 0.8986980467946372, 0.43270768188498615, 0.006925211181928396,0.07111908446621065]
[0.527731627424064, -0.09445463087505587, 0.3191159733060367, 0.8784486462709338, 0.4710554915877567, 0.002799197805724768,0.08016772543502522]
[0.5303350199922426, -0.10400439033911542, 0.34573042995379843, 0.8570163968249548, 0.507573846054195, -0.0022062246292459124,0.08880776400636305]
[0.5306567963639374, -0.11334773281431255, 0.37196157244733047, 0.8345607612384179, 0.5422691711998379, -0.007981778757394123,0.09689568089064443]
[0.5287293018032606, -0.12237773932542867, 0.3976401657266472, 0.8112300868932191, 0.5751680593969516, -0.014397629477198831,0.10430799506367125]
[0.5246019664199681, -0.13099014345211518, 0.4225967904326133, 0.7871589975652938, 0.6063151905699038, -0.021306771922519507,0.11094423692299273]
[0.5183416153565413, -0.13908449494744024, 0.4466632222179889, 0.7624661106194376, 0.6357709064514294, -0.028548839248289992,0.11672938123870566]
[0.5100325783526147, -0.1465653184910281, 0.46967394373225924, 0.7372521249815428, 0.663608485655409, -0.035954246903186,0.12161568199027492]
[0.5034980733076838, -0.18993612051817932, 0.4452125156969742, 0.7595431826400995, 0.6390656368075699, -0.040831931122059795,0.11411406117357943]
[0.4912078660311557, -0.23235283198688084, 0.4195761100020359, 0.7815208838539361, 0.6131916254334242, -0.044458000375818846,0.10604067521975573]
[0.4732944224931961, -0.2729754056981257, 0.39295925881099647, 0.8031192064676834, 0.5859040992233325, -0.046856378192187784,0.09757257062681475]
[0.4500232359167883, -0.31098426967100995, 0.3655610289982256, 0.8242541359967765, 0.5571307615473964, -0.0480742655395197,0.08887799965492882]
[0.42178855005296256, -0.34560215074292067, 0.337583081814661, 0.8448252111118245, 0.5268120047947911, -0.04818016206023466,0.08011333383279011]
[0.3891054405387053, -0.37611480673727005, 0.30922785378412065, 0.8647174254377199, 0.49490328681984264, -0.04726148770124811,0.07142032357489746]
[0.35259855808075063, -0.40189007399487814, 0.2806968834678617, 0.88380344566632, 0.4613772047833395, -0.04542186065180764,0.06292375473206228]
[0.3129879260083238, -0.4223947211326725, 0.25218930143341123, 0.9019461002783218, 0.4262252266816339, -0.04277809381161026,0.054729544331765356]
[0.27107225092065285, -0.43720869411893215, 0.22390049327971326, 0.9190010883374722, 0.3894590475540779, -0.039456977055338543,0.04692330843479578]
[0.22771024877361468, -0.4460364362865824, 0.19602093818684488, 0.9348198539410699, 0.3511115446280465, -0.035591916243889195,0.039569425123348434]
[0.18380051130513544, -0.44871506449183474, 0.16873521844747058, 0.9492525690502858, 0.3112373133675546, -0.03131950219368512,0.03271060533709616]
[0.14026044185489797, -0.4452192749493627, 0.14222118905203562, 0.9621511656294979, 0.269912774396224, -0.026776083616768954,0.026367973787907745]
[0.0980047788582128, -0.43566293619647484, 0.11664929086581263, 0.9733723573240157, 0.22723584942330677, -0.022094417376815584,0.020541651713928678]
[0.05792420345757133, -0.42029740031070545, 0.09218198644327436, 0.9827805913092632, 0.1833252124655194, -0.01740046728852629,0.0152118229817609]
[0.02086449864617296, -0.39950662637262757, 0.06897329422217746, 0.9902508724412901, 0.13831913068070162, -0.012810419166228095,0.010340255208876596]
[-0.012393305377303293, -0.3737992628452388, 0.047168394828101035, 0.9956714043986272, 0.09237391686780468, -0.008427974974536406,0.005872238346159329]
[-0.04115139861506915, -0.3437978796005647, 0.026903282552300095, 0.998945996080593, 0.04566202300264836, -0.004341982847344243,0.0017388947096976983]
[-0.06481190311799824, -0.3102255779814692, 0.008304435742893607, -0.9999961860508924, 0.0016301890606916598, 0.0006244525420973043,0.002140193056390118]
