[0.22984444164031517, 0.016009020916807424, 0.011986352364166758, -0.9998788821836069, -0.0155521698227055, 0.0005903967842964642,4.9078549367765506e-05]
[0.285366443853431, 0.008983209715268088, 0.04831510529006447, -0.9974051884469393, -0.0028801705940053436, -0.0707854051254223,0.012807072175365853]
[0.33564688908318424, -0.004223692046285147, 0.0922262223350685, -0.9895058276133095, 0.00915765668410259, -0.14296011848960075,0.018888064082778936]
[0.3791582521786767, -0.022826301105261442, 0.14299294330035786, -0.9762283440069495, 0.02063854518421647, -0.21498428927682423,0.01827638296455675]
[0.41457589785265, -0.04581605243960905, 0.19973817097451427, -0.957666222910231, 0.03163832453180768, -0.28592212395208205,0.011088775965024915]
[0.44082359973090457, -0.07200056699883928, 0.26145525130870895, 0.9339578270411334, -0.042229540762936196, 0.3548711579429106,0.002429908601987113]
[0.4571094963629764, -0.10005049085769309, 0.327032290654314, 0.9052848794632917, -0.052479655553815556, 0.4209809388706115,0.021913965312218397]
[0.46295105331167985, -0.12855172048642968, 0.39527927287226194, 0.871870509985919, -0.06244935140031599, 0.4834702884709421,0.04688680509906544]
[0.45818810249222053, -0.1560606905010604, 0.4649571516889236, 0.8339768867392133, -0.07219096794829101, 0.5416427440353285,0.07677339620817887]
[0.44298357257499243, -0.18116027711195548, 0.534808034260018, 0.7919024589980459, -0.08174709286936407, 0.5948998265887535,0.11091485276971245]
[0.4337426828425856, -0.21856878689739276, 0.49593415147233794, 0.819209067963684, -0.07479882031672812, 0.5476126816389825,0.15304244624763688]
[0.4182414586937386, -0.254695256695185, 0.45671250045920153, 0.8448973836472063, -0.06817050901319427, 0.4964780071178817,0.18711168123675304]
[0.39674340698120514, -0.2884555124844512, 0.41744084082876665, 0.8688744076315663, -0.061836061672056575, 0.4426785964047552,0.2127656587067108]
[0.36970294536437787, -0.31883005274545695, 0.37841810657709657, 0.8910533750383562, -0.055766357828696496, 0.38742746749246254,0.22981286647978075]
[0.33774984663280033, -0.34489776036008096, 0.3399411844197819, 0.9113541375050794, -0.049929457655138156, 0.3319451237982376,0.2382291336029444]
[0.3016677031371251, -0.3658659930064559, 0.30230169731931, 0.9297035182780564, -0.04429082264214493, 0.2774368150596516,0.23815647121302957]
[0.2623672331096638, -0.3810959888240828, 0.26578283515580126, 0.9460356377938157, -0.038813551885147284, 0.2250702250822773,0.2298988342630743]
[0.22085543943075567, -0.39012270742923866, 0.23065627401147837, 0.9602922082546637, -0.03345863262595735, 0.1759540037939255,0.21391489713685333]
[0.17820177975711154, -0.392668442939877, 0.1971792244689379, 0.9724227958439703, -0.028185203625149757, 0.13111754366417216,0.19080799292241177]
[0.13550260909793693, -0.3886497866888963, 0.16559164767424506, 0.9823850493729285, -0.02295082987053918, 0.09149237542063203,0.16131341982827413]
[0.09384520804641558, -0.3781777729535303, 0.13611367571104027, 0.9901448943024355, -0.01771178706575004, 0.05789552564263578,0.126283367853093]
[0.0542727101662956, -0.36155130093419013, 0.10894327010253463, 0.9956766912406171, -0.012423354289760893, 0.031015139890062247,0.08666976338913225]
[0.017751190858131358, -0.3392441798817127, 0.08425414904360268, 0.9989633581776115, -0.0070401131737831395, 0.011398630311997978,0.04350536808280357]
[-0.014859920129843872, -0.31188638151853393, 0.062194010311586334, -0.9999964558838205, 0.0015162519061538062, 0.0005564429267990276,0.0021164997578533742]
