[0.3825977349274329, 0.011986471294489034, 0.013064992786946256, -0.9998785478118476, -0.015571885361299553, 0.0006343819493435303,5.976209530889072e-05]
[0.4017505244845692, 0.03340505686594021, 0.0419156498633953, 0.9916481392997906, 0.1229707456825706, 0.035179783528183566,0.0165694405592387]
[0.41771011689883286, 0.056804653383940126, 0.07252654518823906, 0.9706258287823913, 0.2271911805108788, 0.0701709757414975,0.036683813352153746]
[0.43018908838586134, 0.08173695801879806, 0.10478694492389254, 0.937498451744936, 0.3265846687823086, 0.10403054110148933,0.06013945136372058]
[0.4389551972946083, 0.1077115802834747, 0.13857233919432774, 0.893174690156543, 0.41962971478259525, 0.13646130678991134,0.08676512596908431]
[0.4438379438816598, 0.13420263037332975, 0.1737436337470427, 0.8387630459051788, 0.5049623202097691, 0.1671799161066442,0.11636358383450279]
[0.44473451849153856, 0.16065642740311173, 0.2101464845100026, 0.7755456027122698, 0.5814027640297306, 0.19591904648661168,0.14871305025460546]
[0.4416149306421011, 0.18650030248040178, 0.24761081368579765, 0.7049481824683428, 0.6479781096282027, 0.22242949275284976,0.18356892501442487]
[0.43452610213665616, 0.21115243003576004, 0.28595054365359374, 0.628507581252019, 0.7039399567201773, 0.24648209927422493,0.22066565745240765]
[0.4235947066849489, 0.23403257544795378, 0.3249635815849736, 0.5478366339644741, 0.7487770641288007, 0.2678695259266747,0.25971878599929515]
[0.4090285476592209, 0.25457359965559634, 0.3644320833776126, 0.46458790311505205, 0.7822225864132969, 0.28640783410561793,0.3004271261836729]
[0.3911162851664285, 0.27223351427520553, 0.40412302034873915, 0.3804168158044694, 0.8042557897510695, 0.3019378804935181,0.3424750899381651]
[0.3702253537400534, 0.28650783604144636, 0.44378906620763037, 0.2969450827546164, 0.8150982376813797, 0.31432650783871957,0.3855351180197193]
[0.409892170131513, 0.22919289552651875, 0.42501990352873564, 0.3413153094400215, 0.8094287425758614, 0.26264835640833023,0.39918017374354337]
[0.4400411131204893, 0.16621169793727433, 0.4063019821323217, 0.38577203239609553, 0.8008802008275072, 0.21142935305386854,0.40628619421622053]
[0.45986084310881636, 0.0992388699456, 0.38766560851603876, 0.4301161824638812, 0.7894268827463777, 0.16147775881066537,0.4070997418195192]
[0.4688469872914367, 0.030061081320859072, 0.36914074282878406, 0.4741461800389209, 0.7750572618462971, 0.11355355640483959,0.4019667033992158]
[0.46681611695961117, -0.03948065405887585, 0.35075691128849507, 0.5176589666749442, 0.757774208123171, 0.06835619238705902,0.3913245132708581]
[0.45390873745366667, -0.1075499877468872, 0.33254311969209704, 0.5604510499002789, 0.7375951056359397, 0.02651348292649748,0.37569284798980224]
[0.4305812975522693, -0.1723734541858689, 0.3145277684003231, 0.6023195556610749, 0.7145518935647049, -0.01142812366171186,0.35566296160960165]
[0.3975876274706164, -0.23229584426023728, 0.2967385691759683, 0.643063282758723, 0.6886910303339551, -0.04501175874873829,0.3318858548951368]
[0.355950597681353, -0.2858308107156527, 0.2792024642481118, 0.6824837536327829, 0.6600733808044504, -0.07387667805803279,0.30505949324648113]
[0.3069251398821152, -0.3317049800151617, 0.26194554796695424, 0.7203862558553595, 0.6287740269529539, -0.097763027739607,0.2759153055037861]
[0.25195407346711063, -0.36889410685464463, 0.2449929914042132, 0.7565808687481086, 0.594882002872335, -0.11651475269693565,0.24520420899105455]
[0.18957254564937115, -0.3951207602522726, 0.21342360212280373, 0.8169075374502487, 0.528066434062023, -0.11423707157222708,0.20188563087201575]
[0.12475496114551846, -0.40918120596119567, 0.18297610453828891, 0.8702180063075463, 0.4535162731088762, -0.10654314743373056,0.1602877701462878]
[0.06009344996734014, -0.41108727415026103, 0.15377480871359048, 0.9154918045658951, 0.3720679391838894, -0.09375983073998072,0.12103428664533437]
[-0.0019389128558078873, -0.4014199766058418, 0.12592975282912963, 0.9518179698369735, 0.28469211687795115, -0.07628706950883533,0.08469494618173928]
[-0.059112145145016955, -0.3812757508013634, 0.09953636257737236, 0.9784125694767379, 0.19247859559871586, -0.05458938827557897,0.05177675940006139]
[-0.10954487615178529, -0.35218651819994945, 0.07467529789264674, 0.9946340655152192, 0.09661884444863586, -0.02918625996926964,0.022716444331882153]
[-0.15178611539161976, -0.31601924955406285, 0.05141248516606542, -0.9999962335209632, 0.001613367600887044, 0.0006415745187902033,0.0021256460214847334]
