[0.3066953290814935, 0.05798394370246813, 0.16892932132388647, -0.9998789408439361, -0.015549931964642213, 0.0005466710606780214,6.650906074762389e-05]
[0.3410879502548923, 0.06961223607291143, 0.2050916147576649, -0.9967878714867481, -0.05944359250282003, -0.05014179672747389,0.01913632117774881]
[0.37250171590855724, 0.08021987177692891, 0.24470901994425745, -0.9887937479357293, -0.103362419719542, -0.10249078493657193,0.03314774858147268]
[0.40057931570787314, 0.08973898543101719, 0.2874825693313605, -0.9758969470983918, -0.14678165414014913, -0.1559457033202087,0.041967037873621285]
[0.42499351649883305, 0.09811076042827355, 0.333074091284459, -0.9581559230287047, -0.18917985774534016, -0.20994270773512586,0.04552217105222205]
[0.44545152433989355, 0.10528601717720573, 0.3811097625845553, -0.9356863224929359, -0.23004537320400104, -0.263915717695396,0.043803266092857764]
[0.4535023008725703, 0.04128156131943318, 0.360037818227982, -0.9441133260296806, -0.21464237168450326, -0.24994111080691456,0.01039812576532698]
[0.4515734982914912, -0.022786184489444458, 0.33915052507539306, 0.9519282819049798, 0.19918354865328014, 0.2319476524078361,0.01894060711312262]
[0.43985534153957145, -0.08527972377376013, 0.31848428020254427, 0.9591340484940739, 0.18368892726814934, 0.21072800910591485,0.043748842232699654]
[0.41881345954422433, -0.14462761274335584, 0.29807497557437457, 0.9657341900504048, 0.16817808646150764, 0.18712623524217917,0.06369754693803575]
[0.38917179980485134, -0.19937110726064589, 0.27795794583423383, 0.9717329452210637, 0.15267013768513368, 0.16201619152279467,0.07859812921214424]
[0.3518876698660769, -0.24820688016524395, 0.2581679176355516, 0.9771351948475108, 0.13718370357095297, 0.13627945001068517,0.08840449066455656]
[0.30811975233446987, -0.290024493241491, 0.23873896054063717, 0.9819464291588552, 0.12173689852577615, 0.11078318899120934,0.09321170976028972]
[0.25919015682831414, -0.32393748286100094, 0.21970443950612456, 0.9861727144651915, 0.10634731127227855, 0.08635858239025904,0.09325139075133528]
[0.20654175402690492, -0.3493071281254584, 0.20109696896972376, 0.9898206594583738, 0.09103198934275387, 0.06378017842890478,0.08888378854025046]
[0.1516921782721587, -0.36575820835217693, 0.1829483685483476, 0.9928973812272213, 0.07580742552648588, 0.04374674120005262,0.08058689236810303]
[0.09618598173978495, -0.37318631531611934, 0.16528962035344125, 0.9954104710934413, 0.06068954626593058, 0.026863997246186863,0.06894272016338059]
[0.0415464722376454, -0.37175655651389394, 0.1481508279253912, 0.9973679603735829, 0.04569370199132311, 0.013629687635666403,0.05462113907199065]
[-0.01077123308872605, -0.36189376023338615, 0.13156117678531104, 0.9987782861710564, 0.030834659377820012, 0.00442127533443686,0.038361584673717204]
[-0.05942445421277157, -0.34426456271303746, 0.1155488965992506, 0.9996502573006991, 0.016126595503875768, -0.0005134010868709057,0.020953100377388127]
[-0.06875613915057008, -0.3238287060722577, 0.10062706232309471, -0.9999963691070347, 0.0016376802971842482, 0.000617716694593902,0.0020489514579714856]
