[0.3107431137539567, -0.017687446835803006, 0.09788386914381789, -0.9998784073999281, -0.015584775251604194, 0.0005338241205057978,1.5084733119446877e-05]
[0.337738041655448, -0.040806634148399426, 0.12835470295994014, -0.9987917003178013, 0.01394451191506274, -0.045227246104749506,0.013235791381956115]
[0.36034128579257185, -0.06827556014983659, 0.16191744981347775, -0.9945823204367178, 0.04193146182340813, -0.09277989464600916,0.020967869074891184]
[0.37775378780139035, -0.09920930928702575, 0.19836951879129158, -0.9873246793743853, 0.06819727875279923, -0.14146121752757482,0.022974607822483433]
[0.3893479700067862, -0.13257942853305377, 0.23747262480836695, -0.9771108011247511, 0.09257226797300011, -0.1905777833267413,0.019104084116963578]
[0.3946940089412307, -0.16724696175172138, 0.27895440718023445, -0.9640497000255824, 0.11489696366341005, -0.2394170127683818,0.00929287999375485]
[0.39357968057936965, -0.2020003240436008, 0.3225105651955974, 0.9482666555720278, -0.1350231993044034, 0.28725897351830815,0.00643177370970121]
[0.3860228776921042, -0.23559673946454404, 0.36780748504581845, 0.9299023885808486, -0.15281511339294204, 0.33338836836245433,0.02795146992477112]
[0.37227615978788103, -0.26680579800637605, 0.4144853239968217, 0.9091121438257095, -0.16815008371732695, 0.37710649225612825,0.05505772237168424]
[0.35282298711315424, -0.2944535745730295, 0.4621615098414874, 0.8860646848482263, -0.1809195838535413, 0.4177429354686929,0.0874546643071407]
[0.32836560052247904, -0.31746569945976466, 0.5104346065884394, 0.8609412071986551, -0.19102995601553854, 0.4546668161587522,0.12476329562851284]
[0.29980482613146864, -0.33490777961623563, 0.5588884911523141, 0.8339341768706695, -0.19840309490113553, 0.4872973360303531,0.1665271956120427]
[0.2682123945506242, -0.34602164314294415, 0.6070967806193557, 0.8052461011633509, -0.2029770377207639, 0.5151134669957516,0.2122195910818392]
[0.23479665634180447, -0.3502560137296898, 0.6546274455587574, 0.7750882396273048, -0.20470645617480368, 0.537662594681281,0.26125164472667306]
[0.22673098626946825, -0.3780486744339598, 0.6014952540773112, 0.8145152686932193, -0.1973019165241343, 0.4748042610403037,0.268696379766248]
[0.21380577371938794, -0.40050865921828566, 0.5474677403825505, 0.8510298490911753, -0.18666029708756243, 0.41137519909876197,0.2677248120990821]
[0.1965943564652817, -0.4171915872033406, 0.493297414507079, 0.8842591369598143, -0.17287826336273307, 0.3484231651328985,0.2584573132231764]
[0.175741102170346, -0.42779506927030375, 0.4397322789267835, 0.9138574990007299, -0.15607891201219593, 0.2869691000847475,0.2411484612054795]
[0.1519398211322201, -0.4321661929206768, 0.3874991538147224, 0.9395096429827842, -0.13641010526371725, 0.22798989468015166,0.21618168712459587]
[0.12591101761620566, -0.4303040061907947, 0.33728738645767475, 0.9609334571042377, -0.11404256520381452, 0.17240208621235578,0.18406168805337914]
[0.09837889567715027, -0.42235691686817334, 0.2897334205322144, 0.9778825314262996, -0.08916775135493575, 0.12104677715980118,0.145404761231613]
[0.07004903928133194, -0.40861512892726654, 0.24540667877523736, 0.9901483378125474, -0.06199554715477378, 0.07467604104748658,0.10092725178812867]
[0.04158764927085923, -0.3894984391180887, 0.20479717588194402, 0.9975620482626452, -0.0327517828881075, 0.03394105131368313,0.051432340209333904]
[0.013603142977803776, -0.36553990402818237, 0.16830522833958328, -0.9999959751797567, 0.001675624236958461, 0.000617864997465356,0.002204574913465952]
