[0.3594425494313046, 0.012770040637982432, 0.05923410277907379, -0.9998785755005083, -0.01557090160821884, 0.0006140445187562554,6.50193111719213e-05]
[0.36636291945546395, -0.0061461343429820075, 0.08198369432521099, -0.9989864794878919, 0.04391428762133087, -0.005724563414380175,0.00804851022326003]
[0.37070421285991434, -0.024946403891679948, 0.10544159039281256, -0.9945541577932864, 0.10207121449281518, -0.01221283320004711,0.017156371798157852]
[0.37250320207235493, -0.04333181481869982, 0.12950771861756738, -0.9867913390328299, 0.15856679831176188, -0.018880788173488955,0.027256916936802426]
[0.3718241470197032, -0.06101063596893727, 0.15407756228484418, -0.9759425242886275, 0.21310386408844897, -0.025753209113961936,0.03820608087787214]
[0.3687577245609678, -0.07770010113163202, 0.1790406564166107, -0.9622813746599108, 0.2654253072477596, -0.03284909087723,0.04984876611917868]
[0.36342037803089844, -0.09312814408793035, 0.20427913796502206, -0.9461045875062097, 0.3153174059476151, -0.04018117513512377,0.06202028838156588]
[0.34837487774232334, -0.13908374414573058, 0.21766853546960754, -0.9404544755689123, 0.332904664384895, -0.05273058043169851,0.04403804832777149]
[0.3270733733676711, -0.18280254097797996, 0.23120737471356165, -0.933938700137706, 0.351142786374433, -0.062320615374223655,0.02394553949422904]
[0.2998408465450543, -0.22337812228972828, 0.2448982527743413, -0.9264878171862296, 0.3700030508101044, -0.06865343513033442,0.002184683390396896]
[0.26713756173388864, -0.2599493933370215, 0.25874223224659476, 0.9180335963773167, -0.38945023804709145, 0.07149579342524945,0.020764862871887325]
[0.22955334777206648, -0.29172100157384895, 0.27273849288107666, 0.9085095609072967, -0.4094426798702074, 0.07068346817573365,0.04439501061362801]
[0.18779877643487672, -0.31798321414445974, 0.2868840028103912, 0.897851524639115, -0.429932352768978, 0.06612436775681305,0.06817902708685286]
[0.16709936620437743, -0.33159623489865847, 0.2697073922884375, 0.9110974157450893, -0.40257441258490556, 0.05511957080716646,0.06926163634056309]
[0.14502442511294922, -0.3430761533859853, 0.25250073318555727, 0.9234196760892357, -0.3749176664533536, 0.044586593477671924,0.06888309570918089]
[0.12182566256246637, -0.35227914924098425, 0.2353086689187859, 0.9348161405452082, -0.3469942149262222, 0.03469545441676795,0.06715670946905136]
[0.09776954728557737, -0.35909200721897977, 0.21817559594468214, 0.945285898127325, -0.3188354254031658, 0.025597116392307644,0.06421316019320229]
[0.07313356360757205, -0.3634335851939869, 0.20114555351546856, 0.9548291972102525, -0.29047188129652746, 0.017422026686759268,0.06019770192463346]
[0.04820232841596846, -0.3652558249901508, 0.18426211516593857, 0.9634473487126098, -0.26193334052262296, 0.010279041592272093,0.05526728404080629]
[0.023263624361514884, -0.36454429387004783, 0.16756828212179561, 0.971142628079681, -0.23324870338083756, 0.004254726768074558,0.049587655699558135]
[-0.0013955942910710995, -0.3613182511874164, 0.15110637880755187, 0.9779181768993698, -0.20444598981036508, -0.0005869809634738915,0.04333049726949886]
[-0.025493166643904108, -0.3556302414318863, 0.1349179506203739, 0.9837779049784875, -0.17555232594327483, -0.0042047702029124725,0.036670620932638634]
[-0.04875560514857052, -0.3475652215564987, 0.11904366412542591, 0.9887263936934998, -0.1465939398024211, -0.00657963429080431,0.029783277852685527]
[-0.07092183622405165, -0.33723923699444247, 0.10352320981843144, 0.992768801411076, -0.11759616592400643, -0.007714261310634469,0.022841604085976238]
[-0.09174674935527176, -0.32479766705155816, 0.08839520759237404, 0.9959107717493434, -0.08858345861783691, -0.007632165387755038,0.01601423193361255]
[-0.11100450544323325, -0.31041306632173105, 0.07369711503757578, 0.9981583454208115, -0.05957941351393557, -0.00637659159898849,0.009463087852457457]
[-0.1284915587729599, -0.29428263433424295, 0.05946513869779982, 0.9995178763627524, -0.0306067969826433, -0.0040092275848161215,0.0033413925136614054]
[-0.14402935117783974, -0.276625350732194, 0.04573414839957968, -0.9999959528206183, 0.0016875829570648477, 0.0006087548546195496,0.0022081267341468153]
