[0.24617005521561508, 0.0030834461312287164, 0.06309589469703375, -0.9998798612401254, -0.015488631436864669, 0.0005839914086791992,0.00015600216489304976]
[0.2875423530550254, -0.01707291541268688, 0.10080764045380378, 0.9978629792113745, -0.016406733942678768, 0.061567635292822345,0.014481715547010646]
[0.3226751468339287, -0.04088088280715026, 0.14407760777516096, 0.9906891391705118, -0.04894912683523269, 0.12309915776981381,0.03139442415496005]
[0.3506770140629307, -0.0673354011835782, 0.19232700551078935, 0.9782962155446833, -0.08160731260491398, 0.18365337464695414,0.050479690580870415]
[0.370852358477076, -0.09529130759691587, 0.2448888003131262, 0.9606866082867502, -0.11384636856103096, 0.2428807260730926,0.0716184189030574]
[0.3672651554033352, -0.13744416430873216, 0.24806776903384548, 0.9595711453889807, -0.11573889716851488, 0.23733393395597574,0.09746962815193458]
[0.3589372052965224, -0.17994537633538352, 0.2509591463624924, 0.9584452075221558, -0.11760485928583543, 0.22901184502794752,0.1229042557728021]
[0.3457393732211518, -0.22226106492834258, 0.2535570229774473, 0.9573089644364882, -0.11944478087657798, 0.21794537862046215,0.14762216252605367]
[0.3276034084819652, -0.2638310550976625, 0.2558558680587675, 0.9561625758921347, -0.12125919669429092, 0.20419810056463936,0.17132562974104806]
[0.30452652202884095, -0.30407598672857705, 0.257850536452289, 0.9550061915362152, -0.12304864999248766, 0.18786599592616865,0.19372292439767963]
[0.2765751041443216, -0.3424051684469968, 0.2595362753624094, 0.9538399507853802, -0.12481369223111771, 0.16907685164566458,0.21453183622709585]
[0.24388746659603433, -0.37822506577509873, 0.26090873056527397, 0.9526639827139884, -0.12655488277963098, 0.14798925326408544,0.2334831441506945]
[0.20667550776241564, -0.41094829752782186, 0.2619639521346724, 0.9514784059479576, -0.12827278861675884, 0.12479120457193278,0.2503239700402266]
[0.16522521618640734, -0.44000299878745563, 0.2626983996735477, 0.9502833285643444, -0.1299679840271381, 0.09969838357575238,0.2648209789517711]
[0.11989594729519878, -0.4648423955408367, 0.2631089470446151, 0.9490788479967129, -0.1316410502949039, 0.07295205257132394,0.2767633866466408]
[0.07111842930611537, -0.48495442551454304, 0.2631928865942056, 0.9478650509463429, -0.1332925753943812, 0.04481664429761646,0.2859657373412438]
[0.01939147723147064, -0.49987123219088364, 0.26294793286405976, 0.9466420132993301, -0.1349231536780017, 0.015577050069731691,0.2922704171983518]
[-0.034722582031250046, -0.5091783546678219, 0.2623722257864224, 0.9454098000496277, -0.13653338556158068, -0.014464360593119303,0.29554987205182165]
[-0.03984541377589702, -0.4890661162889939, 0.20441665168552028, 0.9651647974622166, -0.11008350786729819, -0.02253157846236221,0.23628555395398948]
[-0.0436391324592591, -0.4625735080416026, 0.1500745740837617, 0.9805145320209523, -0.08297900789031562, -0.025163610964364407,0.17627401801884027]
[-0.04587064066382657, -0.4302744601310594, 0.10004342731602386, 0.9914246100682872, -0.055601242181732256, -0.022344960234663577,0.11613116365086826]
[-0.04634889415517423, -0.39282395567971573, 0.05494823164093693, 0.9979023432231471, -0.028330826205230402, -0.014131047358798391,0.05646761175067551]
[-0.044929428263378, -0.35094633982775825, 0.0153331423498691, -0.9999963533145212, 0.0015431359965583805, 0.0006468127401309586,0.002119840143758796]
