[0.11275046185542614, 0.02179835652757692, -0.028493435291771077, 0.9658990486989356, -0.02636378663569109, -0.2515967952653678,0.05516367544785333]
[0.34326299360178714, -0.31023647340624116, 0.17716170813584328, 0.9174553067518181, -0.34580906447425813, 0.18087310325468567,0.07730958258447562]
[0.2191634803074359, -0.07980826470982108, -0.004836074415581176, -0.9847663817422522, 0.14918858898841078, 0.08928546135362857,0.0024585965081784836]
[0.04911095733811377, -0.18258922520493112, -0.05026739844861845, -0.8111586149306036, 0.564022933976312, 0.12954411018126177,0.0843691584049702]
[0.2941370749086872, -0.04830035745787489, 0.011665154303175884, 0.9735321425268252, -0.22439587040382666, -0.043055770178138615,0.005278396272166189]
[0.22090917555347295, -0.14027510313934533, 0.1187696430417163, 0.9728683818588455, -0.22063002162438264, -0.06886360226626695,0.010359026029973637]
[0.11427018811573893, -0.2353118173984993, -0.035263085307353614, -0.880316018066484, 0.471454379839668, 0.0513335859924357,0.011804194793434702]
[0.0468295389445217, -0.3716873960736268, 0.03776436517457754, 0.7355559863848701, -0.6760614705360728, 0.034082079130770805,0.02714204915086338]
[0.30934102883000536, -0.030504287615790375, 0.024471146654562598, 0.9796088660799709, -0.19604972405123963, -0.04378821448878639,0.0036834045163300867]
[0.20191667933875806, -0.057289632581656424, -0.04222419371572568, -0.9743921105826637, 0.18719467225332806, 0.12457165802084343,0.0002674549858275993]
[0.3518473537889011, -0.15279310817474046, 0.07478458744580627, 0.9688210700213095, -0.23317646214700874, 0.08218981831276076,0.01610296708949178]
[0.039681823439647185, -0.0922283899106198, -0.012798197584076354, -0.9017504828563305, 0.25389193525000536, 0.34591703520329764,0.052214525177795394]
[0.03357462036914863, -0.08993622076241123, -0.07675675348826587, -0.921266143163642, 0.2879632858705659, 0.24502178458923632,0.09116010381587379]
[0.07800528443668439, -0.21530138062980683, -0.06643009769574688, -0.8481637863162789, 0.5231713463573205, 0.0737827452910937,0.0382889073964272]
[0.10510496044142813, -0.3680040085429285, 0.01551699927122821, 0.8039897357157438, -0.5928661616532365, 0.03423905859689009,0.030625252597911767]
[0.051652893023426134, -0.328645337065259, -0.0018679293380676198, -0.6961377982258808, 0.717752260572102, 0.012588150762710375,0.00808682788464949]
[0.007159885560298377, -0.3476291805526351, -0.013378373505332414, -0.6150892707800086, 0.7879947809932326, 0.02187176887940161,0.01584423632842386]
