[0.11359353299802485, -0.03906350438565889, -0.0658183169170973, -0.9495118323894999, 0.21470508145758038, 0.22738470706971395,0.02500406245890555]
[0.33713433941645704, -0.3077357711816445, 0.17902121124396367, 0.919560828654093, -0.34587713082318683, 0.17068993843838318,0.07511216741926194]
[0.2528534571334256, -0.08447199575344896, 0.024399233492444133, 0.9884184909814939, -0.14440400959475957, -0.04657310195523275,0.002704602205628362]
[0.12576758934396542, -0.3847484047654897, -0.004303182232453379, 0.7977875818332323, -0.5986699146254708, 0.058458538452353465,0.04137519639869035]
[0.30639298461343095, -0.04607023639602544, 0.02127265910765766, 0.9768077664835688, -0.21182860882452295, -0.03101242304320318,0.0036684380652692618]
[0.3615250241753041, -0.20041974265349063, 0.019946913611768924, 0.96202335259773, -0.25956222856314676, 0.08204126604643275,0.020192801327587048]
[0.27351216864085387, -0.478430738688967, 0.09392439907843092, 0.8314798491507036, -0.5055647966715922, 0.19965268684676366,0.11482291346940887]
[0.04465262301381751, -0.37712062421358583, 0.05115524672405633, 0.7417971164036194, -0.6691490707814489, 0.03436304246770142,0.02820887236246553]
[0.2745597192140307, -0.043016461796922444, -0.003995388658055571, 0.9663979172986576, -0.24559969370205356, -0.07546121232298804,0.007839727611319234]
[0.20311330181098508, -0.0574663107717333, -0.04158680224102626, -0.9746235042929207, 0.18683304022001404, 0.12329800170061002,0.00020673309031538713]
[0.29058322959402694, -0.12896781155517256, 0.008847440831129011, 0.973515698797149, -0.2283975728572968, 0.007172524201696002,0.007091389495059005]
[0.30766181563328204, -0.25863465733688423, -0.057230965899262215, 0.9411030083108349, -0.33226448987831075, 0.05843771901768831,0.022593572320742345]
[0.2672716282118077, -0.40645098204258145, -0.029164780941809826, 0.865614572757961, -0.4798169340701282, 0.12664029633619214,0.06670349730318807]
[0.1567200741843465, -0.4030618273063566, -0.027363487229511124, 0.8345864361033697, -0.5427615437023836, 0.07261087340773474,0.060025398066551085]
[0.09297896645577325, -0.39155490904853313, 0.04696359631595476, 0.7914687439093331, -0.6081412287381737, 0.0458740380072789,0.04046042461855618]
[0.08126732782189257, -0.27070425273313425, -0.01801950123882748, -0.8503284229267536, 0.513549634547502, 0.08727478374114346,0.07477605326549534]
[0.044129825640509934, -0.43216123334080125, 0.08489861103360405, 0.8224711018929708, -0.5653145055381027, 0.04012606057749206,0.04848397303959951]
