[0.22460037183159406, 0.05445026078759613, 0.12859063765137216, -0.9998795421297662, -0.015510755605618631, 0.0005594805437685968,6.8355201836859e-05]
[0.27373455502128374, 0.04587298303517426, 0.17561083504499972, -0.9973961773933921, 0.03577145265620785, -0.05904610688210131,0.02085247606356781]
[0.3185334500816793, 0.028505797156813603, 0.2270265413299509, -0.9883606087796235, 0.08596347049948161, -0.11993593886380408,0.03699945028395602]
[0.3572835485133424, 0.003432178162933997, 0.28234534964041424, -0.9729477260422259, 0.13437980634224375, -0.18158063103285066,0.04840727703966374]
[0.3885270642410146, -0.027946642288091725, 0.3410091667480915, -0.9514080558524448, 0.18035826192124693, -0.24344473959798807,0.0550296954188025]
[0.41112135951225376, -0.06396947065528445, 0.40240158142510635, -0.9240647876336623, 0.22326824694294992, -0.30499284684628425,0.05687637062239472]
[0.42428542999532365, -0.10278403662893831, 0.46585624610108667, -0.8913098775045045, 0.26251871800656357, -0.3656956159397887,0.05401241932661813]
[0.42763138774663306, -0.14242408012800445, 0.5306661383819067, -0.853599277780816, 0.29756563914262585, -0.4250357429549216,0.04655728282952283]
[0.42117952577007145, -0.18089137383454282, 0.596093552946917, -0.8114473509622803, 0.3279188673105546, -0.4825137356119515,0.03468296446183775]
[0.4053562603990264, -0.21623918119872482, 0.6613806609508726, -0.7654205378456835, 0.3531483734843451, -0.5376534504991413,0.01861165537382309]
[0.3966402235759411, -0.25305731222835365, 0.6165399998259289, 0.792251409139575, -0.34182152947168193, 0.5042958240185478,0.03437249748639179]
[0.3818990178297229, -0.28737867164778524, 0.5710918043642447, 0.8180544215022177, -0.3283340869771168, 0.4653316976471548,0.08031252675885843]
[0.36161795225766336, -0.31831361804193203, 0.5253239270380613, 0.8426783459615735, -0.312754449709855, 0.42192279237864355,0.11857072448779672]
[0.3364106304906619, -0.3450588193388679, 0.47952573138366256, 0.8659766969386765, -0.2951624019117306, 0.37530721498033515,0.14868762974969502]
[0.3070042343929439, -0.36691546385049345, 0.43398631287928224, 0.88780857335471, -0.2756487672384153, 0.3267727944654533,0.17039141702285143]
[0.27422225887121, -0.38330502478080136, 0.3889927297950091, 0.9080394747828281, -0.25431500481999814, 0.2776292615065029,0.18360333252663005]
[0.2389650975674915, -0.393782227257102, 0.34482825444083864, 0.9265420879560315, -0.23127274436841216, 0.2291798546459781,0.18843903837270323]
[0.20218892652053416, -0.3980449313635479, 0.3017706550138557, 0.9431970390842781, -0.20664326254961918, 0.18269295348911357,0.1852058105214973]
[0.1648833699384507, -0.3959407152795612, 0.2600905179664037, 0.9578936076020499, -0.18055690317799683, 0.13937434268906815,0.17439562445741608]
[0.1280484582502951, -0.38747001783653223, 0.22004962048673013, 0.9705303971610015, -0.15315244411703138, 0.10034070129222956,0.15667425031469687]
[0.0926714030658839, -0.37278577790026324, 0.1818993623048489, 0.9810159599000472, -0.12457641408231886, 0.06659489001009239,0.13286656502041214]
[0.05970371630153845, -0.3521895872057539, 0.14587926561234166, 0.9892693702662018, -0.09498236283820556, 0.03900357460901249,0.10393837102102196]
[0.03003919151838124, -0.32612445184180827, 0.11221555141868086, 0.9952207449223845, -0.0645300885564278, 0.018277677512750938,0.07097508754326241]
[0.004493244725807893, -0.29516433375647133, 0.08111980016175008, 0.9988117055618533, -0.03338482636221328, 0.004956092803522042,0.03515774943749555]
[-0.016215919962870244, -0.2600007157437797, 0.052787703849947104, -0.9999957817514011, 0.0017164023289667877, 0.0006069667686754758,0.0022631910638202172]
