[0.2326826869645185, -0.03670257177735567, 0.08224951086526353, -0.9998788483926745, -0.015557527723684789, 0.0005005963836799932,3.565566905347554e-05]
[0.2678089479916691, -0.0707323007331178, 0.11223680307041309, 0.9971895796931316, -0.020281020530739758, 0.06704615717730872,0.02657884808307798]
[0.2956052405878034, -0.10868657738917949, 0.1479839610053749, 0.9879911228152888, -0.05526387761236198, 0.13197832566182832,0.058319521816724985]
[0.31519198781511637, -0.14891690544468017, 0.18897797526186352, 0.9724497773981265, -0.08863438169638597, 0.1936078876038721,0.09487551147266766]
[0.3208477442621747, -0.19399785215881485, 0.22706105885124211, 0.9548334410760462, -0.11479338458719132, 0.23788446444177036,0.13611230743450872]
[0.31786579577173324, -0.238666821894342, 0.2679717240600038, 0.9332132886874139, -0.13883071451170007, 0.27649962804679845,0.182720951769015]
[0.30653084213180487, -0.2811743719764663, 0.3112585205719003, 0.9078478527843008, -0.16036853531452944, 0.30879867260901256,0.23396065667312388]
[0.2874941395787346, -0.31987390159773715, 0.35643483789133423, 0.8790363824578308, -0.1790580664078038, 0.3342245653562143,0.2890107040962303]
[0.26174274726451274, -0.35329939598283405, 0.40298643365249714, 0.8471155527335212, -0.19458375269701536, 0.35232773351817415,0.34698353231425016]
[0.2305521619889769, -0.3802345609390909, 0.4503794070726955, 0.8124557425024908, -0.20666706182807268, 0.36277407499382003,0.4069390157535358]
[0.19542467336487748, -0.39976979058158213, 0.4980684770082101, 0.7754569234543226, -0.21506986444165552, 0.3653510486616984,0.4678996949321538]
[0.15801653072886912, -0.4113440303539354, 0.545505419004769, 0.7365442070246594, -0.21959735797296967, 0.35997173370879154,0.5288666962481134]
[0.12005761016817065, -0.41476937721059476, 0.5921475133821964, 0.6961631003626387, -0.2201004998519723, 0.3466767827853016,0.5888360688137436]
[0.09912311813243643, -0.44020194253876427, 0.5517997750593685, 0.7331642651284668, -0.21900103679930566, 0.28379828026516035,0.5778989897360978]
[0.0760700792122706, -0.4605547838412748, 0.5100830932002598, 0.7687711813577792, -0.21494706987851697, 0.2237546885274805,0.5592159397105695]
[0.05151891478682516, -0.4755999789247328, 0.46741393295637473, 0.8026950941783875, -0.20805518182946178, 0.16756013502727632,0.5332140548086673]
[0.026113602572021024, -0.48521163839409726, 0.42421570175605616, 0.8346604818683775, -0.1984686459150672, 0.11616670711749806,0.5004571637546666]
[0.0005067132167184858, -0.4893682481889755, 0.38091357691452554, 0.8644075706851668, -0.18635610071028252, 0.07044580480230235,0.46163659306426685]
[-0.024655739299254922, -0.48815262875014664, 0.3379293098790015, 0.8916947132182259, -0.17190998960617865, 0.031170883823436506,0.4175594207941375]
[-0.048749260252004906, -0.4817495081388933, 0.2956760788232563, 0.9163006082045442, -0.155344778950794, -0.0009980623618402395,0.3691343914189433]
[-0.07118528033764643, -0.4704407665625929, 0.25455346077332963, 0.9380263411732164, -0.1368949708162357, -0.025527965744717607,0.31735575179181436]
[-0.09142464951039522, -0.4545984685724666, 0.214942592854758, 0.9566972269067436, -0.11681292830304957, -0.04202381512013606,0.2632853105909295]
[-0.10898988546203339, -0.434675855112542, 0.1772015896235136, 0.9721644365067613, -0.09536653304977614, -0.050237223360862934,0.20803306024415527]
[-0.12347587535522779, -0.4111965191067665, 0.1416612798159984, 0.9843063938141604, -0.07283669619129327, -0.05007224779988788,0.15273673030665244]
[-0.13455876900931252, -0.3847420339851328, 0.1086213212814956, 0.9930299280397117, -0.0495147453890704, -0.04158833418104304,0.09854066402529855]
[-0.14200284821120107, -0.35593834323713397, 0.07834674741189845, 0.9982711716916481, -0.02569971172672884, -0.025000310661957063,0.046574424884833314]
[-0.14566520894251575, -0.32544124970035154, 0.051064992140333054, -0.9999961952203965, 0.001695541214227015, 0.0006754160197222762,0.002068453026345784]
