[0.2928125224600454, 0.02869303533023355, 0.07732905561506687, -0.999879641215441, -0.015501078634555061, 0.0006459666862204525,4.86938056422723e-05]
[0.32687026312901535, -0.00863501498448322, 0.1023619271355245, -0.9954450895328307, 0.07504651117243577, -0.05872718294474549,0.002865810390599291]
[0.35332874830883537, -0.05356298550733739, 0.13131304980570427, -0.9793609275408744, 0.16407928685382012, -0.11801315148214662,0.0017485162487716954]
[0.37050978352119174, -0.10431874550868203, 0.1639244245317706, 0.9519793099385813, -0.2499275216844818, 0.176807403717032,0.0032816679232183]
[0.3771686323244192, -0.15876194541900857, 0.19988801597227265, 0.9138967521417282, -0.33099286961359004, 0.23470920441076357,0.012167006806459355]
[0.3725733750338448, -0.2144918542522638, 0.23884952429139797, 0.8659406867751859, -0.40578411357588423, 0.291324978208072,0.02481405305104272]
[0.35655730913387407, -0.26897182896846367, 0.2804127984612852, 0.8091508179289345, -0.4729504968201425, 0.34627160865791573,0.04109445753354664]
[0.3295410419464687, -0.31966368381916743, 0.32414483078574996, 0.7447556939143464, -0.5313118852396486, 0.3991796481443101,0.06084608033913152]
[0.292522599517467, -0.36416459205747065, 0.3695812641476208, 0.6741450271613344, -0.5798850801945477, 0.44969641129165305,0.08387439295050379]
[0.24703565830475005, -0.40033892984184105, 0.41623233627281053, 0.5988383858734218, -0.6179056881777014, 0.4974889254063086,0.10995415963133433]
[0.1950777969830698, -0.42643767794333876, 0.46358917915797015, 0.5204509639410206, -0.6448450539342919, 0.542246712739764,0.13883138359990102]
[0.17788058341516538, -0.44063031483232173, 0.4346908949480551, 0.5722945628477808, -0.6288133773120389, 0.49348204740734236,0.18316150997126243]
[0.1591347292702955, -0.45225749628371387, 0.4057207442947245, 0.6230582540481485, -0.6079075379235014, 0.44098559399702203,0.21858303521854963]
[0.13912876249773165, -0.4611978188869089, 0.3768242690212486, 0.6722684192680697, -0.5822432431819904, 0.3861659960492173,0.24479338577470752]
[0.1181612926350917, -0.4673658262334718, 0.34814479452853553, 0.7194649081611484, -0.5519824256817003, 0.3304514093204129,0.2617011917079666]
[0.09653662595375695, -0.4707126924153062, 0.31982257488707316, 0.7642055439171598, -0.5173316905205211, 0.2752585856078811,0.2694262787454242]
[0.0745603525678875, -0.4712263657343185, 0.2919939604643047, 0.8060704533307548, -0.4785403245542762, 0.2219623200420762,0.268295192883098]
[0.05253497183536933, -0.46893117535889123, 0.26479059327623594, 0.8446661788575562, -0.43589788709062516, 0.17186590193487022,0.2588323590206937]
[0.030755621351731908, -0.4638869118074843, 0.238338635071353, 0.8796295323226949, -0.3897314056366105, 0.12617318784462045,0.24174706615674824]
[0.00950597281288551, -0.4561874000787369, 0.21275803294270276, 0.9106311524803355, -0.3404022041879526, 0.0859628812055703,0.217916558735578]
[-0.010945644965912346, -0.4459585918586611, 0.18816182702157158, 0.9373787315270541, -0.2883023951527252, 0.05216555638546663,0.18836559493954302]
[-0.0303498394896441, -0.43335621040233424, 0.16465550453514818, 0.959619878918547, -0.23385106930161162, 0.02554390735104279,0.15424290637850335]
[-0.048479412848856644, -0.41856298830054484, 0.14233640421259194, 0.9771445943962495, -0.177490221099183, 0.006676633438671705,0.11679505821000401]
[-0.0651322387039281, -0.4017855443005834, 0.1212931747009332, 0.9897873259631147, -0.11968044936650163, -0.004053701542398961,0.07733826288471196]
[-0.08013371809270868, -0.383250950564709, 0.10160529030626583, 0.9974285926184703, -0.060896475429360705, -0.0064685839150308505,0.03722874332493044]
[-0.09333878096354763, -0.3632030461413942, 0.08334262700894382, -0.9999961559305929, 0.00162252269702488, 0.0005970740199072509,0.002167728476998349]
