[0.3386059151300231, -0.018684047851936916, 0.16290478383927154, -0.9998799723216152, -0.015485006124520676, 0.0004999741684324202,7.457399592435566e-05]
[0.38010984620146177, -0.040954704799792206, 0.19200256007466207, 0.998071415921924, -0.002353887109117439, 0.05514280934164378,0.02841088722646099]
[0.41886936451145346, -0.06337780715540901, 0.22503708657775998, 0.9920739962449302, -0.019511337749390616, 0.11094326892780088,0.055678404731616]
[0.45444481837202977, -0.08557767826868906, 0.2616613788193299, 0.9819984014581028, -0.03560723265964979, 0.16654742593597138,0.08168977555456221]
[0.48646969851026156, -0.10716849119730158, 0.30145442750288987, 0.9680075054882531, -0.05027601605973509, 0.22160497287274813,0.10641911259562276]
[0.5146593031613401, -0.12776505234600244, 0.3439301344451523, 0.9503143167138683, -0.06317259304703382, 0.2757719781860487,0.12985275886064648]
[0.5388169209534897, -0.14699416234072568, 0.3885478532256848, 0.9291792057760897, -0.07397795463368002, 0.3287135350090702,0.15198907093397726]
[0.5588373197392849, -0.16450615159630866, 0.4347242529104901, 0.9049064506959278, -0.08240443991851952, 0.3801063320849446,0.17283807473917176]
[0.5747074219661571, -0.17998616797710906, 0.48184618728573425, 0.8778401474685215, -0.08820055616220127, 0.4296411257461587,0.19242099795161818]
[0.5865041445434271, -0.1931647901375153, 0.529284225283494, 0.8483595435989645, -0.09115528384947312, 0.4770250926590281,0.2107696846904809]
[0.5943894798765483, -0.203827553005136, 0.5764064814015608, 0.816873860512644, -0.09110180121324132, 0.5219840440520843,0.22792589932235552]
[0.5986029911540571, -0.21182300121447759, 0.6225923783830576, 0.7838166782921859, -0.08792057105326533, 0.5642644833195629,0.24394052734381524]
[0.5811333798109201, -0.25641723860975973, 0.5876021952033271, 0.8054971912818276, -0.08714818757615653, 0.5171775963986037,0.2758746128635998]
[0.5586755929501606, -0.29829150188761, 0.5523545893027012, 0.8263414631566605, -0.08564600810639206, 0.46792929084150825,0.30144108269463366]
[0.5316149376769397, -0.33683314183117885, 0.5170017855834544, 0.8462771022086368, -0.08344630830511768, 0.4173312206887267,0.32044723769453465]
[0.5004180320519832, -0.37148498655073725, 0.4816985671896811, 0.865234957980087, -0.08058636765501212, 0.36621757062544147,0.3328047412561433]
[0.46562473141680155, -0.4017566301827392, 0.4466011098964437, 0.8831495200650847, -0.07710825494753994, 0.3154312465748199,0.3385326733300807]
[0.4278384230167056, -0.4272345095258446, 0.4118657924581939, 0.8999592994272607, -0.07305858444958983, 0.26580963701854476,0.33775870008141334]
[0.38771487760563517, -0.44759052487544315, 0.37764799448808595, 0.9156071900497815, -0.06848824406530052, 0.21817020878174406,0.33071829999884467]
[0.3459498840886811, -0.462588991823057, 0.34410089362562235, 0.9300408088361091, -0.06345209696782197, 0.17329620882431787,0.31775202485111076]
[0.3032659255256802, -0.4720917471289552, 0.3113742738102496, 0.9432128117945848, -0.05800865832681373, 0.13192274597371992,0.2993008124286163]
[0.26039818106049506, -0.47606127307675955, 0.2796133564121671, 0.9550811846652235, -0.052219748899807475, 0.09472352340598834,0.27589940673526275]
[0.21808015778810377, -0.4745617499529434, 0.24895766577918027, 0.9656095062826975, -0.046150127388378745, 0.062298484036279175,0.24816797941173543]
[0.17702926863558163, -0.4677579943183653, 0.21953994044180714, 0.9747671831146116, -0.0398671035826519, 0.03516261693569707,0.21680208288890832]
[0.13793267661941885, -0.4559122903222771, 0.1914851007812774, 0.9825296535680349, -0.03344013442933221, 0.0137361536787752,0.18256110032243647]
[0.10143372216488183, -0.43937917116696534, 0.16490928341113625, 0.9888785608190567, -0.0269404052585885, -0.0016636405149984123,0.14625538901924823]
[0.06811923856301329, -0.41859825666072265, 0.13991895185875314, 0.9938018930889916, -0.020440398493159834, -0.010828904409951228,0.10873234215934881]
[0.03850804134304754, -0.39408529931421693, 0.11661009236525913, 0.9972940904658792, -0.014013452238530991, -0.013665702996691283,0.07086161753586823]
[0.013040850808436638, -0.3664216344110367, 0.09506750275951889, 0.999356117550148, -0.007733311215483128, -0.01019652570326198,0.03351980125720085]
[-0.007928126122007382, -0.3362422677771961, 0.07536418141301934, -0.9999955013878125, 0.0016736725454398011, 0.000560689984248557,0.002425211555729404]
