[0.2816379287218754, -0.017014045590841246, 0.12545031163330028, 0.9998800190971671, 0.015478087743835208, -0.0006127838803244942,2.6569894100607997e-05]
[0.31855787509136363, -0.016548840463924932, 0.1590799319135911, -0.9975030496815354, -0.03090565096343637, -0.06079909427763032,0.018329668561725226]
[0.3524956056163261, -0.018886341423137845, 0.19736584900200774, -0.9907426750024204, -0.04669172522989147, -0.12388284939465054,0.030031222918280105]
[0.38269213592165824, -0.02380070320800643, 0.23990892736002006, -0.9796091866015241, -0.062439795950803366, -0.18772561833112308,0.035017219046064474]
[0.40846440524350774, -0.03099268706316986, 0.2862224275620364, -0.9641707024516561, -0.07776029069264793, -0.25142790801291076,0.03334967462399882]
[0.42922295005883954, -0.040099761187945795, 0.33574291071897433, -0.9445515073488975, -0.09227727961938083, -0.3141207864388826,0.02520883095247317]
[0.4444866955075525, -0.05070814006685333, 0.3878431407391088, -0.9209295438247365, -0.10563489037331855, -0.3749820514333694,0.010886062162329126]
[0.4538944294301456, -0.06236629124563953, 0.4418466081378666, 0.8935330984687294, 0.11750333528758566, 0.4332510349725063,0.009225444835757636]
[0.4572126442064542, -0.07459938777623198, 0.4970432517421598, 0.8626367409952456, 0.12758445540284177, 0.4882417349905938,0.034641998181933455]
[0.454339561965534, -0.08692415580029202, 0.5527059205634691, 0.8285565848964931, 0.135616693835777, 0.5393540073731351,0.06480241282740891]
[0.4488116173064668, -0.14170446249352658, 0.5165707112707366, 0.8506643801955747, 0.12654798858540064, 0.4979278239036494,0.11146120865146132]
[0.4342685618607346, -0.19525080222004945, 0.4803072438011795, 0.8713420917310786, 0.11717331490326521, 0.45217194861284116,0.1502461391848575]
[0.4110945455849908, -0.24598281168663078, 0.4441053373609801, 0.890550291038839, 0.1075557519343312, 0.40333347148733867,0.18075964741737097]
[0.37995043798636685, -0.2924259357703616, 0.40815280770435697, 0.9082549852909508, 0.09776075660603001, 0.35269267978654506,0.20278952090021102]
[0.3417477184353201, -0.33325925509122506, 0.37263415313718834, 0.9244278363092032, 0.08785579189949554, 0.301536286476783,0.21631089483470117]
[0.2976142111020907, -0.36735729327878575, 0.3377292661491679, 0.9390463499818091, 0.07790993739895156, 0.2511307117312856,0.2214844461032675]
[0.248852997796124, -0.39382443225485875, 0.3036121831287514, 0.9520940346091237, 0.06799348439261195, 0.20269595441529023,0.2186508298761915]
[0.19689606890255507, -0.41202085223983254, 0.270449884285043, 0.9635605268839484, 0.05817751791679123, 0.15738057719626578,0.20832148559747665]
[0.14325443797125353, -0.42157923822397964, 0.2384011554318871, 0.9734416844012982, 0.04853348823911297, 0.11623830517684355,0.19116601162058733]
[0.08946654363328191, -0.42241184327923226, 0.20761552268651332, 0.9817396437900675, 0.03913277436599558, 0.08020670423926117,0.1679963760812936]
[0.037046790465255025, -0.41470785745377764, 0.178232270404534, 0.9884628437636764, 0.03004624223336321, 0.050088362311409916,0.1397482943983252]
[-0.012563961880191396, -0.39892138498517055, 0.1503795518227844, 0.9936260125972964, 0.02134380029721305, 0.026534945397111927,0.1074601598344364]
[-0.05804426174863081, -0.3757506684314682, 0.12417360092088331, 0.9972501197543683, 0.013093955281817343, 0.010034441505092377,0.07224996172080005]
[-0.0982327530563551, -0.34610950321842965, 0.09971805295212147, 0.9993622916035471, 0.005363370867590731, 0.00090184075556953,0.03529066529686557]
[-0.13216238562446161, -0.3110920486445177, 0.07710337994641045, -0.9999956913875895, 0.0017835678922330435, 0.0007265697452585146,0.0022154431241542703]
