[0.36197874774084793, 0.02034143398599155, 0.14237482271912888, -0.999879151125829, -0.015536053743094231, 0.0005586165273523169,4.610378385211655e-05]
[0.3867520070342507, -0.01687388899298474, 0.1864295574745972, 0.998719306711202, -0.03843340506011682, 0.03260116652702396,0.004447889258799256]
[0.40231374234072925, -0.05811083319689236, 0.2329402925885614, 0.993455769087625, -0.09293821146788883, 0.06531843669418105,0.011900653070073881]
[0.40803021504906867, -0.10138762609378209, 0.28129296278471216, 0.9839824772708592, -0.14766985888459777, 0.09736883304662866,0.022167714181757312]
[0.40369163733086116, -0.14463901746973187, 0.33085363052173083, 0.9702173111115607, -0.2022942868901396, 0.12854784563926844,0.0350833591972892]
[0.3895193962954784, -0.18580563177938797, 0.3809766975347278, 0.9521070954556541, -0.2564535725002575, 0.15867271511756634,0.050463981333948506]
[0.3661547377575503, -0.22292277344585137, 0.43101335723452194, 0.9296324860722144, -0.309768542072866, 0.18758384491911678,0.06811161653202916]
[0.33462940591281803, -0.25420487953003124, 0.48032019770973405, 0.9028125768975904, -0.36184229287766795, 0.21514570823342744,0.08781759680896328]
[0.29631950913910465, -0.27812198210518235, 0.5282678557365923, 0.8717090701522568, -0.4122645863582826, 0.2412472422153782,0.10936624695305669]
[0.25288461241956667, -0.29346486759752977, 0.57424961311255, 0.8364298573124177, -0.46061704862191494, 0.26580173238446536,0.13253855052995858]
[0.24724375460626047, -0.32140782914322363, 0.548579922852062, 0.8536285549661095, -0.4380628055044927, 0.23988289149350783,0.1479035731438533]
[0.23790412762162294, -0.3482639327412429, 0.5217005133758323, 0.8698751123488819, -0.4150779384271069, 0.213458168494022,0.15957194067348116]
[0.2250293646429609, -0.3735487965669929, 0.49375446999475736, 0.885157181720376, -0.39171560719909276, 0.18698004234933738,0.1676129782818967]
[0.2088471233217882, -0.396804585219334, 0.46489058806250605, 0.8994661994700848, -0.36802747235362965, 0.1608787631428096,0.17214633070001895]
[0.1896447977570911, -0.4176084565126178, 0.4352624808091574, 0.9127971617233325, -0.34406340809975267, 0.1355572521675131,0.17333765932827533]
[0.16776412063438426, -0.4355803223935748, 0.4050276690527773, 0.9251483757927389, -0.3198712445348156, 0.11138672757137849,0.17139389314892564]
[0.14359476420135658, -0.45038978044364586, 0.37434665839850273, 0.9365211906433419, -0.2954965411450462, 0.08870308163230682,0.16655814887367104]
[0.11756706681307538, -0.46176208943959673, 0.34338200934765806, 0.9469197097119968, -0.27098239328866763, 0.06780401792826325,0.15910443437967986]
[0.09014402721277547, -0.4694830816146286, 0.3122974055250989, 0.9563504895604574, -0.24636927300852815, 0.0489469397609455,0.14933224542194976]
[0.06181272128597243, -0.4734029251894211, 0.2812567249983152, 0.9648222279455188, -0.22169490516261708, 0.03234756558918355,0.1375611590807425]
[0.03307530556288018, -0.4734386730091463, 0.2504231194135866, 0.9723454449578891, -0.19699417949470008, 0.018179233283131535,0.12412551869818084]
[0.004439778133063989, -0.46957555629925324, 0.2199581054191216, 0.9789321609135782, -0.1722990988970503, 0.006572843019955419,0.10936929451620372]
[-0.023589329178658466, -0.4618670062077157, 0.19002067258863345, 0.9845955746773283, -0.14763876374643464, -0.002382621159285536,0.09364119222680646]
[-0.050520153544064736, -0.45043340950693284, 0.1607664118066316, 0.9893497460571516, -0.12303939182662899, -0.0086390585567875,0.07729006859121985]
[-0.07588242810693122, -0.4354596281682447, 0.13234666783357044, 0.9932092858328688, -0.09852437298929444, -0.012187780207597452,0.060660699600653505]
[-0.0992359687488215, -0.4171913350968071, 0.1049077195388427, 0.9961890568704808, -0.07411435735345594, -0.013057673388174255,0.04408993276559179]
[-0.12017856529640356, -0.39593023974729946, 0.07858999107552223, 0.9983038896294176, -0.04982737550540682, -0.01131307727170154,0.02790324145441628]
[-0.13835313362576465, -0.37202829728126807, 0.0535272970749503, 0.9995683151926386, -0.025678988838817685, -0.007051442539528611,0.012411686157729081]
[-0.15345399939229445, -0.3458810130547524, 0.02984612476294876, -0.9999963187419761, 0.001682467872196681, 0.00040084341162334246,0.002090724495187488]
