[0.2753912008673249, 0.0260678219992242, 0.14047061048692483, -0.9998796216020632, -0.015502293928007546, 0.0006485762433360269,2.3167683535379702e-05]
[0.32089837980326896, 0.005794831436424219, 0.1780299658508634, 0.9967396985419422, 0.030137356838248534, 0.07293527638579522,0.01679757517769033]
[0.36077333817330326, -0.017680142263835727, 0.22178220142290572, 0.9877006761659857, 0.044635869765087884, 0.14391329789123142,0.04176094014314053]
[0.3940207029730404, -0.043425349898153706, 0.27110104622335707, 0.97282991057757, 0.05893916079354315, 0.21112232234403316,0.07453526292066483]
[0.4198615794992096, -0.07036162367334733, 0.3252250680360265, 0.952238718156067, 0.07299060238684064, 0.2734472750985306,0.11463151115153951]
[0.43776741799311863, -0.09730578840744666, 0.38327617146550463, 0.9260814147419762, 0.08673626620614835, 0.3298432390183072,0.1614108765481072]
[0.44748359186781195, -0.12302017636548948, 0.44428138915566073, 0.8945539857400543, 0.1001255477755896, 0.3793562585684566,0.214095470209352]
[0.4490414442603913, -0.1462659337365333, 0.5071973118171031, 0.8578923991376525, 0.11311175345560154, 0.4211424426133886,0.27178190845174166]
[0.4427581133557298, -0.16585758421346813, 0.5709364223662449, 0.8163705766438821, 0.12565264260671835, 0.4544849625211042,0.33345751429271236]
[0.4292240396302254, -0.18071622219674993, 0.6343945430032348, 0.770298041224265, 0.13771091832743368, 0.4788085867342397,0.39801880348676455]
[0.40927865897973814, -0.18991875040005174, 0.6964785732413464, 0.7200172622071476, 0.14925466072848337, 0.4936914453412854,0.46429187497885643]
[0.38397536323819037, -0.1927407524246782, 0.7561336926698503, 0.6659007218458735, 0.16025769735534964, 0.4988737772105761,0.5310542848854145]
[0.38803708177121765, -0.24440264782801596, 0.7113004211541935, 0.7012188096335816, 0.1588437796493665, 0.4349111621648592,0.5421375431633365]
[0.3824903646761085, -0.2954661883379983, 0.664525918972543, 0.7350484344708764, 0.15621453617177036, 0.3713720432041644,0.5453289128561931]
[0.36767901343793963, -0.3442372834911511, 0.6162064158787942, 0.7672748242578179, 0.15239800978591972, 0.3092560469391034,0.5407632458895714]
[0.34424139719371327, -0.38912195754822665, 0.5667503815647825, 0.7977882271887917, 0.14742612741823358, 0.24953957397001425,0.5287054780653325]
[0.31308644586355894, -0.4286774191588917, 0.5165747850583077, 0.8264843127934972, 0.14133458224955686, 0.19315842031164618,0.5095468979684931]
[0.2753607771623639, -0.46165780778275883, 0.4661012499863303, 0.8532645535810988, 0.13416270295010127, 0.14099099766896364,0.48379903815063713]
[0.23240809402655527, -0.4870530746873821, 0.4157521472117541, 0.8780365858553439, 0.12595331047176309, 0.0938424844958435,0.45208528574190804]
[0.18572225752541424, -0.5041196944728463, 0.3659466673193303, 0.9007145483468366, 0.11675256295866857, 0.05243022384409562,0.41513035671532694]
[0.13689565941334744, -0.5124021879167514, 0.3170969158645421, 0.9212193973922175, 0.1066097893814907, 0.017370661335408714,0.3737478224700775]
[0.0875646800267809, -0.5117447582617956, 0.269604074200975, 0.9394791974784009, 0.09557731254322031, -0.01083191240105619,0.3288259182395626]
[0.03935411525972702, -0.5022926892611478, 0.223854668066144, 0.955429386062931, 0.08371026214350848, -0.03179458521083891,0.28131189916273863]
[-0.006177512761873321, -0.48448351178342736, 0.18021698493982163, 0.9690130116785785, 0.07106637862526043, -0.045262822961835,0.23219524087333948]
[-0.04758988407951591, -0.4590283035132511, 0.1390376795066849, 0.9801809444311282, 0.05770580856070414, -0.05111509927505583,0.18249000646215766]
[-0.08360827541279327, -0.4268838302390225, 0.10063860437769728, 0.9888920581035283, 0.04369089236456035, -0.04936505682212999,0.13321672008086913]
[-0.11316481506159252, -0.3892165548868145, 0.06531390058002662, 0.9951133831867689, 0.02908594514907189, -0.04016115113867869,0.0853840988509252]
[-0.1354322164646311, -0.34735982031947094, 0.033327379247811595, 0.9988202302676312, 0.013957031559411774, -0.023783778717522783,0.039970998837683513]
[-0.14984888106846647, -0.3027657438841642, 0.004910222476004006, -0.9999962833153594, 0.0016282645516997275, 0.0006399421271121334,0.0020910724740230277]
