[0.26332045543463983, -0.012322468862435201, 0.15338510377310477, -0.9998762231708876, -0.015723110402797814, 0.0005541927175091632,0.0001225039379407583]
[0.28134187238352987, -0.022061414024187355, 0.1648899961385781, -0.9988190766264787, 0.01553457410093136, -0.032918959838101294,0.03217873921876213]
[0.29933454701409307, -0.03668507742126397, 0.17838177580189177, -0.9946387199581046, 0.047627106794332824, -0.07083513457949357,0.0583768718552972]
[0.3162104903160676, -0.05631273737710854, 0.1936877600484536, -0.9873253590487167, 0.08041049441271497, -0.1122546902859139,0.07824111627807617]
[0.33086770592871445, -0.08083231208270794, 0.21060960479372615, -0.9768855654651095, 0.11373811006306418, -0.15619554367755395,0.09143952340464839]
[0.3422389421708243, -0.10990231966223525, 0.2289265342173037, -0.9633422707198798, 0.1474616203040023, -0.20165448013651152,0.09778655645055546]
[0.34933872219779505, -0.14296398694618628, 0.24839898200529353, -0.9467346670807386, 0.181431913233781, -0.2476283730350107,0.09724258262657684]
[0.35130656744034244, -0.17926284252402958, 0.26877258091263767, -0.9271180157532837, 0.2155000214897422, -0.293134873158128,0.08991035392091049]
[0.34744453553143095, -0.2178787086581863, 0.28978243051830277, -0.9045633638191813, 0.24951803413986415, -0.3372321480632055,0.07602861163918238]
[0.3372474831734847, -0.25776264311006425, 0.311157567489316, -0.8791571718571236, 0.28333999156370165, -0.3790372780871763,0.05596300718448404]
[0.3204248218079962, -0.297779091844745, 0.332625558505419, -0.8510008547055121, 0.3168227575752634, -0.4177429504342041,0.030194584537961304]
[0.2969129415363389, -0.33675130916922935, 0.35391713330938535, 0.8202102383403166, -0.3498268632329425, 0.4526321345294616,0.0006938830052287387]
[0.2668779164683185, -0.3735079910642942, 0.37477077419553284, 0.7869149363357618, -0.38221731701008216, 0.48309046965130925,0.03603336899841695]
[0.23070855145540095, -0.40692905365173426, 0.39493717865832517, 0.7512576498464176, -0.4138643762624424, 0.508616148676455,0.07508551733635219]
[0.2160412304567545, -0.41494434404664354, 0.3598867380697524, 0.7950938849973691, -0.38624515232420503, 0.4568720390458281,0.0995406262987611]
[0.19889450348149565, -0.420303977173798, 0.3248851232842153, 0.8355971102608989, -0.3550552440551102, 0.40271234305848547,0.11634436703573706]
[0.17946518628290908, -0.42285951951309464, 0.29032460457463927, 0.8723778019550654, -0.3204499415541161, 0.34717418060024074,0.12545474856921093]
[0.15799564510380837, -0.4225252478719795, 0.2565897154555038, 0.9050764597207599, -0.28261550115602757, 0.2912797969887241,0.12696913180718752]
[0.13476489369475042, -0.4192832337933902, 0.22404563920148063, 0.9333670529419084, -0.2417672170624919, 0.2360182362539032,0.12111956651173993]
[0.11007853337873989, -0.4131855710386218, 0.19302699807892038, 0.9569601561222147, -0.19814721360512744, 0.18232792578654294,0.10826573240618387]
[0.08425810614468104, -0.4043536319854979, 0.1638274494100732, 0.975605743231418, -0.15202198302826636, 0.13108048339821313,0.08888564182204621]
[0.05763044530246153, -0.3929743885478994, 0.13669046958040776, 0.9890956144066305, -0.10367969620974442, 0.08306603238199155,0.06356430145718177]
[0.030517590761037224, -0.3792939805069018, 0.11180167049807962, 0.9972654320261911, -0.053427315963683185, 0.03898027955103329,0.03298056701536107]
[0.0032277877851494604, -0.36360885145385624, 0.08928294398560122, -0.9999963470273827, 0.0015875444667163732, 0.0005864239319630907,0.0021075439328652914]
