[0.3812142461537933, 0.032236794593722425, 0.16958263252267408, -0.9998796048982425, -0.015501283894811233, 0.0006905845515971279,9.486371466295034e-05]
[0.39615162130966053, -0.0063084510080943625, 0.17750624014391772, -0.9998369663241727, 0.003960836115630445, -0.011502780545537897,0.01334311015699459]
[0.4070454216875234, -0.04802344620942956, 0.18567336104711324, -0.9990946238353647, 0.023274034090587644, -0.026316325693015317,0.023993810919496476]
[0.4133310259686139, -0.09246236693811483, 0.19408188747087127, -0.9976580187842059, 0.04241822892964019, -0.0433247960485288,0.03165649155227572]
[0.4144964098909749, -0.13908574806336996, 0.2027290263572902, -0.9955333494345879, 0.061373561667841234, -0.062051248304998426,0.03600387028564893]
[0.41009713781948864, -0.18726724090760632, 0.21161130604701156, -0.9927275626525945, 0.08012042190306327, -0.08197600794489406,0.03677823358092747]
[0.39977040124950586, -0.23630272496864482, 0.22072458493904704, -0.9892483446053906, 0.09863947391529042, -0.10254637165577266,0.03379657588344764]
[0.3832477388090506, -0.28542162741297034, 0.2300640620803378, -0.9851041104797187, 0.11691168244110849, -0.12318688737935503,0.026954420834770572]
[0.3603660963529558, -0.3338002476268644, 0.2396242896442838, -0.980303993232786, 0.13491833806707323, -0.1433100358135413,0.016228263622288887]
[0.3310769183784891, -0.38057683195274045, 0.24939918725190086, -0.9748578313897052, 0.15264108220611075, -0.16232713150388692,0.0016765973961103398]
[0.29545300251495266, -0.4248680970004926, 0.25938205808384274, 0.9687761559030024, -0.1700619316216304, 0.17965925901635618,0.016560489624878334]
[0.2526139227982837, -0.4430970439119618, 0.23529185893157084, 0.9736853576871315, -0.160795866920039, 0.15855684553008023,0.030679637264259756]
[0.20869029121742064, -0.4560447728930521, 0.21182995108854347, 0.978283940096661, -0.15015984881478436, 0.13683826491637285,0.04108334951717802]
[0.16437611897443505, -0.4637057666950856, 0.18903765057761668, 0.9825344057418607, -0.13819592675194148, 0.11508215013454964,0.04779253166625634]
[0.12034918196091163, -0.4661618328457144, 0.16695109592566865, 0.9864004208192321, -0.12495210088192439, 0.09385501568328129,0.05091579640864562]
[0.07726068320353693, -0.4635776005519668, 0.1456018984801975, 0.9898470532073353, -0.11048213188417379, 0.07369814618159179,0.05064674758046996]
[0.035725852471248015, -0.45619496965880346, 0.12501784249770895, 0.9928410025724408, -0.0948453260569369, 0.05511500502075168,0.047259326673863226]
[-0.0036844533400357676, -0.4443266847465797, 0.10522361875712019, 0.9953508212558974, -0.07810629656514018, 0.03855944620107533,0.041101315924869146]
[-0.04045111494231201, -0.42834919918932773, 0.08624157505838226, 0.9973471247628639, -0.060334701843090977, 0.024424996134886905,0.03258613270341651]
[-0.07411307126460265, -0.4086949810818164, 0.06809246685076539, 0.9988027907256205, -0.04160496224817342, 0.013035449997744223,0.022183088116781453]
[-0.1042726062338885, -0.38584439673216026, 0.050796191397645435, 0.9996931452737932, -0.021995956156393798, 0.004636999605411035,0.010406317312877713]
[-0.13059962592490357, -0.3603172893393263, 0.034372489321862404, -0.9999961358082151, 0.0015906967801498158, 0.000607922637888477,0.002197380817766436]
