[0.3799686059062916, 0.07966066977713727, 0.1595659527055178, -0.9998797078701757, -0.015497306149489938, 0.0006318373986256599,6.382055365885312e-05]
[0.3782216121611837, 0.05097549414844311, 0.1672017805057017, -0.9998255474815442, -0.007244677943611211, 0.003869930377686072,0.01677536537891599]
[0.3744414973646357, 0.02369086844600991, 0.17491356865174915, -0.9993966006096998, 9.185669952879066e-05, 0.003920996243782935,0.034511621819028684]
[0.3689052402058033, -0.0021026819876266457, 0.18273161200807267, -0.9985857127872255, 0.006489391368350263, 0.000583650887506462,0.05276477393620637]
[0.3618778938456287, -0.026357396006855646, 0.19068472429581607, -0.997385709344968, 0.011927199604576161, -0.006265736969850118,0.07099457193513303]
[0.3536068710526984, -0.049063041091501544, 0.19879981917616069, -0.9957894234307233, 0.016386786323050805, -0.01666838056434326,0.08864007280498397]
[0.3443175124314655, -0.07024103574631382, 0.20710150922109596, -0.9937897245792193, 0.019851934148270484, -0.030580165454323245,0.10513200041908631]
[0.33420998522745937, -0.08993819652026207, 0.2156117267063974, -0.9913795477442541, 0.022308744559086633, -0.047870572131287696,0.1199054650731951]
[0.32345750901895015, -0.1082203733279979, 0.22434936996449523, -0.9885519227021776, 0.02374567374495672, -0.0683234693952268,0.13241277366638707]
[0.31220585587515626, -0.12516622443486478, 0.23332997880373169, -0.9853000037344756, 0.024153563089249524, -0.09163977796380172,0.1421360584991772]
[0.30057402792840715, -0.1408613615460885, 0.24256544223727372, -0.9816170994960627, 0.023525664207444265, -0.11744196463667148,0.14859945505557695]
[0.2886559762353155, -0.1553930669579799, 0.2520637414719924, -0.9774967029750029, 0.02185765848055758, -0.14528028889198394,0.15138056710888712]
[0.27652319251913715, -0.1688457499628119, 0.26182873078758456, -0.9729325214487549, 0.01914767103676879, -0.1746406868402465,0.15012097089082208]
[0.26422798084846394, -0.1812972701193114, 0.27185995859191575, -0.9679185063417032, 0.015396279146952591, -0.20495414276049786,0.14453552862526658]
[0.25180720017169494, -0.1928162122129577, 0.28215253057312206, -0.9624488828886563, 0.010606515012655715, -0.23560736670880983,0.13442030508150446]
[0.2392862612297457, -0.20346015341622598, 0.2926970164856406, -0.956518179509206, 0.004783862937919443, -0.26595456857391403,0.119658908479265]
[0.21858511132711153, -0.23170920469084796, 0.26177615461425596, -0.9657428823919171, 0.025364538889575013, -0.23865465305710334,0.09869793235151919]
[0.19502846971143678, -0.2558435183003835, 0.2317760077914644, -0.9736782780739183, 0.04101145977231348, -0.20964570903971233,0.07948174416550008]
[0.16950568036795774, -0.2758533069402974, 0.20297150722233048, -0.9804000337015573, 0.05170742803208266, -0.1796206568717381,0.0622778887668647]
[0.1428799790268482, -0.29184008421584523, 0.1755387621319337, -0.9859870567273115, 0.057509442258647916, -0.14929181004737216,0.04726672688152037]
[0.11596526675934285, -0.3039913460497742, 0.14956271275296878, -0.9905194308998041, 0.058547466099091665, -0.11937542406616024,0.03453924365600354]
[0.0895091912819719, -0.31255466312933355, 0.12505008382564076, -0.9940763756696508, 0.05502224161638082, -0.09057618633207884,0.024097027462672744]
[0.06418241329832769, -0.3178132272962479, 0.10194664264016767, -0.996734265514978, 0.04720217601720245, -0.06357197746177307,0.01585440661641138]
[0.04057345161877261, -0.3200646175494237, 0.08015753818646013, -0.9985647445151264, 0.03541934260827949, -0.038999228407677014,0.009642684493634018]
[0.019188106091497736, -0.31960415008418, 0.059569340326973697, -0.9996329697570135, 0.020064648250149513, -0.017439184987656207,0.005216367734157782]
[0.0004521792480783234, -0.31671368540398703, 0.04007231803087802, -0.9999960148741961, 0.0015822303144783763, 0.0005946279783662822,0.0022612387149961734]
