[0.32816643543123913, -0.053459350707488563, 0.09010378909443034, -0.9998812610594592, -0.015395412800825781, 0.0006614043978831142,8.712669345984705e-05]
[0.3866380925990948, -0.05357892875990613, 0.1408197305092767, -0.9957880582479239, -0.008489893945716406, -0.0905677018740337,0.011469792015394581]
[0.437347965822523, -0.055192516998821016, 0.20155383769947163, -0.9831747051945351, -0.00246120593186922, -0.18151868772099544,0.020307819652736533]
[0.4784923396038733, -0.05810319507766127, 0.2708627907356293, -0.9621806467682685, 0.0031695692571939564, -0.2710732596233826,0.026788891960565782]
[0.5085983040666597, -0.06210523033579765, 0.34696058785441597, -0.9330964297930007, 0.008859989560583668, -0.3581620921298769,0.031184436081034474]
[0.5265899271039396, -0.06699488540710045, 0.4277985544425711, -0.896356476946849, 0.015031839585476254, -0.44178492545368686,0.03384065123472461]
[0.5318340152015768, -0.07257930949020988, 0.5111583691590194, -0.852528911016788, 0.022057839778148756, -0.5210289413759926,0.035167454179453786]
[0.5241630629872276, -0.0786830276508388, 0.5947528116184762, -0.8023026646324114, 0.030249822120036938, -0.5950850338633729,0.03562562360531033]
[0.5038743506293591, -0.08515173323695294, 0.6763285174984965, -0.7464721691004796, 0.03984867968632351, -0.663261639921713,0.03571246972755941]
[0.4717055627164633, -0.09185329616480015, 0.7537649615865099, -0.6859199678063365, 0.051016353200417745, -0.7249958526074647,0.03594639304103273]
[0.4799603663849834, -0.1327751068654435, 0.7070556127699382, 0.7209430925251282, -0.04734470300405585, 0.6908516304623329,0.026899091532964693]
[0.48061981514823754, -0.17506192174404964, 0.6588087319981213, 0.7544910409503357, -0.043957972790955736, 0.6495737533377484,0.08285472061686669]
[0.4734592708924429, -0.21729108576430717, 0.6094069814040931, 0.7864088915949536, -0.04083354272851924, 0.6022508406675692,0.13110149474297192]
[0.4585258307233768, -0.2580144441442438, 0.5592538742438465, 0.8165490590784429, -0.037940997880459564, 0.5500668482945104,0.17098121886712905]
[0.4361398469207072, -0.2958110095985199, 0.5087686153947522, 0.8447723538287516, -0.03524247577329009, 0.4942778057813455,0.2020076454493206]
[0.40688598165293766, -0.3293391637304505, 0.45838060019333127, 0.870948989872667, -0.03269308911941038, 0.4361872656816514,0.22387426877775865]
[0.3715940618828733, -0.3573862637992317, 0.4085236663037487, 0.8949595330926953, -0.030241419993534795, 0.37712094711977007,0.23645862616273397]
[0.3313104415582555, -0.37891362030497944, 0.35963019882683794, 0.9166957827439055, -0.027830081160649594, 0.3184010712424243,0.2398230312413862]
[0.287260990894931, -0.39309499796541736, 0.3121251924253386, 0.93606157949384, -0.025396339689483058, 0.2613208912526644,0.23421173565982437]
[0.24080719662298083, -0.39934706440038326, 0.26642037577491295, 0.9529735337692469, -0.022872797460049322, 0.20711991472890076,0.22004458637830387]
[0.19339715506640726, -0.3973505547079699, 0.22290850311443225, 0.9673616687612627, -0.020188122691307913, 0.15696030088673382,0.1979073153250579]
[0.14651345762004764, -0.38706132005094596, 0.18195791506732525, 0.9791699730515782, -0.017267826179166335, 0.11190489068607914,0.1685386646848576]
[0.10162009522331614, -0.3687108655396741, 0.1439074662850682, 0.9883568584716121, -0.014035075549385498, 0.07289729374845545,0.13281461339250475]
[0.06011053888049572, -0.3427964364275727, 0.10906191091214554, 0.9948955194900144, -0.010411540497473889, 0.040744413646312316,0.0917300271436902]
[0.02325908593588409, -0.31006116045664894, 0.0776878285166217, 0.998774191135887, -0.006318261711028523, 0.016101743149012217,0.046378104288222574]
[-0.007822599743874482, -0.271465176911101, 0.050010163136404995, -0.9999963032007303, 0.0016765359514238436, 0.0005382954954627611,0.0020719676726664135]
