[0.2253289698221961, 0.040291765115169846, 0.1535776867851144, -0.9998792191465514, -0.015526055350096839, 0.0006973467824030603,4.931139547707817e-05]
[0.24224119492027457, 0.026600713914564846, 0.18703129184719453, -0.9997743006454743, -0.0009986886564274384, -0.01890725115194527,0.009636713324453355]
[0.2555676466517832, 0.010559500157713609, 0.22121772389206562, -0.998991901586396, 0.012482761091048308, -0.039749401040953515,0.016713657805110204]
[0.2650330409042679, -0.0071200084024715905, 0.25590960491281733, -0.9975704724507567, 0.024870960302032005, -0.06157327924586139,0.021055144524327375]
[0.2704888846573714, -0.025698405342247183, 0.2908752723016823, -0.9955502597329828, 0.03612896152184041, -0.0840828976802706,0.022459848677881384]
[0.2719159511019891, -0.0444304353305607, 0.3258800517609245, -0.992972717116011, 0.04623040481747998, -0.10694427290242504,0.020757052464891543]
[0.26942314445718, -0.06258690684493834, 0.3606876741700718, -0.9898799080441034, 0.05515963295437115, -0.1297887528450192,0.01581335441552843]
[0.26324270771249497, -0.07947623179949878, 0.3950618374596513, -0.9863139057579101, 0.06291171956993946, -0.15221747206047354,0.0075389686860343925]
[0.25372182561389495, -0.09446497731345566, 0.4287679092382565, 0.9823161968830947, -0.06949241023336208, 0.1738068766041057,0.0041065686669868075]
[0.25555108741818466, -0.1240413588029722, 0.4101150834483408, 0.9841918328331197, -0.06902354980647184, 0.16217940009110013,0.01732131469575197]
[0.2530967763610223, -0.1536031603020641, 0.39061224562987584, 0.9859982541475623, -0.0680611509632064, 0.1494831528239812,0.028808151091754233]
[0.2464305126028884, -0.18252561906470346, 0.37036407531081855, 0.9877290672756003, -0.06659230068627933, 0.13593795585360943,0.03843991813887136]
[0.2357149396663658, -0.21020499876758011, 0.3494775471045804, 0.989377441758721, -0.06460746314693129, 0.12178394846018321,0.0461174949681163]
[0.2211990327220337, -0.23607167282284805, 0.32806135771417155, 0.990936188455615, -0.06210052366881549, 0.10727777189249023,0.05177330419144349]
[0.2032115631716003, -0.2596022759075695, 0.3062253705734308, 0.9923978397893115, -0.05906881426426173, 0.0926881598426477,0.05537425203022018]
[0.18215289382708877, -0.2803306725561238, 0.2840800808158903, 0.993754731423847, -0.05551312064735246, 0.0782910249862238,0.05692400737225979]
[0.1584853112085013, -0.2978575230385709, 0.2617361025790169, 0.994999084771833, -0.05143767071972599, 0.06436414604235083,0.056464537883374355]
[0.1327221282188815, -0.3118582617788443, 0.23930367997834273, 0.9961230897319893, -0.046850104616459456, 0.05118157248233337,0.054076838280895864]
[0.10541581141340729, -0.322089341319039, 0.21689222243725592, 0.9971189870570641, -0.041761426490325805, 0.03900787390220082,0.04988080473907682]
[0.07714540211930464, -0.3283926343892998, 0.19460986444808812, 0.9979791497575402, -0.036185938302745996, 0.028092367906041082,0.04403422968326744]
[0.04850350978627281, -0.3306979271119787, 0.17256304928155292, 0.9986961629550908, -0.030141155978435426, 0.018663463928331795,0.036730912447943534]
[0.02008315927490581, -0.3290234769236662, 0.15085613566626382, 0.9992629016118532, -0.02364770836764544, 0.010923260639423178,0.02819790290468613]
[-0.007535228451962662, -0.3234746486780286, 0.12959102603799613, 0.9996726055771502, -0.016729219544638615, 0.005042531395384192,0.018691916679290425]
[-0.03379645027567364, -0.31424068091245577, 0.10886681461787445, 0.9999189514122089, -0.009412175053170506, 0.001156225661145058,0.008494981441887177]
[-0.05818246994514868, -0.30158967082043325, 0.08877945332611054, -0.999996120475605, 0.0017257727889223448, 0.0006403954141923099,0.0020906065469035316]
