[0.3410697893758748, -0.023194305844781198, 0.13564518800921774, -0.9998785619596339, -0.015571584119914899, 0.0006217117352663158,2.4001034146114416e-05]
[0.37585246174353565, -0.0447466610807017, 0.16291131253445365, 0.9956497324433156, 0.06799670293165738, 0.05590696588268181,0.0305363691648317]
[0.4076686875037713, -0.06611789781077607, 0.19458691189197697, 0.9845326144336537, 0.12013671092208705, 0.10803369145886962,0.06776004217108862]
[0.43605670909995653, -0.08689360375042494, 0.23029117148183706, 0.9665987099431118, 0.1713996826007596, 0.15483624385925573,0.11106223628321377]
[0.46063837446712047, -0.1066449334655733, 0.26956089325602, 0.9419893969682829, 0.2212065458756846, 0.19547342621712774,0.1597303343263795]
[0.4811288642956539, -0.12494155021420202, 0.3118606141239808, 0.9109137787937978, 0.26899863225401976, 0.22920328734718928,0.21293585071169385]
[0.4973434355208652, -0.14136531841428074, 0.3565945423267884, 0.8736456430519974, 0.31424490305714453, 0.255399488780453,0.26974901743945484]
[0.5092009380623324, -0.15552423252946984, 0.4031199865324469, 0.8305195776684333, 0.35644874822874906, 0.27356544068786404,0.32915569364186925]
[0.5167239791745832, -0.16706604340810532, 0.45076191121486453, 0.781926303068569, 0.3951542609352245, 0.28334587759881724,0.390076249318019]
[0.5200357326370302, -0.17569104013850378, 0.49882822143098265, 0.7283072913535754, 0.4299518992217016, 0.28453560012156004,0.45138602767513086]
[0.5193535136191837, -0.1811634647647835, 0.5466253612860066, 0.6701487534025392, 0.46048345537078195, 0.27708517059287435,0.5119369530326233]
[0.5149793595659853, -0.18332107828896438, 0.5934738037051253, 0.6079750838710569, 0.4864462641705214, 0.2611034173319537,0.5705798234463786]
[0.5072879681584395, -0.18208245790121524, 0.6387230147740133, 0.54234186169727, 0.5075965928720171, 0.23685667243802871,0.6261868097277712]
[0.4967124409497383, -0.17745168510128712, 0.6817654936604952, 0.4738285098821233, 0.5237521680280542, 0.20476474025999364,0.6776736757872902]
[0.49122853989619064, -0.24584126662301928, 0.6229955062995146, 0.545292349277591, 0.5126018985173945, 0.1646142195225763,0.6424933510836218]
[0.4720550604279079, -0.31002217662312503, 0.5618008086276816, 0.6144255735148586, 0.49423335368954846, 0.12654499934500976,0.6018313466848423]
[0.44033654682329687, -0.36723158356552343, 0.49906772551552286, 0.6803099392090692, 0.46881354223526905, 0.09131179728169071,0.5559266182756141]
[0.3978087631407582, -0.4150270984629122, 0.43573502203191794, 0.7420567728152941, 0.43661570327317434, 0.059641346510666056,0.5051350149817545]
[0.34671486256137213, -0.45141772333950414, 0.37277191405106447, 0.7988202670835086, 0.39801536604438953, 0.03221410605010525,0.44992466109402746]
[0.2896913810922815, -0.474972262645056, 0.31115478715380734, 0.8498101570155467, 0.3534847561066833, 0.009646813249908955,0.3908684730539573]
[0.22963025202075127, -0.4848980695360538, 0.25184333371146594, 0.8943035651309619, 0.3035856409363067, -0.007523677049054303,0.3286339700867902]
[0.1695247438650278, -0.48108475279496377, 0.1957568436440889, 0.93165581995789, 0.2489607346191343, -0.018854851681504577,0.2639706050388212]
[0.11230842439019187, -0.46410963138694694, 0.1437513849897766, 0.9613100691988832, 0.19032380597868398, -0.024010921366672627,0.19769490481484459]
[0.06069685116523967, -0.43520414417905656, 0.09659858598824234, 0.9828055296675995, 0.1284486566097311, -0.022772799789987825,0.1306737657667756]
[0.017041633209531257, -0.3961829326800483, 0.05496668163843654, 0.9957842394819265, 0.06415715447093943, -0.015045410716172308,0.06380629707148928]
[-0.016794205510322256, -0.34933973662184625, 0.019404416266329966, -0.9999962037151667, 0.0016934754004106262, 0.0008621184572064605,0.001995356632067506]
