[0.3710764503139259, 0.04377161873496818, 0.12849701360647559, -0.9998782234391287, -0.01559675164247487, 0.0005212033280404307,8.931688521025573e-05]
[0.41492770124528355, 0.04080711182965679, 0.17171890512924445, 0.9942186204008837, 0.07108685552463062, 0.07709957311656138,0.023057529031275757]
[0.45352078159559633, 0.03997286358542726, 0.22209389082476966, 0.9790388859484436, 0.12472501257661779, 0.15275033680234099,0.050930007317540535]
[0.4856238311540819, 0.04113882864041211, 0.27873908239977635, 0.9546396515068916, 0.17569633064286067, 0.22548272947434045,0.0833754992682918]
[0.5101865472295766, 0.044125699110621405, 0.3405658480457958, 0.9214521331324541, 0.22322868459698855, 0.29437708726936773,0.12015428086236332]
[0.5263778409124986, 0.04871451670029, 0.40631805829862705, 0.8800310242052692, 0.2666079433862233, 0.35855678461228296,0.1609429500416048]
[0.5336145429383712, 0.05465717529212261, 0.4746169598816516, 0.831045134772754, 0.3051921008031505, 0.4172019328346171,0.20533950622555547]
[0.531579984632924, 0.061687243659573766, 0.544010686788856, 0.7752659572388025, 0.33842401438826714, 0.46956219087667556,0.25286998819755213]
[0.5202317529217413, 0.06953054012159376, 0.6130262149645477, 0.7135543798947426, 0.36584248523784696, 0.5149684612654377,0.3029965459042944]
[0.499798421821494, 0.07791492541180423, 0.6802214691041408, 0.6468458070540979, 0.3870914455039482, 0.5528432646289269,0.35512679350990606]
[0.47076557139104114, 0.08657884467173964, 0.7442353017266774, 0.5761339765093427, 0.40192705931638745, 0.5827096099357242,0.40862426578627187]
[0.43385189387981016, 0.0952782404493691, 0.8038331847420963, 0.5024537910105882, 0.4102225859156676, 0.6041982049847097,0.4628197780961894]
[0.3899766319711073, 0.10379157048367525, 0.8579466758971077, 0.4268634999340702, 0.41197090005963993, 0.6170528818988801,0.5170234722605672]
[0.34021997411001914, 0.111922790227566, 0.9057050353592184, 0.3504265798592924, 0.4072846132854304, 0.6211341449270439,0.5705373168468537]
[0.28577832885968496, 0.11950229297765433, 0.9464577554784549, 0.27419366814930946, 0.39639378935467734, 0.616420782113104,0.6226678211429716]
[0.22791660027002247, 0.1263859321753317, 0.979787210003947, 0.19918490172072484, 0.37964129714090594, 0.6030095177069135,0.6727387174725056]
[0.16791968055872006, 0.13245237297881612, 1.0055111056264323, 0.12637300404273044, 0.3574758932852006, 0.581112717895835,0.7201033666557045]
[0.2311248798440842, 0.11426115384678957, 0.9789401621731666, 0.1806780645283239, 0.38287054815200044, 0.5428068851163707,0.7253456181892526]
[0.28982763979445286, 0.08594015755170592, 0.9471361618103014, 0.23738649291629207, 0.40410771755991237, 0.5021815380537792,0.726745009220815]
[0.3421061259178577, 0.048498929074801925, 0.9102521127514691, 0.29593889065657214, 0.42088281489335716, 0.45962755046097403,0.7238924947681435]
[0.3862412186827761, 0.003312582638093812, 0.8685369394138975, 0.3557481021640948, 0.4329427877209222, 0.41560912365574626,0.71643065728735]
[0.4207939068549408, -0.04791941715614263, 0.8223355945443472, 0.4162055463659336, 0.4400892111688684, 0.370655847936994,0.7040658149470875]
[0.44467398818592585, -0.10323180433893715, 0.7720865617451504, 0.4766878406921136, 0.44218070209038507, 0.3253528423542987,0.6865788062612503]
[0.45719596454439837, -0.16046739523762593, 0.7183167463157164, 0.5365636369395088, 0.4391346238385035, 0.28032919862979994,0.6638341555358822]
[0.45811852192702884, -0.21736330559106248, 0.661633833048104, 0.5952005856011291, 0.4309280606313618, 0.2362449993881035,0.6357873620359891]
[0.4476647389558598, -0.27164563186724167, 0.602716268743467, 0.6519723434949494, 0.41759804994985444, 0.1937772187307232,0.6024901007458701]
[0.4265211308681995, -0.3211280592566697, 0.5423011022095383, 0.7062655388708005, 0.399241071004193, 0.15360484365709268,0.5640931730060588]
[0.3958147547133801, -0.36380944079345345, 0.48116998294041424, 0.757486608629582, 0.37601179692036224, 0.1163935771218919,0.5208470999519392]
[0.357068808685937, -0.3979652593971777, 0.4201336793519473, 0.8050684238502097, 0.34812112780239285, 0.082780497060608,0.47310030924036406]
[0.31213837988842186, -0.4222280543596394, 0.36001552640514534, 0.8484766224655972, 0.315833531095933, 0.05335905015297636,0.4212949246449799]
[0.2631291533254613, -0.43565236337573165, 0.3016342490882294, 0.887215571624489, 0.2794637245900829, 0.028664754285876795,0.36596022730209343]
[0.21230291609574156, -0.4377604783545907, 0.2457866313262455, 0.9208338869720397, 0.23937274583005191, 0.009161969703410799,0.30770391526417107]
[0.1619745076504535, -0.42856629711676303, 0.19323050865494032, 0.948929441716259, 0.1959634595615996, -0.004767924007836509,0.24720134316256048]
[0.11440542486569268, -0.40857571678564175, 0.14466855709753754, 0.9711538048450492, 0.14967556198598117, -0.012836639142850978,0.18518297485104124]
[0.07169955074235844, -0.37876328884332305, 0.10073333025035028, 0.9872160551331987, 0.10098014697722836, -0.014857112186729582,0.12242032764689803]
[0.03570641773672972, -0.34052616307607936, 0.06197396221020937, 0.9968859255338758, 0.050373904918578814, -0.010749435652083576,0.0597107260790216]
[0.007937041208459662, -0.29561760768291445, 0.028844906702745532, -0.9999962410793217, 0.0016269706200323906, 0.0005444191336539826,0.0021387850840657832]
