[0.2240450416890066, -0.008368791134520834, 0.12063936761418328, -0.9998799127916961, -0.01548474704139427, 0.0006130152970197925,8.256500675292016e-05]
[0.2639687843625214, -0.016517945930602032, 0.1606710627445508, 0.9981091896787427, 0.042904589624199234, 0.04393652746172714,0.0026121299025421907]
[0.3015973495211874, -0.02682381070947532, 0.20259415595339994, 0.993594572679873, 0.07019728910158086, 0.08795007379956532,0.01034167600251688]
[0.3366193386026941, -0.03907626402200828, 0.24619944641680389, 0.9863511935946823, 0.09717380947790111, 0.13091385103119918,0.02302470964158942]
[0.3687514787565059, -0.05303844972012686, 0.2912618995607503, 0.9764082186067705, 0.12364676988933716, 0.17232512057169375,0.04052801195516309]
[0.39774173731653845, -0.06844987738115947, 0.33754197703423583, 0.9638086832444659, 0.14943146887679726, 0.21169740299215878,0.0626679166581072]
[0.423372063365858, -0.08502983619409543, 0.384787089124103, 0.9486092523023493, 0.17434689325358127, 0.24856553032100556,0.08921224352878891]
[0.4454607214918017, -0.10248107922960933, 0.43273315987552363, 0.9308799060983168, 0.19821670607935776, 0.28249047281427236,0.11988273696661923]
[0.4638641879439867, -0.1204937312950799, 0.48110629425209867, 0.9107035548420964, 0.22087020837081053, 0.3130638898275288,0.15435798372050846]
[0.4784785849308074, -0.13874937045831068, 0.5296245358174331, 0.8881755832822842, 0.24214326932739624, 0.3399123573584634,0.19227677887781153]
[0.48924063465029016, -0.15692523085349164, 0.5779997026527544, 0.8634033281779656, 0.26187922002719094, 0.36270122826207274,0.2332419045247798]
[0.4961281207718613, -0.17469847259578528, 0.6259392885490631, 0.8365054915057399, 0.27992970575183335, 0.38113808503284624,0.2768242811892188]
[0.49915985138617125, -0.191750463553353, 0.6731484159330607, 0.8076114926615172, 0.29615549232993066, 0.3949757493590848,0.3225674482989292]
[0.4898950249831038, -0.2520042215992571, 0.622378927529714, 0.8332641570665857, 0.2802703845245362, 0.343260322117681,0.33059296327394383]
[0.46946584970740385, -0.3096887736114119, 0.5705150380366092, 0.8573021709313422, 0.2631428462675298, 0.29250339468821224,0.332009930981745]
[0.43860248461262535, -0.36267760736071564, 0.5179939152811379, 0.8796520655793035, 0.24487126672511722, 0.24351663702760806,0.32703203779639967]
[0.3984373504534096, -0.409031147508926, 0.4652604653718345, 0.9002472663892523, 0.22555679874921647, 0.19707989378760374,0.31597231739719095]
[0.35046036110977236, -0.4470722748611505, 0.4127634169227258, 0.9190281429739808, 0.2053029194746985, 0.1539289197064543,0.2992388199331197]
[0.2964600845729859, -0.47545155884473644, 0.36095135677818946, 0.9359420310027641, 0.18421500232445467, 0.11474368961973096,0.27732874573955224]
[0.238453134204296, -0.4931996057007315, 0.3102687529404239, 0.950943227675375, 0.16239990207520597, 0.08013747858218999,0.25082111966657195]
[0.1786045647056588, -0.4997644297396871, 0.2611520005379494, 0.9639929629399522, 0.13996555438423933, 0.050646897429438606,0.22036810742241464]
[0.11914241179479085, -0.49503234487331105, 0.21402552649328127, 0.9750593486039674, 0.11702059092204653, 0.026723055599668623,0.18668509929739782]
[0.062269755042123814, -0.479331525167483, 0.16929798805368834, 0.9841173075170645, 0.09367397100094328, 0.008724006374243152,0.15053970876503098]
[0.010077789717870106, -0.4534180705140474, 0.1273585995458944, 0.9911484850071199, 0.07003463033798668, -0.0030913898652777183,0.1127398533359592]
[-0.035536638835346565, -0.4184451093252397, 0.08857362061127999, 0.9961411447272303, 0.04621114734453309, -0.008568070916586092,0.07412110228129157]
[-0.0729457549558347, -0.3759161466370703, 0.05328303778249416, 0.999090051022448, 0.022311427097240943, -0.007657757502867048,0.035533490102639204]
[-0.10085484478984966, -0.327624496083499, 0.021797469587614027, -0.999996339852195, 0.0015575970813454022, 0.00042025461238627435,0.002171994384549133]
