[0.33391478175277944, -0.00014229464620782635, 0.08838244024927286, -0.9998787703281172, -0.015559779006422617, 0.0005750092856556795,8.537403066926564e-05]
[0.35744512433174297, -0.008419914461444503, 0.11938116399794088, 0.9992460761152566, -0.0019393070484185024, 0.03550375982316751,0.015588505215503494]
[0.37822535870731094, -0.017316466347044396, 0.15281253548447526, 0.9966789887865956, -0.02102806948059324, 0.07233997338533779,0.030915074896526413]
[0.39601252149029686, -0.026755181472695105, 0.1884844316728512, 0.9920190390337429, -0.04165890110726719, 0.10987276450507209,0.04572458609017191]
[0.39781856400563276, -0.07893213842462568, 0.19496161441066392, 0.9902101875705988, -0.048370787900976146, 0.11431612706368106,0.06384257515482096]
[0.39260583334341675, -0.1318304291752592, 0.20155676565885391, 0.9882179568127817, -0.05500848428751644, 0.11589571426229592,0.08347167127111978]
[0.3802402930336911, -0.1844908598433616, 0.20826662743531865, 0.9860447757049801, -0.06156727316493739, 0.11433506037726163,0.10417612561656361]
[0.36072054603397363, -0.23593432833147054, 0.2150878324527224, 0.9836932158788356, -0.06804250859100183, 0.10942196588263742,0.12547791614852874]
[0.33418040069790905, -0.28518032620508704, 0.22201690716111674, 0.9811659896047835, -0.07442962005065656, 0.10101441818858012,0.14686599272807738]
[0.300888839401729, -0.3312657258935879, 0.22905027490512012, 0.978465947616461, -0.0807241166646282, 0.08904520842666666,0.1678063085822115]
[0.26124736525473935, -0.3732634868860719, 0.23618425919212024, 0.9755960768093904, -0.08692159133537067, 0.07352514361635884,0.1877524570546202]
[0.21578475416221862, -0.4103009139217194, 0.24341508706783466, 0.97255949781575, -0.09301772482664387, 0.05454477837300602,0.20615672006677557]
[0.16514929097914066, -0.44157710685512935, 0.25073889259543647, 0.9693594624571553, -0.09900828977305481, 0.032274616666266104,0.2224813255534848]
[0.11009861854593979, -0.4663792557844013, 0.25815172043433254, 0.9659993510774834, -0.10488915461594434, 0.0069637615546781625,0.23620970553058002]
[0.08565514072287636, -0.4646637391858742, 0.22714903340733736, 0.973705364460151, -0.09050562084856276, -0.007304358088818716,0.20893358315323843]
[0.061165121059236945, -0.45984761578069827, 0.19694124251736933, 0.9803030104976944, -0.07685268376059723, -0.017947244342079238,0.181045765011162]
[0.03701366158715819, -0.4519675047874817, 0.16763334173357153, 0.9858478096084601, -0.06393831323715336, -0.025028898303084822,0.15293640063870692]
[0.013574815555031873, -0.4411033512168834, 0.1393244588667727, 0.9903948831800448, -0.051763677602947845, -0.028650714366559818,0.12497053099867048]
[-0.008792979495718702, -0.4273762853623874, 0.1121081318093349, 0.9939983896452633, -0.0403233513069247, -0.028946317308743134,0.09748507288946044]
[-0.029751126515883797, -0.41094611082333654, 0.08607260376835607, 0.99671098342376, -0.029605571855798294, -0.02607625428548923,0.07078668377577288]
[-0.048984742627974816, -0.39200846682582746, 0.06130112402041216, 0.9985833007163124, -0.01959254359692809, -0.02022267876391434,0.04515049312609051]
[-0.06620617749749427, -0.37079170475895784, 0.037872241059689976, 0.9996634759159163, -0.010260785627979324, -0.011584157251754884,0.02081966615418341]
[-0.08115817499264648, -0.3475535127996249, 0.015860075593847528, -0.9999966921511811, 0.001581520808075503, 0.0003707206677238216,0.001994252946911261]
