[0.24731654307188197, 0.05905117436309739, 0.15015144770802663, -0.9998797725400596, -0.015493383371326882, 0.0006200021183323826,0.00010551929499395414]
[0.27987105563958425, 0.06679822776798139, 0.18396280954061275, -0.997330420097918, 0.04007646413740856, -0.03248425156060201,0.051678656814020334]
[0.31308475540769803, 0.06912287276494752, 0.22162517978661855, -0.9880708896639668, 0.09309142038463068, -0.06869365245496,0.10164195276472555]
[0.3457309324102596, 0.06587823263642698, 0.26294425886102524, -0.972417412976988, 0.14295706233390978, -0.10760511091765375,0.14962885207205276]
[0.37658239756734246, 0.057163328761259645, 0.30763742087891127, -0.9507606252838791, 0.1891218775220256, -0.14878544648759592,0.1953203516427265]
[0.40446605115089984, 0.043317283692082875, 0.3553406265846514, -0.9235600841703745, 0.2310854681233009, -0.19177828941796804,0.2384478246018695]
[0.42831410469298914, 0.024901908288823722, 0.40561763105317405, -0.8913377946984731, 0.2684060594457307, -0.23611119374218678,0.27879495545026894]
[0.44720945864999884, 0.002673882802572927, 0.4579711625461369, -0.8546708295639049, 0.3007071965363969, -0.2813028445602804,0.3161987740110047]
[0.46042312744511027, -0.022451738283907126, 0.5118556904003958, -0.8141831469129598, 0.32768352388179306, -0.326870242521347,0.3505497910616355]
[0.4674420978614941, -0.04944456229638544, 0.5666913546523242, -0.7705367209337688, 0.34910555614830424, -0.3723357506883257,0.3817912533288052]
[0.46798657414583, -0.07720602875466084, 0.6218785996154254, -0.7244221111662317, 0.3648233623328725, -0.41723389304292224,0.40991754981440504]
[0.4663228855794135, -0.11982220257162876, 0.5839150036632857, -0.7469630238674799, 0.36722276494702005, -0.4308231091405166,0.3486905942378073]
[0.4586376154158904, -0.16118208813377816, 0.5459949733756364, -0.7695524518769828, 0.3667997973657732, -0.4360988993970573,0.2882094419120017]
[0.4452792710185181, -0.20052537489759772, 0.5083153358813371, -0.7920166291237908, 0.36352639611245396, -0.43339480064696806,0.22962396497982118]
[0.4266899176169292, -0.23716119407483868, 0.47106019542607086, -0.8141800088849771, 0.35739049751941865, -0.42320482883977756,0.17401327036055642]
[0.4033922383901175, -0.27047845634915424, 0.43439989729395195, -0.8358663951209276, 0.34839617678104057, -0.4061707756567952,0.12236328907910586]
[0.3759756639005539, -0.29995390613053546, 0.3984902548682013, -0.8569000841309176, 0.3365636925805048, -0.3830663837933602,0.07554649072247033]
[0.34508196426387133, -0.3251578631500584, 0.36347204179382897, -0.8771070093497648, 0.32192943659250833, -0.35477874355738265,0.0343041560832909]
[0.31139068171314044, -0.34575768847552363, 0.32947074672108834, 0.8963158820575841, -0.3045457877452803, 0.3222873132460687,0.0007684130221414679]
[0.2756047545584671, -0.36151907219313706, 0.2965965837380678, 0.9143593207715726, -0.2844808717095866, 0.28664101715596724,0.02923343006379844]
[0.23843664757840782, -0.3723052922961198, 0.26494474741574114, 0.9310749621315177, -0.26181822666592075, 0.2489339169347258,0.050818658746966415]
[0.2005952605077458, -0.37807463737166047, 0.2345958974570016, 0.9463065461791833, -0.23665637698017888, 0.21027998337304193,0.06542177378881096]
[0.16277383759367242, -0.37887621852520986, 0.20561685432588675, 0.9599049690655035, -0.2091083169891666, 0.17178751595861713,0.0731109532839044]
[0.1256390493676695, -0.3748444181088411, 0.17806148399182542, 0.9717292963978712, -0.17930090765661796, 0.13453376610202072,0.07412168922803987]
[0.08982136502344615, -0.36619223415684143, 0.15197174710715627, 0.9816477306617504, -0.14737418940448546, 0.09954031667497734,0.0688498840975932]
[0.05590678222638832, -0.35320378033775823, 0.12737888558772786, 0.9895385264151019, -0.1134806149496229, 0.06774975540418533,0.057841381497655754]
[0.024429932773164027, -0.3362261924712194, 0.10430471772133912, 0.9952908472591319, -0.07778420647924308, 0.040004153019907326,0.041778156083702576]
[-0.004131460994779251, -0.3156611753507479, 0.08276301161369407, 0.9988055589328199, -0.040459641976488166, 0.017025819396796125,0.021461460572379045]
[-0.029360841304298148, -0.29195639918019967, 0.06276090601385753, -0.9999959532595246, 0.0016912759570010389, 0.0005992369901094995,0.0022077058776117943]
