[0.357589687899277, -0.042239935338971704, 0.08645000801914993, 0.9998787433439507, 0.015565414513862931, -0.0004607215972248122,6.492722062199165e-05]
[0.36911155870804174, -0.06113389139496449, 0.10600711210527144, -0.9995668382317608, -0.005670786772477555, -0.022035922091991098,0.018665374957336552]
[0.3791563988047976, -0.08107546619135503, 0.1268193968033688, -0.9982260711698074, 0.0024433492359923065, -0.04793528226410212,0.035227114495266644]
[0.38759291638867616, -0.1019416795060583, 0.14893914573670933, -0.9957825879149863, 0.008705966283085164, -0.07704763647759603,0.049039835538335436]
[0.39428078569385056, -0.12358525605253137, 0.1724114170578848, -0.9921614727462373, 0.013057970174990831, -0.10908654632226855,0.059541807365970444]
[0.3990759575573951, -0.14582886945519163, 0.19727081792663012, -0.9872874893022324, 0.015452677508080128, -0.14367119913657667,0.06620585143160708]
[0.40183771222010534, -0.168460696662542, 0.22353838974303555, -0.9810858475883204, 0.01585620943085011, -0.18033130555728424,0.06855479939725358]
[0.40243712649440117, -0.19123170338993262, 0.2512186811593703, -0.9734829908725137, 0.014247798185778635, -0.21851448643633634,0.06617617355383561]
[0.40076653468764206, -0.21385500003725302, 0.28029708276702225, -0.9644073959672573, 0.010620003820076942, -0.2575960178680982,0.058735693585877304]
[0.39674948956793, -0.2360075071181245, 0.310737492620881, -0.953790380220608, 0.004978839090803792, -0.2968907406686364,0.04598923640554028]
[0.3903506800362533, -0.2573340542187254, 0.342480375512723, -0.9415669084187995, -0.002656198757314612, -0.33566688223183894,0.027792908296591166]
[0.38158523877711026, -0.2774539122625037, 0.37544127126052007, -0.9276763927331481, -0.012252189998446609, -0.3731614857658036,0.0041109301762822965]
[0.3452191338993262, -0.31774402468167484, 0.3393577947403661, 0.9420033576069238, -0.001336597439220239, 0.33465351296454215,0.02519750037323138]
[0.30371067431967536, -0.3515304202969583, 0.3045726090963823, 0.9544685044431316, -0.012425786006066511, 0.29413702510505263,0.04815479550961878]
[0.25833258464147807, -0.37831515893501194, 0.2712017138519255, 0.9651703241695282, -0.020982503795960006, 0.2526443052271731,0.06462843734162088]
[0.2103724391685819, -0.3978223941520007, 0.23932484893015996, 0.9742120588391687, -0.026996108461327873, 0.21121058653409283,0.07464692007187783]
[0.16109642574215893, -0.40998633387704625, 0.20898850447940018, 0.9817001803521874, -0.030478113152201457, 0.17084950578171923,0.07839825820327222]
[0.11171814412874127, -0.41493414685622304, 0.1802097451298007, 0.9877428739299092, -0.03146191833121367, 0.13252902524093593,0.07622480019187532]
[0.0633729106684677, -0.41296529210350946, 0.15298071341994418, 0.9924485422685269, -0.030002352613113754, 0.09714837535030427,0.06861445149202325]
[0.01709766224105609, -0.4045287100602332, 0.12727366028205883, 0.9959243459718792, -0.026175027481879044, 0.06551654967022891,0.05618849309348275]
[-0.026183785848293638, -0.39019918576849905, 0.10304633784023426, 0.9982747953846672, -0.02007551239562945, 0.038332851057299104,0.039686259984698956]
[-0.06567065157492616, -0.37065399205657285, 0.0802475816738307, 0.9996004083237502, -0.011818338384334484, 0.016169943787330485,0.019947016687720507]
[-0.10069099376036726, -0.34665066476820483, 0.05882290632573117, -0.9999964474423001, 0.001535839763383734, 0.0005401883789670537,0.0021105675814743815]
