[0.338971654328878, 0.06054681920122774, 0.13400663177458688, -0.9998798795411827, -0.015489031118435529, 0.0005601819998980752,5.098871654656459e-05]
[0.37057319207705725, 0.03127219176484745, 0.16346432736308114, 0.9980959934921386, 0.04674025850000811, 0.032483437078073676,0.02376052032023602]
[0.39791499261524893, -0.0021043047252860807, 0.19528305467717488, 0.9937728094054994, 0.07552800988556481, 0.061639244069930176,0.0539604169694311]
[0.42035163523226027, -0.03898124800984386, 0.22940146976586356, 0.98701951287339, 0.10165963765919867, 0.08591257369947085,0.08987117979925377]
[0.437306286787187, -0.0786590002843493, 0.26572884166351207, 0.9779598344076692, 0.12496043121870495, 0.10442468474521058,0.13067110671768048]
[0.4482878273887941, -0.12034701628392716, 0.30414261608097776, 0.9667309321297408, 0.14527481464416117, 0.11643283342732247,0.17541359238597468]
[0.45290754761453766, -0.1631743178443204, 0.3444865622123532, 0.953482187994028, 0.1624674118271637, 0.12134721879936808,0.22304911961709817]
[0.4508947819258331, -0.20620318263725032, 0.38656957921097745, 0.9383739273025122, 0.17642397198312973, 0.11874444266295149,0.27244946688371546]
[0.4421108149844179, -0.24844596183526896, 0.43016522521986506, 0.9215760717737899, 0.18705214947009952, 0.10837720458352461,0.32243358826162544]
[0.4265603982960393, -0.2888848008341087, 0.47501201640340485, 0.9032667368559675, 0.19428213287850052, 0.09018003631744134,0.371794588426914]
[0.3985316480396, -0.31959872930867744, 0.4423111327397732, 0.9151445142230035, 0.19135186773634413, 0.05631554155158461,0.35031919813379864]
[0.3668586942460948, -0.3466574607747427, 0.41009256744387346, 0.9265006307450158, 0.18656980808737916, 0.0265366933392609,0.3257055293450586]
[0.3321376740062365, -0.36956602639085845, 0.37846496304256305, 0.9372695665162973, 0.17995436191490674, 0.0010953524811907799,0.2985648799056797]
[0.2950285982543297, -0.387932352338787, 0.34752716867927036, 0.9473869305127065, 0.17153121693695655, -0.019843872293138023,0.269520437522376]
[0.2562373363556983, -0.40147394972098016, 0.3173682546952751, 0.9567897844363034, 0.16133325939690618, -0.036202336010501955,0.23919506407550695]
[0.21649733452436096, -0.41002148054137494, 0.28806766750137325, 0.9654169625498848, 0.1494004640859308, -0.04798438641690573,0.20819963595562832]
[0.17655159538172996, -0.4135193338380848, 0.2596955164776081, 0.9732093859801817, 0.1357797559484584, -0.05527283613057176,0.17712216829278624]
[0.13713538681367338, -0.4120234309320961, 0.23231298283837495, 0.9801103699881021, 0.12052484374074182, -0.05822303418456629,0.14651792713998707]
[0.09896007654151058, -0.4056965463163815, 0.2059728387668856, 0.9860659227310163, 0.10369602632987714, -0.057055719316693114,0.1169007059229237]
[0.06269840887900699, -0.3948014793549384, 0.18072006367859164, 0.9910250340755675, 0.08535997233563913, -0.052048858891934724,0.08873541145691004]
[0.02897145650538948, -0.3796924411379657, 0.15659254323704966, 0.9949399530597305, 0.06558947392982518, -0.04352869384768487,0.06243207130173533]
[-0.001662602864888946, -0.36080503100251976, 0.1336218357340641, 0.9977664526496516, 0.04446317571693766, -0.03186022125787911,0.03834133896324684]
[-0.02871781322822461, -0.3386451697725751, 0.11183398967188773, 0.9994640804899791, 0.022065279725506027, -0.01743735186306644,0.01675153727153159]
[-0.051787868661716176, -0.31377733392099943, 0.09125039585845357, -0.9999963944057186, 0.0015147723593062737, 0.0006729801763132701,0.0021127560068679363]
