[0.2847987392189331, 0.07428782209171207, 0.1698766338196167, 0.9998788873430653, 0.0155491480953778, -0.0006591965427027302,9.950888985173023e-06]
[0.31241233543928043, 0.0585041923887949, 0.17672368789297882, -0.9987806477596833, 0.046546867403889476, -0.01644309399265119,0.0004810983074317211]
[0.3392975289890686, 0.039596327496158, 0.18301127350944008, -0.9935580817566928, 0.10824861482081671, -0.03351881832288999,0.0010316896688016767]
[0.36511258581497763, 0.01758723707246501, 0.18871658004519465, -0.9842705912750178, 0.1692697034484173, -0.05056145204798236,0.0016462722775234244]
[0.3895151431741311, -0.007461907423801404, 0.19381926783347345, -0.9709979272725511, 0.22933084407176788, -0.06756451703260047,0.002329211860676524]
[0.4121665588571267, -0.035451546065236955, 0.19830153199035108, -0.9538394258992735, 0.2881613011558865, -0.0845215843034445,0.00308478575055056]
[0.4327362900568818, -0.06624400726205303, 0.20214815738417244, -0.9329131423568876, 0.34550026756932084, -0.10142627689318824,0.003917177927008144]
[0.4509062429072374, -0.09966429088603132, 0.20534656456689251, -0.9083548900134703, 0.4010981548637905, -0.11827227262973716,0.004830474146134252]
[0.46506582222593884, -0.14605950228879072, 0.20717710915434978, -0.8784363907551751, 0.45803744920795564, -0.136156502414969,0.0035509675038781913]
[0.47423941555711635, -0.19530733395912128, 0.20818624349950032, -0.844796084803763, 0.5124617242585969, -0.1539461843619611,0.0017687822173714917]
[0.4780000064016971, -0.24682593028220334, 0.2083695647737492, 0.8076563716223961, -0.5641241883543943, 0.17162409438656173,0.0005056849165261981]
[0.47599400277480863, -0.29997312617488125, 0.20772671456589956, 0.7672556624711525, -0.6127980361271514, 0.1891736697494565,0.0032615944234866837]
[0.46794960611430964, -0.3540562984309922, 0.2062613730132565, 0.7238465824114918, -0.6582774071568498, 0.20657901650475366,0.0064877035989289655]
[0.45368379961831873, -0.40834336948104993, 0.20398123600737528, 0.6776941266357251, -0.7003781838557571, 0.22382491475269475,0.010172405728367613]
[0.4331077981026281, -0.4620747643568507, 0.20089797554949074, 0.6290737853460292, -0.73893862807643, 0.2408968217316358,0.01430376896269908]
[0.39632968177765526, -0.47599327996829743, 0.1962200983377562, 0.6622064456548056, -0.713327244508594, 0.2263861989833153,0.03736515067402925]
[0.3593294361249339, -0.4870195467441868, 0.19145532975202956, 0.6942135334277938, -0.6861087076060058, 0.20977781472484422,0.057581939895969]
[0.32233514282665404, -0.49517985453614655, 0.18660458679197287, 0.725011854222804, -0.6573367709588319, 0.1915059575023404,0.07477732960556778]
[0.2855702701947837, -0.5005185900571075, 0.1816688850049747, 0.7545209907131778, -0.6270697027451266, 0.17201788011082672,0.08883417920215618]
[0.24925222858403778, -0.5030977059827382, 0.17664933822539666, 0.7826635553385755, -0.5953701326716818, 0.15176606156894,0.09969567103509401]
[0.21359097975105812, -0.5029960741467099, 0.1715471582240231, 0.8093654341147037, -0.5623048845119203, 0.13120048754590743,0.10736499886867035]
[0.17878770949751954, -0.5003087280160734, 0.16636365426786123, 0.8345560207724388, -0.5279447947674644, 0.11076106743459498,0.11190410095774933]
[0.14503357245078388, -0.4951460003876258, 0.16110023259050985, 0.8581684404287597, -0.4923645180280352, 0.09087030362274345,0.11343146458810174]
[0.11250851729052742, -0.48763256295638563, 0.15575839577339629, 0.8801397620266472, -0.45564231965040863, 0.07192632419378414,0.11211904267894261]
[0.08138020012746446, -0.47790637506814476, 0.15033974203825617, 0.9004111988185134, -0.4178598564210901, 0.05429638435404133,0.10818833615520743]
[0.0518029930853244, -0.46611754957498674, 0.144845964451302, 0.9189282962076661, -0.3791019459090499, 0.03831093442272842,0.10190570808598197]
[0.023917094434410844, -0.4524271442614241, 0.1392788500396133, 0.9356411063046599, -0.3394563252541054, 0.024258343344625094,0.09357700687746763]
[-0.0021522541204955356, -0.4370058877956346, 0.13364027882034293, 0.950504348599967, -0.2990134001732215, 0.012380356522403093,0.08354158594245079]
[-0.02629543817799298, -0.4200328495818667, 0.12793222274342048, 0.9634775562010877, -0.25786598500101365, 0.002868355464256147,0.0721658160985385]
[-0.0484190253982542, -0.4016940632435683, 0.12215674454849895, 0.9745252071308353, -0.21610903461191958, -0.004139525533075021,0.05983619434813786]
[-0.06844620111632736, -0.38218111374981417, 0.1163159965369758, 0.9836168402339024, -0.1738393690997918, -0.008560383517627147,0.04695215855838228]
[-0.08631708250512056, -0.3616896984083489, 0.11041221925997718, 0.990727155290778, -0.13115539211592114, -0.010367603362403811,0.033918721804952603]
[-0.10198890985588101, -0.3404181720856709, 0.1044477401232832, 0.9958360969914507, -0.08815680378866013, -0.009590972210668096,0.021139042709077297]
[-0.11543611442433815, -0.31856608707729517, 0.09842497191023, 0.9989289224759171, -0.04494430916678851, -0.006315851797375367,0.009007048944975244]
[-0.12665026317183872, -0.29633273803938714, 0.0923464112237066, -0.9999962522041258, 0.0016193231444914, 0.0006814228487905724,0.002099769786848309]
