[0.39023504418671134, 0.014139180968556393, 0.1544707067802281, -0.999879248126701, -0.015528502031049937, 0.0005934165191815747,5.1449875932695797e-05]
[0.39520070308359706, 0.013329044699403355, 0.1588273215392106, -0.9999477661383188, -0.0011406620212891553, -0.008687457413828877,0.005262315918148483]
[0.4095591982452477, -0.03255164494541263, 0.1672746729161173, -0.9973944670896752, 0.053090802625947967, -0.04460637881667174,0.019897604486456624]
[0.4177814297728777, -0.08320596296692392, 0.1771191388967808, -0.9903381444597841, 0.10791788229780996, -0.08268008269157645,0.027351311383959773]
[0.4185681160341323, -0.13769571251280133, 0.18825129593833134, -0.9787106785490044, 0.16295160495085934, -0.121746229191047,0.027386818286316658]
[0.41078995129194307, -0.19475529944808853, 0.20054986247366355, -0.9624797887903799, 0.21779719579482182, -0.16062167166084632,0.019942824945660853]
[0.3935667374555003, -0.2528283739937626, 0.21388311240978664, -0.9416494373290856, 0.27205743536161364, -0.19812805780575696,0.005134369717612135]
[0.366337556428611, -0.3101230610877599, 0.22811040342615715, 0.9162599153740325, -0.32533603840481473, 0.23311729458512823,0.016749822660029536]
[0.32891771568268513, -0.36468344315480755, 0.2430838026062263, 0.8863876121577474, -0.37724102359388273, 0.2644963558483532,0.0452536061995938]
[0.2815388219864294, -0.4144739997443127, 0.25864979073171424, 0.8521444691842724, -0.4273880441307859, 0.2912509260176985,0.07976315857931854]
[0.23835402400772945, -0.4279882021334756, 0.2324073544582504, 0.8741830755325617, -0.3992032193932468, 0.2554503709844499,0.10576316959322823]
[0.19451095890950149, -0.4360213421921305, 0.2069438619662682, 0.8947773190627494, -0.36933364142690744, 0.21801140487004675,0.12424668183822175]
[0.1507491377920593, -0.43858098006793284, 0.18231807546174134, 0.9138148095857183, -0.33787124020021564, 0.18025599341632753,0.13525271037904926]
[0.10779547480097819, -0.4357746496129313, 0.15858608921599668, 0.9311893666052525, -0.3049155154323201, 0.14346395650741958,0.1390359131778144]
[0.06635096465332753, -0.4278066272346311, 0.13580125832127213, 0.9468015215554622, -0.2705731068123927, 0.10883917355137863,0.13605552892405515]
[0.02707799916312704, -0.4149729607439546, 0.11401413615922767, 0.960558990188476, -0.23495733105283162, 0.07747808482060553,0.12695914825311588]
[-0.009411455576110474, -0.3976548708436191, 0.09327242014612977, 0.9723771129319512, -0.19818768785063146, 0.050341265020451824,0.11256175046029303]
[-0.04256661824083469, -0.37631066523528156, 0.07362090529409773, 0.9821792611799226, -0.16038933697412958, 0.028228768206805,0.09382055285803502]
[-0.07190740621401283, -0.3514663297488383, 0.055101445109297875, 0.989897207633843, -0.12169254882527986, 0.011759849181392525,0.07180632163227915]
[-0.09703254761020157, -0.32370498206020754, 0.03775291933530531, 0.9954714589726344, -0.08223213094995999, 0.0013575579106516655,0.04767187899425387]
[-0.11762616144484711, -0.2936553911762182, 0.021611208042976116, 0.9988515493004789, -0.042146833080017036, -0.002761417058591062,0.02261860953257368]
[-0.13346270466878155, -0.26197977970418385, 0.006709171566996769, -0.99999629299813, 0.0015787333902977077, 0.0005914098874435492,0.0021381826923612696]
