[0.2971956849087278, 0.022847843245904595, 0.15533065637434149, -0.9998775206228966, -0.015641597576629578, 0.0005051352725226882,0.0001703426441561216]
[0.32202252013028976, 0.0088915150819815, 0.1720130343146444, 0.9986271057874135, 0.035702423723226503, 0.02619823384483213,0.027980226417114624]
[0.34652697162469254, -0.004809159634474484, 0.19000439964609625, 0.9954737587466438, 0.055563138593287396, 0.052128155368943885,0.056810110845900694]
[0.3592855152841864, -0.03992582918487052, 0.19405790678162815, 0.9931969969809405, 0.06614797156545293, 0.05883207628658302,0.07565023361251187]
[0.36859444194246227, -0.07669950758642319, 0.19813349654534326, 0.9904468073201388, 0.07724642383183004, 0.06257994972171256,0.09556077525515047]
[0.3742914517194268, -0.11478214476487136, 0.2022005569247518, 0.9872249809355458, 0.08884333382622453, 0.06327255074394474,0.11614767915808125]
[0.37624976383365133, -0.15381298590213074, 0.20622808256251532, 0.9835337443279116, 0.10092287963486785, 0.06086014790296325,0.1370109066160569]
[0.37437867273294295, -0.19342212217891813, 0.21018483833019266, 0.9793757580836115, 0.1134685999361163, 0.05534244641921507,0.15775048314038678]
[0.36862377506418864, -0.23323397803495344, 0.21403952382540548, 0.9747541152057304, 0.12646341578474735, 0.04676780445918344,0.17797244681021784]
[0.3589668921653147, -0.2728707103070962, 0.21776093795550258, 0.9696723390203649, 0.1398896532121946, 0.03523174465371135,0.19729461227211093]
[0.3454257133120273, -0.31195549975096626, 0.2213181427734032, 0.9641343806588973, 0.15372906661297672, 0.020874793185819765,0.21535206783134714]
[0.32805318461486327, -0.3501157202667443, 0.22468062573810807, 0.9581446161174321, 0.16796286288654666, 0.003879688347162029,0.231802328104062]
[0.3069366673424905, -0.3869859754971413, 0.22781845958334443, 0.9517078428950295, 0.18257172630278026, -0.015531990697154418,0.2463300708234709]
[0.2821968876695766, -0.42221099623026054, 0.23070245899287878, 0.9448292762128118, 0.1975358440583691, -0.03710371621177497,0.2586513935137378]
[0.25398669755154474, -0.45544839513323077, 0.23330433330010397, 0.9375145448164501, 0.2128349324904725, -0.06054835952231888,0.2685175337450735]
[0.20841680046647426, -0.45990173316772603, 0.20857806141636648, 0.9491437380597937, 0.1966127873686476, -0.07126229109357686,0.2353534835372263]
[0.16371248451264492, -0.45907508152095305, 0.18487843702410378, 0.9596525527876701, 0.1790792168293431, -0.07761443405899543,0.202419395448162]
[0.12053309876952564, -0.4532071207826177, 0.16223153752223876, 0.9690074657559633, 0.16028452509775165, -0.07976689522700214,0.17020765185278489]
[0.0794905378996642, -0.44261754782460827, 0.14065821233793344, 0.9771778431114464, 0.14028275523272607, -0.07793589405533892,0.13917689439763944]
[0.041139966915684015, -0.4276984030055495, 0.12017446647585134, 0.9841360381153302, 0.11913152383376534, -0.07238600310487055,0.10974609362618926]
[0.005972068806729708, -0.4089045080334584, 0.1007918778857094, 0.9898574808061851, 0.09689184516976276, -0.06342374466753897,0.08228952937025873]
[-0.025593142741726645, -0.38674327404540376, 0.0825180417640689, 0.9943207593084984, 0.0736279452577231, -0.05139068207054307,0.057132749641704623]
[-0.05321094622434664, -0.3617641288169673, 0.06535703471180343, 0.997507692516671, 0.049407066449524265, -0.0366561507877348,0.0345495551975096]
[-0.07661500959218771, -0.334547794533365, 0.04930989156579993, 0.9994033939087195, 0.024299263112999677, -0.019609778118088915,0.01476003584201894]
[-0.09561903300667794, -0.3056956245723769, 0.03437508771251699, -0.9999963262692141, 0.001622810979927263, 0.0006539407948839072,0.0020703366963307603]
