[0.30548186041999614, -0.0360121600530235, 0.16922294210233918, 0.9998780487800693, 0.015609780798222566, -0.00047106576353550013,2.0204942383035534e-05]
[0.33261382901179243, -0.0479784258362536, 0.1764954955749524, 0.9985519193486139, 0.047912107407434235, 0.024369689595034678,0.0021476866670115304]
[0.359325071736202, -0.061736279599690115, 0.18348710482710212, 0.9955779445094997, 0.07991874982981963, 0.048796184195929196,0.00751546670511684]
[0.38544007777678857, -0.07726427501495566, 0.19016856286256453, 0.9909832988367807, 0.11154022636896095, 0.07247443640749025,0.01607281542076175]
[0.4107847325599795, -0.09452570938779514, 0.19651229340786797, 0.9847999946076363, 0.1426892908452081, 0.0950757662011726,0.02773689925264542]
[0.43518767827552046, -0.11346873352960578, 0.20249244611448736, 0.977064708032444, 0.17328118670826526, 0.11627981253548332,0.04239329955503823]
[0.4584816649251604, -0.13402658244201088, 0.20808498460386474, 0.9678185927956027, 0.20323388812209864, 0.1357775013559851,0.05989681363344431]
[0.480504881125827, -0.15611792595866628, 0.2132677670011733, 0.957107081859394, 0.2324683274434421, 0.15327393776487222,0.08007253332007465]
[0.5011022539711334, -0.17964733752390827, 0.21802061863264935, 0.9449796785048203, 0.26090860858348713, 0.16849119635250998,0.10271719394364041]
[0.5201267074193443, -0.2045058783303177, 0.2223253965917719, 0.9314897376001695, 0.28848220581101586, 0.18117098435811,0.12760078409904804]
[0.5374403689263203, -0.23057179309462328, 0.22616604591146203, 0.9166942381000933, 0.315120147623933, 0.19107715323342858,0.15446840423778993]
[0.5529157143770844, -0.25771131283137, 0.22952864711266835, 0.9006535477853072, 0.3407571853845468, 0.1979980353158405,0.18304235980124547]
[0.5664366417874805, -0.28577955909410024, 0.2324014549340737, 0.8834311812557122, 0.3653319464817126, 0.2017485836671153,0.21302447242824787]
[0.5778994647451707, -0.31462154330189845, 0.23477492808308179, 0.8650935521879292, 0.3887870718497845, 0.2021722946913749,0.24409859070581605]
[0.5872138171335197, -0.34407325396226546, 0.23664174988454728, 0.8457097208620387, 0.4110693377399191, 0.19914289489773154,0.2759332800175948]
[0.5943034613286733, -0.37396282384632346, 0.23799683974077943, 0.8253511379519138, 0.4321297617033499, 0.19256577510583198,0.30818466929679933]
[0.527201553762719, -0.42640991119515737, 0.21377514172672696, 0.8541077115834698, 0.4007050113675692, 0.15478380939777336,0.29321917267954817]
[0.45505890177286207, -0.4673064247859875, 0.19026936972436836, 0.8807169582691762, 0.3670642913453913, 0.12010803318301841,0.2741815198023079]
[0.37984609632317917, -0.4961563939827913, 0.16756681359253076, 0.9050017703763132, 0.331387173386104, 0.0889562565607008,0.2514778744733106]
[0.3035773510050638, -0.5128007599156752, 0.1457507568208309, 0.9268007198178779, 0.29386750359814956, 0.061698473842663526,0.22555623334224525]
[0.22825259249697946, -0.5174192173330082, 0.12490011467310214, 0.9459692087142108, 0.25471202710635915, 0.038652737355306305,0.19690100382405726]
[0.15580012778528604, -0.5105220490874306, 0.10508909345628023, 0.9623804997999917, 0.2141389202154667, 0.020081635757057712,0.16602717957910745]
[0.08802162475151634, -0.4929322075876622, 0.08638687255599409, 0.975926619172333, 0.1723762405536652, 0.006189415724622989,0.1334741803362476]
[0.02654107061904741, -0.4657581996572755, 0.06885731076577245, 0.986519124885072, 0.12966030625981276, -0.0028802214763826305,0.09979942655571958]
[-0.02724075195033495, -0.43035861562385674, 0.052558678314662655, 0.9940897358504769, 0.08623401578898127, -0.007045624708090164,0.06557172233598776]
[-0.07218490455175505, -0.3882994009745073, 0.03754341586873605, 0.9985908165056031, 0.04234512033964796, -0.006287983085342512,0.031364522040236376]
[-0.10744489808399589, -0.341305191305047, 0.02385792164615938, -0.9999957137293922, 0.001755538751089406, 0.0006513937507792369,0.0022508426685460205]
