[0.25585450484384986, 0.06867085467171523, 0.15158380536708532, -0.9998810779181572, -0.015409503008289888, 0.0006087988848939668,8.125379874123662e-05]
[0.26118146381677704, 0.03523170131273933, 0.16094502380434322, -0.9985505287965911, 0.04994956164872833, 0.02001753803415601,0.0010866932408742536]
[0.26201966233915613, 0.0017890326434086563, 0.17058448333808351, -0.9926187868653855, 0.11465745622727308, 0.039190459383751035,0.0050714481829418]
[0.25849927993546845, -0.03106885769148509, 0.18050110969995894, -0.9821936848084303, 0.1783647233938551, 0.05777718498015593,0.011974467288390965]
[0.25082042669053883, -0.06279505105470362, 0.19069294157356378, -0.9674109904402137, 0.2407366398160391, 0.07543924366225505,0.021697150532607713]
[0.239243386996695, -0.09289018134315652, 0.20115706491821939, -0.9484325279595012, 0.3014555084545596, 0.09185393189082493,0.034105300569692854]
[0.2240789503126162, -0.1209066220889552, 0.21188955497294332, -0.9254441102266704, 0.360222719483616, 0.10671788475114168,0.04903146223433504]
[0.20567918997482937, -0.1464509280188115, 0.22288542690490484, -0.8986533099457868, 0.41676056452564386, 0.11975031877509651,0.06627760959035262]
[0.18442896306442197, -0.16918483255593902, 0.23413859596393502, -0.868287098815828, 0.47081379219492386, 0.13069591370410433,0.08561813622169843]
[0.16073830963082386, -0.18882513516853955, 0.24564184789048385, -0.8345893845109853, 0.5221508963345806, 0.13932730613861832,0.10680310146585086]
[0.13503583410352885, -0.20514282059904657, 0.2573868202001418, -0.7978184757534429, 0.5705651317588378, 0.14544717410128996,0.12956168304488194]
[0.10776306109529744, -0.2179617370717524, 0.26936399483489626, -0.7582445057543616, 0.615875255731818, 0.14888989778322265,0.15360578507560688]
[0.07936967706799158, -0.22715712500305327, 0.28156270253125, -0.7161468439260689, 0.6579259967813539, 0.14952278804979593,0.17863374974457963]
[0.05030950274027596, -0.23265423498103405, 0.293971139109813, -0.6718115250217029, 0.6965882557180192, 0.147246880558016,0.2043341210118248]
[0.021036991913735308, -0.23442720808594475, 0.3065763937417164, -0.6255287237536814, 0.7317590468644729, 0.14199729948700335,0.23038940954281564]
[-0.007995977298516317, -0.23249831776923474, 0.3193644890959272, -0.577590301499806, 0.7633611904590856, 0.1337432008161312,0.2564798096336388]
[-0.03634326211245906, -0.22693759552940718, 0.3323204331200815, -0.5282874499502686, 0.791342769944394, 0.12248731071521243,0.2822868211509914]
[-0.04407806730232134, -0.24200217334713214, 0.3098878952277116, -0.5820232253548183, 0.7609480202775271, 0.09488398529052601,0.270562571171022]
[-0.051918748100860904, -0.2560844781658536, 0.2878476433092212, -0.6344002302845185, 0.7259984101724754, 0.06993363175003425,0.25607019231499645]
[-0.05978043089413621, -0.26919346384872656, 0.26627482487912213, -0.6849988489762006, 0.6864909495130639, 0.047827930167132514,0.23920543939020453]
[-0.06757632967248642, -0.28134376813094397, 0.24524125644974637, -0.7333814444646009, 0.6424684436492475, 0.02870509464335358,0.22036781382825868]
[-0.07521885965363191, -0.2925547071699374, 0.2248149050016224, -0.7790983463306801, 0.5940238210009887, 0.01265217543872696,0.1999534677990183]
[-0.08262075806451788, -0.30284922114799856, 0.20505951591326557, -0.8216946421867941, 0.5413035547347798, -0.0002916999092749659,0.17834879182145044]
[-0.08969620412489658, -0.3122528055693932, 0.18603439043110812, -0.8607176238591477, 0.48451004406154347, -0.010131290493339079,0.1559248092340791]
[-0.09636193002598084, -0.32079246244789483, 0.1677943098453043, -0.8957247180620954, 0.423902846061357, -0.016910570885508465,0.1330324740279143]
[-0.10253831431275931, -0.3284957040112174, 0.1503895978638753, -0.9262917145308253, 0.3597986774862348, -0.020707596033348888,0.10999893970952782]
[-0.10815044858458975, -0.33538963892390056, 0.1338663074451445, -0.9520210925516949, 0.2925701369903352, -0.02162907955919589,0.08712483684665409]
[-0.11312916785959098, -0.3415001674514564, 0.11826651373845404, -0.9725502399422183, 0.22264313088587376, -0.019804864030637567,0.06468256657243542]
[-0.11741203434519538, -0.34685130758806687, 0.10362869095438257, -0.9875593569923562, 0.15049301897689252, -0.015382457977374487,0.04291558740876334]
[-0.12094426376629981, -0.3514646691056397, 0.0899881480684474, -0.9967788417545191, 0.0766395304132835, -0.008521805796266145,0.022038644117137747]
[-0.12367958287348685, -0.3553590869319958, 0.0773774963545105, -0.999995962291194, 0.0016405319650139776, 0.00060955649627005,0.002238860660885587]
