[0.23732196381834839, 0.027020455764546314, 0.1655252565075841, -0.9998787950106318, -0.01555724139892743, 0.0006039645567199989,5.2487684707513975e-05]
[0.25752478331856543, -0.0007500240292757573, 0.18896109005749237, 0.999163133254762, 0.026014418950554296, 0.023530160907727117,0.021038409608342412]
[0.2739226604965291, -0.03134728272838795, 0.21348999545365316, 0.9973311753641138, 0.03540689116814002, 0.04410799788096012,0.04616668958866731]
[0.28612259958872727, -0.064246972250878, 0.2390781970769696, 0.994394379448299, 0.043711098666796955, 0.06058218211706624,0.07482617980966735]
[0.2938020331873657, -0.09886910790334956, 0.2656832202584763, 0.9903667169915245, 0.050905939019710834, 0.07247464025792286,0.10644142881151272]
[0.29671711130589534, -0.13458747469166307, 0.29325389425724757, 0.9852646304745575, 0.056972824783375835, 0.07938506431951806,0.1403770520242639]
[0.294709714894838, -0.17074032949111306, 0.3217304301663977, 0.9791069853388031, 0.06189573578514388, 0.08099813745593155,0.17594809143905676]
[0.2877129840097222, -0.2066422200304378, 0.35104457390725474, 0.9719150164252125, 0.06566126553215561, 0.07708939186050809,0.21243122350180074]
[0.2757551772328528, -0.24159670698336572, 0.38111983381396985, 0.963712269033451, 0.06825866161428706, 0.06752960145869057,0.24907663590922066]
[0.25896171112585675, -0.2749097449163777, 0.41187178165535454, 0.9545245347590728, 0.06967985998765087, 0.05228763540779348,0.2851203830639594]
[0.24582075094451616, -0.29568066258997744, 0.38651563873622874, 0.9596199836534476, 0.07534009245542676, 0.027756530568898864,0.26959772338160215]
[0.2294985630610578, -0.3151219084527307, 0.3609259056033414, 0.9644780560220962, 0.07954726827248118, 0.006319306998785764,0.25182211563180784]
[0.2102311122060118, -0.3327587131817983, 0.3352302714946168, 0.9690845402245105, 0.08229807473128167, -0.011887254155694194,0.23229479973088443]
[0.18832051634398908, -0.3481619860137368, 0.3095494941176642, 0.9734251866028045, 0.08359735687661982, -0.026801943313306233,0.2115101506906201]
[0.16412605373478156, -0.3609562386840032, 0.2839970999508521, 0.977485814181031, 0.08345806559755715, -0.03843456258516781,0.18994477818684016]
[0.1380545393299505, -0.3708258169417987, 0.25867926762293236, 0.9812524172243413, 0.08190116735740838, -0.04685984552682066,0.16804775319558374]
[0.11055036976295671, -0.37751948581491807, 0.23369488355408954, 0.9847112709733031, 0.07895551601174833, -0.05221008048581047,0.14623216747735784]
[0.08208549572346388, -0.380853462835943, 0.20913575553339647, 0.9878490358752864, 0.07465768733573833, -0.05466668850422251,0.1248681913456304]
[0.053149533615193145, -0.3807130277231658, 0.18508696676573808, 0.9906528596452929, 0.06905177705054857, -0.05445102685123329,0.10427775140273839]
[0.024240178850171122, -0.377052857057949, 0.1616273502044674, 0.9931104765028671, 0.06218916330356159, -0.05181470209365682,0.08473090389460743]
[-0.004145965400967082, -0.3698962387687814, 0.13883006074492601, 0.9952103029496987, 0.054128234717627934, -0.04702968193479922,0.06644393220027206]
[-0.03152207435108805, -0.3593333150420221, 0.11676322112952636, 0.9969415294741272, 0.04493408528020516, -0.04037849282121474,0.049579149925212264]
[-0.05741926994118518, -0.34551848570365473, 0.09549061623813557, 0.9982942075938287, 0.03467817749304627, -0.032144780676077726,0.03424634528906114]
[-0.08139426628060033, -0.32866707982583204, 0.07507240982801633, 0.9992593316764024, 0.023437975346543412, -0.02260449539059102,0.020505759128145055]
[-0.1030365038938865, -0.3090513743867301, 0.05556585775441178, 0.9998289150091911, 0.011296548819240861, -0.01201793638698666,0.008372448943811462]
[-0.12197479000563793, -0.28699600853396456, 0.03702599224359454, -0.9999960596243044, 0.00165784826820448, 0.0006228673133315543,0.0021781440022871205]
