[0.2500380152631254, 0.05126780872205765, 0.13611441158561843, -0.9998794785096394, -0.015515241264056106, 0.0005500194253978629,5.676655353773895e-05]
[0.2732594402806797, 0.03140645658701011, 0.1437863999710304, -0.998657913173386, 0.028152684579861725, -0.035632163493747204,0.02490276554682055]
[0.2946047425923334, 0.004969186511691567, 0.15332343323235872, -0.9935498330610204, 0.07300335834566644, -0.07586436994374389,0.04211693564009313]
[0.31242778519752124, -0.02786444809674641, 0.16456727970278778, -0.9844632233430586, 0.11871849242475399, -0.11883388760838028,0.05115260108017944]
[0.32510601593096067, -0.0665152940758072, 0.17733983734852604, -0.9713357246178234, 0.16497173055616254, -0.1631593935701375,0.0516744665023077]
[0.33113641761171736, -0.11001129354404429, 0.19144588825555356, -0.9541352172279495, 0.21143134458995816, -0.2074240160991493,0.04356663075745083]
[0.3292287958590729, -0.15701705203199623, 0.20667608961344058, -0.9328601560502559, 0.2577629710524479, -0.25020922924971656,0.026935508281270892]
[0.31839099352986927, -0.2058852666674106, 0.2228101567296068, -0.9075396535027316, 0.30363236454745496, -0.29012880342368186,0.0021075918500634743]
[0.29800097191484787, -0.2547277331517982, 0.23962019066376788, 0.8782333106271538, -0.3487081449493893, 0.3258620343657354,0.030377891794024326]
[0.2678613438732895, -0.3015024948883335, 0.25687410083815687, 0.8450307982158933, -0.39266451545951514, 0.35618549005927375,0.06978126565769428]
[0.22823284873648259, -0.34411272223649225, 0.2743390714910259, 0.8080511920389688, -0.43518392890513824, 0.38000254927354393,0.1151793454257197]
[0.17984437373675244, -0.3805121716717107, 0.2917850201241692, 0.7674420682748488, -0.4759596801592446, 0.3963700562613103,0.16548665566787515]
[0.1238783902941035, -0.408811617543262, 0.30898799616327544, 0.7233783672386863, -0.5146984032406724, 0.4045214821356598,0.21948043649346966]
[0.06193201530477623, -0.4273805012476884, 0.3257334689043063, 0.6760610354180054, -0.5511224525158909, 0.4038860632338413,0.2758288720345893]
[-0.0040447475602925845, -0.4349382145914701, 0.3418194554492229, 0.6257154576523696, -0.5849721484551005, 0.39410347846465305,0.3331218993833502]
[-0.07183075929343957, -0.430629918410918, 0.3570594417177145, 0.5725896930151063, -0.6160078695884421, 0.3750337291264188,0.3899038985128354]
[-0.07072792359576383, -0.4358474435423105, 0.32831237534779456, 0.6344339058047171, -0.5856403846284831, 0.3242693054140003,0.3864820521368309]
[-0.07049630378782212, -0.4383809791687764, 0.29836019085415416, 0.6929245565609253, -0.5503568713320124, 0.27474186401715667,0.37613798166213186]
[-0.07106332707478602, -0.4380721185237826, 0.2675760916748796, 0.7475595594763856, -0.5103958743358141, 0.227287822267032,0.3591531739321853]
[-0.07234006808191655, -0.43481463171168705, 0.2363454099962869, 0.797863590803102, -0.4660456595171552, 0.18269742998923807,0.33591186759524877]
[-0.07422596230253699, -0.4285569222200064, 0.2050576869779077, 0.8433933739585087, -0.4176413549319675, 0.14170200231315266,0.306893887123737]
[-0.07661368981767373, -0.4193030129115033, 0.1740986372492437, 0.883742621734313, -0.36556152589763674, 0.10496223562921166,0.27266587319514846]
[-0.07939403996659207, -0.40711205033398545, 0.14384218689251962, 0.918546573979395, -0.31022422553108614, 0.07305780932799397,0.2338710709355659]
[-0.08246057137792046, -0.39209636080339444, 0.11464277283939503, 0.9474860742017218, -0.25208256878657465, 0.04647845210553889,0.19121786317612843]
[-0.0857138920808717, -0.37441813490536685, 0.08682808568957567, 0.9702911343450111, -0.19161988414858455, 0.025616624529877178,0.1454672580275385]
[-0.0890654009142523, -0.35428485746880123, 0.060692427547371114, 0.9867439434674051, -0.12934450254283422, 0.010761939742854899,0.09741955833051548]
[-0.09244035353477634, -0.3319436364349354, 0.03649084182299667, 0.9966812830965178, -0.06578424766161162, 0.002097412178332491,0.04790045455764774]
[-0.09578014320201844, -0.3076746152561044, 0.014434153419671136, -0.9999963195650986, 0.001480695697385356, 0.0003024093877968292,0.0022532077293300886]
