[0.24673269531060646, -0.041093185972418525, 0.06649332373393724, -0.9998800974719009, -0.015476281710471641, 0.0005205055671693218,6.676791822086709e-05]
[0.2780738024885004, -0.05338564621945159, 0.10360367693579961, 0.9985241128949318, -0.04061305862922561, 0.035391124159711886,0.006902446441716009]
[0.30469678661189725, -0.06627727044896763, 0.14400364891878376, 0.9926692418713695, -0.09662813651855565, 0.07167588881915905,0.011547572794998672]
[0.32631857946026843, -0.07939451549644638, 0.1872027536912535, 0.9823175175763709, -0.1521822054016955, 0.10817518729938375,0.013820270417620134]
[0.34272933842039494, -0.0923524902997789, 0.23268308177346797, 0.9675048371004933, -0.2068858129049913, 0.14472550781051977,0.013681300916809276]
[0.35379463826442153, -0.10476247160432567, 0.27990542124691126, 0.9483017806291063, -0.260349688739384, 0.18115886756095903,0.011101222140077343]
[0.35945648501914, -0.11623949072237186, 0.3283156022851317, 0.9248141934639025, -0.31218780843069105, 0.21730334365047,0.006061078557479915]
[0.35973314383251714, -0.12640985365218085, 0.3773509907109883, -0.897183498381884, 0.36202061434430877, -0.25298369795559705,0.0014469242290897726]
[0.35471779199124587, -0.13491845785608625, 0.4264470542308201, -0.8655867072125853, 0.40947836994084436, -0.28802209716247595,0.011418773734184632]
[0.3528095030103555, -0.16684202045593993, 0.40691781920485026, 0.8774264891625152, -0.3929231416119368, 0.2746975310763736,0.016596003202387247]
[0.3469931332519659, -0.1987573293040219, 0.3867903552531674, 0.8887557306058191, -0.3760569202556372, 0.2587398678581671,0.041810582678320475]
[0.33728695270906417, -0.2301469799539014, 0.3661355268625547, 0.8995660403696143, -0.3588976044282784, 0.24057907837804585,0.06399340275487037]
[0.3237793714964025, -0.26050035173045705, 0.3450257033605014, 0.9098497713682822, -0.3414630438238325, 0.22066301041792977,0.08297119426008642]
[0.30662729553596113, -0.28932318617486025, 0.3235344821144571, 0.9195999978591144, -0.32377100835789435, 0.19945002084164395,0.09862995118470548]
[0.2860531741525481, -0.31614683030324403, 0.3017364086986442, 0.9288104912167069, -0.30583915987293925, 0.17740163232420567,0.11091501495605588]
[0.26234080176508523, -0.340536966749172, 0.27970669507305745, 0.9374756944521699, -0.28768502653498934, 0.15497531663193345,0.11983029272190097]
[0.23582995990411626, -0.3621016637248629, 0.2575209368200466, 0.9455906957066229, -0.2693259799735445, 0.13261750190113517,0.12543664095413878]
[0.2069100080112068, -0.38049859182287593, 0.23525483048107465, 0.9531512009504577, -0.2507792151981871, 0.11075689567506178,0.12784945604774972]
[0.17601255145390257, -0.39544127169329707, 0.21298389202997084, 0.9601535061204296, -0.2320617333068175, 0.08979820875800906,0.12723552303950023]
[0.14360333254027638, -0.4067042362201223, 0.190783177509274, 0.9665944689258159, -0.21319032698205143, 0.07011635737028515,0.12380918201986767]
[0.11017350471324729, -0.4141270125845685, 0.1687270068432082, 0.9724714805526498, -0.1941815687540911, 0.05205121278069865,0.11782787919671794]
[0.07623046128026875, -0.41761685310191854, 0.14688869182450245, 0.9777824374914283, -0.17505180199042136, 0.03590295869795571,0.10958717584626614]
[0.04228839778708803, -0.4171501684800983, 0.1253402692527556, 0.9825257137087319, -0.15581713455510582, 0.021928107361242337,0.09941529353040851]
[0.024344023131494398, -0.4033088951143422, 0.09821306827441742, 0.9888102212065915, -0.12522113422562445, 0.011630057699063261,0.08024185777097034]
[0.007537752575328684, -0.38688883908248545, 0.07236157546972224, 0.9937016279793476, -0.09443494461504467, 0.004183037067789751,0.060179880256091646]
[-0.007875127686552316, -0.36806214597499237, 0.04791381216524046, 0.9971964742909286, -0.06352202304839152, -0.0003504730522276198,0.03954771065714213]
[-0.021660649239294172, -0.3470292996701273, 0.02499003399689234, 0.9992940498108788, -0.03254529547764969, -0.0019395519118808227,0.01866665190190587]
[-0.033609206214079625, -0.32401642732854513, 0.0037020832456137187, -0.9999963072378515, 0.001567084086609829, 0.0005847653956699554,0.0021419167953894746]
