[0.3797917548129168, -0.031925487818060184, 0.11057921002687165, -0.9998791734471609, -0.015532520941242575, 0.0006155857459889468,1.881546547374165e-05]
[0.3971166591409726, -0.060146599859725106, 0.13278898215471757, 0.9958768176831965, 0.06170359537269861, 0.044512412077205805,0.04940319311887752]
[0.4129165164457017, -0.08541058827570615, 0.158420438410455, 0.9852663750250646, 0.10841144637523807, 0.08579432966179987,0.10067999571752187]
[0.42672831684711765, -0.10728274714693066, 0.1868544460404265, 0.9681562342029151, 0.1553926612247372, 0.12257112203855161,0.15330670909563998]
[0.43819221551980403, -0.12542001374644748, 0.21734588913494376, 0.9447327937015267, 0.202383801030579, 0.1542484676140174,0.20670789976208323]
[0.44706121850052155, -0.13959073376101605, 0.24905422138662908, 0.9152581878883537, 0.24912406568748047, 0.18030913552648078,0.26024654665213265]
[0.45320370477923266, -0.14969114999518454, 0.2810786837731799, 0.8800670887399629, 0.29535787136327785, 0.20032402467902563,0.31323462815742015]
[0.4565987390172123, -0.15575728844455128, 0.3124965612652227, 0.8395626238363327, 0.3408373056190102, 0.21396163246434952,0.3649451350389768]
[0.4573245883658549, -0.15797107316837466, 0.34240269877188145, 0.7942114622636521, 0.38532442741096307, 0.22099574165557354,0.4146252778347556]
[0.45554129508365915, -0.15665975018364658, 0.3699484280532115, 0.7445381303757226, 0.42859338186053325, 0.22131114900260676,0.4615106290965799]
[0.4329468307685024, -0.2035040141865047, 0.3504486775123762, 0.7733240236670441, 0.4051938841792678, 0.17448845304220625,0.4553478345156252]
[0.40482734191936043, -0.24627028250904978, 0.3304260454595159, 0.8007877941809024, 0.38113446953429225, 0.12946933492888207,0.4435235237693393]
[0.3719092857309303, -0.2841921760390652, 0.31001877559016255, 0.8268266840931747, 0.35645088195181207, 0.08703689990793609,0.42629213138606864]
[0.33504017132903524, -0.3166400255571063, 0.2893724390917476, 0.8513432208081042, 0.33118107818301057, 0.04794115604825595,0.4040240826910932]
[0.2951620265728481, -0.34314164324966523, 0.2686379537300249, 0.8742455954998197, 0.3053651090548244, 0.012881367735571659,0.3772013511194811]
[0.2532811040833503, -0.36339780926999093, 0.24796951856886443, 0.895448019899512, 0.27904499074007577, -0.017510951074720355,0.3464103107492233]
[0.21043490235554455, -0.37729177116693974, 0.22752249575041866, 0.9148710598922883, 0.2522645665383429, -0.04268798949588317,0.31233198330235495]
[0.1676577107475366, -0.3848922771020834, 0.20745127157315524, 0.9324419445803156, 0.22506935980600912, -0.062200140202035334,0.27572984209664414]
[0.1259459731164143, -0.3864499120627063, 0.18790712941768853, 0.9480948495669739, 0.19750641871786367, -0.07570867564979093,0.23743539588944265]
[0.08622479916498013, -0.3823867697577295, 0.169036166879983, 0.9617711533200058, 0.16962415358321145, -0.08299626293891557,0.19833183178920002]
[0.04931693259507104, -0.37327976069209756, 0.15097728878140135, 0.973419665579605, 0.14147216747648028, -0.08397502367956085,0.1593360470528065]
[0.015915410650568167, -0.3598381177846117, 0.1338603065460095, 0.9829968268896143, 0.11310108097563608, -0.0786918962154062,0.12137944338773479]
[-0.013438977353813109, -0.34287590363903475, 0.11780417278589131, 0.9904668784460487, 0.08456235183113504, -0.06733111497341215,0.08538789323179692]
[-0.03837450001119645, -0.3232805375874661, 0.10291537784061683, 0.995802001576509, 0.055908090413551624, -0.05021368432726567,0.05226131445735384]
[-0.05869884647207663, -0.3019785363361516, 0.08928653250999077, 0.9989824262862544, 0.02719087180926346, -0.027793790795325984,0.022853307303461457]
[-0.07440257575819206, -0.27989979137822407, 0.07699515833868392, -0.999996508431234, 0.0015364545494259637, 0.0006521661648720996,0.0020486854449110765]
