[0.24304386885992393, 0.06535361209412137, 0.10490028638831281, -0.9998791495442109, -0.015536301066466819, 0.0005500455097227183,8.429623626413352e-05]
[0.2787755415384121, 0.05231774929391141, 0.12660209771090344, -0.9987082012138288, 0.02554877272227378, -0.03697339738992823,0.0237098487146349]
[0.31319314495878814, 0.03167716558014656, 0.15035143822944771, -0.9938841123002057, 0.06661679568756507, -0.07760082864124607,0.041649552743645575]
[0.3448299640687786, 0.003656217494499873, 0.17603379450532397, -0.9854193490275218, 0.1074270198844177, -0.1205664582444692,0.05358984145631621]
[0.3722739074269211, -0.03124709767677324, 0.20351428836404004, -0.9733465532596565, 0.14774073878856073, -0.16507766546635144,0.059317162136574605]
[0.39421835467287314, -0.07227549057401227, 0.23263909740613792, -0.957718267463364, 0.18732292610140058, -0.21032791914326526,0.058719740740623]
[0.40950928616263854, -0.1184361910945529, 0.2632371158874868, -0.9386065182816539, 0.22594384249784483, -0.25550972540696504,0.05178768288848248]
[0.41718693404974727, -0.16853328709644225, 0.2951218334492953, -0.9161022622399358, 0.26338059806978487, -0.299827388753895,0.038611431368124706]
[0.4165204229649866, -0.2212073292333204, 0.32809340613466786, -0.8903146981830278, 0.2994186585890773, -0.34250937779069734,0.0193786277484105]
[0.40703415694722533, -0.27498066944468247, 0.3619408914587478, 0.861370452078564, -0.3338532841795675, 0.38282009594590094,0.005630547793844455]
[0.38852504457177517, -0.32830679479568103, 0.39644461704257683, 0.8294126408133261, -0.3664908895442375, 0.4200708697624336,0.036049459318704555]
[0.3610700216276862, -0.37962178565362265, 0.43137865050967883, 0.7945998225455927, -0.39715031553634317, 0.45362998284097833,0.07143239844489062]
[0.32502371435374977, -0.4273959720602656, 0.46651333700528785, 0.7571048420512289, -0.42566400258717263, 0.4829316017995561,0.11126312519144226]
[0.2810064698405906, -0.4701838856515532, 0.5016178698501774, 0.7171135803069205, -0.45187905730186934, 0.5074834614106025,0.1549644052874002]
[0.2298833477013143, -0.5066707042225874, 0.5364628594959864, 0.6748236182842244, -0.47565820440209233, 0.526873198991318,0.2019083677696891]
[0.17273500344240472, -0.535713556419792, 0.570822866110929, 0.6304428255771497, -0.49688061712303433, 0.540773252738606,0.25142749477382226]
[0.1108216856960978, -0.5563762865045979, 0.6044788617904182, 0.584187885048613, -0.5154426201549149, 0.5489442645709762,0.3028260469062974]
[0.10405602770834307, -0.564363494279822, 0.5558503398464296, 0.6434710702677893, -0.4942432328008378, 0.48918832440877386,0.3199427946073162]
[0.09503915770491686, -0.5681649321515276, 0.5064235995863724, 0.6998255370482361, -0.4680464466894227, 0.4283991387118032,0.32810199540316537]
[0.08404235164760074, -0.5675232118069312, 0.4567448702830557, 0.7527076396188779, -0.4370601095932865, 0.3677709984792451,0.3273441041767232]
[0.0713770308481089, -0.5622631702912348, 0.40737395931796294, 0.801599710820062, -0.4015476057053908, 0.30847547287404903,0.31786837936572626]
[0.05738480990431019, -0.5522976082388823, 0.35887343560258766, 0.846016185902216, -0.3618249401509112, 0.25164003652214606,0.3000276952139418]
[0.04242672283830873, -0.537630582210954, 0.31179761612275303, 0.8855093534132581, -0.3182571471908871, 0.19832768555496408,0.2743204374850028]
[0.02687201201364665, -0.518358145155046, 0.2666816203450268, 0.9196746570841772, -0.2712540692435651, 0.1495179444956291,0.24137965802799305]
[0.01108687685428956, -0.49466651301148107, 0.22403075703402778, 0.9481554786786603, -0.2212655624267488, 0.10608963613727851,0.20195971934986254]
[-0.0045764228558110714, -0.4668277201158868, 0.18431050095300439, 0.9706473387978322, -0.16877619212832656, 0.06880574886103553,0.15692071112195816]
[-0.0197897311036833, -0.4351929082973378, 0.14793730312851036, 0.9869014605265655, -0.11429948903337085, 0.03830069120981415,0.10721096525119657]
[-0.034258079867376945, -0.40018347153776274, 0.11527045820457099, 0.9967276494627154, -0.05837184197810731, 0.015070172939151312,0.053848033837805565]
[-0.04772738938179533, -0.36228034703328654, 0.08660522641476817, -0.9999964529635824, 0.001546108880809373, 0.0005361036979565087,0.002101475769011995]
