[0.2619565862842612, -0.03237045293443007, 0.09914558202531173, -0.9998803063418121, -0.015465011309220466, 0.00044751621652485123,7.83852417816613e-05]
[0.3087035493594686, -0.048685140968669015, 0.14569752554208912, -0.9971389411729648, -0.006969420666070806, -0.07526504176449181,0.0007298357538110404]
[0.34796730182065116, -0.06917973841546707, 0.19941132747766316, 0.9885841433882184, -0.0005619764998817485, 0.15054753508378182,0.006042789421594433]
[0.3785192080442401, -0.09253924359169918, 0.2593884727726225, 0.9742687062470504, -0.007139106799957103, 0.22437939537081242,0.020085022151506527]
[0.39942521949897886, -0.11727672047702203, 0.3245828386006327, 0.954287258671674, -0.012773758561779983, 0.29577495435827156,0.04110760761063248]
[0.4100811129128954, -0.14179196248228254, 0.3938227643944204, 0.9287754488366968, -0.017479046191292133, 0.3638019528537939,0.0686934325987665]
[0.4102348884781227, -0.16443562989818084, 0.46583644484894793, 0.897908790464438, -0.021268890836708243, 0.4275987811001687,0.10230699238525398]
[0.39999536007343395, -0.18357613326420882, 0.5392799808056268, 0.8619011821228635, -0.024157524386312957, 0.48639010174264374,0.14130617536935902]
[0.37982657475453885, -0.19766639758035517, 0.6127673461278802, 0.8210031126496027, -0.026159023483459918, 0.5395005436990643,0.18495609711082786]
[0.3505283209977248, -0.20530763787922757, 0.6849014738988866, 0.7754995685344496, -0.027286879816652048, 0.5863661988007424,0.23244467362519314]
[0.31320359470440917, -0.20530740550373958, 0.7543056341697856, 0.7257076616602062, -0.027553612444922645, 0.6265437021622032,0.282899589129768]
[0.26921445977253117, -0.19672942023587245, 0.8196542689729924, 0.6719739982050695, -0.02697042735448526, 0.6597167307523135,0.3354062863902367]
[0.22012823923574013, -0.17893307368342873, 0.8797024685236363, 0.6146718117278522, -0.025546928818040812, 0.6856998113912419,0.3890265890054065]
[0.16765638016147594, -0.15160095593829076, 0.9333133148143802, 0.5541978854706172, -0.023290886450193723, 0.7044393881342674,0.4428175547483185]
[0.11358863192544175, -0.11475329768684663, 0.9794823837586296, 0.4909692907042005, -0.020208061128653528, 0.7160121584329703,0.4958501576353429]
[0.05972534994667469, -0.06874880739950226, 1.0173587825380759, 0.4254199694948397, -0.016302092189324213, 0.7206207462848823,0.5472274037080744]
[0.007810778470702648, -0.014271989520024023, 1.0462622021073584, 0.35799719157126114, -0.011574447512495575, 0.7185868375106279,0.5961015013807173]
[-0.04052992397685641, 0.0476923744151848, 1.0656955825991792, 0.28915791600971835, -0.006024437305904541, 0.7103419560958788,0.6416897312361676]
[-0.08384736831393926, 0.11589634242896202, 1.075353117917803, 0.2193650892207721, 0.0003507084324790835, 0.6964161100405222,0.6832886917773379]
[-0.12091610855700707, 0.1888757946541554, 1.0751234610538334, 0.1490839112094525, 0.0075556996143418785, 0.6774245793047499,0.7202866361217685]
[-0.1507725110055857, 0.2650051447868754, 1.0650881293640238, 0.07877810228587392, 0.015596984584307864, 0.6540531562888615,0.7521736590845838]
[-0.09491564676098496, 0.1718026462716168, 1.0816108757921081, 0.16219809240798858, -0.0017053721025398155, 0.6052358475342533,0.7793448783335243]
[-0.04727211807380288, 0.07399385601406791, 1.0817569502940616, 0.2453071150821092, -0.017053878342092346, 0.5518729692187327,0.7968499296412631]
[-0.008923363322345619, -0.025380709122978476, 1.0656081868290994, 0.3273596616792683, -0.030392084826788172, 0.4951400959523144,0.8042066018539326]
[0.01950643777669145, -0.12317173152855754, 1.0336883854135335, 0.4076122455132341, -0.04167469653559041, 0.43627223995406067,0.8011129818083041]
[0.03787280895483114, -0.21624388048954546, 0.9869555863226982, 0.48533150000592346, -0.05086762385248961, 0.3765399216775568,0.7874538128224803]
[0.046510297311389774, -0.3016005081086117, 0.9267801562392306, 0.5598022126970034, -0.05794807582875828, 0.317224551607167,0.7633034043058602]
[0.04620842436554816, -0.37650447724807085, 0.8549091488836934, 0.6303351982771923, -0.06290469599116412, 0.2595935996654715,0.7289250304714712]
[0.03816525114145278, -0.4385894176182315, 0.7734179261016341, 0.6962749154827338, -0.06573773871854963, 0.20487603294127132,0.6847668237465444]
[0.023920733625688247, -0.4859560804843995, 0.6846505187337899, 0.7570067355414345, -0.06645928186542178, 0.15423849723027314,0.6314542360068388]
[0.005273136307987789, -0.5172491234260873, 0.5911506488592221, 0.8119637738747297, -0.06509346905135739, 0.10876270328418189,0.569779206865505]
[-0.015817302738096027, -0.5317105719954878, 0.4955857071390499, 0.8606332018869388, -0.06167677290556236, 0.06942445498439163,0.500686241616356]
[-0.03733255625237484, -0.5292073277797471, 0.4006662647991819, 0.9025619618493094, -0.05625826860110133, 0.03707472437248112,0.42525566080822147]
[-0.0573034996069975, -0.5102313626473058, 0.30906388664801066, 0.9373618150364733, -0.04889990527444372, 0.012423138232808422,0.3446843376368119]
[-0.0739136145734476, -0.4758725882394752, 0.2233300909639774, 0.9647136613077297, -0.03967676144076317, -0.003975806456422431,0.26026428731354795]
[-0.085594356227148, -0.4277657444579071, 0.14581927020200747, 0.9843710771451517, -0.028677269317305295, -0.011733534454526323,0.17335951336399588]
[-0.09110727384204603, -0.3680139365480285, 0.07861824410451362, 0.9961630286546362, -0.016003392084701164, -0.010634986501851303,0.08538154862446376]
[-0.08960868505187014, -0.2990925968781539, 0.023484869542826026, -0.9999957260858666, 0.001770737572613866, 0.0006428734176294302,0.002235847091955921]
