[0.28250782684740544, -0.012672136550922308, 0.12169086804751841, -0.9998787679966947, -0.015556459877279164, 0.0006675741487592065,1.4500166129127616e-05]
[0.3140685241838137, -0.03039590464555474, 0.16572390329576925, 0.9964537055784967, 0.061328192939525, 0.04891260228457448,0.030437193159132635]
[0.3395752813622646, -0.04916402546314832, 0.21431270533009072, 0.9878141708832099, 0.10329200961276676, 0.09480917196978501,0.06756586018750053]
[0.3583867948397442, -0.06854012445261784, 0.2668546847520043, 0.9743504904831567, 0.140894693891575, 0.13619820235457178,0.1106338854231153]
[0.3699401366953117, -0.08804529893492852, 0.3226537178066382, 0.9565127882256489, 0.17364880301010038, 0.17237029019533387,0.15880132944006192]
[0.37376771198404624, -0.10716677462129735, 0.38092406059394796, 0.9348029948019899, 0.20113921996667739, 0.20274291123116234,0.2111437591925008]
[0.36951367020659326, -0.1253683790822155, 0.4407970176034691, 0.9097661662596976, 0.22302861950616054, 0.2268701033792744,0.2666715466692802]
[0.36214484292874094, -0.15913645699278497, 0.41399267857218647, 0.9192108160267308, 0.21742355612959247, 0.1907409639066571,0.2672009686123782]
[0.349971174196872, -0.19226558136903787, 0.38706139395544065, 0.9283658250332217, 0.2105570112562013, 0.1563219947292259,0.2633743986896178]
[0.33312814062877444, -0.22396545664207496, 0.36011269382664157, 0.9371815267152115, 0.20244232958343641, 0.12408038060501464,0.25556202441969283]
[0.3118817961619903, -0.2534816287622361, 0.33325291810124347, 0.9456085274928253, 0.1930980648585744, 0.09442051365464568,0.24417701915192075]
[0.28661992201799374, -0.2801163022562048, 0.3065849782464782, 0.95359798587618, 0.18254793815533926, 0.06768115389745559,0.22966582901084]
[0.2578400407931328, -0.30324716175690936, 0.2802081748054599, 0.9611018897590115, 0.17082077387758787, 0.044134016602835786,0.2124984924464642]
[0.22613471192310078, -0.3223437657988031, 0.2542180676209217, 0.9680733305360264, 0.157950413698039, 0.023983724924603007,0.19315919459410924]
[0.1921745759657475, -0.3369811624792041, 0.22870639492663594, 0.9744667726938303, 0.14397560873737655, 0.007369038449580681,0.17213724256157248]
[0.15668965026998125, -0.34685046181021617, 0.20376103683337685, 0.9802383175453909, 0.1289398903851976, -0.005634756317344676,0.14991862794355834]
[0.12044939915492184, -0.3517661856374097, 0.17946601817936303, 0.9853459598042894, 0.1128914202587538, -0.015012428403763583,0.12697831989259953]
[0.08424210862422704, -0.3516703006055091, 0.1559015452493605, 0.9897498357273504, 0.09588281988785179, -0.02080450941844131,0.10377340659289792]
[0.04885409009979852, -0.34663292089708997, 0.13314407049780716, 0.9934124615925042, 0.07797098080420087, -0.02310228926317535,0.08073717567485984]
[0.015049221091462596, -0.336849743837869, 0.11126637914372733, 0.9962989613227304, 0.059216855800542964, -0.02204227241310792,0.05827419568911179]
[-0.01645069536078287, -0.32263635182356304, 0.09033769134180578, 0.998377282116475, 0.03968523220867528, -0.017800269887335973,0.03675643195690012]
[-0.044984304705878796, -0.3044195776201927, 0.07042377357629859, 0.9996183969997919, 0.01944448812559463, -0.010585300675204795,0.01652040165116411]
[-0.06996740120727121, -0.28272618649141873, 0.05158705297249111, -0.9999964932753916, 0.0014336674068729037, 0.0006334706144876677,0.0021346544608065667]
