[0.3686899175627491, 0.04185876379065004, 0.11704410349642685, -0.9998788992913735, -0.015548353231444566, 0.0006588334341263621,3.744553585723752e-05]
[0.4083361092830052, 0.00819700955499108, 0.1534014408110547, -0.9960560008618133, 0.047489720001589554, -0.07425799635902183,0.01014493065949011]
[0.44029865214309283, -0.03309755003545444, 0.19568759071252245, -0.9825918532220623, 0.10947032426611591, -0.1494232915148851,0.014218932433998195]
[0.4626365817566224, -0.08026207691471149, 0.2433109228028296, -0.9597082285357431, 0.16916781987121524, -0.2240343307024536,0.012287533011552436]
[0.47385531930882435, -0.13108775634523445, 0.29555350215990717, -0.9277872881819444, 0.22539705901128432, -0.2972994289706519,0.004468020902116973]
[0.47300745674244693, -0.18303524813865366, 0.3515858139725609, 0.8873646781887452, -0.2770343607587888, 0.36844844654083725,0.009035103961664822]
[0.45976325637924087, -0.2333720024996046, 0.41048411141373925, 0.8391198727372149, -0.3230373591211536, 0.43674298206746065,0.027933338581940338]
[0.4344463242638733, -0.27932349373633836, 0.4712499811735801, 0.783863944316169, -0.3624633631063432, 0.5014861092178847,0.05185855250819469]
[0.3980319912310616, -0.3182295406222017, 0.5328316678576084, 0.7225249864037815, -0.39448589544394963, 0.5620315219295774,0.08036846816708576]
[0.3521081651676095, -0.34769653479861673, 0.5941466564235813, 0.6561314576190711, -0.41840911048738333, 0.6177919621088842,0.11295316789486233]
[0.29880066457628834, -0.3657366096554609, 0.6541049820063213, 0.5857937543211512, -0.4336798312405338, 0.6682468137197505,0.14904253529417183]
[0.24066716887776696, -0.3708855381391547, 0.7116327195832497, 0.5126843509289417, -0.4398969896676611, 0.7129487590271661,0.18801452549078088]
[0.24095568822065183, -0.4035969128150958, 0.6634713251822956, 0.5653490714335482, -0.43802801979296474, 0.6574052208583088,0.23733996059180085]
[0.23615545917033764, -0.4327899809854997, 0.613392833684438, 0.616910478452742, -0.4312339035093806, 0.5970717424418206,0.2774240732466447]
[0.22670667028448688, -0.4578511630824479, 0.5619106060975925, 0.6668919820915926, -0.4196272914273524, 0.5333441505095882,0.30775320896539315]
[0.2131318548851438, -0.4782510781561594, 0.5095484472584468, 0.7148302305586723, -0.4033663021194144, 0.467672561243292,0.32801790081348337]
[0.19602295230453023, -0.49355502745811464, 0.45683486118529115, 0.7602794503713972, -0.38265303499383685, 0.4015319569859509,0.33811817412260553]
[0.17602699081486828, -0.5034313663485244, 0.4042972587734253, 0.8028156217170138, -0.35773166841326254, 0.33639233310285016,0.3381646480207675]
[0.15383072408584125, -0.5076575873745637, 0.35245618689591496, 0.8420404492441685, -0.3288861610932183, 0.27368901199885787,0.3284754170240657]
[0.1301445756999235, -0.5061239901605346, 0.3018196477421467, 0.8775850905163797, -0.29643757862841985, 0.2147937175489202,0.30956878037326724]
[0.10568626059546768, -0.49883486935291554, 0.25287757612358863, 0.9091136066817351, -0.26074107059695534, 0.16098698754640736,0.28215196985102575]
[0.08116445796910485, -0.4859072089478734, 0.20609654051407977, 0.9363261025801383, -0.22218252704840802, 0.11343247453707639,0.24710610680812348]
[0.057262907031585444, -0.46756692853679865, 0.16191473079581412, 0.9589615264943969, -0.18117494625892774, 0.07315364713609424,0.20546769444927074]
[0.034625285166393446, -0.4441427829755336, 0.12073729208797015, 0.9768001030252466, -0.1381545484040232, 0.04101335539620316,0.1584070205650408]
[0.013841207790499722, -0.41605807038529885, 0.08293205968922038, 0.9896653761009888, -0.0935766722313707, 0.01769666598838554,0.1072039074562438]
[-0.004566338933386223, -0.3838203529621183, 0.04882574512458479, 0.9974258428852864, -0.04791149388744408, 0.0036973070412928736,0.05322129854383638]
[-0.02015185673830917, -0.3480094396359086, 0.018700617616924597, -0.9999961632850328, 0.001639608743031555, 0.0006920102052079395,0.0021227859665564623]
