[0.24786468270983048, 0.01582502508930498, 0.1452779922636167, -0.9998786130044671, -0.015571058731628538, 0.0005489302559221732,7.86216716349699e-06]
[0.2676056915536697, -0.007552865060803386, 0.1574636324702986, -0.9990546148822926, -0.014009209319087836, -0.041141433628712636,0.0010004876923380066]
[0.2841414569618079, -0.03466308257337141, 0.1714176336087893, 0.9964920932731597, 0.012321063923206144, 0.08254813062921794,0.006124178108006391]
[0.2967939860230048, -0.06498544183677529, 0.18707234088569896, 0.9921956747938523, 0.010507808086886299, 0.12241799354312087,0.021240615491509643]
[0.30497816761227375, -0.09787806700009848, 0.2043477743547864, 0.9861730866535459, 0.008570734422310315, 0.15952852752435376,0.04404355318990504]
[0.3082232469923069, -0.13259484634140273, 0.22315217065072762, 0.9784351424874076, 0.006511242542690554, 0.19271290844308253,0.07405410579842973]
[0.3061909442321901, -0.16830660374246534, 0.24338260866745762, 0.9689957225404906, 0.004330838873359585, 0.2208838707295651,0.11062933238707835]
[0.298689586007598, -0.2041253375020795, 0.2649257147131453, 0.957871748238971, 0.00203113634087255, 0.24305602129719092,0.15297502711868322]
[0.2856837459374634, -0.2391307720906814, 0.2876584421017446, 0.945083151196264, -0.0003861460610071056, 0.2583661471204391,0.20016149039787656]
[0.2627533694462126, -0.27311036680494194, 0.2728026661634646, 0.9493182651682681, -0.0019650954793512506, 0.2264735166927797,0.21794658991246546]
[0.23540600986319776, -0.3042811135798723, 0.2574337345515773, 0.9533840900860038, -0.0034332506852547662, 0.1937787762070508,0.23129369955170193]
[0.2040364989852366, -0.33202507725218533, 0.24158882577521776, 0.9572804514160642, -0.004793005278726051, 0.16086402412736467,0.24023723728557467]
[0.16913076546100653, -0.35578391684511046, 0.22530714584136935, 0.9610071926667115, -0.006047201585962679, 0.12829440893469576,0.24488599721487175]
[0.13125644982682771, -0.3750727648132508, 0.20862980908788298, 0.9645641720548601, -0.0071991155334735395, 0.09660869587132802,0.24541982520916977]
[0.09105136581735343, -0.3894925843858423, 0.1915997121914838, 0.9679512592931797, -0.008252440181712731, 0.06631037013573403,0.24208509180917606]
[0.049210059974736244, -0.39874066795233976, 0.17426140167659743, 0.9711683325113905, -0.009211267971690881, 0.03785943206294163,0.23518904284271153]
[0.00646877444250339, -0.40261898176166633, 0.15666093527320563, 0.9742152753252125, -0.010080071741660087, 0.011665028063200706,0.2250931287200666]
[-0.019137111693660832, -0.378467744531842, 0.09982895053884583, 0.9886107998998086, -0.0075946536868845135, -0.002781683269735867,0.15027730964794403]
[-0.040702202454311096, -0.34492482852724826, 0.04752295855551822, 0.9972207609014153, -0.004740376578999645, -0.006924115373375175,0.07402931502714322]
[-0.056737911076700016, -0.30332096554507054, 0.0008296927541245336, -0.999996315639067, 0.0015347988680519508, 0.0006560954245289788,0.0021407100504831984]
