[0.3404592244724675, 0.006553099361024688, 0.1006521148388502, -0.9998787629578146, -0.01555783175917206, 0.0006420008203521203,3.3043161315431284e-05]
[0.37593841812680784, -2.260961143464666e-05, 0.1312109307356377, -0.9958303329070005, 0.06528671676806785, -0.05959771019699128,0.02253232378726802]
[0.4085096400892939, -0.010829999996687052, 0.16634804805845263, -0.981185921931451, 0.14476276845993777, -0.11843641785831135,0.04786170072442794]
[0.4372157379808807, -0.02554575247432997, 0.20565972782709716, -0.9562231263532487, 0.22160582104586493, -0.17539998153129935,0.07591468359037937]
[0.4611918284295874, -0.04371477841952497, 0.24865333657968403, -0.921382476701811, 0.2946002488431883, -0.23002676708656059,0.10654910338465498]
[0.4796913804614393, -0.06476664067243461, 0.29475846383183235, -0.877259132412121, 0.3626009419655201, -0.2818723799638253,0.13958844113600394]
[0.49210818911656856, -0.088035910329236, 0.343340042258876, -0.824591619257848, 0.42455355249715154, -0.3305142209087686,0.17482360335160313]
[0.4979935075614341, -0.11278562294820482, 0.3937130985186118, -0.7642478415399577, 0.4795129369414686, -0.375555811578694,0.21201512303784284]
[0.48081159371786475, -0.15753075783726855, 0.3717010813868674, -0.7878788309339415, 0.46047681801971546, -0.3779649417776846,0.1560466296322849]
[0.45876496382972565, -0.1998358588765611, 0.3499503954095843, -0.81053844838235, 0.4402712782566099, -0.37233513532385465,0.10273836790406257]
[0.43220399269597504, -0.2391082544749074, 0.3285061013205304, -0.8321665165243857, 0.4189396972749501, -0.35938430162330687,0.05321036148693955]
[0.4015556020087801, -0.2748071450742749, 0.3074125020375892, -0.8527051061066343, 0.39652853613586486, -0.3399821722482231,0.008440651811412422]
[0.3673153622182685, -0.3064537622420407, 0.2867129908018272, 0.8720986965128509, -0.37308721635299846, 0.315125275276248,0.03075472998786827]
[0.33003823052844117, -0.33364030037783027, 0.26644990237513166, 0.890294329515635, -0.3486679904158243, 0.2859093451407626,0.0637376313717199]
[0.29032811839832773, -0.3560374373297533, 0.24666436793585528, 0.9072417557946238, -0.3233258042099687, 0.25349983574799706,0.09005917027379269]
[0.24882650661470734, -0.3734002909616039, 0.22739617429651732, 0.9228935737883149, -0.2971181517471285, 0.21910124180704613,0.10946643869795449]
[0.206200345775396, -0.38557269275431366, 0.20868362804932053, 0.9372053604704906, -0.270104922640521, 0.18392595433215214,0.12190441498872481]
[0.16312949444155464, -0.3924896960710689, 0.1905634252241025, 0.9501357936673283, -0.24234824278379974, 0.14916338073527916,0.1275130921097254]
[0.12029395597748989, -0.3941782749196634, 0.1730705270194746, 0.9616467655575927, -0.2139123087118847, 0.11595004782618233,0.12661993872719304]
[0.07836117802510531, -0.3907562080263988, 0.15623804214141013, 0.9717034870257253, -0.18486321614115694, 0.08534137774353541,0.11972791597964731]
[0.03797367562346987, -0.3824291818978388, 0.14009711625453958, 0.980274582566069, -0.15526878320388696, 0.058285783082610516,0.1074993731505012]
[-0.0002627697140763184, -0.36948618440256853, 0.12467682902006028, 0.987332175465832, -0.12519836890753927, 0.03560166933468208,0.090736237818105]
[-0.03579009687351491, -0.35229329639649576, 0.11000409916057632, 0.9928519630245747, -0.0947226873636936, 0.017957861601200196,0.07035699839789196]
[-0.06810791924891026, -0.33128602223358145, 0.09610359795655607, 0.9968132815989273, -0.06391361834367557, 0.00585789006795102,0.04737104750951627]
[-0.09678225141706949, -0.30696032990946437, 0.08299767154155566, 0.9991991612927906, -0.03284401472858776, -0.0003715231562475278,0.022851011768341072]
[-0.12145284183350998, -0.27986259742473657, 0.07070627232411167, -0.9999963701453636, 0.0015875074302185007, 0.0005875323899402169,0.0020962638066387897]
