[0.3152088183820178, -0.03463947173777258, 0.14355379235845328, -0.9998789768256691, -0.01554875560795568, 0.0005164094877380458,3.496195914336155e-05]
[0.33159239626775455, -0.08016774194717377, 0.15814007356896195, 0.9991899595962114, -0.03299686994230902, 0.012755232861297048,0.019181638375962127]
[0.34161167300037343, -0.12931375306854193, 0.17283552250339962, 0.9955696338348027, -0.08170074629916235, 0.02412088905861611,0.039802951539037124]
[0.3446665658397504, -0.18118168150271755, 0.18763043040592817, 0.9889827413764553, -0.1303499140822016, 0.03345034318936779,0.06166937407488573]
[0.3402857302859033, -0.2347837188394669, 0.20251380539782968, 0.9794117322913843, -0.17872698870014717, 0.0406263189805032,0.08460983610823217]
[0.3244232316635348, -0.2837771785107519, 0.20882158524858688, 0.9715968187874423, -0.2099728136237939, 0.04051482579564579,0.10133897646896912]
[0.30196462382101713, -0.3317827754990785, 0.2149115348151502, 0.9626009239548122, -0.24071402816867846, 0.038270906878735036,0.11828590588413337]
[0.2729574423662121, -0.3779320962834788, 0.22077437020585733, 0.9524596296546991, -0.270898951760704, 0.03387081618753552,0.13523009880857056]
[0.23756336520168314, -0.42135686070799383, 0.22640109252314475, 0.9412110781379488, -0.30047838591085047, 0.027311860592588364,0.15194903178954924]
[0.19605859623155703, -0.46120405268123416, 0.23178300464113297, 0.9288958026755064, -0.3294057542610967, 0.01861255701977465,0.1682201223180233]
[0.1712523484861964, -0.4604674639691879, 0.20884082126319461, 0.9427179886956593, -0.2971282094543909, 0.004600138659488256,0.1515798788109833]
[0.14643462262453613, -0.4575375986508784, 0.18655621809617431, 0.9547869313535273, -0.26519629038213766, -0.0065080002086239435,0.1342031639617809]
[0.12182109111063658, -0.45242637165031935, 0.16496748496673921, 0.965195450513293, -0.23368413611069808, -0.014783251241851461,0.11649430166904597]
[0.09762295865275664, -0.44516389236634807, 0.14410916249127853, 0.97403880399509, -0.20265324876471733, -0.020348838260733134,0.09882304315471686]
[0.07404574394084067, -0.4357974566937871, 0.12401254246741017, 0.9814132750675403, -0.172152566448204, -0.023371595930234405,0.08151837762232114]
[0.05128825079242632, -0.4243905707064609, 0.10470619100359743, 0.9874147879525371, -0.14221868272725757, -0.02405308052014175,0.0648639509547605]
[0.029541694131935158, -0.4110220370817325, 0.08621648271105398, 0.9921375659417437, -0.1128762084209495, -0.022620298927184788,0.04909515145253811]
[0.00898894164806886, -0.395785125644246, 0.06856813425258784, 0.9956728461939579, -0.08413827002752135, -0.019316344632306574,0.034397873463996906]
[-0.010196170459453167, -0.3787868391154866, 0.05178472569605344, 0.9981076646163969, -0.056007137754503486, -0.01439122395525899,0.020908922201302665]
[-0.027849489460113078, -0.36014727470560487, 0.035889198452751264, 0.9995237234377238, -0.028474974836424104, -0.00809314308862691,0.008717977299869588]
[-0.04381720565988443, -0.3399990720067705, 0.020904319088039802, -0.9999963531641506, 0.0015246986246172216, 0.0006605063677436287,0.0021290100615003566]
