[0.35810251689472256, -0.03367737399598818, 0.1424230769767783, 0.999881406171127, 0.015395728041157051, -0.0003803475468453982,2.2069805695795845e-05]
[0.37939901360673184, -0.06338357224473025, 0.15843193886653148, -0.9978436188938751, 0.05534641843302264, -0.022036757804840015,0.027554809105905097]
[0.3981144122804062, -0.09807846153026284, 0.17543041890016398, -0.989647125268563, 0.12448431865016314, -0.04760041800714257,0.05325807040645944]
[0.41327929798703933, -0.13753434394733494, 0.1934479187950079, -0.9755292530293801, 0.19146273237041717, -0.0761080409443711,0.07676108845505025]
[0.42394207026355163, -0.18134009035916912, 0.2125016712458621, -0.9557787970208002, 0.2557561826441999, -0.10732384444489794,0.09776123269633244]
[0.429204214123022, -0.22890233792258605, 0.232596175500694, -0.9307325206677567, 0.31687381117165214, -0.1409817395247844,0.11598323967523114]
[0.42825539467459556, -0.27945362620074193, 0.2537227908827262, -0.9007711942720836, 0.37436383523153155, -0.17678855794176881,0.13118224049486613]
[0.42040698645263197, -0.3320673898734941, 0.2758594941550785, -0.8663152146860187, 0.42781756172308893, -0.21442758322418468,0.14314640839875778]
[0.4051226834293488, -0.3856794454382505, 0.29897080457774416, -0.827819855189716, 0.4768729187871333, -0.2535623407080083,0.15169919596291226]
[0.3820449273798767, -0.4391153408044416, 0.323007878406682, -0.7857701981364891, 0.521217470805967, -0.2938405990458532,0.1567011365611242]
[0.344280262552246, -0.4575428611139002, 0.2963323488498647, -0.8061034640789132, 0.5054895964633128, -0.28383724890235223,0.11880189056946024]
[0.30535125331713653, -0.47184554531419287, 0.27053408634818576, -0.826310688535937, 0.4872201320963187, -0.26975163059737245,0.08403122444288443]
[0.265758861759652, -0.4820110431596191, 0.24565457483115394, -0.8462100934198957, 0.4664229985128638, -0.2521604642728902,0.05285039744638922]
[0.2259912061336829, -0.48808135574720146, 0.22172388781699098, -0.865619826596776, 0.4431287802563509, -0.23169482556064033,0.025626309127747212]
[0.18651785634976598, -0.4901489877207744, 0.19876157675257045, -0.8843593566441039, 0.4173847013946289, -0.20902547362392673,0.0026250207688185874]
[0.14778494424396132, -0.48835263506883964, 0.17677771387266117, 0.9022508646266355, -0.389254478990299, 0.1848474172718464,0.015992504319451328]
[0.110211099776281, -0.4828725633088215, 0.15577406724430756, 0.9191206223012588, -0.35881805482811097, 0.1598640490308914,0.03017235518428758]
[0.07418419670410259, -0.4739258228635611, 0.1357453836694405, 0.934800346241062, -0.32617120690009116, 0.13477118624130022,0.03996728432157723]
[0.04005886648069737, -0.46176143571936945, 0.11668075353398752, 0.94912851752776, -0.2914250430641012, 0.11024136035575637,0.04553398684011874]
[0.00815471792596711, -0.44665567070693835, 0.09856503053889995, 0.9619516569003811, -0.2547053801896887, 0.0869086906005191,0.0471281082491267]
[-0.021244816762723284, -0.42890750479141576, 0.08138027854483271, 0.9731255455646152, -0.21615201297942013, 0.06535466610604282,0.04509708940366928]
[-0.04789310138813766, -0.4088343455152829, 0.06510721751781517, 0.9825163822591101, -0.17591787749767224, 0.04609514176396585,0.03987100293376612]
[-0.07158047958835431, -0.3867680661871593, 0.049726640781000114, 0.9900018676393635, -0.13416811524556618, 0.029568827799842,0.031951578123282406]
[-0.09213412450351431, -0.3630513815555558, 0.03522077645301194, 0.995472207573197, -0.09107904438415933, 0.01612752187975671,0.02189964980159499]
[-0.10941765302986065, -0.3380345685409961, 0.021574567074918866, 0.9988310275400706, -0.046837045422248105, 0.006028296131010537,0.010321300553625573]
[-0.12333059617451815, -0.31207251506698247, 0.008776842976705918, -0.9999961909851883, 0.001637369344672077, 0.0005721895002448401,0.0021470062692404398]
