[0.28740663487777596, 0.03958681020082659, 0.10879020111100607, -0.9998791664254935, -0.015536251019566544, 0.0005218706100592842,7.143937337588784e-05]
[0.30361619302834236, 0.03604274472360307, 0.12680161785406294, 0.9965934681389963, 0.08085881587266111, 0.005694541391360431,0.01519484638622235]
[0.31937454523185566, 0.031850074637080714, 0.1453277752297261, 0.9889437047704581, 0.14441156872137595, 0.010365153082578744,0.032065732735852934]
[0.3346479077137821, 0.027042879423955498, 0.16438519916377642, 0.9772003041781028, 0.20584139021148676, 0.013291150115527842,0.05032129686954209]
[0.349393528852022, 0.02165736940659157, 0.18398721233034956, 0.9616647266643737, 0.2648313302817104, 0.01430274008188264,0.06971909076361675]
[0.3635601398100944, 0.01573155039242989, 0.204142495309865, 0.9426648925929245, 0.3211034500352493, 0.01326158065368914,0.08999780623324219]
[0.3770886214750768, 0.009304907293961766, 0.22485371776109, 0.9205503464568384, 0.37442110168208426, 0.010062759141557074,0.11088119376985724]
[0.3899128762957137, 0.0024181109607973386, 0.24611626827190516, 0.8956872253018006, 0.42459062229698386, 0.004636297605698969,0.13208218136120206]
[0.3914788439659993, -0.0454226998360788, 0.2425722367374869, 0.8950416852466216, 0.4260282310339897, -0.01168924982386905,0.13139135995754334]
[0.38709116805332955, -0.09360606568412959, 0.23894993112676627, 0.8943958933941304, 0.4274680632709503, -0.02776138336871043,0.12867146675372126]
[0.37669020335308395, -0.14138059498827982, 0.23524985795554154, 0.8937499889751532, 0.4289097825640966, -0.043326735616873835,0.12397640746738346]
[0.3603124355834763, -0.18798555237120554, 0.2314725500851181, 0.8931041116882195, 0.4303530503732857, -0.05814166292713541,0.11739184278335656]
[0.3380918541612446, -0.23266331726287912, 0.22761856667184038, 0.8924584016700816, 0.4317975261273152, -0.07197623603679805,0.10903356898125162]
[0.3102596908587221, -0.2746720350489411, 0.22368849310697325, 0.8918129994660943, 0.43324286728986333, -0.08461797330819783,0.09904539625323214]
[0.27714249835383103, -0.313298244087677, 0.2196829409469118, 0.8911680460004553, 0.4346887294260497, -0.09587525335398844,0.08759656438471625]
[0.23915857169999233, -0.34786925852438366, 0.21560254783370997, 0.8905236825463189, 0.4361347662696008, -0.10558034976774118,0.07487874343246992]
[0.1968127451810292, -0.3777650873695491, 0.2114479774059108, 0.8898800506957811, 0.43758062979060813, -0.11359203767300137,0.061102674106986506]
[0.15720407400975359, -0.3827185131740443, 0.18738457831732563, 0.916794360950154, 0.38465653787836046, -0.09694439582401672,0.04614359885996085]
[0.11778832332520467, -0.38281065257211705, 0.16428778329375962, 0.9407287908100118, 0.32792924037688426, -0.07989260731286761,0.03330055170301186]
[0.07920187262166709, -0.37814496352094396, 0.14217526644749612, 0.9612020564962378, 0.267654278986304, -0.06279998619488836,0.02253786284560373]
[0.04205226790431563, -0.3688921587197614, 0.121054246020356, 0.9777603639379633, 0.20415146493723793, -0.04601455717406467,0.013766285045590755]
[0.0069169370874221925, -0.3552831088433647, 0.10092453625604164, 0.9899859696516542, 0.13780129487938925, -0.02986156708154948,0.0068461546777855604]
[-0.0256565527000081, -0.33760431045313727, 0.0817817119376068, 0.9975052303752899, 0.06904023407880991, -0.014636542967379346,0.0015915596901301466]
[-0.05514990413392794, -0.3161961831636054, 0.06362028177162968, -0.9999959931054699, 0.0016450577494688597, 0.0005990287755557597,0.0022245724380933808]
