[0.3336159133634913, -6.917928153378117e-05, 0.09270942019938502, -0.9998789121550735, -0.015551545643413768, 0.0005552581937915214,4.6303629410902656e-05]
[0.35842331950088635, -0.03925620960504075, 0.12184993858125509, 0.9992015457782997, 0.018395243084311837, 0.02272926771762404,0.027226206771169218]
[0.37679806122966847, -0.0831093532645288, 0.15343819930583577, 0.9971544571993228, 0.01828787079162414, 0.04211807646682788,0.05978804148128256]
[0.38791845687715826, -0.1305045959745229, 0.1874673456238086, 0.993554179151671, 0.015092297806582151, 0.05685901966467128,0.09689874880482005]
[0.3911178451084853, -0.1801628430975814, 0.22390391458816192, 0.9882105091343367, 0.008707776192988077, 0.06632525433054247,0.1377139241624356]
[0.3859169705655538, -0.23066872615939288, 0.26267833943578656, 0.9809298265181747, -0.0009283232443238839, 0.07002880874615235,0.18130576275610477]
[0.3720556483658329, -0.280497159484712, 0.30367629516719297, 0.9715185581104229, -0.01383923819550009, 0.06763086895992808,0.22668531557412078]
[0.3495216428477017, -0.3280481158777791, 0.34673129375035244, 0.9597867434828028, -0.030008024490190074, 0.05894858185883619,0.2728259338803866]
[0.3185744731389657, -0.3716895063911194, 0.39161889589969634, 0.94555164955861, -0.049377261571154754, 0.04395825064725818,0.31868736444477713]
[0.2797618039608078, -0.4098073967322269, 0.4380528531705773, 0.9286413828125161, -0.071849260989994, 0.022794880777995734,0.36323994718858643]
[0.233926212196421, -0.44086212036713746, 0.4856834289430878, 0.9088984469810533, -0.09728677877521417, -0.004251883013052776,0.405488368811999]
[0.18220044194229387, -0.4634482084217135, 0.5340980719478267, 0.8861831944206374, -0.12551422614520474, -0.03674530679143741,0.44449444022440676]
[0.12598976224981384, -0.47635550161650075, 0.5828245338571573, 0.8603771201831845, -0.15631936670728608, -0.07411240504498054,0.47939839181621413]
[0.0669406975737617, -0.4786283883323484, 0.6313364359359257, 0.8313859494976246, -0.18945548207939286, -0.11565779352555508,0.509438218123453]
[0.006896173286262783, -0.4696198664419253, 0.6790612017876407, 0.7991424716306436, -0.22464398187240014, -0.16058021896609279,0.5339666513195191]
[-0.052162040724757615, -0.4490370847505707, 0.7253901868817131, 0.7636090760249155, -0.26157742825525115, -0.2079913694650585,0.5524654000639257]
[-0.10818185182961344, -0.4169751992577528, 0.7696907538009196, 0.7247799501426105, -0.2999229399651959, -0.25693652090810243,0.5645563551830314]
[-0.10375039445462457, -0.4405460008844166, 0.7254555119617727, 0.7623001060559563, -0.260678282694674, -0.27127781009068436,0.5266438369437515]
[-0.1013821880989206, -0.4596960686636702, 0.6789177192261666, 0.796712413234522, -0.22313061555706068, -0.28053953602876147,0.4865795183974753]
[-0.1007304138940114, -0.47424437547101395, 0.6307458597135773, 0.8280237508171414, -0.1876099072739206, -0.284724443502588,0.4450968232278518]
[-0.10142774416748293, -0.48411776723124533, 0.5815854490910123, 0.8562715645327154, -0.1544161573209708, -0.28394061943423216,0.40290493018356843]
[-0.10310217804886004, -0.48934371000470067, 0.532045462927592, 0.8815215742240837, -0.12381603560013554, -0.2783946825997595,0.3606739583140688]
[-0.10539114609591882, -0.49003952156744185, 0.48268701290515953, 0.9038651506805846, -0.0960399489478937, -0.2683829242555563,0.3190215095558399]
[-0.10795329000726779, -0.48639880534603175, 0.43401456661071525, 0.9234164041505996, -0.07127956931929796, -0.2542806424957515,0.27850084810495684]
[-0.1104774859274986, -0.47867591717870767, 0.3864699041505917, 0.940309030414102, -0.04968585264810771, -0.23652995074363437,0.2395909551079429]
[-0.112688860592079, -0.46716936303050177, 0.34042889686438077, 0.9546929631705108, -0.031367571188226105, -0.21562637171027446,0.20268865131902208]
[-0.11435173849370159, -0.45220504571220055, 0.2962010839930025, 0.9667308837034544, -0.016390375668636593, -0.1921045517800459,0.16810293056567233]
[-0.11526964496016212, -0.434120250525539, 0.2540319163157245, 0.9765946402945633, -0.004776396925350523, -0.16652344662274438,0.13605159427667965]
[-0.11528266432953738, -0.41324918572537517, 0.214107435445545, 0.9844616306555396, 0.003495610106025391, -0.13945133657843845,0.10666022315516749]
[-0.11426260487028714, -0.3899107782371536, 0.17656106733331248, 0.9905112007231951, 0.008489583958760158, -0.11145102988901945,0.0799634675509932]
[-0.11210654455604116, -0.36439927477290557, 0.14148213185952815, 0.9949211125171333, 0.010310946430718478, -0.08306560321868706,0.05590858443288263]
[-0.1087294177798312, -0.33697802167591184, 0.10892560996084066, 0.9978641324048364, 0.009104881872091308, -0.05480501235567104,0.034361097286517324]
[-0.10405634810607489, -0.3078766031274774, 0.07892266770844361, 0.9995047890740473, 0.005054129599100058, -0.027133881937084606,0.01511240692492004]
[-0.0980154339785745, -0.2772913172119851, 0.05149141460377252, -0.9999963478063616, 0.0016236808728861437, 0.0004607520722770398,0.0021108628306175875]
