[0.2990251715592933, 0.09409865200043231, -0.005619986302469904, -0.9878765470529841, -0.1552414927283359, -8.195844364578672e-05,9.82452003901321e-07]
[0.3169017112134824, 0.05159659334178901, 0.020210839945415393, -0.9934910571786888, -0.11389566586642441, -0.0002491564981924501,0.0017984782052489418]
[0.31313730778799304, -0.01892578854702451, 0.01721635581772546, -0.9988222043961472, 0.03780543345709005, 0.02936428055571591,0.007917842748388082]
[0.36392341233166225, -0.05309410391994372, 0.073608548383581, 0.9956496465127905, -0.041284797835451664, 0.08239378112810457,0.013733597418573966]
[0.38824039367114804, -0.12638627367898536, 0.11434308934508733, 0.9834203345165794, -0.09467416186596625, 0.15157417521918987,0.030765534952260195]
[0.3917736381358716, -0.1923267894242246, 0.1914881030745316, 0.960766237159581, -0.1469525695100186, 0.22366195113869095,0.07285953239938596]
[0.3669581461305782, -0.28220811864712697, 0.22885885368178918, 0.9353781201163521, -0.20146884075185267, 0.2636857569639082,0.1222616055353224]
[0.3225274378568773, -0.32594609479569003, 0.23829474516040222, 0.9275965510658982, -0.24958984161223335, 0.24493156609695488,0.1314461005276463]
[0.2780688352269813, -0.39213356261948396, 0.3024950489128013, 0.8584109348837007, -0.42975043288079606, 0.2550411266145196,0.1157551555916899]
[0.20210995450746183, -0.4110320203825781, 0.2940621674820402, 0.856295780799946, -0.4208367275660725, 0.2376577091931022,0.1821340104889185]
[0.13736717709746593, -0.45910091253655616, 0.3053100179304541, 0.8128461052408595, -0.4826063752974392, 0.2622064435011396,0.19395895623434586]
[0.10178399893303593, -0.4048434624298162, 0.22511513686546641, 0.832942644471391, -0.5227947851861009, 0.14793649554645863,0.10491404524017546]
[0.06228423909416482, -0.39566825557394, 0.18831232648498344, 0.826656948613055, -0.5487285680876578, 0.09381329403565385,0.08206286453933906]
[0.027579621149472475, -0.3755475960979302, 0.14048679488867669, 0.8186620566031224, -0.5710748412202236, 0.045407759582253626,0.04005119440619871]
[-0.005336352076534347, -0.33865612709436477, 0.09783817419301996, -0.8175027885609643, 0.5758438883259774, 0.00016028517732376277,0.009642680194269152]
[-0.03517339578266463, -0.30652580680350544, 0.07264080681291862, -0.78097876413003, 0.6209329688142604, 0.03223921705070097,0.058949564047563505]
[-0.13368435131735756, -0.2944418637195361, 0.057661384026149703, -0.7103999893626164, 0.7026361303610086, 0.014860219698547167,0.03759650642564552]
