[0.24439886265427774, 0.09225673509109938, 0.028050510941875606, 0.9567248282885477, 0.2561580488113991, -0.1374006105968713,0.013480696309653468]
[0.35825898576471993, 0.02860296526718889, 0.08069099185378328, -0.9980004448027778, -0.062381331655294955, 0.003890905292080758,0.009409701928225194]
[0.3846676518995087, -0.025503107047682973, 0.10898499696848321, -0.9989777312673768, 0.015244144248480116, -0.04132671277636287,0.010159296684151466]
[0.36957522383597347, -0.08478009396256553, 0.11630841602245984, -0.9964503163473056, 0.07393034154605578, -0.03328329949354196,0.022655984310145892]
[0.40228373159960196, -0.15525008059396614, 0.17726843581645302, 0.9782481639351529, -0.1642492225536802, 0.12652476111537272,0.006648870032731468]
[0.3696070399935077, -0.22048773635708516, 0.19953490822370593, 0.9685549487690575, -0.2151441416001193, 0.12492096494012626,0.0030103269829724515]
[0.341404052057916, -0.2826046438983614, 0.22940283765942374, 0.9450151736180311, -0.29311257769925714, 0.14470195324976995,0.009627208935168973]
[0.3055997726385193, -0.34330232264281585, 0.2662006435062572, 0.9081966608574937, -0.3722738988553663, 0.18642210550465668,0.04286919660471626]
[0.25931586629506753, -0.42286828179485536, 0.3804707876110041, 0.8142149990032865, -0.4639806943665374, 0.3122322708604531,0.15584241940674923]
[0.1466059378443226, -0.44768635042804056, 0.385173496856567, 0.7882049438917778, -0.5496900699498278, 0.25113778487747884,0.11620501895334201]
[0.058329868240725585, -0.4660148790653402, 0.4293195850634587, 0.7179216764850735, -0.6243452606369434, 0.2605035276947649,0.16407124675467136]
[-0.04378339821116044, -0.4739925566721288, 0.5204074088049035, 0.6019960299777074, -0.6768690780137935, 0.30225691023354484,0.29679924416330283]
[-0.04498496489565028, -0.45149766430176397, 0.35443489582033727, 0.7065431596303521, -0.6531137819776157, 0.17494330976435563,0.20888750498569178]
[-0.12642858635508766, -0.4083075726983294, 0.3348259496930134, 0.676604273591298, -0.7034945983618616, 0.11363137248220531,0.18544518926487652]
[-0.0912932329637689, -0.3565688248746648, 0.190648648788904, 0.7481216904726816, -0.6605103546552152, 0.03335944565743085,0.0541031886580457]
[-0.10534319471645183, -0.3194606539250782, 0.13410824133738614, -0.7102070507215159, 0.7036767758842614, 0.00810621145921311,0.01947381632747278]
[-0.017158085622911955, -0.21708734380055894, 0.03895305723905465, -0.7706650275012296, 0.6009317770096049, 0.11760586784268545,0.17642356593033898]
