[-0.07944262724962314, -0.37109389227397394, -0.39359176059834233, -5.331844236255989e-05, 0.7659356279992435, -0.11046419571224764]
[-0.14195886773742322, -0.3567609866285699, -0.44932548710928655, 0.10764383525979038, 0.7062077786738095, -0.11437470595436741]
[-0.20447510822522327, -0.3424280809831659, -0.5050592136202308, 0.2153409889619433, 0.6464799293483754, -0.11828521619648719]
[-0.2669913487130233, -0.3280951753377619, -0.5607929401311749, 0.32303814266409625, 0.5867520800229413, -0.12219572643860697]
[-0.3295075892008234, -0.3137622696923579, -0.6165266666421192, 0.4307352963662492, 0.5270242306975073, -0.12610623668072674]
[-0.39202382968862354, -0.29942936404695386, -0.6722603931530633, 0.5384324500684021, 0.46729638137207313, -0.13001674692284654]
[-0.45454007017642356, -0.28509645840154985, -0.7279941196640075, 0.6461296037705551, 0.40756853204663906, -0.1339272571649663]
[-0.5170563106642236, -0.27076355275614583, -0.7837278461749517, 0.753826757472708, 0.34784068272120494, -0.1378377674070861]
[-0.5795725511520237, -0.2564306471107418, -0.8394615726858959, 0.8615239111748609, 0.28811283339577093, -0.14174827764920586]
[-0.6420887916398238, -0.2420977414653378, -0.8951952991968402, 0.9692210648770139, 0.22838498407033678, -0.14565878789132564]
[-0.7138086303888714, -0.2585074089745997, -0.8695908025708393, 0.9180091345926712, 0.2671794661924362, -0.2431969060448238]
[-0.785528469137919, -0.27491707648386154, -0.8439863059448385, 0.8667972043083285, 0.3059739483145356, -0.340735024198322]
[-0.8572483078869666, -0.2913267439931234, -0.8183818093188376, 0.815585274023986, 0.3447684304366351, -0.4382731423518202]
[-0.9289681466360142, -0.3077364115023853, -0.7927773126928368, 0.7643733437396433, 0.3835629125587345, -0.5358112605053184]
[-1.0006879853850617, -0.32414607901164716, -0.7671728160668361, 0.7131614134553006, 0.4223573946808339, -0.6333493786588165]
[-1.0724078241341095, -0.34055574652090903, -0.7415683194408351, 0.661949483170958, 0.46115187680293335, -0.7308874968123147]
[-1.144127662883157, -0.3569654140301709, -0.7159638228148344, 0.6107375528866152, 0.4999463589250327, -0.8284256149658129]
[-1.2158475016322046, -0.3733750815394328, -0.6903593261888336, 0.5595256226022727, 0.5387408410471322, -0.9259637331193111]
[-1.2875673403812522, -0.3897847490486947, -0.6647548295628327, 0.50831369231793, 0.5775353231692316, -1.0235018512728093]
[-1.3592871791302996, -0.4061944165579566, -0.6391503329368319, 0.4571017620335873, 0.616329805291331, -1.1210399694263073]
[-1.4310070178793475, -0.4226040840672185, -0.613545836310831, 0.40588983174924465, 0.6551242874134304, -1.2185780875798056]
[-1.502726856628395, -0.4390137515764803, -0.5879413396848302, 0.3546779014649021, 0.6939187695355299, -1.3161162057333038]
[-1.5744466953774428, -0.45542341908574224, -0.5623368430588294, 0.3034659711805594, 0.7327132516576293, -1.413654323886802]
[-1.6461665341264902, -0.47183308659500406, -0.5367323464328286, 0.2522540408962167, 0.7715077337797287, -1.5111924420403]
[-1.717886372875538, -0.488242754104266, -0.5111278498068277, 0.20104211061187405, 0.8103022159018282, -1.6087305601937985]
[-1.7896062116245854, -0.5046524216135277, -0.4855233531808269, 0.14983018032753148, 0.8490966980239276, -1.7062686783472965]
[-1.8613260503736329, -0.5210620891227897, -0.45991885655482606, 0.0986182500431888, 0.8878911801460271, -1.8038067965007947]
[-1.9330458891226807, -0.5374717566320516, -0.4343143599288252, 0.04740631975884613, 0.9266856622681264, -1.901344914654293]
[-2.004765727871728, -0.5538814241413135, -0.4087098633028244, -0.0038056105254965023, 0.9654801443902259, -1.9988830328077911]