[-0.10212220492182844, -0.2971128532538785, -0.6336220459400144, 9.178526667152909e-05, 0.9315840512734264, -0.13305342416952204]
[-0.12534427647561672, -0.3541774949531409, -0.6173381305760602, 0.07714052096433147, 0.9144737954272412, -0.22989710694315124]
[-0.148566348029405, -0.4112421366524033, -0.6010542152121061, 0.1541892566619914, 0.8973635395810561, -0.32674078971678044]
[-0.17178841958319327, -0.46830677835166573, -0.5847702998481521, 0.23123799235965134, 0.8802532837348709, -0.42358447249040965]
[-0.19501049113698155, -0.5253714200509281, -0.568486384484198, 0.3082867280573113, 0.8631430278886857, -0.5204281552640388]
[-0.21823256269076982, -0.5824360617501906, -0.5522024691202438, 0.38533546375497124, 0.8460327720425006, -0.617271838037668]
[-0.2414546342445581, -0.639500703449453, -0.5359185537562898, 0.46238419945263115, 0.8289225161963154, -0.7141155208112973]
[-0.26467670579834635, -0.6965653451487155, -0.5196346383923357, 0.5394329351502911, 0.8118122603501302, -0.8109592035849265]
[-0.28789877735213465, -0.7536299868479778, -0.5033507230283816, 0.616481670847951, 0.7947020045039451, -0.9078028863585557]
[-0.31112084890592295, -0.8106946285472403, -0.48706680766442745, 0.6935304065456109, 0.7775917486577599, -1.0046465691321849]
[-0.3343429204597112, -0.8677592702465027, -0.4707828923004734, 0.770579142243271, 0.7604814928115747, -1.101490251905814]
[-0.35756499201349945, -0.9248239119457651, -0.4544989769365193, 0.8476278779409308, 0.7433712369653896, -1.1983339346794433]
[-0.38078706356728775, -0.9818885536450275, -0.4382150615725652, 0.9246766136385908, 0.7262609811192045, -1.2951776174530725]
[-0.49385125410168185, -0.921218492882342, -0.4460214242372243, 0.8473984567979027, 0.7315715851496787, -1.3315983145160675]
[-0.606915444636076, -0.8605484321196567, -0.4538277869018834, 0.7701202999572145, 0.736882189180153, -1.3680190115790622]
[-0.7199796351704701, -0.7998783713569713, -0.4616341495665426, 0.6928421431165265, 0.7421927932106273, -1.404439708642057]
[-0.8330438257048642, -0.7392083105942859, -0.4694405122312017, 0.6155639862758384, 0.7475033972411015, -1.440860405705052]
[-0.9461080162392584, -0.6785382498316004, -0.4772468748958608, 0.5382858294351502, 0.7528140012715758, -1.477281102768047]
[-1.0591722067736526, -0.617868189068915, -0.48505323756051993, 0.46100767259446224, 0.7581246053020501, -1.5137017998310418]
[-1.1722363973080467, -0.5571981283062296, -0.49285960022517905, 0.3837295157537741, 0.7634352093325243, -1.5501224968940366]
[-1.2853005878424408, -0.4965280675435443, -0.5006659628898382, 0.30645135891308606, 0.7687458133629986, -1.5865431939570316]
[-1.398364778376835, -0.43585800678085884, -0.5084723255544973, 0.229173202072398, 0.7740564173934729, -1.6229638910200266]
[-1.511428968911229, -0.3751879460181734, -0.5162786882191565, 0.15189504523170982, 0.7793670214239471, -1.6593845880830214]
[-1.6244931594456231, -0.31451788525548807, -0.5240850508838155, 0.07461688839102187, 0.7846776254544214, -1.6958052851460161]
[-1.7375573499800172, -0.2538478244928026, -0.5318914135484747, -0.0026612684496662453, 0.7899882294848957, -1.7322259822090111]