[-0.09571301035670032, -0.6040993359739586, -0.0526946229848857, 0.00019856964911468822, 0.6580811014409882, -0.1268142188344603]
[-0.11055609199264235, -0.6188285506631466, -0.1802617897463679, -0.05192658496892211, 0.592809627537245, -0.11226853619235277]
[-0.12539917362858438, -0.6335577653523345, -0.3078289565078501, -0.1040517395869589, 0.5275381536335018, -0.09772285355024522]
[-0.14024225526452638, -0.6482869800415225, -0.43539612326933225, -0.1561768942049957, 0.4622666797297585, -0.08317717090813768]
[-0.15508533690046844, -0.6630161947307105, -0.5629632900308145, -0.2083020488230325, 0.3969952058260152, -0.06863148826603013]
[-0.16992841853641044, -0.6777454094198985, -0.6905304567922966, -0.2604272034410693, 0.331723731922272, -0.054085805623922595]
[-0.18477150017235247, -0.6924746241090864, -0.8180976235537788, -0.3125523580591061, 0.2664522580185288, -0.03954012298181506]
[-0.1996145818082945, -0.7072038387982744, -0.9456647903152611, -0.3646775126771429, 0.20118078411478552, -0.024994440339707505]
[-0.21445766344423653, -0.7219330534874624, -1.0732319570767432, -0.4168026672951797, 0.13590931021104224, -0.010448757697599967]
[-0.22930074508017856, -0.7366622681766504, -1.2007991238382254, -0.46892782191321647, 0.07063783630729903, 0.004096924944507599]
[-0.3099830692950699, -0.7143707663880505, -1.1565122122812452, -0.44442114958770257, 0.10252074480626192, -0.08856580358219174]
[-0.3906653935099612, -0.6920792645994508, -1.112225300724265, -0.4199144772621886, 0.1344036533052248, -0.18122853210889106]
[-0.4713477177248526, -0.669787762810851, -1.067938389167285, -0.3954078049366747, 0.16628656180418772, -0.27389126063559044]
[-0.5520300419397439, -0.6474962610222511, -1.0236514776103045, -0.37090113261116076, 0.19816947030315057, -0.36655398916228976]
[-0.6327123661546352, -0.6252047592336513, -0.9793645660533243, -0.34639446028564685, 0.23005237880211346, -0.4592167176889891]
[-0.7133946903695266, -0.6029132574450515, -0.9350776544963442, -0.32188778796013295, 0.2619352873010764, -0.5518794462156884]
[-0.794077014584418, -0.5806217556564517, -0.890790742939364, -0.297381115634619, 0.29381819580003926, -0.6445421747423877]
[-0.8747593387993093, -0.5583302538678518, -0.8465038313823838, -0.2728744433091051, 0.3257011042990021, -0.737204903269087]
[-0.9554416630142006, -0.536038752079252, -0.8022169198254037, -0.24836777098359117, 0.35758401279796503, -0.8298676317957864]
[-1.036123987229092, -0.5137472502906523, -0.7579300082684234, -0.22386109865807724, 0.3894669212969279, -0.9225303603224857]
[-1.1168063114439835, -0.4914557485020524, -0.7136430967114431, -0.19935442633256328, 0.42134982979589086, -1.0151930888491854]
[-1.1974886356588748, -0.46916424671345264, -0.6693561851544629, -0.17484775400704938, 0.4532327382948537, -1.1078558173758846]
[-1.278170959873766, -0.4468727449248528, -0.6250692735974828, -0.15034108168153543, 0.48511564679381664, -1.200518545902584]
[-1.3588532840886574, -0.424581243136253, -0.5807823620405026, -0.12583440935602153, 0.5169985552927795, -1.2931812744292832]
[-1.4395356083035487, -0.40228974134765316, -0.5364954504835223, -0.10132773703050763, 0.5488814637917424, -1.3858440029559826]
[-1.52021793251844, -0.3799982395590534, -0.49220853892654215, -0.07682106470499372, 0.5807643722907052, -1.4785067314826819]
[-1.6009002567333315, -0.35770673777045353, -0.447921627369562, -0.05231439237947977, 0.6126472807896681, -1.5711694600093813]
[-1.6815825809482225, -0.33541523598185374, -0.4036347158125818, -0.027807720053965868, 0.644530189288631, -1.6638321885360805]
[-1.762264905163114, -0.3131237341932539, -0.35934780425560153, -0.0033010477284519044, 0.676413097787594, -1.75649491706278]