[-0.0005886923232614194, -0.6712815744523368, -0.30984661351493425, 0.00010293509363545894, 0.9822793009631274, -0.031693281900022185]
[-0.023131798635624052, -0.6379953590994327, -0.353230754926861, -0.034807909459195506, 1.0296167336937223, -0.15890620270612163]
[-0.045674904947986684, -0.6047091437465287, -0.3966148963387877, -0.06971875401202647, 1.0769541664243172, -0.2861191235122211]
[-0.06821801126034932, -0.5714229283936247, -0.4399990377507145, -0.10462959856485743, 1.124291599154912, -0.41333204431832055]
[-0.09076111757271195, -0.5381367130407206, -0.4833831791626412, -0.1395404431176884, 1.1716290318855067, -0.54054496512442]
[-0.11330422388507459, -0.5048504976878165, -0.526767320574568, -0.17445128767051934, 1.2189664646161016, -0.6677578859305194]
[-0.13584733019743722, -0.47156428233491254, -0.5701514619864947, -0.20936213222335032, 1.2663038973466965, -0.7949708067366189]
[-0.15839043650979984, -0.4382780669820085, -0.6135356033984214, -0.24427297677618126, 1.3136413300772913, -0.9221837275427182]
[-0.18093354282216248, -0.40499185162910445, -0.6569197448103481, -0.27918382132901226, 1.3609787628078862, -1.0493966483488177]
[-0.2034766491345251, -0.3717056362762004, -0.7003038862222748, -0.3140946658818432, 1.408316195538481, -1.176609569154917]
[-0.22601975544688777, -0.33841942092329635, -0.7436880276342017, -0.34900551043467415, 1.4556536282690757, -1.3038224899610167]
[-0.24856286175925038, -0.3051332055703923, -0.7870721690461284, -0.3839163549875051, 1.5029910609996708, -1.431035410767116]
[-0.271105968071613, -0.27184699021748826, -0.8304563104580551, -0.4188271995403361, 1.5503284937302655, -1.5582483315732156]
[-0.29364907438397564, -0.2385607748645842, -0.8738404518699818, -0.45373804409316704, 1.5976659264608604, -1.6854612523793149]
[-0.3872794092746169, -0.2690609505982812, -0.8544002252486852, -0.44325936058898374, 1.5915021097020787, -1.7476000447666413]
[-0.4809097441652581, -0.29956112633197823, -0.8349599986273886, -0.4327806770848004, 1.585338292943297, -1.8097388371539678]
[-0.6267961627345926, -0.3002708642594899, -0.778871920527501, -0.4792276000359026, 1.5911086289147196, -1.7611022639895373]
[-0.7726825813039272, -0.3009806021870015, -0.7227838424276133, -0.5256745229870048, 1.5968789648861423, -1.7124656908251068]
[-0.8816032835150672, -0.32145914680541604, -0.7005258369580648, -0.46752567962351, 1.531870697246035, -1.7164630131377265]
[-0.9905239857262073, -0.3419376914238306, -0.6782678314885163, -0.4093768362600152, 1.4668624296059278, -1.720460335450346]
[-1.0994446879373472, -0.36241623604224515, -0.6560098260189678, -0.35122799289652046, 1.4018541619658205, -1.7244576577629658]
[-1.2083653901484874, -0.3828947806606597, -0.6337518205494194, -0.29307914953302566, 1.3368458943257133, -1.7284549800755855]
[-1.3172860923596275, -0.40337332527907427, -0.6114938150798708, -0.23493030616953087, 1.271837626685606, -1.732452302388205]
[-1.4262067945707675, -0.4238518698974888, -0.5892358096103223, -0.17678146280603613, 1.2068293590454988, -1.7364496247008248]
[-1.5351274967819075, -0.4443304145159034, -0.5669778041407738, -0.11863261944254128, 1.1418210914053915, -1.7404469470134445]
[-1.6440481989930475, -0.46480895913431786, -0.5447197986712253, -0.060483776079046536, 1.0768128237652843, -1.744444269326064]
[-1.7529689012041876, -0.48528750375273244, -0.5224617932016768, -0.002334932715551792, 1.011804556125177, -1.7484415916386837]