[-0.1847679413966894, -0.6043204686788908, -0.471031249605975, -0.00018944048665492375, 1.0765100948118222, -0.2158189683354843]
[-0.27331813958773676, -0.6625113717924384, -0.459837170542227, -0.02065797822757265, 1.1473537714514737, -0.2602284770188965]
[-0.36186833777878413, -0.7207022749059858, -0.448643091478479, -0.041126515968490374, 1.218197448091125, -0.3046379857023087]
[-0.45041853596983145, -0.7788931780195334, -0.437449012414731, -0.0615950537094081, 1.2890411247307765, -0.3490474943857209]
[-0.5389687341608789, -0.8370840811330809, -0.42625493335098297, -0.08206359145032582, 1.3598848013704279, -0.39345700306913317]
[-0.6275189323519261, -0.8952749842466284, -0.415060854287235, -0.10253212919124355, 1.4307284780100793, -0.4378665117525454]
[-0.7191472485204619, -0.8627615343016328, -0.41282737957638443, -0.09241906755369005, 1.3843615874148454, -0.5480759532434125]
[-0.8107755646889976, -0.8302480843566373, -0.41059390486553393, -0.08230600591613654, 1.3379946968196117, -0.6582853947342796]
[-0.9024038808575334, -0.7977346344116417, -0.4083604301546834, -0.07219294427858305, 1.2916278062243778, -0.7684948362251467]
[-0.9940321970260692, -0.7652211844666461, -0.4061269554438328, -0.06207988264102955, 1.2452609156291439, -0.8787042777160139]
[-1.0856605131946049, -0.7327077345216506, -0.40389348073298226, -0.051966821003476056, 1.1988940250339102, -0.9889137192068809]
[-1.1772888293631407, -0.7001942845766551, -0.40166000602213175, -0.04185375936592256, 1.1525271344386763, -1.099123160697748]
[-1.2689171455316763, -0.6676808346316595, -0.3994265313112812, -0.03174069772836906, 1.1061602438434424, -1.209332602188615]
[-1.3605454617002122, -0.6351673846866639, -0.39719305660043064, -0.021627636090815555, 1.0597933532482087, -1.3195420436794822]
[-1.4521737778687478, -0.6026539347416684, -0.39495958188958014, -0.011514574453262066, 1.0134264626529748, -1.4297514851703494]
[-1.5438020940372836, -0.5701404847966728, -0.3927261071787296, -0.0014015128157085703, 0.967059572057741, -1.5399609266612164]