[0.022302862666172985, -0.5159882777094689, -0.2618426792788977, 0.00022348675061412138, 0.7790141182110952, -0.008763008354459423]
[-0.0011074736178214271, -0.5048999785504108, -0.32492858023681426, 0.0038498881954092093, 0.7420216875980479, -0.1747297132686907]
[-0.02451780990181584, -0.4938116793913527, -0.3880144811947308, 0.007476289640204297, 0.7050292569850005, -0.34069641818292196]
[-0.04792814618581025, -0.4827233802322946, -0.45110038215264736, 0.011102691084999386, 0.6680368263719532, -0.5066631230971532]
[-0.07133848246980466, -0.4716350810732365, -0.5141862831105639, 0.014729092529794473, 0.6310443957589059, -0.6726298280113845]
[-0.09474881875379908, -0.4605467819141784, -0.5772721840684805, 0.018355493974589562, 0.5940519651458586, -0.8385965329256158]
[-0.11815915503779348, -0.4494584827551203, -0.640358085026397, 0.02198189541938465, 0.5570595345328112, -1.004563237839847]
[-0.1415694913217879, -0.4383701835960622, -0.7034439859843133, 0.025608296864179734, 0.520067103919764, -1.170529942754078]
[-0.1649798276057823, -0.4272818844370041, -0.76652988694223, 0.029234698308974825, 0.48307467330671655, -1.3364966476683096]
[-0.1883901638897767, -0.41619358527794603, -0.8296157879001465, 0.03286109975376991, 0.44608224269366925, -1.5024633525825406]
[-0.21180050017377114, -0.4051052861188879, -0.8927016888580631, 0.036487501198565, 0.40908981208062184, -1.668430057496772]
[-0.23521083645776553, -0.39401698695982984, -0.9557875898159796, 0.04011390264336009, 0.37209738146757454, -1.8343967624110031]
[-0.25862117274175994, -0.3829286878007717, -1.0188734907738963, 0.04374030408815518, 0.3351049508545272, -2.0003634673252346]
[-0.28203150902575436, -0.37184038864171365, -1.0819593917318127, 0.04736670553295026, 0.2981125202414799, -2.1663301722394657]
[-0.4175646693258559, -0.3829413988050532, -1.0282643804865936, 0.042841647424723246, 0.3609321204490623, -2.130138891751743]
[-0.5530978296259574, -0.39404240896839277, -0.9745693692413744, 0.03831658931649622, 0.4237517206566447, -2.093947611264021]
[-0.688630989926059, -0.4051434191317323, -0.9208743579961554, 0.03379153120826921, 0.48657132086422705, -2.0577563307762987]
[-0.8241641502261606, -0.4162444292950719, -0.8671793467509361, 0.029266473100042188, 0.5493909210718095, -2.0215650502885762]
[-0.9596973105262622, -0.4273454394584114, -0.8134843355057171, 0.02474141499181517, 0.6122105212793919, -1.9853737698008542]
[-1.0952304708263636, -0.438446449621751, -0.759789324260498, 0.020216356883588152, 0.6750301214869743, -1.9491824893131318]
[-1.2307636311264654, -0.44954745978509053, -0.7060943130152788, 0.015691298775361136, 0.7378497216945568, -1.9129912088254095]
[-1.366296791426567, -0.4606484699484301, -0.6523993017700596, 0.011166240667134113, 0.800669321902139, -1.8767999283376873]
[-1.5018299517266684, -0.47174948011176965, -0.5987042905248405, 0.00664118255890709, 0.8634889221097215, -1.8406086478499648]
[-1.63736311202677, -0.4828504902751092, -0.5450092792796214, 0.0021161244506800805, 0.926308522317304, -1.8044173673622426]
[-1.7728962723268715, -0.49395150043844877, -0.4913142680344022, -0.002408933657546943, 0.9891281225248864, -1.7682260868745203]