[-0.16394394701965354, -0.20630297448698176, -0.6818233833179939, -6.365390707419039e-05, 0.8892076463734115, -0.19498634213720756]
[-0.25464483890602346, -0.2240657891692385, -0.7056415231535743, 0.03368703871319606, 0.8026973476250017, -0.22252040968054912]
[-0.3453457307923934, -0.24182860385149524, -0.7294596629891548, 0.06743773133346631, 0.7161870488765917, -0.2500544772238907]
[-0.43604662267876326, -0.259591418533752, -0.7532778028247352, 0.10118842395373656, 0.6296767501281818, -0.27758854476723227]
[-0.5267475145651332, -0.2773542332160087, -0.7770959426603157, 0.1349391165740068, 0.5431664513797718, -0.3051226123105738]
[-0.6174484064515031, -0.2951170478982655, -0.8009140824958962, 0.1686898091942771, 0.45665615263136194, -0.3326566798539154]
[-0.708149298337873, -0.3128798625805222, -0.8247322223314767, 0.2024405018145473, 0.37014585388295207, -0.360190747397257]
[-0.798850190224243, -0.33064267726277896, -0.8485503621670571, 0.2361911944348176, 0.2836355551345421, -0.3877248149405985]
[-0.8791436014999365, -0.3035599483063598, -0.8161689863774508, 0.21627517652483652, 0.2989208066660568, -0.5012481752150438]
[-0.9594370127756302, -0.2764772193499406, -0.7837876105878445, 0.19635915861485542, 0.3142060581975715, -0.6147715354894892]
[-1.0397304240513239, -0.2493944903935214, -0.7514062347982382, 0.17644314070487435, 0.3294913097290862, -0.7282948957639346]
[-1.1200238353270173, -0.22231176143710218, -0.7190248590086319, 0.15652712279489328, 0.3447765612606009, -0.8418182560383799]
[-1.200317246602711, -0.195229032480683, -0.6866434832190256, 0.13661110488491218, 0.36006181279211563, -0.9553416163128253]
[-1.2806106578784047, -0.16814630352426382, -0.6542621074294193, 0.11669508697493111, 0.3753470643236303, -1.0688649765872706]
[-1.3609040691540981, -0.14106357456784463, -0.6218807316398128, 0.09677906906495004, 0.390632315855145, -1.1823883368617158]
[-1.4411974804297918, -0.11398084561142544, -0.5894993558502065, 0.07686305115496897, 0.40591756738665974, -1.2959116971361613]
[-1.5214908917054855, -0.08689811665500624, -0.5571179800606002, 0.05694703324498786, 0.42120281891817446, -1.4094350574106067]
[-1.5506518438771637, -0.05743152534996978, -0.520836646239295, 0.02687742174274086, 0.46887246134896793, -1.4915417046229347]
[-1.579812796048842, -0.02796493404493332, -0.4845553124179899, -0.0031921897595061388, 0.5165421037797614, -1.5736483518352626]