[0.05980873756764993, -0.6631559965190661, -0.1858578873957466, 0.00031397603078442415, 0.8500613078748929, 0.02867077504311144]
[-0.0625225870939596, -0.684158597212105, -0.22920212303704207, -0.021214783633097353, 0.8857001974653598, 0.07250750971279821]
[-0.18485391175556912, -0.705161197905144, -0.27254635867833754, -0.04274354329697913, 0.9213390870558266, 0.11634424438248499]
[-0.3071852364171786, -0.7261637985981829, -0.31589059431963307, -0.0642723029608609, 0.9569779766462935, 0.16018097905217174]
[-0.42951656107878816, -0.7471663992912219, -0.35923482996092854, -0.08580106262474269, 0.9926168662367603, 0.20401771372185853]
[-0.5518478857403977, -0.7681689999842609, -0.402579065602224, -0.10732982228862445, 1.0282557558272272, 0.2478544483915453]
[-0.6741792104020071, -0.7891716006772997, -0.4459233012435195, -0.1288585819525062, 1.063894645417694, 0.29169118306123204]
[-0.7965105350636167, -0.8101742013703388, -0.48926753688481495, -0.15038734161638798, 1.099533535008161, 0.33552791773091883]
[-0.9188418597252263, -0.8311768020633777, -0.5326117725261105, -0.1719161012802698, 1.1351724245986277, 0.37936465240060563]
[-1.0411731843868357, -0.8521794027564167, -0.575956008167406, -0.19344486094415156, 1.1708113141890946, 0.4232013870702924]
[-1.1635045090484453, -0.8731820034494556, -0.6193002438087014, -0.21497362060803332, 1.2064502037795615, 0.46703812173997916]
[-1.2214875277127808, -0.8344291179924992, -0.6241385097485364, -0.19985144310105823, 1.1932173854161068, 0.2929523466287153]
[-1.2794705463771163, -0.7956762325355428, -0.6289767756883713, -0.18472926559408312, 1.179984567052652, 0.11886657151745145]
[-1.3374535650414519, -0.7569233470785863, -0.6338150416282061, -0.16960708808710803, 1.1667517486891972, -0.05521920359381238]
[-1.3954365837057874, -0.71817046162163, -0.6386533075680411, -0.15448491058013294, 1.1535189303257425, -0.22930497870507627]
[-1.453419602370123, -0.6794175761646736, -0.643491573507876, -0.13936273307315783, 1.1402861119622878, -0.40339075381634015]
[-1.5114026210344584, -0.6406646907077171, -0.6483298394477109, -0.12424055556618274, 1.127053293598833, -0.5774765289276039]
[-1.569385639698794, -0.6019118052507607, -0.6531681053875458, -0.10911837805920764, 1.1138204752353782, -0.7515623040388678]
[-1.6273686583631295, -0.5631589197938043, -0.6580063713273807, -0.09399620055223255, 1.1005876568719235, -0.9256480791501317]
[-1.6853516770274652, -0.5244060343368478, -0.6628446372672157, -0.07887402304525742, 1.0873548385084688, -1.0997338542613955]
[-1.7433346956918008, -0.48565314887989147, -0.6676829032070506, -0.06375184553828234, 1.0741220201450141, -1.2738196293726594]
[-1.801317714356136, -0.44690026342293504, -0.6725211691468855, -0.04862966803130725, 1.0608892017815594, -1.4479054044839232]
[-1.8593007330204716, -0.40814737796597866, -0.6773594350867204, -0.03350749052433216, 1.0476563834181047, -1.6219911795951871]
[-1.9172837516848074, -0.36939449250902223, -0.6821977010265553, -0.018385313017357047, 1.0344235650546498, -1.796076954706451]
[-1.9752667703491429, -0.33064160705206574, -0.6870359669663902, -0.0032631355103819567, 1.0211907466911951, -1.9701627298177147]