[-0.1813943805053535, -0.37466409944794066, -0.3471226250446362, 7.85901289672708e-05, 0.7231164156359364, -0.21292010150682916]
[-0.22113236285014903, -0.38128579646195204, -0.33524710046485406, 0.09227381789824277, 0.7835779681131564, -0.30095154534435237]
[-0.26087034519494456, -0.38790749347596337, -0.323371575885072, 0.18446904566751826, 0.8440395205903763, -0.38898298918187557]
[-0.3006083275397401, -0.39452919048997476, -0.31149605130528984, 0.27666427343679373, 0.9045010730675963, -0.4770144330193987]
[-0.3403463098845356, -0.4011508875039861, -0.29962052672550776, 0.36885950120606925, 0.9649626255448163, -0.565045876856922]
[-0.38008429222933116, -0.40777258451799747, -0.2877450021457256, 0.4610547289753447, 1.0254241780220363, -0.6530773206944451]
[-0.4198222745741267, -0.4143942815320088, -0.27586947756594354, 0.5532499567446202, 1.0858857304992562, -0.7411087645319683]
[-0.45956025691892216, -0.4210159785460202, -0.2639939529861614, 0.6454451845138957, 1.1463472829764763, -0.8291402083694914]
[-0.4992982392637177, -0.4276376755600315, -0.2521184284063793, 0.7376404122831712, 1.206808835453696, -0.9171716522070147]
[-0.5390362216085132, -0.4342593725740429, -0.2402429038265972, 0.8298356400524466, 1.2672703879309162, -1.005203096044538]
[-0.5787742039533088, -0.4408810695880543, -0.22836737924681508, 0.9220308678217222, 1.3277319404081362, -1.093234539882061]
[-0.6185121862981042, -0.4475027666020656, -0.21649185466703297, 1.0142260955909976, 1.388193492885356, -1.1812659837195842]
[-0.6582501686428999, -0.45412446361607695, -0.20461633008725086, 1.106421323360273, 1.448655045362576, -1.2692974275571074]
[-0.6979881509876953, -0.46074616063008833, -0.19274080550746875, 1.1986165511295486, 1.509116597839796, -1.3573288713946305]
[-0.7909889336980782, -0.4530368181791204, -0.20739265777949079, 1.1061120710272059, 1.4505279241163134, -1.3991276418796468]
[-0.883989716408461, -0.44532747572815246, -0.2220445100515128, 1.0136075909248634, 1.3919392503928307, -1.440926412364663]
[-0.976990499118844, -0.4376181332771845, -0.23669636232353483, 0.9211031108225207, 1.333350576669348, -1.4827251828496792]
[-1.0699912818292268, -0.4299087908262166, -0.25134821459555684, 0.8285986307201783, 1.2747619029458654, -1.5245239533346955]
[-1.1629920645396097, -0.42219944837524864, -0.2660000668675789, 0.7360941506178356, 1.2161732292223828, -1.5663227238197117]
[-1.2559928472499926, -0.4144901059242807, -0.2806519191396009, 0.643589670515493, 1.1575845554989002, -1.608121494304728]
[-1.3489936299603753, -0.4067807634733127, -0.2953037714116229, 0.5510851904131505, 1.0989958817754175, -1.6499202647897442]
[-1.4419944126707582, -0.3990714210223448, -0.30995562368364493, 0.4585807103108078, 1.0404072080519349, -1.6917190352747604]
[-1.5349951953811412, -0.39136207857137684, -0.32460747595566697, 0.36607623020846525, 0.9818185343284522, -1.7335178057597767]
[-1.627995978091524, -0.3836527361204089, -0.339259328227689, 0.27357175010612267, 0.9232298606049696, -1.7753165762447929]
[-1.7209967608019068, -0.37594339366944096, -0.35391118049971104, 0.1810672700037801, 0.864641186881487, -1.8171153467298091]
[-1.81399754351229, -0.368234051218473, -0.3685630327717331, 0.0885627899014374, 0.8060525131580043, -1.8589141172148254]
[-1.9069983262226726, -0.3605247087675051, -0.38321488504375506, -0.003941690200905174, 0.7474638394345217, -1.9007128876998416]