[0.2665282551914778, -0.7492134537730637, -0.2972614698548881, 0.0003676105207217617, 1.0477403068457596, 0.23527992366018413]
[0.25458761534024044, -0.7731346101056126, -0.3446639443920343, -0.014923176354586292, 1.0502556588591294, 0.1878803273570109]
[0.14457446304119445, -0.7580853961211411, -0.3605097636098993, -0.020864734218795835, 1.0256448178641016, 0.06670040093184189]
[0.034561310742148466, -0.7430361821366698, -0.37635558282776427, -0.026806292083005376, 1.0010339768690737, -0.05447952549332713]
[-0.07545184155689755, -0.7279869681521983, -0.3922014020456292, -0.03274784994721492, 0.9764231358740458, -0.17565945191849616]
[-0.1854649938559435, -0.712937754167727, -0.4080472212634942, -0.03868940781142446, 0.951812294879018, -0.29683937834366514]
[-0.29547814615498946, -0.6978885401832555, -0.4238930404813592, -0.044630965675634, 0.9272014538839901, -0.4180193047688342]
[-0.40549129845403553, -0.6828393261987842, -0.4397388596992241, -0.050572523539843546, 0.9025906128889623, -0.5391992311940033]
[-0.5155044507530815, -0.6677901122143127, -0.4555846789170891, -0.05651408140405308, 0.8779797718939344, -0.6603791576191722]
[-0.6255176030521274, -0.6527408982298413, -0.4714304981349541, -0.06245563926826263, 0.8533689308989065, -0.7815590840443413]
[-0.7355307553511734, -0.6376916842453699, -0.48727631735281907, -0.06839719713247217, 0.8287580899038787, -0.9027390104695103]
[-0.8455439076502194, -0.6226424702608986, -0.503122136570684, -0.0743387549966817, 0.8041472489088508, -1.0239189368946793]
[-0.9555570599492653, -0.6075932562764271, -0.5189679557885489, -0.08028031286089124, 0.779536407913823, -1.1450988633198482]
[-1.0655702122483115, -0.5925440422919557, -0.5348137750064139, -0.08622187072510079, 0.7549255669187951, -1.2662787897450174]
[-1.1755833645473575, -0.5774948283074843, -0.5506595942242789, -0.09216342858931033, 0.7303147259237672, -1.3874587161701863]
[-1.2855965168464034, -0.5624456143230129, -0.5665054134421439, -0.09810498645351987, 0.7057038849287394, -1.5086386425953553]
[-1.3956096691454494, -0.5473964003385414, -0.5823512326600089, -0.10404654431772942, 0.6810930439337115, -1.6298185690205245]
[-1.5056228214444953, -0.5323471863540701, -0.5981970518778739, -0.10998810218193895, 0.6564822029386836, -1.7509984954456934]
[-1.5790961976800386, -0.4695020980151858, -0.5144009881815125, -0.0836913638456716, 0.6293297968836015, -1.761165068822044]
[-1.652569573915582, -0.4066570096763015, -0.430604924485151, -0.057394625509404246, 0.6021773908285193, -1.7713316421983945]
[-1.7260429501511254, -0.3438119213374172, -0.3468088607887896, -0.0310978871731369, 0.575024984773437, -1.7814982155747447]
[-1.7995163263866687, -0.2809668329985329, -0.26301279709242814, -0.004801148836869533, 0.5478725787183548, -1.7916647889510953]