[0.04521700773167758, -0.5648508498226406, -0.4388083968045695, 0.0001814553472661018, 1.0049461136925473, 0.014084340930998529]
[0.013317651730457097, -0.5300223338960182, -0.5049155771371983, -0.024117491716412885, 1.0039127296718853, -0.11892768640800042]
[-0.01858170427076339, -0.49519381796939566, -0.571022757469827, -0.04841643878009187, 1.0028793456512235, -0.25193971374699936]
[-0.05048106027198386, -0.46036530204277326, -0.6371299378024556, -0.07271538584377085, 1.0018459616305615, -0.3849517410859983]
[-0.08238041627320436, -0.4255367861161508, -0.7032371181350845, -0.09701433290744985, 1.0008125776098997, -0.5179637684249973]
[-0.11427977227442482, -0.39070827018952836, -0.7693442984677131, -0.12131327997112883, 0.9997791935892378, -0.6509757957639962]
[-0.1461791282756453, -0.35587975426290597, -0.8354514788003418, -0.1456122270348078, 0.9987458095685758, -0.7839878231029951]
[-0.1780784842768658, -0.3210512383362835, -0.9015586591329705, -0.1699111740984868, 0.997712425547914, -0.9169998504419942]
[-0.2099778402780863, -0.28622272240966107, -0.9676658394655994, -0.1942101211621658, 0.9966790415272521, -1.050011877780993]
[-0.24187719627930676, -0.2513942064830386, -1.033773019798228, -0.2185090682258448, 0.9956456575065902, -1.1830239051199922]
[-0.2737765522805272, -0.21656569055641622, -1.0998802001308567, -0.24280801528952375, 0.9946122734859283, -1.316035932458991]
[-0.30567590828174773, -0.1817371746297938, -1.1659873804634855, -0.26710696235320275, 0.9935788894652664, -1.44904795979799]
[-0.45509874585078736, -0.16867600292216095, -1.1173961478542622, -0.2432036789451434, 0.9644549327808623, -1.4939521199064314]
[-0.604521583419827, -0.1556148312145281, -1.068804915245039, -0.21930039553708403, 0.9353309760964581, -1.538856280014873]
[-0.7539444209888666, -0.14255365950689525, -1.0202136826358157, -0.19539711212902466, 0.906207019412054, -1.5837604401233145]
[-0.9033672585579063, -0.12949248779926237, -0.9716224500265925, -0.17149382872096527, 0.8770830627276498, -1.628664600231756]
[-1.0527900961269459, -0.11643131609162953, -0.9230312174173693, -0.1475905453129059, 0.8479591060432456, -1.6735687603401974]
[-1.2022129336959855, -0.10337014438399668, -0.8744399848081461, -0.12368726190484655, 0.8188351493588415, -1.7184729204486389]
[-1.3516357712650253, -0.09030897267636383, -0.8258487521989228, -0.09978397849678719, 0.7897111926744373, -1.7633770805570805]
[-1.501058608834065, -0.07724780096873096, -0.7772575195896996, -0.0758806950887278, 0.7605872359900332, -1.808281240665522]
[-1.6504814464031046, -0.06418662926109811, -0.7286662869804763, -0.05197741168066844, 0.731463279305629, -1.8531854007739637]
[-1.7999042839721442, -0.05112545755346526, -0.680075054371253, -0.028074128272609078, 0.7023393226212249, -1.898089560882405]
[-1.9493271215411838, -0.038064285845832393, -0.6314838217620298, -0.004170844864549713, 0.6732153659368207, -1.9429937209908466]