[-0.09753104823531356, 0.0579817630286783, -0.5439875967559136, -0.0004512438106551997, 0.4874649820944912, -0.1281475878878391]
[-0.16280702914601267, 0.03334204719456854, -0.5815887782065832, 0.026943865491197566, 0.4848211283688698, -0.26277901410272897]
[-0.22808301005671178, 0.008702331360458788, -0.6191899596572527, 0.05433897479305033, 0.48217727464324844, -0.39741044031761885]
[-0.2933589909674109, -0.01593738447365098, -0.6567911411079222, 0.08173408409490311, 0.4795334209176271, -0.5320418665325088]
[-0.35863497187811, -0.040577100307760725, -0.6943923225585917, 0.10912919339675586, 0.47688956719200565, -0.6666732927473986]
[-0.4239109527888091, -0.06521681614187048, -0.7319935040092613, 0.13652430269860863, 0.4742457134663843, -0.8013047189622885]
[-0.4891869336995083, -0.08985653197598026, -0.7695946854599309, 0.16391941200046142, 0.4716018597407629, -0.9359361451771785]
[-0.5544629146102074, -0.11449624781009002, -0.8071958669106004, 0.1913145213023142, 0.46895800601514154, -1.0705675713920684]
[-0.6197388955209064, -0.13913596364419975, -0.84479704836127, 0.21870963060416693, 0.46631415228952017, -1.2051989976069581]
[-0.6850148764316055, -0.1637756794783095, -0.8823982298119395, 0.2461047399060197, 0.4636702985638988, -1.3398304238218481]
[-0.7502908573423046, -0.18841539531241927, -0.9199994112626091, 0.27349984920787246, 0.4610264448382774, -1.474461850036738]
[-0.8155668382530037, -0.21305511114652903, -0.9576005927132787, 0.3008949585097252, 0.45838259111265606, -1.6090932762516277]
[-0.880842819163703, -0.23769482698063882, -0.9952017741639483, 0.32829006781157805, 0.45573873738703463, -1.743724702466518]
[-0.9461188000744021, -0.26233454281474855, -1.0328029556146179, 0.3556851771134308, 0.45309488366141326, -1.8783561286814077]
[-1.0113947809851012, -0.28697425864885834, -1.0704041370652873, 0.3830802864152836, 0.4504510299357919, -2.0129875548962977]
[-1.0766707618958002, -0.31161397448296807, -1.1080053185159568, 0.4104753957171363, 0.4478071762101705, -2.1476189811111874]
[-1.1651106047422157, -0.29575060428310984, -1.0297554452650122, 0.3587298065293629, 0.4757127171109663, -2.1014497683000037]
[-1.2535504475886314, -0.27988723408325167, -0.9515055720140673, 0.30698421734158954, 0.5036182580117621, -2.05528055548882]
[-1.3419902904350471, -0.26402386388339344, -0.8732556987631226, 0.25523862815381615, 0.5315237989125579, -2.009111342677637]
[-1.4304301332814626, -0.24816049368353527, -0.7950058255121778, 0.20349303896604273, 0.5594293398133536, -1.9629421298664531]
[-1.518869976127878, -0.23229712348367704, -0.716755952261233, 0.15174744977826932, 0.5873348807141494, -1.9167729170552694]
[-1.6073098189742938, -0.21643375328381884, -0.6385060790102883, 0.10000186059049593, 0.6152404216149452, -1.8706037042440857]
[-1.6957496618207095, -0.20057038308396063, -0.5602562057593435, 0.04825627140272254, 0.643145962515741, -1.824434491432902]
[-1.784189504667125, -0.18470701288410243, -0.4820063325083988, -0.0034893177850508347, 0.6710515034165367, -1.7782652786217186]