[0.056064372896278414, -0.2500860773799989, -0.7474208764388992, 0.0003096288391022384, 0.998637642859995, 0.024797835405206747]
[-0.04790328999585719, -0.2797601309551615, -0.7491813629899327, -0.02700612396295533, 1.0131690130617732, -0.09645521516207192]
[-0.1518709528879928, -0.3094341845303241, -0.7509418495409661, -0.0543218767650129, 1.0277003832635514, -0.2177082657293506]
[-0.2558386157801284, -0.3391082381054868, -0.7527023360919997, -0.08163762956707046, 1.0422317534653298, -0.3389613162966293]
[-0.359806278672264, -0.3687822916806494, -0.7544628226430331, -0.10895338236912804, 1.056763123667108, -0.46021436686390793]
[-0.46377394156439955, -0.39845634525581203, -0.7562233091940666, -0.1362691351711856, 1.0712944938688862, -0.5814674174311866]
[-0.5677416044565352, -0.4281303988309747, -0.7579837957451001, -0.16358488797324316, 1.0858258640706646, -0.7027204679984653]
[-0.6717092673486709, -0.4578044524061373, -0.7597442822961336, -0.19090064077530075, 1.1003572342724428, -0.823973518565744]
[-0.7756769302408064, -0.48747850598129994, -0.761504768847167, -0.2182163935773583, 1.114888604474221, -0.9452265691330226]
[-0.879644593132942, -0.5171525595564626, -0.7632652553982004, -0.24553214637941587, 1.1294199746759992, -1.0664796197003013]
[-0.9836122560250775, -0.5468266131316252, -0.7650257419492339, -0.27284789918147345, 1.1439513448777774, -1.18773267026758]
[-1.0875799189172133, -0.5765006667067878, -0.7667862285002675, -0.300163651983531, 1.1584827150795558, -1.3089857208348585]
[-1.1915475818093488, -0.6061747202819505, -0.7685467150513009, -0.32747940478558857, 1.173014085281334, -1.4302387714021374]
[-1.2955152447014844, -0.635848773857113, -0.7703072016023343, -0.3547951575876461, 1.1875454554831122, -1.551491821969416]
[-1.3994829075936202, -0.6655228274322758, -0.7720676881533679, -0.38211091038970374, 1.2020768256848906, -1.6727448725366947]
[-1.5034505704857557, -0.6951968810074384, -0.7738281747044014, -0.4094266631917613, 1.2166081958866688, -1.7939979231039733]
[-1.6074182333778912, -0.724870934582601, -0.7755886612554348, -0.43674241599381886, 1.231139566088447, -1.915250973671252]
[-1.6731791048479983, -0.6961688748564301, -0.7090812607055054, -0.3645241360794702, 1.1813844655321766, -1.928835612790006]
[-1.7389399763181053, -0.6674668151302591, -0.6425738601555759, -0.2923058561651215, 1.131629364975906, -1.94242025190876]
[-1.8047008477882123, -0.6387647554040882, -0.5760664596056465, -0.2200875762507728, 1.0818742644196355, -1.956004891027514]
[-1.8704617192583193, -0.6100626956779173, -0.5095590590557171, -0.14786929633642415, 1.032119163863365, -1.969589530146268]
[-1.9362225907284263, -0.5813606359517463, -0.4430516585057876, -0.07565101642207539, 0.9823640633070945, -1.9831741692650222]
[-2.0019834621985333, -0.5526585762255753, -0.37654425795585816, -0.003432736507726721, 0.932608962750824, -1.9967588083837762]