[-0.09382757672535735, -0.9028980073977344, -0.27877125859955054, -8.59255162444228e-05, 1.182880311785505, -0.12492599578677854]
[-0.07518413462290896, -0.8748205465183362, -0.3746644060070989, -0.07127272373243565, 1.1904558005977177, -0.15280657114578444]
[-0.05654069252046055, -0.8467430856389379, -0.4705575534146472, -0.14245952194862688, 1.1980312894099303, -0.18068714650479034]
[-0.037897250418012146, -0.8186656247595396, -0.5664507008221956, -0.2136463201648181, 1.2056067782221431, -0.20856772186379624]
[-0.1659421730982916, -0.7978332498099149, -0.5555295086822885, -0.19597291217437374, 1.1891710132566795, -0.32205213001492117]
[-0.2939870957785711, -0.77700087486029, -0.5446083165423813, -0.17829950418392937, 1.1727352482912161, -0.43553653816604615]
[-0.4220320184588505, -0.7561684999106653, -0.5336871244024741, -0.16062609619348497, 1.1562994833257525, -0.5490209463171711]
[-0.55007694113913, -0.7353361249610405, -0.522765932262567, -0.1429526882030406, 1.1398637183602889, -0.6625053544682961]
[-0.6781218638194095, -0.7145037500114156, -0.5118447401226598, -0.1252792802125962, 1.1234279533948255, -0.7759897626194211]
[-0.806166786499689, -0.6936713750617909, -0.5009235479827526, -0.10760587222215184, 1.1069921884293619, -0.889474170770546]
[-0.9342117091799685, -0.672839000112166, -0.49000235584284546, -0.08993246423170746, 1.0905564234638983, -1.002958578921671]
[-1.0622566318602478, -0.6520066251625414, -0.4790811637029383, -0.07225905624126311, 1.0741206584984349, -1.1164429870727959]
[-1.1903015545405273, -0.6311742502129165, -0.46815997156303113, -0.054585648250818714, 1.0576848935329712, -1.229927395223921]
[-1.318346477220807, -0.6103418752632916, -0.45723877942312396, -0.03691224026037432, 1.0412491285675076, -1.343411803375046]
[-1.4463913999010862, -0.589509500313667, -0.4463175872832168, -0.01923883226992998, 1.0248133636020442, -1.4568962115261708]
[-1.5744363225813658, -0.5686771253640421, -0.43539639514330963, -0.0015654242794855948, 1.0083775986365806, -1.5703806196772958]