[-0.25271251542462636, -0.6608602851189378, -0.42725715806826514, -0.00013307912911120212, 1.0892584448285598, -0.28373251126838994]
[-0.33006374774089214, -0.6301446147053272, -0.47877529224138904, 0.007306300116013973, 1.0368386072658897, -0.36912243558111213]
[-0.4074149800571579, -0.5994289442917167, -0.5302934264145129, 0.014745679361139147, 0.9844187697032194, -0.4545123598938344]
[-0.48476621237342366, -0.568713273878106, -0.5818115605876368, 0.022185058606264324, 0.9319989321405493, -0.5399022842065566]
[-0.5621174446896895, -0.5379976034644954, -0.6333296947607607, 0.029624437851389497, 0.8795790945778791, -0.6252922085192788]
[-0.6394686770059552, -0.5072819330508849, -0.6848478289338846, 0.03706381709651467, 0.8271592570152089, -0.710682132832001]
[-0.716819909322221, -0.47656626263727425, -0.7363659631070085, 0.04450319634163985, 0.7747394194525387, -0.7960720571447233]
[-0.7941711416384867, -0.4458505922236637, -0.7878840972801324, 0.051942575586765016, 0.7223195818898686, -0.8814619814574454]
[-0.8715223739547525, -0.41513492181005307, -0.8394022314532563, 0.059381954831890196, 0.6698997443271983, -0.9668519057701677]
[-0.9488736062710182, -0.3844192513964425, -0.8909203656263802, 0.06682133407701536, 0.6174799067645281, -1.05224183008289]
[-1.026224838587284, -0.3537035809828319, -0.9424384997995041, 0.07426071332214054, 0.5650600692018579, -1.137631754395612]
[-1.1035760709035496, -0.3229879105692213, -0.993956633972628, 0.08170009256726572, 0.5126402316391878, -1.2230216787083341]
[-1.1809273032198155, -0.2922722401556107, -1.045474768145752, 0.0891394718123909, 0.4602203940765175, -1.3084116030210566]
[-1.2582785355360813, -0.26155656974200014, -1.0969929023188758, 0.09657885105751607, 0.4078005565138474, -1.3938015273337787]
[-1.34839047875528, -0.2281663184207513, -1.04222045105122, 0.08392435320970577, 0.43892074070490966, -1.4661039198478079]
[-1.4385024219744789, -0.19477606709950246, -0.9874479997835642, 0.07126985536189548, 0.47004092489597193, -1.5384063123618368]
[-1.5286143651936777, -0.1613858157782536, -0.9326755485159085, 0.05861535751408518, 0.5011611090870343, -1.610708704875866]
[-1.6187263084128767, -0.12799556445700475, -0.8779030972482527, 0.04596085966627488, 0.5322812932780965, -1.6830110973898949]
[-1.7088382516320753, -0.0946053131357559, -0.8231306459805969, 0.03330636181846458, 0.5634014774691587, -1.755313489903924]
[-1.7989501948512743, -0.06121506181450703, -0.7683581947129412, 0.020651863970654286, 0.594521661660221, -1.8276158824179531]
[-1.889062138070473, -0.02782481049325819, -0.7135857434452855, 0.00799736612284399, 0.6256418458512834, -1.899918274931982]
[-1.9791740812896719, 0.005565440827990642, -0.6588132921776296, -0.004657131724966304, 0.6567620300423456, -1.9722206674460112]