[-0.0929466890297288, -0.7557565503536328, -0.20946857920342143, -0.00011516699013558451, 0.9664375040026076, -0.1239325313809907]
[-0.07327717762396173, -0.7910017511306968, -0.24234408286290593, -0.06365900772013393, 0.8995375196292785, -0.07841827812155061]
[-0.05360766621819466, -0.8262469519077608, -0.2752195865223904, -0.12720284845013227, 0.8326375352559493, -0.03290402486211054]
[-0.0339381548124276, -0.8614921526848248, -0.30809509018187486, -0.19074668918013063, 0.7657375508826202, 0.012610228397329531]
[-0.014268643406660522, -0.8967373534618888, -0.3409705938413594, -0.25429052991012896, 0.698837566509291, 0.05812448165676962]
[0.005400867999106534, -0.9319825542389528, -0.37384609750084385, -0.3178343706401273, 0.6319375821359619, 0.10363873491620966]
[-0.11363818428915189, -0.9068957456927825, -0.37679675471274104, -0.29936214182999293, 0.6496359184945013, -0.020850092791308214]
[-0.23267723657741032, -0.8818089371466122, -0.3797474119246383, -0.28088991301985855, 0.6673342548530409, -0.14533892049882607]
[-0.35171628886566875, -0.856722128600442, -0.3826980691365355, -0.2624176842097242, 0.6850325912115803, -0.269827748206344]
[-0.47075534115392714, -0.8316353200542717, -0.3856487263484327, -0.24394545539958984, 0.7027309275701199, -0.3943165759138618]
[-0.5897943934421856, -0.8065485115081013, -0.3885993835603299, -0.22547322658945546, 0.7204292639286594, -0.5188054036213797]
[-0.708833445730444, -0.781461702961931, -0.39155004077222716, -0.20700099777932107, 0.7381276002871989, -0.6432942313288976]
[-0.8278724980187024, -0.7563748944157607, -0.39450069798412435, -0.18852876896918672, 0.7558259366457384, -0.7677830590364154]
[-0.9469115503069608, -0.7312880858695904, -0.3974513551960216, -0.17005654015905233, 0.773524273004278, -0.8922718867439333]
[-1.0659506025952195, -0.7062012773234201, -0.4004020124079188, -0.15158431134891795, 0.7912226093628174, -1.0167607144514514]
[-1.184989654883478, -0.6811144687772497, -0.40335266961981603, -0.13311208253878357, 0.808920945721357, -1.1412495421589692]
[-1.3040287071717362, -0.6560276602310795, -0.4063033268317132, -0.11463985372864921, 0.8266192820798964, -1.2657383698664872]
[-1.4230677594599948, -0.6309408516849091, -0.40925398404361046, -0.09616762491851483, 0.844317618438436, -1.390227197574005]
[-1.542106811748253, -0.6058540431387389, -0.41220464125550765, -0.07769539610838047, 0.8620159547969755, -1.5147160252815228]
[-1.6611458640365115, -0.5807672345925685, -0.41515529846740484, -0.059223167298246115, 0.8797142911555149, -1.6392048529890406]
[-1.7801849163247698, -0.5556804260463983, -0.4181059556793021, -0.04075093848811173, 0.8974126275140545, -1.7636936806965586]
[-1.8992239686130283, -0.5305936175002279, -0.42105661289119933, -0.02227870967797735, 0.915110963872594, -1.8881825084040764]
[-2.0182630209012866, -0.5055068089540576, -0.4240072701030965, -0.0038064808678429447, 0.9328093002311335, -2.012671336111594]