[-0.118076121170402, -0.31082365889669816, -0.23154098008038915, -6.121790919788594e-05, 0.5436293539211796, -0.14890662813829625]
[-0.10709743271317078, -0.3920235384193335, -0.3656583806589399, -0.0028746007392268557, 0.5325327897779291, -0.0924273586103784]
[-0.09611874425593955, -0.47322341794196887, -0.49977578123749067, -0.005687983569255825, 0.5214362256346785, -0.03594808908246054]
[-0.08514005579870833, -0.5544232974646043, -0.6338931818160415, -0.008501366399284796, 0.5103396614914278, 0.02053118044545732]
[-0.0741613673414771, -0.6356231769872396, -0.7680105823945922, -0.011314749229313765, 0.4992430973481773, 0.07701044997337517]
[-0.06318267888424588, -0.716823056509875, -0.9021279829731431, -0.014128132059342737, 0.48814653320492674, 0.13348971950129307]
[-0.05220399042701465, -0.7980229360325104, -1.0362453835516938, -0.016941514889371706, 0.4770499690616761, 0.1899689890292109]
[-0.041225301969783426, -0.8792228155551458, -1.1703627841302446, -0.01975489771940068, 0.4659534049184255, 0.24644825855712876]
[-0.0302466135125522, -0.9604226950777811, -1.3044801847087952, -0.022568280549429644, 0.45485684077517496, 0.3029275280850466]
[-0.019267925055320975, -1.0416225746004164, -1.4385975852873463, -0.025381663379458616, 0.4437602766319244, 0.35940679761296446]
[-0.00828923659808975, -1.1228224541230518, -1.572714985865897, -0.02819504620948759, 0.4326637124886738, 0.4158860671408824]
[0.0026894518591414757, -1.2040223336456872, -1.7068323864444477, -0.031008429039516554, 0.4215671483454232, 0.4723653366688001]
[0.013668140316372687, -1.2852222131683226, -1.8409497870229985, -0.033821811869545526, 0.41047058420217264, 0.528844606196718]
[-0.0618858168829281, -1.238511030436801, -1.7641863817518868, -0.03232948796315944, 0.41651289239457034, 0.42901393612106853]
[-0.1374397740822289, -1.1917998477052794, -1.687422976480775, -0.030837164056773354, 0.4225552005869681, 0.32918326604541903]
[-0.2129937312815297, -1.1450886649737577, -1.6106595712096636, -0.02934484015038727, 0.4285975087793658, 0.22935259596976948]
[-0.28854768848083046, -1.098377482242236, -1.533896165938552, -0.02785251624400118, 0.43463981697176357, 0.12952192589411998]
[-0.36410164568013126, -1.0516662995107144, -1.4571327606674402, -0.026360192337615097, 0.4406821251641613, 0.029691255818470486]
[-0.43965560287943206, -1.0049551167791928, -1.3803693553963285, -0.024867868431229012, 0.44672443335655904, -0.07013941425717907]
[-0.5152095600787329, -0.958243934047671, -1.3036059501252169, -0.023375544524842924, 0.45276674154895674, -0.16997008433282856]
[-0.5907635172780337, -0.9115327513161493, -1.2268425448541054, -0.02188322061845684, 0.4588090497413545, -0.26980075440847806]
[-0.6663174744773345, -0.8648215685846277, -1.1500791395829935, -0.020390896712070755, 0.4648513579337522, -0.36963142448412756]
[-0.7418714316766353, -0.818110385853106, -1.073315734311882, -0.018898572805684667, 0.47089366612614997, -0.46946209455977705]
[-0.8174253888759362, -0.7713992031215844, -0.9965523290407702, -0.01740624889929858, 0.4769359743185477, -0.5692927646354267]
[-0.8929793460752369, -0.7246880203900627, -0.9197889237696586, -0.015913924992912495, 0.48297828251094543, -0.6691234347110762]
[-0.9685333032745378, -0.677976837658541, -0.8430255184985468, -0.014421601086526407, 0.48902059070334314, -0.7689541047867257]
[-1.0440872604738383, -0.6312656549270195, -0.7662621132274352, -0.012929277180140322, 0.49506289889574084, -0.8687847748623752]
[-1.1196412176731392, -0.5845544721954977, -0.6894987079563235, -0.011436953273754234, 0.5011052070881387, -0.9686154449380249]
[-1.1951951748724399, -0.5378432894639761, -0.612735302685212, -0.009944629367368153, 0.5071475152805364, -1.0684461150136741]
[-1.2707491320717408, -0.49113210673245444, -0.5359718974141001, -0.008452305460982065, 0.5131898234729341, -1.1682767850893239]
[-1.3463030892710415, -0.4444209240009328, -0.45920849214298864, -0.006959981554595981, 0.5192321316653318, -1.2681074551649731]
[-1.4218570464703424, -0.39770974126941105, -0.38244508687187695, -0.005467657648209893, 0.5252744398577296, -1.3679381252406229]
[-1.497411003669643, -0.3509985585378895, -0.30568168160076525, -0.003975333741823808, 0.5313167480501273, -1.4677687953162721]
[-1.572964960868944, -0.3042873758063678, -0.22891827632965356, -0.0024830098354377207, 0.537359056242525, -1.5675994653919216]