[0.04929677636026053, -0.9314659844068478, -0.24259839016546625, 0.00017515411689039695, 1.1752232072887479, 0.018201447260859815]
[0.010799342166566223, -0.9153987770029156, -0.2962864291256202, 0.02290805308154572, 1.0961961996058194, -0.05301935677120111]
[-0.027698092027128085, -0.8993315695989834, -0.3499744680857741, 0.04564095204620104, 1.017169191922891, -0.12424016080326203]
[-0.06619552622082236, -0.8832643621950511, -0.403662507045928, 0.06837385101085636, 0.9381421842399627, -0.1954609648353229]
[-0.1046929604145167, -0.8671971547911189, -0.45735054600608194, 0.09110674997551169, 0.8591151765570342, -0.2666817688673839]
[-0.14319039460821098, -0.8511299473871867, -0.5110385849662359, 0.113839648940167, 0.7800881688741058, -0.33790257289944475]
[-0.18168782880190526, -0.8350627399832545, -0.5647266239263897, 0.13657254790482232, 0.7010611611911775, -0.40912337693150563]
[-0.22018526299559954, -0.8189955325793223, -0.6184146628865437, 0.15930544686947765, 0.6220341535082491, -0.48034418096356657]
[-0.25868269718929393, -0.80292832517539, -0.6721027018466976, 0.18203834583413298, 0.5430071458253205, -0.5515649849956276]
[-0.2971801313829882, -0.7868611177714578, -0.7257907408068516, 0.20477124479878828, 0.46398013814239214, -0.6227857890276884]
[-0.3356775655766825, -0.7707939103675256, -0.7794787797670055, 0.2275041437634436, 0.38495313045946383, -0.6940065930597493]
[-0.44729304527072977, -0.742538818654418, -0.7495706584539521, 0.21202540460378635, 0.4046874616271399, -0.781253127270631]
[-0.558908524964777, -0.7142837269413101, -0.7196625371408986, 0.1965466654441291, 0.424421792794816, -0.8684996614815127]
[-0.6705240046588243, -0.6860286352282025, -0.6897544158278451, 0.18106792628447185, 0.4441561239624921, -0.9557461956923944]
[-0.7821394843528716, -0.6577735435150948, -0.6598462945147917, 0.1655891871248146, 0.4638904551301682, -1.042992729903276]
[-0.8937549640469189, -0.629518451801987, -0.6299381732017382, 0.15011044796515735, 0.4836247862978443, -1.1302392641141576]
[-1.0053704437409663, -0.6012633600888793, -0.6000300518886847, 0.13463170880550007, 0.5033591174655204, -1.2174857983250393]
[-1.1169859234350135, -0.5730082683757716, -0.5701219305756313, 0.11915296964584284, 0.5230934486331965, -1.304732332535921]
[-1.2286014031290606, -0.5447531766626638, -0.5402138092625779, 0.10367423048618558, 0.5428277798008726, -1.3919788667468027]
[-1.3402168828231082, -0.5164980849495561, -0.5103056879495245, 0.08819549132652835, 0.5625621109685487, -1.4792254009576844]
[-1.4518323625171554, -0.4882429932364484, -0.48039756663647093, 0.0727167521668711, 0.5822964421362248, -1.566471935168566]
[-1.5634478422112026, -0.4599879015233406, -0.4504894453234175, 0.057238013007213845, 0.6020307733039009, -1.6537184693794478]
[-1.6750633219052502, -0.4317328098102329, -0.42058132401036397, 0.041759273847556566, 0.621765104471577, -1.7409650035903295]
[-1.7866788015992974, -0.4034777180971251, -0.39067320269731054, 0.026280534687899315, 0.641499435639253, -1.8282115378012112]
[-1.8982942812933445, -0.37522262638401743, -0.36076508138425706, 0.010801795528242064, 0.6612337668069291, -1.9154580720120928]
[-2.0099097609873917, -0.3469675346709097, -0.33085696007120363, -0.004676943631415177, 0.6809680979746052, -2.0027046062229745]