[-0.15316876730105733, -0.2263229800806501, -0.3172203190115557, 6.522995613877924e-05, 0.5445337798455601, -0.1845290976444387]
[-0.1582964993364357, -0.2744278770293505, -0.33786980213712514, -0.07997322928457568, 0.6227791270959456, -0.10852927827443232]
[-0.16342423137181403, -0.3225327739780509, -0.3585192852626946, -0.16001168852529013, 0.7010244743463312, -0.032529458904425934]
[-0.1685519634071924, -0.37063767092675126, -0.3791687683882641, -0.24005014776600453, 0.7792698215967169, 0.04347036046558039]
[-0.17367969544257073, -0.4187425678754517, -0.39981825151383354, -0.32008860700671904, 0.8575151688471024, 0.11947017983558683]
[-0.1788074274779491, -0.46684746482415207, -0.420467734639403, -0.40012706624743344, 0.935760516097488, 0.19546999920559313]
[-0.20642932804411993, -0.5137071409918494, -0.44336140408482455, -0.47742148317440264, 1.0147241923569794, 0.24669806278256312]
[-0.23405122861029076, -0.5605668171595469, -0.46625507353024614, -0.5547159001013718, 1.093687868616471, 0.2979261263595331]
[-0.2616731291764616, -0.6074264933272443, -0.4891487429756677, -0.6320103170283411, 1.1726515448759625, 0.3491541899365031]
[-0.33982360145034746, -0.5963427864404918, -0.47490164877081875, -0.6042215218017157, 1.2213901236520912, 0.2730754953178141]
[-0.41797407372423334, -0.5852590795537391, -0.4606545545659698, -0.5764327265750904, 1.2701287024282202, 0.1969968006991251]
[-0.49612454599811917, -0.5741753726669866, -0.4464074603611209, -0.5486439313484649, 1.318867281204349, 0.12091810608043607]
[-0.574275018272005, -0.5630916657802341, -0.43216036615627196, -0.5208551361218395, 1.3676058599804777, 0.04483941146174708]
[-0.6524248544545302, -0.5410663164608549, -0.43808610512581503, -0.48381452345070497, 1.325213846641686, -0.07719771176131912]
[-0.7305746906370555, -0.5190409671414757, -0.4440118440953581, -0.44677391077957035, 1.2828218333028945, -0.19923483498438532]
[-0.8087245268195807, -0.4970156178220967, -0.44993758306490117, -0.4097332981084358, 1.2404298199641028, -0.3212719582074515]
[-0.886874363002106, -0.4749902685027175, -0.4558633220344443, -0.37269268543730116, 1.1980378066253112, -0.4433090814305177]
[-0.9650241991846312, -0.45296491918333837, -0.46178906100398737, -0.3356520727661666, 1.1556457932865194, -0.565346204653584]
[-1.0431740353671564, -0.43093956986395926, -0.46771479997353044, -0.29861146009503203, 1.1132537799477278, -0.6873833278766501]
[-1.1213238715496816, -0.40891422054458015, -0.4736405389430735, -0.2615708474238974, 1.0708617666089362, -0.8094204510997164]
[-1.1994737077322069, -0.386888871225201, -0.4795662779126166, -0.22453023475276285, 1.0284697532701446, -0.9314575743227825]
[-1.277623543914732, -0.36486352190582183, -0.48549201688215965, -0.18748962208162823, 0.9860777399313528, -1.0534946975458488]
[-1.3557733800972573, -0.3428381725864427, -0.4914177558517028, -0.15044900941049366, 0.9436857265925612, -1.175531820768915]
[-1.4339232162797826, -0.3208128232670636, -0.49734349482124585, -0.11340839673935904, 0.9012937132537696, -1.297568943991981]
[-1.5120730524623078, -0.29878747394768446, -0.5032692337907889, -0.07636778406822448, 0.858901699914978, -1.4196060672150472]
[-1.590222888644833, -0.2767621246283053, -0.509194972760332, -0.039327171397089855, 0.8165096865761863, -1.5416431904381138]
[-1.6683727248273583, -0.2547367753089262, -0.5151207117298751, -0.0022865587259552826, 0.7741176732373947, -1.66368031366118]