[-0.12410003421951998, -0.1637408739680044, -0.686266618503673, 6.640782235756149e-05, 0.8511579197524801, -0.1551416793988718]
[-0.2168694936176154, -0.19272827658119848, -0.7242618671727808, 0.04310748961303462, 0.8990714134007003, -0.09735734827381472]
[-0.3096389530157108, -0.22171567919439256, -0.7622571158418887, 0.08614857140371168, 0.9469849070489204, -0.03957301714875763]
[-0.4091811606921042, -0.24639971055177018, -0.7934604537206265, 0.1234913207159495, 0.9863314880962214, -0.007931993405667734]
[-0.5087233683684976, -0.2710837419091478, -0.8246637915993643, 0.1608340700281873, 1.0256780691435226, 0.023709030337422166]
[-0.608265576044891, -0.2957677732665255, -0.8558671294781021, 0.19817681934042514, 1.0650246501908236, 0.055350054080512065]
[-0.7078077837212844, -0.3204518046239031, -0.8870704673568398, 0.23551956865266294, 1.1043712312381246, 0.08699107782360196]
[-0.8073499913976778, -0.3451358359812807, -0.9182738052355777, 0.2728623179649008, 1.1437178122854257, 0.11863210156669188]
[-0.9068921990740713, -0.36981986733865835, -0.9494771431143154, 0.3102050672771386, 1.1830643933327267, 0.15027312530978176]
[-0.9725210766114027, -0.3539264728554785, -0.9221214925369893, 0.290534242014178, 1.1485510068510436, 0.018996563582481307]
[-1.0381499541487342, -0.3380330783722986, -0.8947658419596632, 0.2708634167512174, 1.1140376203693605, -0.11227999814481915]
[-1.103778831686066, -0.3221396838891188, -0.8674101913823371, 0.2511925914882568, 1.0795242338876776, -0.2435565598721196]
[-1.1694077092233974, -0.3062462894059389, -0.8400545408050111, 0.2315217662252962, 1.0450108474059945, -0.37483312159942006]
[-1.235036586760729, -0.29035289492275906, -0.8126988902276849, 0.2118509409623356, 1.0104974609243114, -0.5061096833267205]
[-1.3006654642980604, -0.27445950043957923, -0.7853432396503588, 0.19218011569937496, 0.9759840744426282, -0.637386245054021]
[-1.366294341835392, -0.25856610595639934, -0.7579875890730328, 0.17250929043641436, 0.9414706879609451, -0.7686628067813215]
[-1.4319232193727234, -0.24267271147321948, -0.7306319384957066, 0.15283846517345376, 0.9069573014792621, -0.8999393685086219]
[-1.4975520969100549, -0.22677931699003961, -0.7032762879183805, 0.13316763991049316, 0.8724439149975791, -1.0312159302359223]
[-1.5631809744473866, -0.21088592250685975, -0.6759206373410545, 0.11349681464753256, 0.837930528515896, -1.1624924919632227]
[-1.628809851984718, -0.1949925280236799, -0.6485649867637283, 0.09382598938457196, 0.8034171420342129, -1.2937690536905233]
[-1.6944387295220495, -0.17909913354050006, -0.6212093361864022, 0.07415516412161133, 0.7689037555525298, -1.4250456154178237]
[-1.7600676070593813, -0.1632057390573202, -0.5938536856090761, 0.05448433885865073, 0.7343903690708468, -1.556322177145124]
[-1.8256964845967127, -0.14731234457414033, -0.56649803503175, 0.034813513595690126, 0.6998769825891636, -1.6875987388724247]
[-1.8913253621340442, -0.13141895009096047, -0.5391423844544239, 0.015142688332729526, 0.6653635961074806, -1.8188753005997251]
[-1.9569542396713757, -0.11552555560778059, -0.5117867338770978, -0.004528136930231075, 0.6308502096257975, -1.9501518623270258]