[0.14126501458378637, -0.11683312429795656, -0.652722192123198, 0.0003708534281532394, 0.7703934203149014, 0.1101628212131125]
[0.11983444870927214, -0.09824542622826289, -0.6957121088270418, -0.06725835957060887, 0.8401211094245077, 0.19467802440467635]
[0.0984038828347579, -0.07965772815856922, -0.7387020255308856, -0.13488757256937098, 0.9098487985341139, 0.2791932275962402]
[0.07697331696024368, -0.06107003008887555, -0.7816919422347293, -0.20251678556813307, 0.9795764876437201, 0.363708430787804]
[0.055542751085729425, -0.042482332019181876, -0.824681858938573, -0.2701459985668952, 1.0493041767533264, 0.44822363397936793]
[0.0341121852112152, -0.02389463394948821, -0.8676717756424168, -0.3377752115656573, 1.1190318658629326, 0.5327388371709317]
[0.012681619336700978, -0.0053069358797945415, -0.9106616923462605, -0.4054044245644194, 1.1887595549725387, 0.6172540403624955]
[-0.008748946537813274, 0.013280762189899126, -0.9536516090501043, -0.47303363756318156, 1.2584872440821449, 0.7017692435540595]
[-0.030179512412327525, 0.03186846025959281, -0.996641525753948, -0.5406628505619436, 1.3282149331917512, 0.7862844467456234]
[-0.051610078286841776, 0.05045615832928649, -1.0396314424577917, -0.6082920635607059, 1.3979426223013576, 0.8707996499371873]
[-0.07304064416135597, 0.06904385639898014, -1.0826213591616356, -0.6759212765594679, 1.4676703114109637, 0.955314853128751]
[-0.09447121003587022, 0.08763155446867384, -1.1256112758654793, -0.74355048955823, 1.5373980005205699, 1.0398300563203149]
[-0.2426606944995185, 0.10122796236156327, -1.1722668983659779, -0.7548134734287301, 1.5508729126546181, 0.9982943399266355]
[-0.39085017896316676, 0.11482437025445269, -1.2189225208664762, -0.7660764572992301, 1.5643478247886664, 0.956758623532956]
[-0.5390396634268151, 0.12842077814734212, -1.2655781433669748, -0.7773394411697302, 1.5778227369227145, 0.9152229071392766]
[-0.6872291478904633, 0.14201718604023156, -1.3122337658674734, -0.7886024250402303, 1.5912976490567627, 0.8736871907455972]
[-0.7395284918658955, 0.1260243591651961, -1.2791297147981924, -0.7511886060907864, 1.5543282149923123, 0.7473061140581327]
[-0.7918278358413279, 0.11003153229016069, -1.2460256637289113, -0.7137747871413427, 1.517358780927862, 0.6209250373706683]
[-0.8441271798167601, 0.09403870541512524, -1.2129216126596303, -0.6763609681918988, 1.4803893468634115, 0.49454396068320383]
[-0.8964265237921925, 0.0780458785400898, -1.1798175615903492, -0.6389471492424551, 1.4434199127989609, 0.3681628839957394]
[-0.9487258677676247, 0.06205305166505437, -1.1467135105210682, -0.6015333302930113, 1.4064504787345105, 0.24178180730827492]
[-1.001025211743057, 0.046060224790018936, -1.1136094594517871, -0.5641195113435675, 1.36948104467006, 0.11540073062081047]
[-1.0533245557184894, 0.0300673979149835, -1.080505408382506, -0.5267056923941237, 1.3325116106056096, -0.01098034606665399]
[-1.1056238996939216, 0.014074571039948053, -1.047401357313225, -0.4892918734446799, 1.2955421765411592, -0.13736142275411845]
[-1.1579232436693538, -0.001918255835087368, -1.014297306243944, -0.4518780544952361, 1.2585727424767086, -0.2637424994415829]
[-1.210222587644786, -0.017911082710122816, -0.9811932551746628, -0.4144642355457923, 1.2216033084122584, -0.39012357612904736]
[-1.2625219316202183, -0.033903909585158265, -0.9480892041053818, -0.37705041659634847, 1.1846338743478078, -0.516504652816512]
[-1.3148212755956505, -0.049896736460193686, -0.9149851530361007, -0.33963659764690474, 1.1476644402833573, -0.6428857295039763]
[-1.367120619571083, -0.06588956333522913, -0.8818811019668196, -0.3022227786974609, 1.110695006218907, -0.7692668061914409]
[-1.4194199635465152, -0.08188239021026456, -0.8487770508975386, -0.2648089597480171, 1.0737255721544565, -0.8956478828789052]
[-1.4717193075219477, -0.0978752170853, -0.8156729998282575, -0.22739514079857326, 1.036756138090006, -1.0220289595663699]
[-1.52401865149738, -0.11386804396033545, -0.7825689487589765, -0.18998132184912953, 0.9997867040255556, -1.148410036253834]
[-1.5763179954728122, -0.1298608708353709, -0.7494648976896954, -0.15256750289968568, 0.9628172699611051, -1.2747911129412988]
[-1.6286173394482444, -0.1458536977104063, -0.7163608466204144, -0.11515368395024195, 0.9258478358966546, -1.401172189628763]
[-1.6809166834236766, -0.16184652458544174, -0.6832567955511333, -0.0777398650007981, 0.8888784018322042, -1.5275532663162277]
[-1.733216027399109, -0.1778393514604772, -0.6501527444818522, -0.04032604605135437, 0.8519089677677538, -1.653934343003692]
[-1.7855153713745413, -0.1938321783355126, -0.6170486934125712, -0.002912227101910488, 0.8149395337033033, -1.7803154196911566]