[0.07291233872774505, -0.4396788610772093, -0.3630916376816007, 0.0003858772677425293, 0.8040093586014478, 0.041560237345729334]
[0.0028619339555666368, -0.4825966106823857, -0.41917929969415085, 0.052980925681644454, 0.8294158762720184, 0.001355239928417351]
[-0.06718847081661178, -0.525514360287562, -0.47526696170670096, 0.10557597409554638, 0.854822393942589, -0.03884975748889463]
[-0.13723887558879017, -0.5684321098927384, -0.5313546237192511, 0.1581710225094483, 0.8802289116131594, -0.07905475490620661]
[-0.2072892803609686, -0.6113498594979148, -0.5874422857318012, 0.21076607092335023, 0.90563542928373, -0.1192597523235186]
[-0.277339685133147, -0.6542676091030912, -0.6435299477443515, 0.26336111933725215, 0.9310419469543005, -0.15946474974083058]
[-0.3473900899053254, -0.6971853587082675, -0.6996176097569016, 0.3159561677511541, 0.9564484646248711, -0.19966974715814256]
[-0.41744049467750377, -0.740103108313444, -0.7557052717694517, 0.36855121616505593, 0.9818549822954415, -0.23987474457545455]
[-0.48749089944968227, -0.7830208579186203, -0.8117929337820018, 0.42114626457895793, 1.007261499966012, -0.28007974199276653]
[-0.5575413042218605, -0.8259386075237967, -0.867880595794552, 0.4737413129928598, 1.0326680176365826, -0.3202847394100785]
[-0.627591708994039, -0.868856357128973, -0.9239682578071021, 0.5263363614067618, 1.0580745353071532, -0.3604897368273905]
[-0.6976421137662174, -0.9117741067341494, -0.9800559198196522, 0.5789314098206636, 1.0834810529777237, -0.4006947342447025]
[-0.7676925185383958, -0.9546918563393257, -1.0361435818322025, 0.6315264582345657, 1.1088875706482944, -0.44089973166201446]
[-0.8377429233105742, -0.9976096059445021, -1.0922312438447526, 0.6841215066484675, 1.1342940883188648, -0.48110472907932644]
[-0.9006756389184857, -0.9629829863821062, -1.0413662608651981, 0.6436295616332626, 1.1052339210005275, -0.5646009063186593]
[-0.9636083545263971, -0.9283563668197103, -0.9905012778856436, 0.6031376166180576, 1.0761737536821903, -0.6480970835579922]
[-1.0265410701343087, -0.8937297472573145, -0.939636294906089, 0.5626456716028527, 1.0471135863638528, -0.7315932607973251]
[-1.08947378574222, -0.8591031276949186, -0.8887713119265346, 0.5221537265876479, 1.0180534190455155, -0.815089438036658]
[-1.1524065013501317, -0.8244765081325226, -0.83790632894698, 0.481661781572443, 0.9889932517271782, -0.8985856152759909]
[-1.2153392169580433, -0.7898498885701267, -0.7870413459674255, 0.44116983655723807, 0.959933084408841, -0.9820817925153238]
[-1.2782719325659548, -0.7552232690077308, -0.736176362987871, 0.4006778915420332, 0.9308729170905036, -1.0655779697546566]
[-1.3412046481738662, -0.720596649445335, -0.6853113800083166, 0.3601859465268283, 0.9018127497721663, -1.1490741469939896]
[-1.4041373637817778, -0.6859700298829391, -0.6344463970287619, 0.31969400151162336, 0.8727525824538289, -1.2325703242333224]
[-1.4670700793896891, -0.6513434103205431, -0.5835814140492075, 0.27920205649641844, 0.8436924151354916, -1.3160665014726554]
[-1.5300027949976007, -0.6167167907581472, -0.5327164310696529, 0.23871011148121352, 0.8146322478171544, -1.3995626787119884]
[-1.5929355106055123, -0.5820901711957513, -0.4818514480900985, 0.19821816646600865, 0.785572080498817, -1.4830588559513211]
[-1.6558682262134237, -0.5474635516333555, -0.43098646511054406, 0.15772622145080384, 0.7565119131804797, -1.566555033190654]
[-1.7188009418213352, -0.5128369320709596, -0.3801214821309895, 0.11723427643559892, 0.7274517458621423, -1.6500512104299867]
[-1.7817336574292466, -0.4782103125085637, -0.32925649915143496, 0.076742331420394, 0.6983915785438051, -1.7335473876693197]
[-1.8446663730371582, -0.44358369294616784, -0.2783915161718805, 0.03625038640518907, 0.6693314112254678, -1.8170435649086525]
[-1.9075990886450698, -0.408957073383772, -0.22752653319232602, -0.004241558610015851, 0.6402712439071304, -1.9005397421479855]