[-0.26068328082157866, -0.8295557819588844, -0.3313937760167356, -0.00014699079264346437, 1.1621273150191902, -0.2916175059173458]
[-0.3410580479761605, -0.7880626865502359, -0.3725772234080157, 0.036558128853096325, 1.107801438633825, -0.34169890417688253]
[-0.4214328151307424, -0.7465695911415875, -0.4137606707992958, 0.07326324849883611, 1.05347556224846, -0.39178030243641926]
[-0.5018075822853243, -0.7050764957329392, -0.45494411819057595, 0.10996836814457592, 0.9991496858630947, -0.441861700695956]
[-0.5821823494399061, -0.6635834003242908, -0.49612756558185606, 0.1466734877903157, 0.9448238094777296, -0.49194309895549265]
[-0.6625571165944879, -0.6220903049156423, -0.5373110129731362, 0.18337860743605552, 0.8904979330923644, -0.5420244972150294]
[-0.7429318837490698, -0.5805972095069939, -0.5784944603644163, 0.2200837270817953, 0.8361720567069992, -0.5921058954745662]
[-0.8233066509036517, -0.5391041140983455, -0.6196779077556964, 0.2567888467275351, 0.7818461803216341, -0.6421872937341029]
[-0.9036814180582335, -0.4976110186896971, -0.6608613551469765, 0.29349396637327485, 0.727520303936269, -0.6922686919936395]
[-0.9840561852128153, -0.45611792328104867, -0.7020448025382566, 0.3301990860190147, 0.6731944275509038, -0.7423500902531762]
[-1.0644309523673972, -0.41462482787240024, -0.7432282499295368, 0.3669042056647545, 0.6188685511655385, -0.792431488512713]
[-1.1448057195219792, -0.37313173246375186, -0.7844116973208168, 0.40360932531049426, 0.5645426747801735, -0.8425128867722497]
[-1.225180486676561, -0.33163863705510344, -0.825595144712097, 0.44031444495623406, 0.5102167983948083, -0.8925942850317864]
[-1.298833303132338, -0.29934043246627795, -0.7942196089517758, 0.39095086016859637, 0.5188530497960668, -1.002441808762281]
[-1.3724861195881148, -0.2670422278774524, -0.7628440731914545, 0.3415872753809587, 0.5274893011973254, -1.1122893324927756]
[-1.4461389360438919, -0.23474402328862692, -0.7314685374311333, 0.29222369059332093, 0.5361255525985841, -1.2221368562232704]
[-1.5197917524996687, -0.2024458186998014, -0.700093001670812, 0.24286010580568324, 0.5447618039998426, -1.3319843799537652]
[-1.5934445689554457, -0.17014761411097587, -0.6687174659104909, 0.1934965210180455, 0.5533980554011012, -1.4418319036842597]
[-1.6670973854112225, -0.13784940952215038, -0.6373419301501696, 0.1441329362304078, 0.5620343068023598, -1.5516794274147543]
[-1.7407502018669996, -0.10555120493332487, -0.6059663943898483, 0.0947693514427701, 0.5706705582036184, -1.661526951145249]
[-1.8144030183227766, -0.07325300034449939, -0.5745908586295271, 0.04540576665513241, 0.579306809604877, -1.7713744748757438]
[-1.8880558347785534, -0.04095479575567387, -0.5432153228692058, -0.003957818132505319, 0.5879430610061356, -1.8812219986062384]