[0.11400549750127009, -0.6576803679084113, -0.03927227380017051, 0.00045081496237919794, 0.6979099455877185, 0.08265589225974779]
[0.1798614089717117, -0.7050884342816994, -0.148846852276263, -0.044217770317621585, 0.6876985866061315, 0.08667486240689551]
[0.24571732044215336, -0.7524965006549876, -0.25842143075235546, -0.08888635559762237, 0.6774872276245445, 0.09069383255404323]
[0.311573231912595, -0.7999045670282757, -0.36799600922844794, -0.13355494087762315, 0.6672758686429576, 0.09471280270119095]
[0.3774291433830366, -0.8473126334015638, -0.4775705877045404, -0.17822352615762393, 0.6570645096613706, 0.09873177284833867]
[0.4432850548534783, -0.894720699774852, -0.587145166180633, -0.22289211143762472, 0.6468531506797837, 0.10275074299548641]
[0.5091409663239199, -0.9421287661481401, -0.6967197446567254, -0.2675606967176255, 0.6366417916981967, 0.10676971314263413]
[0.38738000704904646, -0.9282099624299706, -0.6761781022192961, -0.2519073527823966, 0.6613892416431075, 0.008897162053954424]
[0.265619047774173, -0.914291158711801, -0.6556364597818669, -0.23625400884716777, 0.6861366915880185, -0.08897538903472528]
[0.14385808849929954, -0.9003723549936314, -0.6350948173444376, -0.2206006649119389, 0.7108841415329293, -0.18684794012340505]
[0.022097129224426082, -0.8864535512754619, -0.6145531749070084, -0.20494732097671003, 0.7356315914778402, -0.2847204912120847]
[-0.09966383005044743, -0.8725347475572923, -0.5940115324695792, -0.18929397704148115, 0.7603790414227511, -0.38259304230076446]
[-0.22142478932532084, -0.8586159438391228, -0.5734698900321499, -0.17364063310625227, 0.785126491367662, -0.4804655933894442]
[-0.34318574860019424, -0.8446971401209532, -0.5529282475947207, -0.1579872891710234, 0.8098739413125728, -0.5783381444781237]
[-0.46494670787506776, -0.8307783364027836, -0.5323866051572914, -0.14233394523579454, 0.8346213912574838, -0.6762106955668035]
[-0.5867076671499412, -0.816859532684614, -0.5118449627198622, -0.12668060130056566, 0.8593688412023947, -0.7740832466554832]
[-0.7084686264248148, -0.8029407289664444, -0.49130332028243295, -0.11102725736533678, 0.8841162911473055, -0.871955797744163]
[-0.8302295856996882, -0.7890219252482749, -0.4707616778450037, -0.09537391343010793, 0.9088637410922165, -0.9698283488328427]
[-0.9519905449745616, -0.7751031215301053, -0.4502200354075745, -0.07972056949487905, 0.9336111910371274, -1.0677008999215225]
[-1.073751504249435, -0.7611843178119357, -0.42967839297014526, -0.06406722555965019, 0.9583586409820382, -1.165573451010202]
[-1.1955124635243084, -0.7472655140937662, -0.40913675053271603, -0.04841388162442131, 0.9831060909269491, -1.2634460020988816]
[-1.3172734227991818, -0.7333467103755966, -0.3885951080952868, -0.03276053768919246, 1.00785354087186, -1.3613185531875613]
[-1.4390343820740554, -0.7194279066574271, -0.3680534656578575, -0.01710719375396358, 1.0326009908167708, -1.459191104276241]
[-1.5607953413489288, -0.7055091029392575, -0.3475118232204283, -0.0014538498187347234, 1.0573484407616818, -1.5570636553649209]