[-0.11219034704238062, -0.09171490204595667, -0.6218205332090889, -6.727084062596589e-05, 0.7146298186536777, -0.14333912850107744]
[-0.11178708250720963, -0.04992684222552037, -0.667315692382288, -0.10401336165881757, 0.7514868006356479, -0.08536535043360402]
[-0.11138381797203865, -0.008138782405084075, -0.7128108515554873, -0.20795945247700917, 0.7883437826176182, -0.027391572366130615]
[-0.11098055343686766, 0.0336492774153522, -0.7583060107286865, -0.31190554329520076, 0.8252007645995884, 0.03058220570134279]
[-0.11057728890169669, 0.07543733723578852, -0.8038011699018857, -0.4158516341133924, 0.8620577465815585, 0.08855598376881621]
[-0.1101740243665257, 0.11722539705622481, -0.8492963290750848, -0.5197977249315839, 0.8989147285635288, 0.14652976183628963]
[-0.1097707598313547, 0.15901345687666107, -0.894791488248284, -0.6237438157497756, 0.935771710545499, 0.20450353990376302]
[-0.10936749529618373, 0.2008015166970974, -0.9402866474214832, -0.7276899065679671, 0.9726286925274692, 0.2624773179712364]
[-0.10896423076101273, 0.2425895765175337, -0.9857818065946824, -0.8316359973861588, 1.0094856745094394, 0.32045109603870986]
[-0.10856096622584174, 0.28437763633797, -1.0312769657678815, -0.9355820882043503, 1.0463426564914096, 0.3784248741061832]
[-0.10815770169067077, 0.3261656961584063, -1.0767721249410807, -1.039528179022542, 1.08319963847338, 0.4363986521736567]
[-0.10775443715549977, 0.36795375597884256, -1.12226728411428, -1.1434742698407334, 1.1200566204553501, 0.4943724302411301]
[-0.1073511726203288, 0.4097418157992788, -1.1677624432874791, -1.2474203606589251, 1.1569136024373203, 0.5523462083086035]
[-0.1069479080851578, 0.45152987561971514, -1.2132576024606783, -1.3513664514771166, 1.1937705844192905, 0.6103199863760769]
[-0.16989923419508463, 0.41656769035593044, -1.2148423635361225, -1.357789130397097, 1.2925066206898024, 0.5311165993269538]
[-0.23285056030501147, 0.3816055050921457, -1.216427124611567, -1.3642118093170776, 1.3912426569603142, 0.4519132122778307]
[-0.2958018864149383, 0.34664331982836094, -1.2180118856870115, -1.3706344882370582, 1.489978693230826, 0.37270982522870766]
[-0.35875321252486514, 0.31168113456457625, -1.2195966467624557, -1.3770571671570386, 1.588714729501338, 0.29350643817958455]
[-0.4019939014055593, 0.28763831751530555, -1.2077736236320522, -1.3568120815360825, 1.609573599082586, 0.2344179768591032]
[-0.44523459028625345, 0.26359550046603486, -1.1959506005016485, -1.336566995915126, 1.6304324686638336, 0.17532951553862186]
[-0.5039008195267094, 0.23354373897992847, -1.164285779487696, -1.275935301964285, 1.5972709718848654, 0.08868929713173683]
[-0.5625670487671652, 0.2034919774938221, -1.1326209584737437, -1.215303608013444, 1.5641094751058975, 0.0020490787248517994]
[-0.6212332780076211, 0.17344021600771575, -1.1009561374597912, -1.154671914062603, 1.5309479783269293, -0.08459113968203319]
[-0.679899507248077, 0.14338845452160937, -1.0692913164458386, -1.094040220111762, 1.4977864815479611, -0.17123135808891826]
[-0.738565736488533, 0.113336693035503, -1.0376264954318863, -1.033408526160921, 1.4646249847689932, -0.2578715764958033]
[-0.7972319657289888, 0.08328493154939665, -1.0059616744179338, -0.9727768322100799, 1.431463487990025, -0.34451179490268824]
[-0.8558981949694447, 0.05323317006329026, -0.9742968534039814, -0.9121451382592389, 1.3983019912110568, -0.4311520133095733]
[-0.9145644242099007, 0.02318140857718387, -0.942632032390029, -0.8515134443083978, 1.3651404944320888, -0.5177922317164584]
[-0.9732306534503565, -0.006870352908922517, -0.9109672113760765, -0.7908817503575568, 1.3319789976531207, -0.6044324501233435]
[-1.0318968826908124, -0.03692211439502885, -0.8793023903621241, -0.7302500564067158, 1.2988175008741527, -0.6910726685302284]
[-1.0905631119312682, -0.06697387588113524, -0.8476375693481717, -0.6696183624558748, 1.2656560040951845, -0.7777128869371135]
[-1.1492293411717243, -0.09702563736724157, -0.8159727483342192, -0.6089866685050338, 1.2324945073162166, -0.8643531053439983]
[-1.20789557041218, -0.127077398853348, -0.7843079273202667, -0.5483549745541927, 1.1993330105372484, -0.9509933237508836]
[-1.266561799652636, -0.15712916033945434, -0.7526431063063144, -0.4877232806033518, 1.1661715137582802, -1.0376335421577685]
[-1.325228028893092, -0.18718092182556068, -0.7209782852923619, -0.4270915866525108, 1.1330100169793123, -1.1242737605646536]
[-1.3838942581335478, -0.21723268331166712, -0.6893134642784094, -0.3664598927016697, 1.099848520200344, -1.2109139789715386]
[-1.4425604873740037, -0.24728444479777345, -0.657648643264457, -0.3058281987508287, 1.066687023421376, -1.2975541973784237]
[-1.5012267166144597, -0.2773362062838799, -0.6259838222505045, -0.24519650479998756, 1.033525526642408, -1.3841944157853088]
[-1.5598929458549153, -0.3073879677699862, -0.5943190012365521, -0.18456481084914667, 1.0003640298634398, -1.4708346341921938]
[-1.6185591750953714, -0.33743972925609256, -0.5626541802225997, -0.12393311689830555, 0.9672025330844717, -1.5574748525990787]
[-1.6772254043358275, -0.367491490742199, -0.5309893592086472, -0.06330142294746444, 0.9340410363055035, -1.644115071005964]
[-1.7358916335762833, -0.39754325222830533, -0.4993245381946948, -0.0026697289966236175, 0.9008795395265354, -1.7307552894128488]