[-0.2721837081409415, -0.6063080603168691, -0.12378257248374158, -0.0003049461127382358, 0.731297536741506, -0.30295908717965947]
[-0.29782885610397314, -0.5956872341715707, -0.18487347475441643, 0.058994165326147464, 0.7280810100067019, -0.42879797024269034]
[-0.32347400406700483, -0.5850664080262722, -0.24596437702509127, 0.11829327676503316, 0.7248644832718979, -0.5546368533057212]
[-0.34911915203003646, -0.5744455818809737, -0.30705527929576615, 0.17759238820391887, 0.7216479565370938, -0.6804757363687521]
[-0.3747642999930681, -0.5638247557356753, -0.36814618156644097, 0.23689149964280456, 0.7184314298022898, -0.806314619431783]
[-0.4004094479560998, -0.5532039295903768, -0.42923708383711584, 0.2961906110816903, 0.7152149030674857, -0.932153502494814]
[-0.4260545959191314, -0.5425831034450783, -0.49032798610779066, 0.355489722520576, 0.7119983763326816, -1.0579923855578448]
[-0.45169974388216305, -0.5319622772997799, -0.5514188883784655, 0.4147888339594617, 0.7087818495978776, -1.1838312686208758]
[-0.4773448918451947, -0.5213414511544814, -0.6125097906491404, 0.47408794539834737, 0.7055653228630735, -1.3096701516839064]
[-0.5029900398082263, -0.5107206250091829, -0.6736006929198152, 0.5333870568372331, 0.7023487961282695, -1.4355090347469375]
[-0.5286351877712581, -0.5000997988638844, -0.7346915951904901, 0.5926861682761189, 0.6991322693934654, -1.5613479178099685]
[-0.5542803357342896, -0.4894789727185859, -0.7957824974611649, 0.6519852797150044, 0.6959157426586614, -1.687186800872999]
[-0.5799254836973213, -0.47885814657328746, -0.8568733997318397, 0.7112843911538902, 0.6926992159238573, -1.8130256839360301]
[-0.7186957761867462, -0.48256168129996335, -0.8176496245509035, 0.6398314739363551, 0.7218272844435825, -1.827959461125049]
[-0.857466068676171, -0.4862652160266393, -0.7784258493699673, 0.56837855671882, 0.7509553529633077, -1.8428932383140677]
[-0.9962363611655959, -0.4899687507533152, -0.739202074189031, 0.4969256395012848, 0.7800834214830329, -1.8578270155030863]
[-1.1350066536550207, -0.4936722854799911, -0.6999782990080947, 0.42547272228374966, 0.8092114900027582, -1.872760792692105]
[-1.2737769461444457, -0.49737582020666704, -0.6607545238271586, 0.35401980506621455, 0.8383395585224833, -1.8876945698811238]
[-1.4125472386338704, -0.5010793549333429, -0.6215307486462223, 0.28256688784867945, 0.8674676270422085, -1.9026283470701426]
[-1.5513175311232952, -0.5047828896600188, -0.5823069734652861, 0.21111397063114434, 0.8965956955619337, -1.9175621242591614]
[-1.6900878236127201, -0.5084864243866948, -0.5430831982843498, 0.13966105341360913, 0.9257237640816589, -1.93249590144818]
[-1.828858116102145, -0.5121899591133706, -0.5038594231034136, 0.06820813619607402, 0.9548518326013842, -1.9474296786371987]
[-1.9676284085915698, -0.5158934938400466, -0.46463564792247736, -0.0032447810214610625, 0.9839799011211093, -1.9623634558262175]