[0.007943336963839975, 0.03626288940913014, -0.577253950141996, 0.00022011879708916382, 0.5421916828015734, -0.023355324120538867]
[-0.01917823838601599, -0.016687886273733438, -0.5753470007828596, -0.09552528569947863, 0.46215672066412194, -0.0745199611440325]
[-0.046299813735871956, -0.06963866195659701, -0.5734400514237233, -0.19127069019604642, 0.3821217585266705, -0.12568459816752614]
[-0.07342138908572791, -0.12258943763946056, -0.5715331020645871, -0.2870160946926142, 0.3020867963892191, -0.17684923519101978]
[-0.10054296443558389, -0.17554021332232417, -0.5696261527054507, -0.382761499189182, 0.22205183425176767, -0.22801387221451344]
[-0.12766453978543985, -0.22849098900518772, -0.5677192033463143, -0.4785069036857498, 0.14201687211431624, -0.2791785092380071]
[-0.1547861151352958, -0.28144176468805127, -0.565812253987178, -0.5742523081823175, 0.06198190997686481, -0.3303431462615007]
[-0.18190769048515176, -0.3343925403709148, -0.5639053046280418, -0.6699977126788853, -0.018053052160586613, -0.38150778328499435]
[-0.20902926583500775, -0.3873433160537785, -0.5619983552689054, -0.7657431171754532, -0.09808801429803804, -0.432672420308488]
[-0.2361508411848637, -0.440294091736642, -0.560091405909769, -0.861488521672021, -0.17812297643548947, -0.4838370573319817]
[-0.26327241653471967, -0.4932448674195056, -0.5581844565506328, -0.9572339261685887, -0.25815793857294095, -0.5350016943554753]
[-0.3688299623128357, -0.46998681469180026, -0.5529000931646708, -0.913683990068342, -0.22657427519434648, -0.6268177812108049]
[-0.4743875080909517, -0.446728761964095, -0.5476157297787089, -0.8701340539680954, -0.19499061181575197, -0.7186338680661345]
[-0.5799450538690677, -0.42347070923638974, -0.5423313663927468, -0.8265841178678488, -0.16340694843715747, -0.8104499549214641]
[-0.6855025996471837, -0.40021265650868443, -0.5370470030067849, -0.7830341817676021, -0.131823285058563, -0.9022660417767938]
[-0.7910601454252998, -0.3769546037809791, -0.5317626396208229, -0.7394842456673554, -0.10023962167996847, -0.9940821286321235]
[-0.8966176912034157, -0.35369655105327386, -0.526478276234861, -0.6959343095671088, -0.068655958301374, -1.085898215487453]
[-1.002175236981532, -0.33043849832556854, -0.5211939128488989, -0.6523843734668621, -0.0370722949227795, -1.1777143023427827]
[-1.1077327827596477, -0.3071804455978633, -0.515909549462937, -0.6088344373666155, -0.005488631544185052, -1.2695303891981122]
[-1.2132903285377639, -0.28392239287015797, -0.510625186076975, -0.5652845012663688, 0.026095031834409463, -1.361346476053442]
[-1.2632845225812817, -0.23997321480108347, -0.508418973170298, -0.4848996108739325, 0.09033579890740101, -1.389405026798557]
[-1.3132787166247994, -0.19602403673200897, -0.5062127602636209, -0.4045147204814963, 0.15457656598039254, -1.417463577543672]
[-1.363272910668317, -0.15207485866293446, -0.504006547356944, -0.32412983008906004, 0.21881733305338413, -1.445522128288787]
[-1.4132671047118348, -0.10812568059385996, -0.501800334450267, -0.24374493969662375, 0.28305810012637567, -1.4735806790339019]
[-1.4632612987553526, -0.06417650252478546, -0.49959412154358984, -0.16336004930418746, 0.34729886719936726, -1.5016392297790169]
[-1.5132554927988704, -0.02022732445571096, -0.49738790863691285, -0.08297515891175128, 0.4115396342723588, -1.5296977805241319]
[-1.5632496868423882, 0.023721853613363524, -0.4951816957302358, -0.002590268519315018, 0.4757804013453504, -1.5577563312692468]