[0.036682570820070204, -0.42599223658147256, -0.6029393052736376, 0.0001385413293970572, 1.0302019543807388, 0.005719701191859272]
[-0.038080900244471666, -0.4152394481589556, -0.6336650463252005, -0.04651116621499461, 1.0716129342227123, -0.0897339618071968]
[-0.11284437130901354, -0.4044866597364386, -0.6643907873767634, -0.09316087375938628, 1.113023914064686, -0.18518762480625287]
[-0.18760784237355543, -0.3937338713139216, -0.6951165284283262, -0.13981058130377796, 1.1544348939066595, -0.28064128780530895]
[-0.2623713134380973, -0.38298108289140464, -0.7258422694798891, -0.18646028884816962, 1.195845873748633, -0.376094950804365]
[-0.3371347845026392, -0.3722282944688876, -0.756568010531452, -0.2331099963925613, 1.2372568535906066, -0.4715486138034211]
[-0.41189825556718107, -0.3614755060463707, -0.7872937515830148, -0.279759703936953, 1.2786678334325803, -0.5670022768024772]
[-0.4866617266317229, -0.35072271762385365, -0.8180194926345776, -0.3264094114813446, 1.3200788132745538, -0.6624559398015332]
[-0.5614251976962648, -0.3399699292013367, -0.8487452336861405, -0.3730591190257363, 1.3614897931165273, -0.7579096028005893]
[-0.6361886687608067, -0.3292171407788197, -0.8794709747377034, -0.419708826570128, 1.402900772958501, -0.8533632657996454]
[-0.7109521398253486, -0.3184643523563027, -0.9101967157892663, -0.46635853411451966, 1.4443117528004745, -0.9488169287987015]
[-0.7857156108898905, -0.30771156393378574, -0.9409224568408292, -0.5130082416589113, 1.485722732642448, -1.0442705917977575]
[-0.8604790819544323, -0.29695877551126876, -0.9716481978923921, -0.559657949203303, 1.5271337124844218, -1.1397242547968136]
[-0.9352425530189741, -0.2862059870887518, -1.0023739389439548, -0.6063076567476946, 1.568544692326395, -1.2351779177958695]
[-1.010006024083516, -0.2754531986662348, -1.0330996799955177, -0.6529573642920863, 1.6099556721683688, -1.3306315807949256]
[-1.084769495148058, -0.2647004102437178, -1.0638254210470806, -0.699607071836478, 1.6513666520103425, -1.4260852437939817]
[-1.1595329662125997, -0.2539476218212008, -1.0945511620986434, -0.7462567793808697, 1.6927776318523158, -1.5215389067930378]
[-1.2342964372771417, -0.24319483339868384, -1.1252769031502063, -0.7929064869252613, 1.7341886116942895, -1.616992569792094]
[-1.2825815720404352, -0.26097949079271315, -1.0647247053006563, -0.7138302098911921, 1.6552558997341664, -1.6265601369606075]
[-1.3308667068037288, -0.2787641481867425, -1.004172507451106, -0.6347539328571228, 1.5763231877740433, -1.636127704129121]
[-1.3791518415670223, -0.2965488055807718, -0.9436203096015561, -0.5556776558230535, 1.49739047581392, -1.6456952712976345]
[-1.4274369763303159, -0.31433346297480114, -0.883068111752006, -0.47660137878898423, 1.418457763853797, -1.655262838466148]
[-1.4757221110936094, -0.3321181203688304, -0.8225159139024558, -0.39752510175491496, 1.3395250518936739, -1.6648304056346617]
[-1.524007245856903, -0.3499027777628598, -0.7619637160529058, -0.3184488247208457, 1.2605923399335506, -1.674397972803175]
[-1.5722923806201965, -0.36768743515688906, -0.7014115182033556, -0.2393725476867764, 1.1816596279734277, -1.6839655399716886]
[-1.62057751538349, -0.3854720925509184, -0.6408593203538056, -0.16029627065270713, 1.1027269160133044, -1.6935331071402022]
[-1.6688626501467836, -0.40325674994494776, -0.5803071225042554, -0.08121999361863785, 1.0237942040531811, -1.7031006743087156]
[-1.7171477849100771, -0.42104140733897705, -0.5197549246547053, -0.0021437165845685792, 0.9448614920930581, -1.7126682414772292]