[0.20685745738378536, -0.14294536435628213, -0.7221172242518321, 0.0004537353309226333, 0.8660781648347848, 0.1754691133664057]
[0.13939782706648693, -0.15599825429905737, -0.743095882959108, -0.000576454528114627, 0.8393738210196576, -0.0006766582415352329]
[0.0719381967491885, -0.16905114424183262, -0.764074541666384, -0.0016066443871518873, 0.8126694772045303, -0.17682242984947616]
[0.004478566431890069, -0.18210403418460785, -0.7850532003736599, -0.0026368342461891474, 0.7859651333894031, -0.35296820145741703]
[-0.06298106388540836, -0.1951569241273831, -0.8060318590809359, -0.003667024105226408, 0.7592607895742758, -0.529113973065358]
[-0.13044069420270682, -0.20820981407015834, -0.8270105177882118, -0.0046972139642636685, 0.7325564457591486, -0.7052597446732989]
[-0.19790032452000522, -0.22126270401293358, -0.8479891764954878, -0.005727403823300928, 0.7058521019440214, -0.8814055162812398]
[-0.2653599548373037, -0.23431559395570883, -0.8689678352027637, -0.0067575936823381895, 0.679147758128894, -1.0575512878891808]
[-0.3328195851546021, -0.2473684838984841, -0.8899464939100397, -0.007787783541375449, 0.6524434143137667, -1.2336970594971217]
[-0.4002792154719006, -0.26042137384125935, -0.9109251526173155, -0.008817973400412711, 0.6257390704986395, -1.4098428311050628]
[-0.467738845789199, -0.27347426378403455, -0.9319038113245914, -0.00984816325944997, 0.5990347266835123, -1.5859886027130035]
[-0.5351984761064974, -0.2865271537268098, -0.9528824700318674, -0.01087835311848723, 0.572330382868385, -1.7621343743209446]
[-0.6327869265602014, -0.25269676759957405, -0.9478380476034962, -0.052164105119053006, 0.6176566983032721, -1.810750307662157]
[-0.7303753770139054, -0.2188663814723383, -0.9427936251751251, -0.09344985711961878, 0.6629830137381592, -1.8593662410033693]
[-0.8279638274676094, -0.18503599534510257, -0.937749202746754, -0.13473560912018456, 0.7083093291730463, -1.907982174344582]
[-0.9255522779213134, -0.1512056092178668, -0.9327047803183828, -0.17602136112075034, 0.7536356446079334, -1.9565981076857943]
[-1.0024398182130063, -0.1541173308894597, -0.8624257557886625, -0.13314200235870244, 0.6887320170220201, -1.916670370688831]
[-1.0793273585046994, -0.1570290525610526, -0.7921467312589422, -0.09026264359665456, 0.6238283894361067, -1.876742633691868]
[-1.1562148987963923, -0.15994077423264547, -0.7218677067292218, -0.04738328483460669, 0.5589247618501935, -1.8368148966949047]
[-1.2331024390880851, -0.16285249590423836, -0.6515886821995016, -0.004503926072558791, 0.4940211342642802, -1.7968871596979414]
[-1.3829116858035253, -0.13517516383629422, -0.5832990857435929, -0.004832078369340921, 0.47913526366392273, -1.8035684665772935]
[-1.5327209325189655, -0.10749783176835005, -0.5150094892876841, -0.005160230666123051, 0.4642493930635653, -1.8102497734566454]
[-1.6825301792344054, -0.07982049970040589, -0.4467198928317753, -0.005488382962905181, 0.44936352246320777, -1.8169310803359973]
[-1.8323394259498456, -0.05214316763246174, -0.37843029637586656, -0.005816535259687311, 0.4344776518628503, -1.8236123872153494]