[-0.15589479718204657, -0.4158832734748916, -0.5142988009943172, -0.00011548124616389543, 0.931261269379636, -0.1869472061961961]
[-0.11237638934526706, -0.40199765696614986, -0.5717481907842229, 0.07830493814371532, 1.0115329753626259, -0.21479286026664107]
[-0.06885798150848754, -0.3881120404574081, -0.6291975805741286, 0.15672535753359454, 1.091804681345616, -0.24263851433708605]
[-0.025339573671708027, -0.3742264239486664, -0.6866469703640342, 0.23514577692347377, 1.1720763873286058, -0.270484168407531]
[0.01817883416507149, -0.36034080743992464, -0.7440963601539399, 0.313566196313353, 1.2523480933115956, -0.298329822477976]
[0.061697242001851005, -0.3464551909311829, -0.8015457499438456, 0.3919866157032323, 1.3326197992945856, -0.32617547654842094]
[0.10521564983863052, -0.33256957442244117, -0.8589951397337512, 0.47040703509311144, 1.4128915052775755, -0.3540211306188659]
[0.14873405767541004, -0.3186839579136994, -0.916444529523657, 0.5488274544829908, 1.4931632112605655, -0.3818667846893109]
[0.19225246551218955, -0.30479834140495765, -0.9738939193135625, 0.6272478738728698, 1.573434917243555, -0.4097124387597559]
[0.23577087334896904, -0.2909127248962159, -1.0313433091034683, 0.7056682932627492, 1.6537066232265452, -0.43755809283020086]
[0.11713488282902686, -0.2947068749518455, -1.0086601905791208, 0.661445375568889, 1.6143733554371011, -0.5138614076217872]
[-0.0015011076909153265, -0.29850102500747516, -0.9859770720547734, 0.617222457875029, 1.5750400876476571, -0.5901647224133736]
[-0.12013709821085752, -0.30229517506310477, -0.9632939535304259, 0.5729995401811689, 1.5357068198582131, -0.66646803720496]
[-0.2387730887307997, -0.30608932511873443, -0.9406108350060783, 0.528776622487309, 1.496373552068769, -0.7427713519965463]
[-0.35740907925074183, -0.30988347517436404, -0.9179277164817309, 0.48455370479344884, 1.4570402842793249, -0.8190746667881327]
[-0.47604506977068406, -0.3136776252299937, -0.8952445979573834, 0.4403307870995888, 1.4177070164898808, -0.895377981579719]
[-0.5946810602906262, -0.3174717752856233, -0.872561479433036, 0.39610786940572873, 1.3783737487004368, -0.9716812963713054]
[-0.7133170508105684, -0.321265925341253, -0.8498783609086884, 0.3518849517118687, 1.3390404809109928, -1.0479846111628919]
[-0.8319530413305106, -0.3250600753968826, -0.827195242384341, 0.3076620340180086, 1.2997072131215488, -1.1242879259544782]
[-0.9505890318504527, -0.3288542254525122, -0.8045121238599935, 0.26343911632414857, 1.2603739453321048, -1.2005912407460646]
[-1.069225022370395, -0.33264837550814186, -0.781829005335646, 0.21921619863028852, 1.2210406775426605, -1.276894555537651]
[-1.1878610128903373, -0.33644252556377147, -0.7591458868112986, 0.1749932809364284, 1.1817074097532165, -1.3531978703292373]
[-1.3064970034102794, -0.34023667561940113, -0.7364627682869511, 0.1307703632425684, 1.1423741419637725, -1.4295011851208237]
[-1.4251329939302215, -0.34403082567503074, -0.7137796497626037, 0.0865474455487083, 1.1030408741743285, -1.50580449991241]
[-1.5437689844501639, -0.3478249757306604, -0.6910965312382561, 0.042324527854848304, 1.0637076063848845, -1.5821078147039964]
[-1.662404974970106, -0.35161912578629, -0.6684134127139086, -0.0018983898390117597, 1.0243743385954405, -1.6584111294955828]