[0.28213655631078716, -0.7803293132432962, -0.20429029655644815, 0.0005861182105499907, 0.9855641860894693, 0.2507097905979032]
[0.27176616061081704, -0.7777999740055953, -0.29565069238990316, -0.0716818053281348, 0.9170076357071596, 0.19518724323181252]
[0.2613957649108469, -0.7752706347678943, -0.38701108822335817, -0.1439497288668196, 0.8484510853248499, 0.13966469586572183]
[0.25102536921087676, -0.7727412955301933, -0.4783714840568131, -0.21621765240550436, 0.7798945349425401, 0.08414214849963117]
[0.2406549735109066, -0.7702119562924924, -0.5697318798902682, -0.28848557594418917, 0.7113379845602305, 0.02861960113354048]
[0.23028457781093645, -0.7676826170547913, -0.6610922757237231, -0.36075349948287394, 0.6427814341779208, -0.026902946232550184]
[0.2199141821109663, -0.7651532778170904, -0.7524526715571781, -0.4330214230215587, 0.574224883795611, -0.08242549359864088]
[0.20954378641099616, -0.7626239385793894, -0.8438130673906331, -0.5052893465602435, 0.5056683334133013, -0.13794804096473157]
[0.19917339071102602, -0.7600945993416884, -0.9351734632240881, -0.5775572700989283, 0.43711178303099163, -0.19347058833082226]
[0.18880299501105588, -0.7575652601039875, -1.026533859057543, -0.6498251936376132, 0.36855523264868184, -0.248993135696913]
[0.17843259931108574, -0.7550359208662865, -1.117894254890998, -0.7220931171762979, 0.29999868226637216, -0.3045156830630036]
[0.1680622036111156, -0.7525065816285855, -1.209254650724453, -0.7943610407149827, 0.23144213188406249, -0.3600382304290943]
[0.06723817726245573, -0.7335674643255737, -1.1749317805035835, -0.7567199946004458, 0.2607463652375087, -0.4354297416073514]
[-0.03358584908620413, -0.7146283470225621, -1.140608910282714, -0.719078948485909, 0.29005059859095494, -0.5108212527856084]
[-0.13440987543486396, -0.6956892297195503, -1.1062860400618444, -0.6814379023713721, 0.3193548319444011, -0.5862127639638656]
[-0.23523390178352385, -0.6767501124165385, -1.0719631698409748, -0.6437968562568354, 0.34865906529784735, -0.6616042751421227]
[-0.3360579281321837, -0.6578109951135268, -1.0376402996201053, -0.6061558101422985, 0.3779632986512936, -0.7369957863203798]
[-0.43688195448084355, -0.638871877810515, -1.0033174293992357, -0.5685147640277617, 0.40726753200473975, -0.8123872974986368]
[-0.5377059808295034, -0.6199327605075032, -0.9689945591783663, -0.5308737179132248, 0.436571765358186, -0.8877788086768941]
[-0.6385300071781633, -0.6009936432044916, -0.9346716889574967, -0.49323267179868796, 0.4658759987116322, -0.9631703198551511]
[-0.7393540335268232, -0.5820545259014798, -0.9003488187366272, -0.4555916256841511, 0.49518023206507844, -1.0385618310334082]
[-0.840178059875483, -0.563115408598468, -0.8660259485157576, -0.4179505795696143, 0.5244844654185247, -1.1139533422116652]
[-0.9410020862241429, -0.5441762912954562, -0.8317030782948881, -0.3803095334550774, 0.5537886987719709, -1.1893448533899225]
[-1.0418261125728026, -0.5252371739924445, -0.7973802080740187, -0.3426684873405406, 0.583092932125417, -1.2647363645681795]
[-1.1426501389214625, -0.5062980566894327, -0.763057337853149, -0.3050274412260037, 0.6123971654788634, -1.3401278757464368]
[-1.2434741652701222, -0.487358939386421, -0.7287344676322796, -0.2673863951114669, 0.6417013988323095, -1.4155193869246938]
[-1.3442981916187822, -0.4684198220834092, -0.6944115974114099, -0.22974534899693, 0.6710056321857558, -1.4909108981029509]
[-1.4451222179674421, -0.4494807047803975, -0.6600887271905405, -0.19210430288239322, 0.7003098655392019, -1.566302409281208]
[-1.545946244316102, -0.4305415874773857, -0.6257658569696709, -0.15446325676785633, 0.7296140988926483, -1.6416939204594652]
[-1.6467702706647618, -0.41160247017437396, -0.5914429867488014, -0.11682221065331955, 0.7589183322460944, -1.7170854316377222]
[-1.7475942970134217, -0.3926633528713622, -0.5571201165279318, -0.07918116453878266, 0.7882225655995406, -1.7924769428159792]
[-1.8484183233620815, -0.3737242355683505, -0.5227972463070623, -0.041540118424245875, 0.8175267989529869, -1.8678684539942363]
[-1.9492423497107416, -0.3547851182653387, -0.48847437608619265, -0.0038990723097090327, 0.8468310323064331, -1.9432599651724936]