[-0.03941244142958045, -0.8059152110859698, -0.2591997145838567, 0.00010821820451045738, 1.0664965873402457, -0.07065828078926017]
[-0.13083681291435761, -0.812293963905978, -0.3160944196988202, 0.039042279838412824, 1.0720069863831851, -0.16474737062543285]
[-0.22226118439913478, -0.8186727167259862, -0.3729891248137836, 0.07797634147231519, 1.0775173854261249, -0.2588364604616055]
[-0.31368555588391195, -0.8250514695459944, -0.4298838299287471, 0.11691040310621757, 1.0830277844690643, -0.3529255502977782]
[-0.4051099273686891, -0.8314302223660025, -0.4867785350437105, 0.15584446474011993, 1.0885381835120038, -0.44701464013395087]
[-0.4965342988534663, -0.8378089751860107, -0.5436732401586739, 0.1947785263740223, 1.0940485825549435, -0.5411037299701236]
[-0.5879586703382434, -0.8441877280060189, -0.6005679452736374, 0.2337125880079247, 1.099558981597883, -0.6351928198062963]
[-0.6793830418230207, -0.8505664808260271, -0.657462650388601, 0.27264664964182705, 1.1050693806408225, -0.729281909642469]
[-0.7708074133077978, -0.8569452336460354, -0.7143573555035643, 0.3115807112757294, 1.1105797796837622, -0.8233709994786416]
[-0.862231784792575, -0.8633239864660436, -0.7712520606185278, 0.3505147729096318, 1.1160901787267017, -0.9174600893148143]
[-0.9536561562773521, -0.8697027392860518, -0.8281467657334912, 0.38944883454353413, 1.1216005777696412, -1.011549179150987]
[-1.0450805277621293, -0.87608149210606, -0.8850414708484546, 0.42838289617743647, 1.1271109768125809, -1.1056382689871596]
[-1.1365048992469065, -0.8824602449260681, -0.9419361759634182, 0.4673169578113389, 1.1326213758555204, -1.1997273588233324]
[-1.2279292707316838, -0.8888389977460763, -0.9988308810783817, 0.5062510194452413, 1.1381317748984598, -1.293816448659505]
[-1.319353642216461, -0.8952177505660845, -1.0557255861933452, 0.5451850810791437, 1.1436421739413996, -1.3879055384956778]
[-1.410778013701238, -0.9015965033860928, -1.1126202913083085, 0.584119142713046, 1.149152572984339, -1.4819946283318504]
[-1.4567508071257544, -0.8353894943694193, -1.067080807420334, 0.52545308569641, 1.1242863044757596, -1.5203533607801587]
[-1.5027236005502707, -0.7691824853527459, -1.0215413235323592, 0.466787028679774, 1.0994200359671802, -1.558712093228467]
[-1.548696393974787, -0.7029754763360726, -0.9760018396443846, 0.40812097166313804, 1.074553767458601, -1.5970708256767754]
[-1.5946691873993035, -0.6367684673193992, -0.9304623557564099, 0.349454914646502, 1.0496874989500216, -1.6354295581250837]
[-1.64064198082382, -0.5705614583027258, -0.8849228718684352, 0.29078885762986606, 1.0248212304414421, -1.673788290573392]
[-1.6866147742483362, -0.5043544492860523, -0.8393833879804606, 0.2321228006132301, 0.9999549619328628, -1.7121470230217004]
[-1.7325875676728526, -0.43814744026937896, -0.7938439040924858, 0.17345674359659413, 0.9750886934242835, -1.7505057554700088]
[-1.778560361097369, -0.3719404312527055, -0.7483044202045113, 0.11479068657995806, 0.9502224249157041, -1.788864487918317]
[-1.8245331545218852, -0.30573342223603217, -0.7027649363165365, 0.05612462956332209, 0.9253561564071247, -1.8272232203666254]
[-1.8705059479464017, -0.23952641321935875, -0.6572254524285619, -0.0025414274533138836, 0.9004898878985453, -1.8655819528149338]