[0.20065035145888377, -0.5686873234770875, -0.09840481646526733, 0.000602522687504603, 0.6682182726215462, 0.16918223027918078]
[0.17077110352442465, -0.5283568146842668, -0.15383349481392944, 0.09278864786701013, 0.6847169702038785, 0.10906265994785515]
[0.14089185558996553, -0.48802630589144597, -0.20926217316259157, 0.18497477304651566, 0.7012156677862107, 0.04894308961652952]
[0.11101260765550643, -0.44769579709862517, -0.2646908515112537, 0.2771608982260212, 0.7177143653685428, -0.0111764807147961]
[0.08113335972104731, -0.40736528830580443, -0.3201195298599158, 0.3693470234055267, 0.7342130629508751, -0.07129605104612176]
[9.041794861387731e-05, -0.3928820628091575, -0.36518535451060585, 0.41810927919298657, 0.7236575024030817, -0.16927749805273867]
[-0.08095252382381955, -0.3783988373125106, -0.4102511791612959, 0.4668715349804464, 0.7131019418552883, -0.2672589450593556]
[-0.161995465596253, -0.3639156118158637, -0.4553170038119859, 0.5156337907679063, 0.7025463813074948, -0.36524039206597253]
[-0.24303840736868643, -0.3494323863192168, -0.500382828462676, 0.5643960465553661, 0.6919908207597014, -0.46322183907258946]
[-0.32408134914111986, -0.33494916082256987, -0.545448653113366, 0.613158302342826, 0.681435260211908, -0.5612032860792064]
[-0.4051242909135533, -0.320465935325923, -0.5905144777640561, 0.6619205581302858, 0.6708796996641146, -0.6591847330858234]
[-0.4861672326859867, -0.30598270982927606, -0.6355803024147462, 0.7106828139177457, 0.6603241391163213, -0.7571661800924403]
[-0.5672101744584201, -0.2914994843326292, -0.6806461270654361, 0.7594450697052055, 0.6497685785685278, -0.8551476270990572]
[-0.6482531162308536, -0.27701625883598224, -0.7257119517161262, 0.8082073254926654, 0.6392130180207344, -0.9531290741056743]
[-0.729296058003287, -0.2625330333393353, -0.7707777763668162, 0.8569695812801252, 0.628657457472941, -1.051110521112291]
[-0.8103389997757204, -0.24804980784268843, -0.8158436010175063, 0.9057318370675851, 0.6181018969251476, -1.149091968118908]
[-0.8913819415481539, -0.23356658234604152, -0.8609094256681964, 0.9544940928550449, 0.6075463363773541, -1.247073415125525]
[-0.9724248833205873, -0.2190833568493946, -0.9059752503188865, 1.0032563486425048, 0.5969907758295607, -1.3450548621321419]
[-1.0534678250930207, -0.20460013135274768, -0.9510410749695763, 1.0520186044299646, 0.5864352152817673, -1.4430363091387588]
[-1.137872430536136, -0.19929443407723568, -0.9123848539496632, 0.934785086197194, 0.606157098488108, -1.4835188863043511]
[-1.2222770359792514, -0.19398873680172368, -0.87372863292975, 0.8175515679644235, 0.6258789816944486, -1.5240014634699435]
[-1.3066816414223665, -0.1886830395262117, -0.8350724119098368, 0.700318049731653, 0.6456008649007893, -1.5644840406355358]
[-1.3910862468654819, -0.1833773422506997, -0.7964161908899237, 0.5830845314988824, 0.6653227481071299, -1.6049666178011281]
[-1.4754908523085972, -0.1780716449751877, -0.7577599698700105, 0.4658510132661118, 0.6850446313134705, -1.6454491949667205]
[-1.5598954577517126, -0.17276594769967574, -0.7191037488500973, 0.3486174950333413, 0.7047665145198111, -1.6859317721323128]
[-1.644300063194828, -0.16746025042416374, -0.6804475278301841, 0.23138397680057066, 0.7244883977261518, -1.7264143492979052]
[-1.7287046686379433, -0.16215455314865174, -0.641791306810271, 0.11415045856780015, 0.7442102809324924, -1.7668969264634975]
[-1.8131092740810586, -0.15684885587313974, -0.6031350857903578, -0.0030830596649704047, 0.763932164138833, -1.8073795036290898]