[0.15249512953019195, -0.2638322709775913, -0.45933740558904557, 0.000433706439302739, 0.7242291723203822, 0.12116163804882252]
[0.07466257140255035, -0.2928511723769423, -0.5306628395121293, -0.023872405216406555, 0.6667799492922164, 0.08696732031024901]
[-0.0031699867250912506, -0.3218700737762933, -0.6019882734352131, -0.04817851687211585, 0.6093307262640505, 0.05277300257167551]
[-0.08100254485273287, -0.35088897517564427, -0.6733137073582969, -0.07248462852782514, 0.5518815032358847, 0.018578684833102016]
[-0.15883510298037445, -0.37990787657499525, -0.7446391412813806, -0.09679074018353444, 0.4944322802077188, -0.015615632905471494]
[-0.23666766110801613, -0.4089267779743463, -0.8159645752044646, -0.12109685183924375, 0.43698305717955294, -0.049809950644045003]
[-0.3145002192356577, -0.4379456793736972, -0.8872900091275483, -0.14540296349495302, 0.37953383415138714, -0.08400426838261849]
[-0.3923327773632993, -0.46696458077304825, -0.9586154430506322, -0.16970907515066233, 0.3220846111232213, -0.11819858612119202]
[-0.47016533549094086, -0.4959834821723992, -1.0299408769737157, -0.19401518680637161, 0.26463538809505543, -0.1523929038597655]
[-0.5479978936185825, -0.5250023835717502, -1.1012663108967997, -0.21832129846208093, 0.20718616506688955, -0.18658722159833901]
[-0.6324900365761307, -0.5074492212480977, -1.0536017265285993, -0.20400770674321195, 0.2368256539678346, -0.2947725409615979]
[-0.7169821795336787, -0.48989605892444504, -1.0059371421603989, -0.18969411502434297, 0.2664651428687796, -0.4029578603248568]
[-0.8014743224912269, -0.47234289660079243, -0.9582725577921982, -0.17538052330547402, 0.2961046317697246, -0.5111431796881157]
[-0.8859664654487749, -0.45478973427713987, -0.9106079734239978, -0.16106693158660504, 0.32574412067066966, -0.6193284990513745]
[-0.970458608406323, -0.4372365719534873, -0.8629433890557974, -0.1467533398677361, 0.35538360957161463, -0.7275138184146335]
[-1.0549507513638712, -0.4196834096298347, -0.8152788046875968, -0.1324397481488671, 0.3850230984725597, -0.8356991377778924]
[-1.1394428943214194, -0.4021302473061821, -0.7676142203193963, -0.11812615642999813, 0.4146625873735047, -0.9438844571411513]
[-1.2239350372789675, -0.3845770849825295, -0.7199496359511959, -0.10381256471112915, 0.44430207627444973, -1.0520697765044102]
[-1.3084271802365155, -0.36702392265887696, -0.6722850515829955, -0.0894989729922602, 0.47394156517539476, -1.160255095867669]
[-1.3929193231940635, -0.34947076033522434, -0.624620467214795, -0.07518538127339122, 0.5035810540763398, -1.2684404152309279]
[-1.4774114661516116, -0.3319175980115717, -0.5769558828465945, -0.06087178955452224, 0.5332205429772848, -1.3766257345941868]
[-1.5619036091091598, -0.31436443568791916, -0.529291298478394, -0.046558197835653264, 0.5628600318782299, -1.484811053957446]
[-1.646395752066708, -0.29681127336426655, -0.48162671411019353, -0.032244606116784286, 0.5924995207791749, -1.5929963733207047]
[-1.730887895024256, -0.27925811104061393, -0.433962129741993, -0.017931014397915335, 0.6221390096801199, -1.7011816926839636]
[-1.8153800379818041, -0.26170494871696137, -0.3862975453737926, -0.0036174226790463685, 0.651778498581065, -1.8093670120472225]