[0.016476031641275313, -0.3860659023851145, -0.2207864955217813, 0.00017944514299905734, 0.6077979166330891, -0.014705966555437655]
[-0.007172286191684571, -0.4097052805910025, -0.24727198207316814, -0.06614366109243579, 0.6565866712131663, -0.11015153658362206]
[-0.030820604024644455, -0.43334465879689044, -0.27375746862455497, -0.13246676732787063, 0.7053754257932434, -0.20559710661180647]
[-0.05446892185760434, -0.4569840370027784, -0.3002429551759418, -0.1987898735633055, 0.7541641803733206, -0.3010426766399909]
[-0.07811723969056422, -0.48062341520866636, -0.3267284417273286, -0.2651129797987403, 0.8029529349533977, -0.3964882466681753]
[-0.1017655575235241, -0.5042627934145543, -0.3532139282787155, -0.3314360860341752, 0.8517416895334748, -0.49193381669635977]
[-0.125413875356484, -0.5279021716204423, -0.37969941483010233, -0.39775919226961004, 0.900530444113552, -0.5873793867245442]
[-0.1490621931894439, -0.5515415498263303, -0.4061849013814892, -0.4640822985050449, 0.9493191986936291, -0.6828249567527286]
[-0.17271051102240376, -0.5751809280322182, -0.432670387932876, -0.5304054047404797, 0.9981079532737063, -0.7782705267809129]
[-0.19635882885536365, -0.5988203062381061, -0.45915587448426287, -0.5967285109759146, 1.0468967078537834, -0.8737160968090973]
[-0.22000714668832352, -0.6224596844439941, -0.4856413610356497, -0.6630516172113494, 1.0956854624338606, -0.9691616668372819]
[-0.2436554645212834, -0.6460990626498821, -0.5121268475870365, -0.7293747234467842, 1.1444742170139377, -1.0646072368654662]
[-0.2673037823542433, -0.6697384408557701, -0.5386123341384234, -0.7956978296822191, 1.1932629715940148, -1.1600528068936506]
[-0.38809467068944076, -0.6358826847442385, -0.5378451263399868, -0.7418289754670337, 1.1600416879471303, -1.2191445083266919]
[-0.5088855590246382, -0.6020269286327068, -0.5370779185415502, -0.6879601212518485, 1.1268204043002454, -1.278236209759733]
[-0.6296764473598357, -0.5681711725211752, -0.5363107107431135, -0.6340912670366631, 1.0935991206533608, -1.3373279111927743]
[-0.7504673356950331, -0.5343154164096436, -0.535543502944677, -0.5802224128214778, 1.060377837006476, -1.3964196126258155]
[-0.8712582240302307, -0.500459660298112, -0.5347762951462405, -0.5263535586062924, 1.0271565533595914, -1.4555113140588567]
[-0.9920491123654281, -0.4666039041865804, -0.5340090873478038, -0.47248470439110707, 0.9939352697127067, -1.514603015491898]
[-1.081755441839507, -0.42630794835940455, -0.5201066180959016, -0.3939920742642546, 0.9415794162089588, -1.5164953866014945]
[-1.171461771313586, -0.38601199253222873, -0.5062041488439994, -0.3154994441374021, 0.8892235627052107, -1.5183877577110914]
[-1.261168100787665, -0.3457160367050529, -0.49230167959209714, -0.23700681401054963, 0.8368677092014627, -1.520280128820688]
[-1.3508744302617437, -0.3054200808778771, -0.47839921034019495, -0.15851418388369715, 0.7845118556977148, -1.5221724999302846]
[-1.4405807597358227, -0.26512412505070126, -0.46449674108829275, -0.08002155375684467, 0.7321560021939668, -1.5240648710398814]
[-1.5302870892099016, -0.22482816922352541, -0.4505942718363905, -0.0015289236299922016, 0.6798001486902188, -1.525957242149478]