[0.046132718708007836, -0.16152035375209195, -0.554621294332982, 0.000258204110327398, 0.7173097873236403, 0.014930302259169359]
[0.004282248867475857, -0.1612046426386574, -0.5993661856350996, 0.05653366735049642, 0.7654836571394334, -0.09159868167404228]
[-0.03756822097305612, -0.16088893152522288, -0.6441110769372171, 0.11280913059066544, 0.8136575269552265, -0.19812766560725392]
[-0.0794186908135881, -0.16057322041178834, -0.6888559682393347, 0.16908459383083446, 0.8618313967710196, -0.30465664954046556]
[-0.12126916065412008, -0.16025750929835383, -0.7336008595414524, 0.22536005707100348, 0.9100052665868128, -0.4111856334736772]
[-0.16311963049465206, -0.1599417981849193, -0.7783457508435699, 0.28163552031117256, 0.958179136402606, -0.517714617406889]
[-0.20497010033518404, -0.15962608707148476, -0.8230906421456875, 0.3379109835513415, 1.006353006218399, -0.6242436013401005]
[-0.24682057017571601, -0.15931037595805023, -0.8678355334478052, 0.3941864467915106, 1.0545268760341924, -0.7307725852733122]
[-0.288671040016248, -0.1589946648446157, -0.9125804247499227, 0.45046191003167957, 1.1027007458499853, -0.8373015692065238]
[-0.33052150985677997, -0.15867895373118118, -0.9573253160520403, 0.5067373732718486, 1.1508746156657785, -0.9438305531397355]
[-0.37237197969731195, -0.15836324261774665, -1.0020702073541579, 0.5630128365120177, 1.1990484854815717, -1.0503595370729473]
[-0.414222449537844, -0.1580475315043121, -1.0468150986562756, 0.6192882997521868, 1.2472223552973647, -1.156888521006159]
[-0.4560729193783759, -0.15773182039087758, -1.091559989958393, 0.6755637629923557, 1.2953962251131579, -1.2634175049393703]
[-0.4979233892189079, -0.15741610927744304, -1.1363048812605108, 0.7318392262325247, 1.343570094928951, -1.369946488872582]
[-0.5397738590594399, -0.1571003981640085, -1.1810497725626283, 0.7881146894726938, 1.3917439647447443, -1.4764754728057938]
[-0.5816243288999718, -0.15678468705057397, -1.225794663864746, 0.8443901527128629, 1.4399178345605375, -1.5830044567390056]
[-0.6234747987405038, -0.15646897593713946, -1.2705395551668635, 0.9006656159530317, 1.4880917043763304, -1.689533440672217]
[-0.6653252685810358, -0.15615326482370492, -1.315284446468981, 0.9569410791932008, 1.5362655741921236, -1.7960624246054286]
[-0.7071757384215678, -0.1558375537102704, -1.3600293377710986, 1.01321654243337, 1.5844394440079168, -1.9025914085386404]
[-0.7858175857268307, -0.15973930673382702, -1.2893529816688503, 0.9493861825572765, 1.513606105253165, -1.905820201948907]
[-0.8644594330320936, -0.1636410597573837, -1.218676625566602, 0.885555822681183, 1.4427727664984134, -1.9090489953591734]
[-0.9431012803373564, -0.16754281278094033, -1.1480002694643534, 0.8217254628050896, 1.3719394277436616, -1.91227778876944]
[-1.0217431276426194, -0.17144456580449696, -1.077323913362105, 0.7578951029289962, 1.3011060889889097, -1.9155065821797066]
[-1.1003849749478822, -0.17534631882805363, -1.0066475572598568, 0.6940647430529028, 1.230272750234158, -1.918735375589973]
[-1.179026822253145, -0.17924807185161026, -0.9359712011576083, 0.6302343831768094, 1.1594394114794062, -1.9219641690002396]
[-1.257668669558408, -0.1831498248751669, -0.8652948450553599, 0.5664040233007159, 1.0886060727246545, -1.9251929624105062]
[-1.3363105168636709, -0.18705157789872356, -0.7946184889531116, 0.5025736634246225, 1.0177727339699025, -1.9284217558207728]
[-1.4149523641689337, -0.1909533309222802, -0.7239421328508633, 0.4387433035485291, 0.9469393952151509, -1.9316505492310392]
[-1.4935942114741967, -0.19485508394583684, -0.6532657767486149, 0.37491294367243566, 0.8761060564603991, -1.9348793426413058]
[-1.5722360587794595, -0.1987568369693935, -0.5825894206463664, 0.31108258379634224, 0.8052727177056473, -1.9381081360515724]
[-1.6508779060847223, -0.20265858999295014, -0.5119130645441181, 0.24725222392024881, 0.7344393789508956, -1.9413369294618388]
[-1.7295197533899853, -0.20656034301650678, -0.4412367084418698, 0.1834218640441554, 0.6636060401961438, -1.9445657228721054]
[-1.8081616006952481, -0.21046209604006344, -0.37056035233962137, 0.11959150416806197, 0.592772701441392, -1.947794516282372]
[-1.8868034480005111, -0.21436384906362008, -0.29988399623737294, 0.055761144291968545, 0.5219393626866402, -1.9510233096926384]
[-1.965445295305774, -0.2182656020871767, -0.22920764013512465, -0.008069215584124932, 0.4511060239318884, -1.954252103102905]