[0.07642423033675705, -0.580095843836105, -0.4499284734817053, 0.0004765232520735907, 1.0310120784654782, 0.044894643520565936]
[0.06709200563181605, -0.5533679799772522, -0.5042739706993447, -0.06806875589959131, 1.008003859398961, 0.030518324068136073]
[0.05775978092687507, -0.5266401161183993, -0.558619467916984, -0.13661403505125622, 0.9849956403324441, 0.01614200461570621]
[-0.02796194467648523, -0.49663865127582535, -0.5822613654451394, -0.1711565479574006, 0.9533913862730086, -0.07049150490130839]
[-0.11368367027984554, -0.46663718643325136, -0.6059032629732949, -0.205699060863545, 0.921787132213573, -0.157125014418323]
[-0.19940539588320588, -0.43663572159067743, -0.6295451605014503, -0.2402415737696894, 0.8901828781541374, -0.2437585239353376]
[-0.28512712148656616, -0.40663425674810344, -0.6531870580296057, -0.27478408667583376, 0.8585786240947019, -0.3303920334523522]
[-0.37084884708992655, -0.37663279190552945, -0.6768289555577611, -0.3093265995819782, 0.8269743700352663, -0.4170255429693668]
[-0.4565705726932868, -0.34663132706295546, -0.7004708530859165, -0.3438691124881226, 0.7953701159758307, -0.5036590524863813]
[-0.5422922982966472, -0.3166298622203815, -0.724112750614072, -0.378411625394267, 0.7637658619163952, -0.590292562003396]
[-0.6280140239000074, -0.28662839737780754, -0.7477546481422274, -0.4129541383004114, 0.7321616078569596, -0.6769260715204105]
[-0.7137357495033678, -0.2566269325352335, -0.7713965456703828, -0.4474966512065558, 0.700557353797524, -0.763559581037425]
[-0.7994574751067282, -0.2266254676926595, -0.7950384431985382, -0.4820391641127002, 0.6689530997380885, -0.8501930905544397]
[-0.8851792007100884, -0.19662400285008558, -0.8186803407266936, -0.5165816770188446, 0.6373488456786529, -0.9368266000714542]
[-0.9709009263134486, -0.1666225380075116, -0.8423222382548491, -0.551124189924989, 0.6057445916192173, -1.023460109588469]
[-1.061093757740942, -0.1680056321068398, -0.7944896271541579, -0.4964853289586599, 0.5999724141152845, -1.107667810141923]
[-1.1512865891684354, -0.16938872620616804, -0.7466570160534668, -0.44184646799233074, 0.5942002366113516, -1.1918755106953771]
[-1.2414794205959288, -0.17077182030549626, -0.6988244049527758, -0.3872076070260016, 0.5884280591074187, -1.276083211248831]
[-1.3316722520234223, -0.17215491440482447, -0.6509917938520846, -0.33256874605967246, 0.5826558816034858, -1.360290911802285]
[-1.4218650834509157, -0.17353800850415269, -0.6031591827513935, -0.2779298850933433, 0.5768837040995529, -1.444498612355739]
[-1.512057914878409, -0.17492110260348093, -0.5553265716507023, -0.22329102412701418, 0.5711115265956201, -1.528706312909193]
[-1.6022507463059026, -0.17630419670280914, -0.5074939605500113, -0.16865216316068504, 0.5653393490916873, -1.612914013462647]
[-1.6924435777333962, -0.17768729080213735, -0.4596613494493201, -0.1140133021943559, 0.5595671715877544, -1.697121714016101]
[-1.7826364091608893, -0.1790703849014656, -0.41182873834862893, -0.059374441228026764, 0.5537949940838215, -1.781329414569555]
[-1.8728292405883828, -0.1804534790007938, -0.36399612724793784, -0.004735580261697659, 0.5480228165798886, -1.8655371151230091]