[0.25669755604810174, -0.45730401903608175, -0.3233028438139609, 0.0006561425610058791, 0.7818548970899499, 0.22534047963061976]
[0.20763656431351846, -0.4125494988775955, -0.3945755105222987, -0.06899648602793351, 0.8173700310962081, 0.19193086973357826]
[0.15857557257893518, -0.3677949787191092, -0.46584817723063654, -0.1386491146168729, 0.8528851651024663, 0.15852125983653675]
[0.1095145808443519, -0.32304045856062297, -0.5371208439389744, -0.2083017432058123, 0.8884002991087243, 0.12511164993949525]
[0.06045358910976861, -0.27828593840213667, -0.6083935106473122, -0.2779543717947517, 0.9239154331149825, 0.09170204004245372]
[0.011392597375185332, -0.23353141824365045, -0.67966617735565, -0.3476070003836911, 0.9594305671212406, 0.058292430145412216]
[-0.03766839435939795, -0.18877689808516418, -0.7509388440639879, -0.41725962897263047, 0.9949457011274988, 0.024882820248370713]
[-0.08672938609398123, -0.14402237792667794, -0.8222115107723257, -0.4869122575615698, 1.030460835133757, -0.00852678964867079]
[-0.1357903778285645, -0.09926785776819164, -0.8934841774806636, -0.5565648861505093, 1.065975969140015, -0.04193639954571232]
[-0.1848513695631478, -0.05451333760970539, -0.9647568441890014, -0.6262175147394486, 1.1014911031462733, -0.07534600944275383]
[-0.23391236129773108, -0.009758817451219141, -1.0360295108973392, -0.695870143328388, 1.1370062371525314, -0.10875561933979531]
[-0.3071956612385608, 0.022690849086968473, -1.0774914809366942, -0.7341800984713208, 1.1510021797435221, -0.17264360070110013]
[-0.38047896117939045, 0.05514051562515609, -1.1189534509760493, -0.7724900536142536, 1.164998122334513, -0.23653158206240493]
[-0.4537622611202201, 0.08759018216334369, -1.160415421015404, -0.8108000087571865, 1.1789940649255035, -0.3004195634237098]
[-0.5270455610610498, 0.12003984870153132, -1.201877391054759, -0.8491099639001193, 1.1929900075164943, -0.3643075447850146]
[-0.6028977335615645, 0.14798765739534472, -1.2341374548821027, -0.8779874946617165, 1.201074499326035, -0.43272735035587007]
[-0.6787499060620792, 0.17593546608915814, -1.2663975187094465, -0.9068650254233137, 1.2091589911355753, -0.5011471559267255]
[-0.7506902783851315, 0.1619017505968506, -1.2204001916944456, -0.8567938486664846, 1.1708025808249833, -0.58251468143861]
[-0.8226306507081838, 0.14786803510454305, -1.1744028646794449, -0.8067226719096554, 1.1324461705143911, -0.6638822069504945]
[-0.894571023031236, 0.13383431961223552, -1.128405537664444, -0.7566514951528263, 1.094089760203799, -0.7452497324623789]
[-0.9665113953542883, 0.11980060411992799, -1.0824082106494433, -0.7065803183959971, 1.0557333498932069, -0.8266172579742634]
[-1.0384517676773406, 0.10576688862762043, -1.0364108836344423, -0.656509141639168, 1.0173769395826149, -0.9079847834861479]
[-1.1103921400003929, 0.0917331731353129, -0.9904135566194415, -0.6064379648823388, 0.9790205292720228, -0.9893523089980323]
[-1.1823325123234452, 0.07769945764300536, -0.9444162296044407, -0.5563667881255097, 0.9406641189614307, -1.0707198345099167]
[-1.2542728846464977, 0.06366574215069783, -0.8984189025894399, -0.5062956113686805, 0.9023077086508386, -1.1520873600218011]
[-1.3262132569695497, 0.04963202665839028, -0.8524215755744391, -0.4562244346118513, 0.8639512983402464, -1.2334548855336858]
[-1.3981536292926022, 0.035598311166082724, -0.8064242485594382, -0.4061532578550221, 0.8255948880296544, -1.3148224110455704]
[-1.4700940016156545, 0.021564595673775194, -0.7604269215444374, -0.35608208109819295, 0.7872384777190622, -1.3961899365574548]
[-1.5420343739387068, 0.007530880181467664, -0.7144295945294366, -0.3060109043413639, 0.7488820674084702, -1.4775574620693392]
[-1.6139747462617589, -0.006502835310839866, -0.6684322675144357, -0.25593972758453465, 0.7105256570978781, -1.5589249875812237]
[-1.6859151185848114, -0.020536550803147424, -0.6224349404994349, -0.2058685508277055, 0.672169246787286, -1.640292513093108]
[-1.7578554909078636, -0.034570266295454954, -0.576437613484434, -0.15579737407087635, 0.6338128364766938, -1.7216600386049927]
[-1.829795863230916, -0.048603981787762485, -0.5304402864694333, -0.10572619731404731, 0.5954564261661018, -1.803027564116877]
[-1.9017362355539682, -0.06263769728007001, -0.4844429594544324, -0.05565502055721805, 0.5571000158555097, -1.8843950896287616]
[-1.9736766078770205, -0.07667141277237757, -0.4384456324394316, -0.005583843800388848, 0.5187436055449176, -1.965762615140646]