[-0.1298279561011766, -0.4067675001182467, -0.32973625935204165, -6.541188024655753e-05, 0.7377416383107738, -0.16083743472536938]
[-0.18646997759638673, -0.45197015686726, -0.38738237912395934, 0.0055049619869077535, 0.6840675939213974, -0.2220171974984943]
[-0.24311199909159686, -0.4971728136162733, -0.44502849889587703, 0.011075335854062065, 0.6303935495320209, -0.2831969602716192]
[-0.299754020586807, -0.5423754703652865, -0.5026746186677947, 0.016645709721216376, 0.5767195051426444, -0.34437672304474415]
[-0.35639604208201714, -0.5875781271142999, -0.5603207384397124, 0.022216083588370687, 0.523045460753268, -0.4055564858178691]
[-0.41303806357722733, -0.6327807838633133, -0.6179668582116302, 0.027786457455525004, 0.46937141636389146, -0.46673624859099405]
[-0.46968008507243747, -0.6779834406123265, -0.6756129779835478, 0.03335683132267931, 0.41569737197451506, -0.5279160113641189]
[-0.5263221065676477, -0.7231860973613399, -0.7332590977554656, 0.03892720518983363, 0.36202332758513855, -0.5890957741372439]
[-0.5829641280628577, -0.7683887541103531, -0.7909052175273832, 0.04449757905698793, 0.30834928319576216, -0.6502755369103688]
[-0.6396061495580679, -0.8135914108593665, -0.848551337299301, 0.05006795292414225, 0.25467523880638565, -0.7114552996834937]
[-0.7382907335241291, -0.7695790897153019, -0.8295709889506713, 0.04594603621400528, 0.30022266761269123, -0.8041846992347274]
[-0.8369753174901903, -0.7255667685712371, -0.8105906406020417, 0.04182411950386831, 0.34577009641899686, -0.896914098785961]
[-0.9356599014562514, -0.6815544474271725, -0.791610292253412, 0.037702202793731335, 0.39131752522530244, -0.9896434983371944]
[-1.0343444854223125, -0.6375421262831078, -0.7726299439047823, 0.03358028608359437, 0.4368649540316081, -1.0823728978884282]
[-1.1330290693883738, -0.5935298051390432, -0.7536495955561526, 0.0294583693734574, 0.48241238283791366, -1.1751022974396617]
[-1.2317136533544348, -0.5495174839949786, -0.734669247207523, 0.02533645266332043, 0.5279598116442192, -1.2678316969908954]
[-1.330398237320496, -0.505505162850914, -0.7156888988588933, 0.021214535953183462, 0.5735072404505248, -1.3605610965421286]
[-1.4290828212865572, -0.4614928417068492, -0.6967085505102637, 0.01709261924304649, 0.6190546692568304, -1.4532904960933624]
[-1.5277674052526182, -0.41748052056278456, -0.677728202161634, 0.012970702532909523, 0.664602098063136, -1.546019895644596]
[-1.6264519892186793, -0.3734681994187199, -0.6587478538130043, 0.00884878582277255, 0.7101495268694417, -1.6387492951958296]
[-1.7251365731847406, -0.3294558782746553, -0.6397675054643747, 0.004726869112635583, 0.7556969556757472, -1.731478694747063]
[-1.8238211571508018, -0.28544355713059055, -0.6207871571157451, 0.0006049524024986097, 0.8012443844820528, -1.8242080942982968]
[-1.9225057411168627, -0.24143123598652594, -0.6018068087671153, -0.003516964307638358, 0.8467918132883584, -1.9169374938495303]