[-0.1593300373510509, -0.13747319338981878, -0.633744039450546, -0.0001220105900729962, 0.7722564405630488, -0.19013151748524404]
[-0.23118102833704712, -0.19275545241296854, -0.6370724657008866, 0.08329696840535507, 0.7394288203014542, -0.14329916458457567]
[-0.30303201932304336, -0.2480377114361183, -0.6404008919512272, 0.16671594740078313, 0.7066012000398597, -0.0964668116839073]
[-0.3748830103090395, -0.30331997045926806, -0.6437293182015676, 0.25013492639621115, 0.6737735797782651, -0.049634458783238966]
[-0.44673400129503577, -0.3586022294824178, -0.6470577444519082, 0.33355390539163926, 0.6409459595166707, -0.0028021058825705714]
[-0.5185849922810319, -0.4138844885055675, -0.6503861707022488, 0.4169728843870673, 0.6081183392550761, 0.044030247018097754]
[-0.6327445293555283, -0.42115907153010324, -0.6268775885684477, 0.42380181097947434, 0.5843939742172292, -0.05720759023669278]
[-0.7469040664300247, -0.42843365455463894, -0.6033690064346465, 0.4306307375718813, 0.5606696091793821, -0.15844542749148333]
[-0.861063603504521, -0.43570823757917465, -0.5798604243008454, 0.43745966416428833, 0.5369452441415352, -0.25968326474627385]
[-0.9752231405790175, -0.4429828206037103, -0.5563518421670441, 0.4442885907566953, 0.5132208791036883, -0.36092110200106436]
[-1.0893826776535138, -0.45025740362824607, -0.532843260033243, 0.4511175173491023, 0.48949651406584127, -0.46215893925585494]
[-1.2035422147280102, -0.4575319866527817, -0.5093346778994419, 0.4579464439415093, 0.46577214902799435, -0.5633967765106455]
[-1.3177017518025065, -0.4648065696773174, -0.48582609576564073, 0.4647753705339163, 0.4420477839901473, -0.6646346137654361]
[-1.4318612888770028, -0.47208115270185314, -0.4623175136318396, 0.4716042971263233, 0.4183234189523004, -0.7658724510202265]
[-1.5460208259514994, -0.47935573572638884, -0.4388089314980384, 0.4784332237187303, 0.39459905391445343, -0.8671102882750171]
[-1.5489495037864476, -0.42798619492294704, -0.4197622005606375, 0.3981763176042859, 0.4121656668695715, -0.9821288554760086]
[-1.5518781816213958, -0.37661665411950523, -0.4007154696232366, 0.3179194114898415, 0.4297322798246896, -1.097147422677]
[-1.554806859456344, -0.3252471133160634, -0.38166873868583573, 0.2376625053753971, 0.44729889277980767, -1.2121659898779913]
[-1.557735537291292, -0.27387757251262157, -0.36262200774843484, 0.1574055992609527, 0.46486550573492574, -1.3271845570789829]
[-1.5606642151262402, -0.22250803170917977, -0.34357527681103395, 0.0771486931465083, 0.4824321186900438, -1.4422031242799742]
[-1.5635928929611884, -0.17113849090573796, -0.32452854587363306, -0.0031082129679361444, 0.4999987316451619, -1.5572216914809656]