[0.2016136631683354, -0.31480423822058423, -0.48242240857817453, 0.0006633451851172367, 0.7982216685716672, 0.16976551443130905]
[0.13264222775252849, -0.3764130607716053, -0.47196262379530113, -0.0762750839879394, 0.8572500144191603, 0.1594073885181006]
[0.06367079233672157, -0.43802188332262637, -0.4615028390124277, -0.15321351316099605, 0.9162783602666533, 0.14904926260489218]
[-0.005300643079085343, -0.49963070587364744, -0.4510430542295543, -0.23015194233405267, 0.9753067061141464, 0.13869113669168373]
[-0.07427207849489226, -0.5612395284246685, -0.4405832694466809, -0.3070903715071093, 1.0343350519616394, 0.1283330107784753]
[-0.14324351391069917, -0.6228483509756896, -0.4301234846638075, -0.384028800680166, 1.0933633978091324, 0.11797488486526686]
[-0.21221494932650609, -0.6844571735267106, -0.4196636998809341, -0.4609672298532226, 1.1523917436566256, 0.10761675895205841]
[-0.281186384742313, -0.7460659960777317, -0.4092039150980607, -0.5379056590262793, 1.2114200895041187, 0.09725863303884998]
[-0.3501578201581199, -0.8076748186287528, -0.3987441303151873, -0.6148440881993359, 1.2704484353516117, 0.08690050712564154]
[-0.4322181121039146, -0.7668283466277522, -0.4031794891659204, -0.5809383807951167, 1.2306879338755694, -0.01902492457572881]
[-0.5142784040497093, -0.7259818746267518, -0.4076148480166535, -0.5470326733908977, 1.1909274323995271, -0.12495035627709916]
[-0.5963386959955039, -0.6851354026257512, -0.41205020686738664, -0.5131269659866785, 1.1511669309234849, -0.2308757879784695]
[-0.6783989879412986, -0.6442889306247508, -0.41648556571811973, -0.47922125858245934, 1.1114064294474428, -0.3368012196798399]
[-0.7604592798870933, -0.6034424586237502, -0.42092092456885283, -0.4453155511782402, 1.0716459279714006, -0.44272665138121026]
[-0.842519571832888, -0.5625959866227497, -0.4253562834195859, -0.4114098437740211, 1.0318854264953583, -0.5486520830825805]
[-0.9245798637786827, -0.5217495146217492, -0.4297916422703191, -0.37750413636980196, 0.992124925019316, -0.6545775147839509]
[-1.0066401557244773, -0.48090304262074873, -0.43422700112105217, -0.34359842896558285, 0.9523644235432739, -0.7605029464853212]
[-1.0887004476702722, -0.4400565706197482, -0.43866235997178527, -0.3096927215613637, 0.9126039220672316, -0.8664283781866916]
[-1.1707607396160666, -0.3992100986187476, -0.44309771882251836, -0.2757870141571445, 0.8728434205911894, -0.9723538098880621]
[-1.2528210315618615, -0.3583636266177471, -0.44753307767325146, -0.2418813067529254, 0.8330829191151472, -1.0782792415894324]
[-1.334881323507656, -0.3175171546167467, -0.4519684365239846, -0.2079755993487063, 0.7933224176391049, -1.1842046732908027]
[-1.4169416154534509, -0.2766706826157461, -0.4564037953747177, -0.17406989194448713, 0.7535619161630627, -1.2901301049921732]
[-1.4990019073992455, -0.23582421061474557, -0.4608391542254508, -0.14016418454026802, 0.7138014146870205, -1.3960555366935434]
[-1.5810621993450402, -0.19497773861374512, -0.46527451307618395, -0.10625847713604886, 0.6740409132109783, -1.501980968394914]
[-1.663122491290835, -0.15413126661274468, -0.46970987192691704, -0.0723527697318298, 0.6342804117349361, -1.6079064000962842]
[-1.7451827832366296, -0.11328479461174412, -0.47414523077765014, -0.03844706232761064, 0.5945199102588938, -1.7138318317976544]
[-1.8272430751824242, -0.07243832261074355, -0.47858058962838324, -0.004541354923391463, 0.5547594087828516, -1.819757263499025]