[-0.20856416241059605, -0.21054048381385737, -0.32743099353386995, -0.00015085306631146267, 0.539039653872412, -0.2393454297235431]
[-0.21380526694669116, -0.17314060877040804, -0.38530227465005856, -0.05707886629479595, 0.46604462945034997, -0.2666150886633214]
[-0.21904637148278625, -0.13574073372695872, -0.4431735557662471, -0.11400687952328044, 0.3930496050282879, -0.2938847476030996]
[-0.22428747601888135, -0.09834085868350936, -0.5010448368824357, -0.17093489275176493, 0.3200545806062258, -0.3211544065428779]
[-0.22952858055497646, -0.06094098364006004, -0.5589161179986243, -0.22786290598024941, 0.2470595561841638, -0.34842406548265614]
[-0.23476968509107154, -0.023541108596610683, -0.616787399114813, -0.28479091920873395, 0.17406453176210174, -0.3756937244224344]
[-0.24001078962716665, 0.013858766446838644, -0.6746586802310015, -0.3417189324372184, 0.10106950734003967, -0.4029633833622127]
[-0.31629589536957237, 0.03037209314180621, -0.7096718604151906, -0.4064495218798104, 0.04247879034163884, -0.45373316836541433]
[-0.3925810011119781, 0.04688541983677377, -0.7446850405993797, -0.4711801113224024, -0.01611192665676199, -0.504502953368616]
[-0.4688661068543838, 0.06339874653174134, -0.7796982207835689, -0.5359107007649944, -0.07470264365516283, -0.5552727383718175]
[-0.5451512125967894, 0.0799120732267089, -0.814711400967758, -0.6006412902075864, -0.13329336065356365, -0.6060425233750191]
[-0.6214363183391952, 0.09642539992167647, -0.849724581151947, -0.6653718796501784, -0.19188407765196447, -0.6568123083782207]
[-0.697721424081601, 0.11293872661664403, -0.8847377613361362, -0.7301024690927704, -0.2504747946503653, -0.7075820933814223]
[-0.7740065298240066, 0.12945205331161158, -0.9197509415203253, -0.7948330585353623, -0.3090655116487661, -0.7583518783846239]
[-0.8502916355664123, 0.14596538000657916, -0.9547641217045144, -0.8595636479779544, -0.36765622864716696, -0.8091216633878255]
[-0.9017687785455365, 0.11439448374453283, -0.9185184870581737, -0.8023708232298841, -0.2936109204620917, -0.8630458275175975]
[-0.9532459215246607, 0.0828235874824865, -0.882272852411833, -0.7451779984818137, -0.2195656122770165, -0.9169699916473695]
[-1.004723064503785, 0.051252691220440155, -0.8460272177654923, -0.6879851737337432, -0.14552030409194122, -0.9708941557771414]
[-1.056200207482909, 0.01968179495839384, -0.8097815831191516, -0.6307923489856729, -0.07147499590686601, -1.0248183199069134]
[-1.1076773504620334, -0.011889101303652505, -0.7735359484728108, -0.5735995242376026, 0.0025703122782092525, -1.0787424840366853]
[-1.1591544934411577, -0.04345999756569885, -0.7372903138264701, -0.5164066994895322, 0.07661562046328452, -1.1326666481664573]
[-1.2106316364202818, -0.07503089382774517, -0.7010446791801295, -0.4592138747414618, 0.15066092864835978, -1.1865908122962292]
[-1.2621087793994061, -0.10660179008979148, -0.6647990445337888, -0.4020210499933915, 0.22470623683343494, -1.2405149764260013]
[-1.3135859223785302, -0.13817268635183783, -0.628553409887448, -0.3448282252453211, 0.2987515450185102, -1.2944391405557731]
[-1.3650630653576545, -0.16974358261388417, -0.5923077752411073, -0.2876354004972508, 0.37279685320358547, -1.3483633046855452]
[-1.4165402083367788, -0.20131447887593046, -0.5560621405947666, -0.23044257574918048, 0.4468421613886606, -1.402287468815317]
[-1.4680173513159032, -0.23288537513797686, -0.5198165059484259, -0.17324975100110995, 0.520887469573736, -1.4562116329450892]
[-1.5194944942950273, -0.2644562714000232, -0.48357087130208515, -0.11605692625303965, 0.5949327777588113, -1.510135797074861]
[-1.5709716372741513, -0.2960271676620695, -0.4473252366557444, -0.058864101504969235, 0.6689780859438865, -1.564059961204633]
[-1.6224487802532757, -0.32759806392411583, -0.41107960200940374, -0.001671276756898918, 0.7430233941289617, -1.617984125334405]