[-0.182193917806992, -0.2766707606639427, -0.454828523872262, -0.00013505924277090742, 0.7328032273126084, -0.21334153068621475]
[-0.17464702986523178, -0.3050683640787357, -0.590776961302038, 0.009619324086263372, 0.6508511080436691, -0.22710284998603794]
[-0.16710014192347156, -0.3334659674935288, -0.7267253987318141, 0.01937370741529765, 0.5688989887747298, -0.24086416928586113]
[-0.15955325398171133, -0.36186357090832183, -0.86267383616159, 0.02912809074433193, 0.4869468695057906, -0.25462548858568435]
[-0.1520063660399511, -0.3902611743231149, -0.998622273591366, 0.03888247407336621, 0.4049947502368512, -0.2683868078855075]
[-0.14445947809819087, -0.41865877773790794, -1.134570711021142, 0.04863685740240049, 0.32304263096791197, -0.2821481271853307]
[-0.25541368237857615, -0.41342267399007415, -1.1049348875929002, 0.04539455418757881, 0.3652841689500331, -0.38416989761501874]
[-0.36636788665896136, -0.4081865702422403, -1.0752990641646583, 0.04215225097275713, 0.4075257069321542, -0.48619166804470676]
[-0.47732209093934663, -0.4029504664944065, -1.0456632407364161, 0.03890994775793545, 0.4497672449142752, -0.5882134384743948]
[-0.5882762952197319, -0.3977143627465727, -1.0160274173081743, 0.035667644543113775, 0.4920087828963963, -0.6902352089040829]
[-0.6992304995001171, -0.3924782589987389, -0.9863915938799324, 0.0324253413282921, 0.5342503208785174, -0.7922569793337708]
[-0.8101847037805023, -0.38724215525090505, -0.9567557704516905, 0.02918303811347042, 0.5764918588606385, -0.8942787497634588]
[-0.9211389080608876, -0.38200605150307126, -0.9271199470234485, 0.02594073489864874, 0.6187333968427595, -0.996300520193147]
[-1.0320931123412729, -0.3767699477552374, -0.8974841235952065, 0.022698431683827062, 0.6609749348248807, -1.098322290622835]
[-1.1430473166216581, -0.37153384400740364, -0.8678483001669646, 0.019456128469005386, 0.7032164728070018, -1.200344061052523]
[-1.2540015209020434, -0.36629774025956985, -0.8382124767387227, 0.01621382525418371, 0.7454580107891229, -1.3023658314822109]
[-1.3649557251824287, -0.361061636511736, -0.8085766533104807, 0.012971522039362027, 0.7876995487712439, -1.404387601911899]
[-1.475909929462814, -0.3558255327639022, -0.7789408298822388, 0.00972921882454035, 0.829941086753365, -1.506409372341587]
[-1.5868641337431992, -0.3505894290160684, -0.7493050064539968, 0.006486915609718674, 0.8721826247354861, -1.608431142771275]
[-1.6978183380235845, -0.3453533252682346, -0.7196691830257549, 0.003244612394896991, 0.9144241627176072, -1.7104529132009632]
[-1.8087725423039698, -0.3401172215204008, -0.690033359597513, 2.3091800753147207e-06, 0.9566657006997283, -1.8124746836306511]
[-1.919726746584355, -0.33488111777256696, -0.660397536169271, -0.003239994034746361, 0.9989072386818494, -1.914496454060339]