[0.0037364996034261466, -0.3134059554666395, -0.3971458574970228, 0.00024070666311182265, 0.7115388582603712, -0.027468338045371077]
[-0.030876369738183633, -0.3117746493135247, -0.43691270805227034, 0.06573782450649496, 0.6602722717472439, -0.12638535874996046]
[-0.06548923907979341, -0.3101433431604099, -0.4766795586075178, 0.1312349423498781, 0.6090056852341166, -0.22530237945454984]
[-0.10010210842140317, -0.3085120370072952, -0.5164464091627653, 0.19673206019326123, 0.5577390987209894, -0.3242194001591392]
[-0.13471497776301297, -0.3068807308541804, -0.5562132597180128, 0.26222917803664436, 0.5064725122078619, -0.4231364208637286]
[-0.16932784710462273, -0.3052494247010656, -0.5959801102732603, 0.3277262958800275, 0.45520592569473467, -0.522053441568318]
[-0.2039407164462325, -0.3036181185479508, -0.6357469608285078, 0.39322341372341063, 0.4039393391816074, -0.6209704622729073]
[-0.23855358578784228, -0.301986812394836, -0.6755138113837553, 0.4587205315667938, 0.35267275266848, -0.7198874829774967]
[-0.2731664551294521, -0.3003555062417212, -0.7152806619390029, 0.5242176494101769, 0.3014061661553527, -0.8188045036820861]
[-0.3077793244710619, -0.29872420008860645, -0.7550475124942504, 0.5897147672535601, 0.2501395796422254, -0.9177215243866755]
[-0.3423921938126716, -0.29709289393549165, -0.7948143630494978, 0.6552118850969432, 0.19887299312909812, -1.016638545091265]
[-0.3770050631542814, -0.29546158778237686, -0.8345812136047454, 0.7207090029403264, 0.1476064066159708, -1.1155555657958542]
[-0.488161376250813, -0.2840850384561621, -0.8152351082160806, 0.673278199897881, 0.1769775769526423, -1.1823754978522336]
[-0.5993176893473446, -0.27270848912994744, -0.7958890028274157, 0.6258473968554354, 0.2063487472893138, -1.249195429908613]
[-0.7104740024438764, -0.2613319398037327, -0.7765428974387509, 0.5784165938129899, 0.2357199176259853, -1.3160153619649924]
[-0.821630315540408, -0.24995539047751802, -0.7571967920500862, 0.5309857907705445, 0.2650910879626568, -1.3828352940213717]
[-0.9327866286369397, -0.2385788411513033, -0.7378506866614214, 0.4835549877280991, 0.29446225829932826, -1.449655226077751]
[-1.0439429417334714, -0.22720229182508858, -0.7185045812727566, 0.4361241846856536, 0.3238334286359998, -1.5164751581341305]
[-1.1550992548300032, -0.21582574249887387, -0.6991584758840917, 0.38869338164320816, 0.3532045989726713, -1.58329509019051]
[-1.2662555679265346, -0.20444919317265917, -0.679812370495427, 0.3412625786007627, 0.3825757693093428, -1.6501150222468892]
[-1.3774118810230664, -0.19307264384644446, -0.6604662651067622, 0.29383177555831724, 0.41194693964601425, -1.7169349543032688]
[-1.488568194119598, -0.18169609452022972, -0.6411201597180973, 0.24640097251587179, 0.4413181099826858, -1.7837548863596482]
[-1.5997245072161297, -0.17031954519401502, -0.6217740543294326, 0.19897016947342638, 0.47068928031935725, -1.8505748184160276]
[-1.7108808203126613, -0.1589429958678003, -0.6024279489407678, 0.15153936643098087, 0.5000604506560288, -1.917394750472407]
[-1.7742870003007032, -0.13967865765689996, -0.5727128487582087, 0.09948177016394842, 0.5394475041649265, -1.9096074117247972]
[-1.8376931802887453, -0.12041431944599963, -0.5429977485756495, 0.04742417389691597, 0.5788345576738241, -1.9018200729771875]
[-1.9010993602767872, -0.10114998123509929, -0.5132826483930905, -0.0046334223701164955, 0.6182216111827218, -1.8940327342295777]