[-0.2253157724500623, -0.5183496080675027, -0.3608966261128126, -0.0001989827521935439, 0.8803564797296932, -0.2561601514196621]
[-0.23421192836966273, -0.4812976914577954, -0.4437798034808705, -0.08341200285799463, 0.9013899862582063, -0.32425821960567563]
[-0.24310808428926317, -0.444245774848088, -0.5266629808489284, -0.16662502296379572, 0.9224234927867194, -0.3923562877916892]
[-0.2520042402088636, -0.40719385823838067, -0.6095461582169863, -0.24983804306959678, 0.9434569993152326, -0.4604543559777028]
[-0.26090039612846405, -0.3701419416286733, -0.6924293355850442, -0.3330510631753979, 0.9644905058437457, -0.5285524241637163]
[-0.26979655204806446, -0.333090025018966, -0.7753125129531021, -0.41626408328119896, 0.9855240123722588, -0.5966504923497299]
[-0.27869270796766493, -0.2960381084092586, -0.85819569032116, -0.499477103387, 1.006557518900772, -0.6647485605357435]
[-0.28758886388726534, -0.2589861917995513, -0.9410788676892179, -0.5826901234928011, 1.027591025429285, -0.732846628721757]
[-0.2964850198068658, -0.22193427518984393, -1.0239620450572757, -0.6659031435986023, 1.0486245319577983, -0.8009446969077706]
[-0.3053811757264662, -0.18488235858013657, -1.1068452224253336, -0.7491161637044033, 1.0696580384863115, -0.8690427650937841]
[-0.3142773316460667, -0.14783044197042922, -1.1897283997933916, -0.8323291838102044, 1.0906915450148245, -0.9371408332797977]
[-0.3231734875656671, -0.1107785253607218, -1.2726115771614497, -0.9155422039160055, 1.1117250515433377, -1.0052389014658112]
[-0.3320696434852676, -0.0737266087510145, -1.3554947545295075, -0.9987552240218065, 1.1327585580718509, -1.073336969651825]
[-0.340965799404868, -0.036674692141307086, -1.4383779318975654, -1.0819682441276077, 1.1537920646003639, -1.1414350378378384]
[-0.3498619553244684, 0.00037722446840016133, -1.5212611092656232, -1.1651812642334087, 1.174825571128877, -1.209533106023852]
[-0.35875811124406887, 0.037429141078107575, -1.6041442866336812, -1.24839428433921, 1.1958590776573903, -1.2776311742098656]
[-0.36765426716366933, 0.07448105768781488, -1.687027464001739, -1.331607304445011, 1.2168925841859033, -1.345729242395879]
[-0.37655042308326975, 0.11153297429752229, -1.769910641369797, -1.414820324550812, 1.2379260907144165, -1.4138273105818926]
[-0.38544657900287016, 0.1485848909072296, -1.8527938187378548, -1.498033344656613, 1.2589595972429295, -1.481925378767906]
[-0.39434273492247063, 0.185636807516937, -1.9356769961059128, -1.5812463647624142, 1.2799931037714427, -1.5500234469539198]
[-0.45769432902088447, 0.1640369922206983, -1.8447908571537044, -1.4981215681752116, 1.2357217487568475, -1.5522955209151925]
[-0.5210459231192983, 0.1424371769244596, -1.753904718201496, -1.4149967715880087, 1.1914503937422523, -1.5545675948764655]
[-0.584397517217712, 0.12083736162822088, -1.6630185792492878, -1.3318719750008061, 1.147179038727657, -1.5568396688377382]
[-0.6477491113161259, 0.09923754633198219, -1.5721324402970793, -1.2487471784136033, 1.1029076837130618, -1.5591117427990109]
[-0.7111007054145397, 0.07763773103574348, -1.481246301344871, -1.1656223818264007, 1.0586363286984666, -1.5613838167602836]
[-0.7744522995129536, 0.05603791573950476, -1.3903601623926625, -1.082497585239198, 1.0143649736838714, -1.5636558907215565]
[-0.8378038936113674, 0.03443810044326606, -1.299474023440454, -0.9993727886519952, 0.9700936186692762, -1.5659279646828292]
[-0.9011554877097812, 0.012838285147027367, -1.2085878844882458, -0.9162479920647926, 0.925822263654681, -1.568200038644102]
[-0.964507081808195, -0.008761530149211355, -1.1177017455360372, -0.8331231954775898, 0.8815509086400858, -1.5704721126053747]
[-1.0278586759066088, -0.03036134544545005, -1.026815606583829, -0.7499983988903871, 0.8372795536254907, -1.5727441865666476]
[-1.0912102700050228, -0.0519611607416888, -0.9359294676316204, -0.6668736023031843, 0.7930081986108953, -1.5750162605279203]
[-1.1545618641034365, -0.0735609760379275, -0.8450433286794121, -0.5837488057159816, 0.7487368435963002, -1.577288334489193]
[-1.2179134582018505, -0.09516079133416622, -0.7541571897272037, -0.5006240091287788, 0.7044654885817049, -1.5795604084504657]
[-1.281265052300264, -0.11676060663040488, -0.6632710507749955, -0.4174992125415762, 0.6601941335671098, -1.5818324824117387]
[-1.344616646398678, -0.1383604219266436, -0.5723849118227868, -0.33437441595437356, 0.6159227785525144, -1.5841045563730114]
[-1.4079682404970917, -0.15996023722288227, -0.48149877287057863, -0.25124961936717094, 0.5716514235379193, -1.586376630334284]
[-1.4713198345955056, -0.18156005251912105, -0.3906126339183702, -0.1681248227799681, 0.5273800685233241, -1.5886487042955568]
[-1.5346714286939194, -0.20315986781535972, -0.29972649496616177, -0.08500002619276548, 0.48310871350872886, -1.5909207782568298]
[-1.5980230227923333, -0.2247596831115984, -0.20884035601395332, -0.0018752296055627284, 0.4388373584941336, -1.5931928522181025]