[0.18270742662929695, -0.41833071562309243, -0.5922656688696604, 0.0003512864827328599, 1.0118172209026923, 0.151534126125064]
[0.2258693608722162, -0.4491314516920857, -0.643768909004824, -0.06521465443433609, 0.9207253177411979, 0.14293741021573386]
[0.26903129511513546, -0.4799321877610789, -0.6952721491399875, -0.13078059535140504, 0.8296334145797035, 0.13434069430640372]
[0.3121932293580547, -0.5107329238300721, -0.7467753892751511, -0.196346536268474, 0.7385415114182092, 0.12574397839707357]
[0.35535516360097397, -0.5415336598990653, -0.7982786294103146, -0.26191247718554295, 0.6474496082567147, 0.11714726248774342]
[0.39851709784389316, -0.5723343959680586, -0.8497818695454782, -0.3274784181026119, 0.5563577050952204, 0.10855054657841327]
[0.4416790320868124, -0.6031351320370518, -0.9012851096806418, -0.3930443590196809, 0.465265801933726, 0.09995383066908313]
[0.4848409663297316, -0.633935868106045, -0.9527883498158053, -0.4586102999367498, 0.37417389877223173, 0.09135711475975299]
[0.528002900572651, -0.6647366041750382, -1.0042915899509688, -0.5241762408538188, 0.2830819956107372, 0.08276039885042283]
[0.5711648348155701, -0.6955373402440315, -1.0557948300861324, -0.5897421817708878, 0.19199009244924292, 0.07416368294109268]
[0.6143267690584894, -0.7263380763130247, -1.107298070221296, -0.6553081226879567, 0.10089818928774848, 0.06556696703176254]
[0.502453544043279, -0.7071991633304199, -1.0688355303823414, -0.6257185055167072, 0.12222575623068838, -0.021055873996783867]
[0.3905803190280688, -0.6880602503478149, -1.0303729905433867, -0.5961288883454575, 0.1435533231736283, -0.10767871502533027]
[0.2787070940128585, -0.6689213373652101, -0.9919104507044321, -0.566539271174208, 0.1648808901165682, -0.19430155605387664]
[0.16683386899764813, -0.6497824243826051, -0.9534479108654774, -0.5369496540029585, 0.18620845705950811, -0.2809243970824231]
[0.05496064398243783, -0.6306435114000003, -0.9149853710265228, -0.5073600368317088, 0.207536024002448, -0.36754723811096945]
[-0.056912581032772414, -0.6115045984173954, -0.8765228311875681, -0.4777704196604593, 0.22886359094538788, -0.4541700791395158]
[-0.16878580604798277, -0.5923656854347905, -0.8380602913486135, -0.4481808024892098, 0.2501911578883278, -0.5407929201680622]
[-0.2806590310631931, -0.5732267724521856, -0.7995977515096588, -0.4185911853179602, 0.2715187248312677, -0.6274157611966087]
[-0.3925322560784036, -0.5540878594695807, -0.7611352116707042, -0.3890015681467106, 0.2928462917742076, -0.7140386022251551]
[-0.5044054810936137, -0.5349489464869759, -0.7226726718317495, -0.3594119509754611, 0.31417385871714754, -0.8006614432537015]
[-0.6162787061088241, -0.5158100335043709, -0.6842101319927949, -0.3298223338042115, 0.33550142566008745, -0.8872842842822479]
[-0.7281519311240342, -0.4966711205217661, -0.6457475921538403, -0.30023271663296197, 0.3568289926030273, -0.9739071253107942]
[-0.8400251561392448, -0.47753220753916115, -0.6072850523148855, -0.27064309946171233, 0.3781565595459672, -1.0605299663393408]
[-0.9518983811544549, -0.45839329455655625, -0.5688225124759309, -0.2410534822904628, 0.39948412648890713, -1.1471528073678872]
[-1.0637716061696652, -0.4392543815739514, -0.5303599726369763, -0.21146386511921328, 0.42081169343184704, -1.2337756483964335]
[-1.1756448311848757, -0.42011546859134646, -0.49189743279802156, -0.1818742479479637, 0.44213926037478696, -1.32039848942498]
[-1.2875180562000859, -0.4009765556087416, -0.4534348929590669, -0.15228463077671417, 0.46346682731772687, -1.4070213304535264]
[-1.3993912812152964, -0.3818376426261367, -0.41497235312011227, -0.12269501360546453, 0.4847943942606668, -1.493644171482073]
[-1.5112645062305066, -0.36269872964353184, -0.3765098132811576, -0.093105396434215, 0.5061219612036066, -1.5802670125106193]
[-1.6231377312457167, -0.34355981666092694, -0.338047273442203, -0.06351577926296548, 0.5274495281465466, -1.6668898535391656]
[-1.7350109562609273, -0.32442090367832205, -0.29958473360324833, -0.03392616209171584, 0.5487770950894865, -1.7535126945677122]
[-1.8468841812761374, -0.30528199069571715, -0.2611221937642937, -0.004336544920466276, 0.5701046620324264, -1.8401355355962585]