[-0.06777854070371081, -0.7126651359150706, -0.14246964729714762, -4.9078869248653234e-05, 0.8568413476953918, -0.0986468161693157]
[-0.13543876847733094, -0.6812247177157124, -0.22944808234163272, 0.07167976683288863, 0.8660261216422648, -0.07222959230811127]
[-0.2030989962509511, -0.6497842995163541, -0.3164265173861178, 0.1434086125350259, 0.8752108955891377, -0.04581236844690684]
[-0.27075922402457125, -0.6183438813169959, -0.40340495243060287, 0.21513745823716318, 0.8843956695360107, -0.019395144585702406]
[-0.3384194517981914, -0.5869034631176376, -0.490383387475088, 0.28686630393930046, 0.8935804434828836, 0.0070220792755020245]
[-0.4060796795718115, -0.5554630449182794, -0.5773618225195731, 0.35859514964143774, 0.9027652174297566, 0.033439303136706455]
[-0.4737399073454317, -0.5240226267189212, -0.6643402575640581, 0.430323995343575, 0.9119499913766296, 0.059856526997910886]
[-0.5414001351190518, -0.4925822085195629, -0.7513186926085432, 0.5020528410457124, 0.9211347653235025, 0.08627375085911532]
[-0.609060362892672, -0.46114179032020464, -0.8382971276530283, 0.5737816867478496, 0.9303195392703755, 0.11269097472031973]
[-0.6941380508145072, -0.45311585477037447, -0.8186618420767194, 0.5258335689551655, 0.9337857664852814, -0.03218061495025461]
[-0.7792157387363424, -0.4450899192205443, -0.7990265565004107, 0.4778854511624816, 0.9372519937001874, -0.17705220462082893]
[-0.8642934266581777, -0.43706398367071414, -0.7793912709241018, 0.42993733336979756, 0.9407182209150934, -0.3219237942914033]
[-0.9493711145800129, -0.429038048120884, -0.7597559853477929, 0.38198921557711357, 0.9441844481299994, -0.4667953839619776]
[-1.0344488025018481, -0.42101211257105375, -0.740120699771484, 0.33404109778442953, 0.9476506753449053, -0.611666973632552]
[-1.1195264904236835, -0.41298617702122364, -0.7204854141951751, 0.28609297999174554, 0.9511169025598113, -0.7565385633031263]
[-1.2046041783455186, -0.4049602414713934, -0.7008501286188663, 0.2381448621990615, 0.9545831297747173, -0.9014101529737006]
[-1.2896818662673537, -0.3969343059215633, -0.6812148430425574, 0.19019674440637757, 0.9580493569896232, -1.046281742644275]
[-1.374759554189189, -0.3889083703717331, -0.6615795574662485, 0.14224862661369353, 0.9615155842045292, -1.1911533323148493]
[-1.4598372421110244, -0.3808824348219029, -0.6419442718899397, 0.09430050882100949, 0.9649818114194352, -1.3360249219854237]
[-1.5449149300328595, -0.37285649927207276, -0.6223089863136309, 0.04635239102832556, 0.9684480386343411, -1.480896511655998]
[-1.6299926179546949, -0.3648305637222426, -0.602673700737322, -0.001595726764358448, 0.9719142658492471, -1.6257681013265723]