[0.1815639037828065, -0.9155658350260412, -0.3002870716993389, 0.00026753100104848215, 1.2169221574541877, 0.1502323146402036]
[0.13507935414956057, -0.884605374140877, -0.3545002814726601, 0.019840100873067763, 1.1499041891516362, 0.20448266114144378]
[0.08859480451631466, -0.8536449132557129, -0.40871349124598133, 0.039412670745087044, 1.0828862208490846, 0.258733007642684]
[0.042110254883068715, -0.8226844523705488, -0.46292670101930256, 0.05898524061710633, 1.015868252546533, 0.3129833541439242]
[-0.08858652706163406, -0.8072896362505128, -0.4569631746063594, 0.05506405376550821, 1.0117104495552178, 0.16569961936410427]
[-0.21928330900633683, -0.7918948201304769, -0.4509996481934162, 0.05114286691391009, 1.0075526465639029, 0.018415884584284337]
[-0.34998009095103955, -0.7765000040104408, -0.4450361217804731, 0.04722168006231196, 1.0033948435725877, -0.1288678501955356]
[-0.48067687289574235, -0.7611051878904049, -0.4390725953675299, 0.043300493210713845, 0.9992370405812727, -0.2761515849753555]
[-0.611373654840445, -0.7457103717703689, -0.43310906895458673, 0.03937930635911572, 0.9950792375899576, -0.42343531975517545]
[-0.7420704367851478, -0.730315555650333, -0.42714554254164355, 0.035458119507517594, 0.9909214345986426, -0.5707190545349954]
[-0.8727672187298506, -0.714920739530297, -0.4211820161287004, 0.031536932655919475, 0.9867636316073275, -0.7180027893148153]
[-1.0034640006745534, -0.6995259234102611, -0.41521848971575726, 0.02761574580432135, 0.9826058286160124, -0.8652865240946352]
[-1.1341607826192561, -0.6841311072902251, -0.4092549633028141, 0.02369455895272323, 0.9784480256246972, -1.0125702588744552]
[-1.2648575645639588, -0.6687362911701892, -0.4032914368898709, 0.019773372101125106, 0.9742902226333822, -1.159853993654275]
[-1.3955543465086615, -0.6533414750501532, -0.3973279104769277, 0.015852185249526987, 0.9701324196420671, -1.3071377284340948]
[-1.5262511284533644, -0.6379466589301173, -0.39136438406398455, 0.011930998397928855, 0.965974616650752, -1.454421463213915]
[-1.6569479103980673, -0.6225518428100812, -0.3854008576510414, 0.008009811546330736, 0.9618168136594369, -1.601705197993735]
[-1.78764469234277, -0.6071570266900452, -0.37943733123809825, 0.004088624694732611, 0.9576590106681219, -1.7489889327735548]
[-1.9183414742874727, -0.5917622105700093, -0.3734738048251551, 0.00016743784313449136, 0.9535012076768068, -1.896272667553375]
[-1.9264523374794447, -0.5945844693113438, -0.36475029799407355, -0.003185930725044067, 0.962961829429526, -1.921226347855624]