[0.2200042385471459, -0.8240532174205892, -0.2910223790256419, 0.0004306893720906757, 1.1162148229823368, 0.18897608350743766]
[0.16138608301346555, -0.750385135365437, -0.3805398181655549, -0.0401077528870142, 1.0880539343834805, 0.17330738266614104]
[0.10276792747978518, -0.6767170533102849, -0.4700572573054679, -0.08064619514611908, 1.0598930457846243, 0.15763868182484442]
[0.04414977194610481, -0.6030489712551326, -0.5595746964453808, -0.12118463740522396, 1.031732157185768, 0.14196998098354777]
[-0.014468383587575545, -0.5293808891999804, -0.6490921355852939, -0.16172307966432883, 1.0035712685869118, 0.12630128014225114]
[-0.07308653912125596, -0.4557128071448281, -0.7386095747252068, -0.20226152192343375, 0.9754103799880555, 0.11063257930095449]
[-0.13170469465493628, -0.3820447250896759, -0.8281270138651198, -0.2427999641825386, 0.9472494913891992, 0.09496387845965787]
[-0.19032285018861667, -0.3083766430345237, -0.9176444530050328, -0.2833384064416435, 0.9190886027903429, 0.07929517761836123]
[-0.248941005722297, -0.23470856097937154, -1.007161892144946, -0.32387684870074834, 0.8909277141914866, 0.06362647677706462]
[-0.30755916125597743, -0.16104047892421922, -1.0966793312848588, -0.36441529095985326, 0.8627668255926304, 0.04795777593576798]
[-0.4054817668490415, -0.17310035263280066, -1.056746627197416, -0.3385143224316985, 0.8633899534558429, -0.07506734850059654]
[-0.5034043724421056, -0.1851602263413821, -1.016813923109973, -0.3126133539035438, 0.8640130813190554, -0.19809247293696108]
[-0.6013269780351698, -0.19722010004996354, -0.9768812190225302, -0.286712385375389, 0.8646362091822679, -0.32111759737332557]
[-0.6992495836282338, -0.20927997375854498, -0.9369485149350874, -0.26081141684723425, 0.8652593370454804, -0.4441427218096901]
[-0.797172189221298, -0.22133984746712643, -0.8970158108476445, -0.2349104483190795, 0.8658824649086929, -0.5671678462460547]
[-0.8950947948143619, -0.2333997211757079, -0.8570831067602016, -0.20900947979092477, 0.8665055927719054, -0.6901929706824191]
[-0.9930174004074261, -0.2454595948842893, -0.8171504026727587, -0.18310851126277, 0.8671287206351179, -0.8132180951187837]
[-1.0909400060004901, -0.2575194685928708, -0.7772176985853159, -0.15720754273461526, 0.8677518484983304, -0.9362432195551482]
[-1.1888626115935543, -0.2695793423014522, -0.7372849944978729, -0.1313065742064605, 0.8683749763615429, -1.059268343991513]
[-1.2867852171866183, -0.28163921601003367, -0.69735229041043, -0.10540560567830576, 0.8689981042247554, -1.1822934684278774]
[-1.3847078227796823, -0.29369908971861514, -0.6574195863229872, -0.07950463715015099, 0.8696212320879679, -1.305318592864242]
[-1.4826304283727465, -0.30575896342719655, -0.6174868822355444, -0.05360366862199628, 0.8702443599511804, -1.4283437173006064]
[-1.5805530339658107, -0.31781883713577797, -0.5775541781481014, -0.027702700093841515, 0.8708674878143929, -1.551368841736971]
[-1.6784756395588747, -0.32987871084435944, -0.5376214740606585, -0.0018017315656867312, 0.8714906156776054, -1.6743939661733356]