[-0.19618887323462086, -0.45070780659683063, -0.2147388802967667, -0.00014208572425022936, 0.6665906533310624, -0.22713363614217563]
[-0.19381575397300668, -0.496906288553582, -0.2857592810593233, -0.01842527591868115, 0.5912164181624314, -0.22881769933614313]
[-0.1914426347113925, -0.5431047705103333, -0.3567796818218799, -0.03670846611311207, 0.5158421829938006, -0.23050176253011065]
[-0.18906951544977832, -0.5893032524670847, -0.4278000825844365, -0.05499165630754299, 0.4404679478251696, -0.23218582572407814]
[-0.3135577761212967, -0.5865057848634165, -0.4541853467017109, -0.057875249980586664, 0.4360688235636226, -0.3542646661487137]
[-0.43804603679281506, -0.5837083172597485, -0.4805706108189853, -0.06075884365363034, 0.43166969930207555, -0.4763435065733493]
[-0.5625342974643335, -0.5809108496560803, -0.5069558749362597, -0.06364243732667402, 0.4272705750405285, -0.5984223469979848]
[-0.6870225581358519, -0.5781133820524121, -0.5333411390535341, -0.06652603099971768, 0.42287145077898153, -0.7205011874226204]
[-0.8115108188073703, -0.575315914448744, -0.5597264031708085, -0.06940962467276136, 0.4184723265174345, -0.8425800278472559]
[-0.9359990794788887, -0.5725184468450759, -0.5861116672880828, -0.07229321834580503, 0.41407320225588745, -0.9646588682718915]
[-1.0604873401504071, -0.5697209792414077, -0.6124969314053572, -0.07517681201884871, 0.4096740779943404, -1.086737708696527]
[-1.1509187418577018, -0.5363258124312131, -0.5830451462973194, -0.06480925938019957, 0.45777344738632186, -1.1726921939977664]
[-1.2413501435649963, -0.5029306456210185, -0.5535933611892816, -0.05444170674155045, 0.5058728167783033, -1.2586466792990056]
[-1.331781545272291, -0.46953547881082397, -0.5241415760812437, -0.044074154102901324, 0.5539721861702848, -1.3446011646002451]
[-1.4222129469795857, -0.4361403120006294, -0.49468979097320587, -0.033706601464252195, 0.6020715555622662, -1.4305556499014844]
[-1.5126443486868801, -0.4027451451904348, -0.46523800586516806, -0.02333904882560306, 0.6501709249542477, -1.516510135202724]
[-1.6030757503941748, -0.3693499783802402, -0.43578622075713025, -0.012971496186953937, 0.6982702943462291, -1.6024646205039632]
[-1.6935071521014695, -0.3359548115700456, -0.4063344356490924, -0.0026039435483048074, 0.7463696637382106, -1.6884191058052025]