[0.19535575254066728, -0.5008992364988902, -0.45760185073302306, 0.0002961980001598974, 0.9594825313586677, 0.1640107435280722]
[0.09457759190861556, -0.4927649319032629, -0.4885459550903245, 0.06989524954116072, 0.9849332668672645, 0.0940093928212524]
[-0.006200568723436162, -0.4846306273076356, -0.5194900594476259, 0.13949430108216154, 1.0103840023758612, 0.024008042114432582]
[-0.10697872935548791, -0.47649632271200826, -0.5504341638049275, 0.20909335262316237, 1.0358347378844581, -0.04599330859238723]
[-0.2077568899875396, -0.46836201811638095, -0.5813782681622289, 0.2786924041641632, 1.0612854733930548, -0.11599465929920705]
[-0.3085350506195913, -0.46022771352075365, -0.6123223725195304, 0.348291455705164, 1.0867362089016517, -0.18599601000602684]
[-0.4093132112516431, -0.4520934089251263, -0.6432664768768319, 0.41789050724616483, 1.1121869444102486, -0.2559973607128467]
[-0.5100913718836948, -0.443959104329499, -0.6742105812341334, 0.48748955878716566, 1.1376376799188452, -0.3259987114196665]
[-0.6108695325157465, -0.43582479973387167, -0.7051546855914348, 0.5570886103281665, 1.1630884154274421, -0.3960000621264863]
[-0.7116476931477982, -0.42769049513824436, -0.7360987899487362, 0.6266876618691672, 1.188539150936039, -0.4660014128333061]
[-0.8124258537798499, -0.41955619054261706, -0.7670428943060377, 0.6962867134101681, 1.2139898864446357, -0.5360027635401259]
[-0.9132040144119016, -0.4114218859469897, -0.7979869986633392, 0.765885764951169, 1.2394406219532326, -0.6060041142469458]
[-1.0139821750439535, -0.4032875813513624, -0.8289311030206407, 0.8354848164921698, 1.2648913574618295, -0.6760054649537656]
[-1.1147603356760052, -0.3951532767557351, -0.8598752073779421, 0.9050838680331705, 1.2903420929704261, -0.7460068156605854]
[-1.2155384963080569, -0.3870189721601077, -0.8908193117352436, 0.9746829195741714, 1.315792828479023, -0.8160081663674053]
[-1.3163166569401086, -0.3788846675644804, -0.9217634160925451, 1.0442819711151723, 1.3412435639876197, -0.886009517074225]
[-1.4170948175721603, -0.3707503629688531, -0.9527075204498465, 1.113881022656173, 1.3666942994962166, -0.9560108677810449]
[-1.4435456832159559, -0.3683217646935794, -0.9027683305501705, 1.0208272041420305, 1.3110664584318459, -1.0204249151176872]
[-1.4699965488597515, -0.3658931664183057, -0.8528291406504944, 0.9277733856278882, 1.255438617367475, -1.0848389624543295]
[-1.496447414503547, -0.3634645681430321, -0.8028899507508185, 0.8347195671137458, 1.1998107763031043, -1.1492530097909717]
[-1.5228982801473425, -0.3610359698677584, -0.7529507608511424, 0.7416657485996034, 1.1441829352387336, -1.2136670571276138]
[-1.5493491457911381, -0.3586073715924847, -0.7030115709514664, 0.648611930085461, 1.0885550941743627, -1.2780811044642562]
[-1.5758000114349335, -0.35617877331721104, -0.6530723810517903, 0.5555581115713186, 1.032927253109992, -1.3424951518008985]
[-1.6022508770787292, -0.35375017504193734, -0.6031331911521143, 0.4625042930571762, 0.9772994120456212, -1.4069091991375409]
[-1.6287017427225248, -0.35132157676666365, -0.5531940012524383, 0.3694504745430338, 0.9216715709812505, -1.4713232464741828]
[-1.6551526083663204, -0.34889297849138995, -0.5032548113527622, 0.2763966560288914, 0.8660437299168797, -1.5357372938108251]
[-1.681603474010116, -0.34646438021611625, -0.4533156214530862, 0.183342837514749, 0.8104158888525089, -1.6001513411474675]
[-1.7080543396539114, -0.3440357819408426, -0.4033764315534102, 0.09028901900060671, 0.7547880477881382, -1.6645653884841098]
[-1.734505205297707, -0.3416071836655689, -0.3534372416537342, -0.002764799513535772, 0.6991602067237674, -1.728979435820752]