[-0.20247199551463257, -0.3616162037995636, -0.4814271007587525, -0.00014960678213515877, 0.8442389549355349, -0.23348423696102305]
[-0.24883512500748237, -0.42092793481445595, -0.4961871007545558, -0.03368730110469272, 0.7579993673779738, -0.17587943668799783]
[-0.29519825450033216, -0.48023966582934824, -0.5109471007503591, -0.06722499542725029, 0.6717597798204127, -0.11827463641497257]
[-0.3415613839931819, -0.5395513968442406, -0.5257071007461623, -0.10076268974980786, 0.5855201922628517, -0.06066983614194732]
[-0.38792451348603174, -0.5988631278591329, -0.5404671007419656, -0.13430038407236541, 0.49928060470529056, -0.0030650358689220947]
[-0.43428764297888156, -0.6581748588740253, -0.5552271007377689, -0.16783807839492298, 0.4130410171477294, 0.054539764404103186]
[-0.4806507724717313, -0.7174865898889176, -0.5699871007335722, -0.20137577271748056, 0.32680142959016834, 0.11214456467712841]
[-0.5270139019645812, -0.7767983209038098, -0.5847471007293754, -0.23491346704003813, 0.24056184203260722, 0.1697493649501537]
[-0.5733770314574309, -0.8361100519187021, -0.5995071007251788, -0.26845116136259567, 0.15432225447504622, 0.22735416522317886]
[-0.6197401609502807, -0.8954217829335945, -0.614267100720982, -0.30198885568515327, 0.06808266691748499, 0.28495896549620414]
[-0.6661032904431305, -0.9547335139484869, -0.6290271007167854, -0.3355265500077108, -0.018156920640076124, 0.3425637657692294]
[-0.7124664199359803, -1.0140452449633792, -0.6437871007125886, -0.36906424433026835, -0.10439650819763713, 0.4001685660422546]
[-0.7588295494288301, -1.0733569759782715, -0.6585471007083918, -0.40260193865282595, -0.19063609575519824, 0.4577733663152799]
[-0.820216928268899, -1.0227574520061256, -0.6528039555874813, -0.38272530844649516, -0.15067813709310024, 0.3359196340883331]
[-0.8816043071089679, -0.9721579280339796, -0.6470608104665707, -0.36284867824016437, -0.11072017843100224, 0.2140659018613863]
[-0.9429916859490368, -0.9215584040618336, -0.6413176653456601, -0.3429720480338336, -0.07076221976890423, 0.09221216963443957]
[-1.0043790647891058, -0.8709588800896876, -0.6355745202247495, -0.3230954178275028, -0.03080426110680623, -0.029641562592507276]
[-1.0657664436291747, -0.8203593561175416, -0.6298313751038389, -0.30321878762117205, 0.009153697555291773, -0.151495294819454]
[-1.1271538224692434, -0.7697598321453957, -0.6240882299829283, -0.28334215741484126, 0.049111656217389776, -0.27334902704640074]
[-1.1885412013093124, -0.7191603081732497, -0.6183450848620178, -0.26346552720851046, 0.08906961487948778, -0.39520275927334747]
[-1.2499285801493814, -0.6685607842011037, -0.6126019397411072, -0.24358889700217964, 0.12902757354158578, -0.5170564915002944]
[-1.3113159589894503, -0.6179612602289577, -0.6068587946201967, -0.22371226679584888, 0.16898553220368379, -0.638910223727241]
[-1.372703337829519, -0.5673617362568117, -0.601115649499286, -0.2038356365895181, 0.2089434908657818, -0.7607639559541879]
[-1.434090716669588, -0.5167622122846657, -0.5953725043783754, -0.1839590063831873, 0.24890144952787985, -0.8826176881811347]
[-1.495478095509657, -0.46616268831251984, -0.5896293592574648, -0.16408237617685653, 0.2888594081899778, -1.0044714204080814]
[-1.5568654743497259, -0.41556316434037377, -0.5838862141365543, -0.1442057459705257, 0.32881736685207585, -1.1263251526350282]
[-1.6182528531897948, -0.3649636403682279, -0.5781430690156437, -0.12432911576419498, 0.3687753255141738, -1.2481788848619748]
[-1.6796402320298638, -0.31436411639608186, -0.5723999238947332, -0.10445248555786418, 0.40873328417627186, -1.3700326170889219]
[-1.7410276108699327, -0.2637645924239358, -0.5666567787738226, -0.08457585535153334, 0.4486912428383698, -1.4918863493158687]
[-1.8024149897100012, -0.21316506845178995, -0.5609136336529119, -0.0646992251452026, 0.48864920150046776, -1.6137400815428151]
[-1.8638023685500706, -0.1625655444796439, -0.5551704885320013, -0.04482259493887181, 0.5286071601625658, -1.735593813769762]
[-1.9251897473901391, -0.11196602050749804, -0.5494273434110908, -0.024945964732541015, 0.5685651188246638, -1.8574475459967088]
[-1.986577126230208, -0.06136649653535196, -0.5436841982901802, -0.005069334526210198, 0.6085230774867618, -1.9793012782236556]