[0.05019198624629606, -0.4169603961815902, -0.17381716766498911, 0.0002843917163728449, 0.5919700755722737, 0.019031976264536787]
[0.021315888950405662, -0.37887610737467387, -0.22404080518490005, -0.017823100020015664, 0.5329793872384125, -0.08343541125477227]
[-0.007560208345484737, -0.34079181856775753, -0.274264442704811, -0.03593059175640417, 0.47398869890455153, -0.18590279877408133]
[-0.036436305641375136, -0.3027075297608412, -0.32448808022472186, -0.05403808349279268, 0.41499801057069047, -0.2883701862933904]
[-0.06531240293726553, -0.26462324095392487, -0.37471171774463286, -0.07214557522918119, 0.3560073222368294, -0.39083757381269946]
[-0.09418850023315595, -0.22653895214700853, -0.42493535526454373, -0.0902530669655697, 0.29701663390296834, -0.4933049613320085]
[-0.12306459752904633, -0.1884546633400922, -0.47515899278445467, -0.10836055870195821, 0.23802594556910728, -0.5957723488513176]
[-0.15194069482493672, -0.15037037453317587, -0.5253826303043656, -0.12646805043834672, 0.17903525723524621, -0.6982397363706266]
[-0.18081679212082713, -0.11228608572625953, -0.5756062678242766, -0.14457554217473523, 0.12004456890138515, -0.8007071238899357]
[-0.20969288941671754, -0.0742017969193432, -0.6258299053441875, -0.16268303391112374, 0.06105388056752403, -0.9031745114092448]
[-0.23856898671260796, -0.036117508112426866, -0.6760535428640984, -0.18079052564751225, 0.002063192233663025, -1.0056418989285538]
[-0.2674450840084983, 0.0019667806944894672, -0.7262771803840093, -0.19889801738390075, -0.05692749610019798, -1.108109286447863]
[-0.2963211813043887, 0.0400510695014058, -0.7765008179039202, -0.21700550912028926, -0.1159181844340591, -1.210576673967172]
[-0.32519727860027914, 0.07813535830832213, -0.8267244554238312, -0.23511300085667777, -0.17490887276792022, -1.313044061486481]
[-0.3540733758961695, 0.11621964711523847, -0.8769480929437421, -0.2532204925930663, -0.23389956110178123, -1.41551144900579]
[-0.3829494731920599, 0.15430393592215474, -0.9271717304636531, -0.2713279843294548, -0.29289024943564224, -1.5179788365250992]
[-0.4118255704879503, 0.1923882247290712, -0.977395367983564, -0.2894354760658433, -0.35188093776950335, -1.6204462240444082]
[-0.5014409343068479, 0.14493636651840625, -0.9392299491173662, -0.27225909322719, -0.27436238442968236, -1.6370978486736916]
[-0.5910562981257454, 0.09748450830774132, -0.9010645302511686, -0.25508271038853675, -0.19684383108986134, -1.653749473302975]
[-0.6806716619446429, 0.05003265009707639, -0.8628991113849709, -0.23790632754988345, -0.11932527775004034, -1.6704010979322585]
[-0.7702870257635406, 0.002580791886411443, -0.8247336925187732, -0.22072994471123017, -0.04180672441021932, -1.687052722561542]
[-0.859902389582438, -0.04487106632425347, -0.7865682736525755, -0.2035535618725769, 0.035711828929601674, -1.7037043471908253]
[-0.9495177534013356, -0.09232292453491842, -0.7484028547863779, -0.18637717903392362, 0.11323038226942267, -1.7203559718201087]
[-1.0391331172202332, -0.1397747827455833, -0.7102374359201802, -0.16920079619527034, 0.19074893560924366, -1.737007596449392]
[-1.1287484810391306, -0.1872266409562483, -0.6720720170539825, -0.15202441335661704, 0.2682674889490647, -1.7536592210786757]
[-1.218363844858028, -0.2346784991669132, -0.6339065981877847, -0.13484803051796376, 0.34578604228888576, -1.770310845707959]
[-1.3079792086769257, -0.28213035737757813, -0.5957411793215871, -0.11767164767931047, 0.4233045956287067, -1.7869624703372424]
[-1.3467880366988187, -0.3295875443269587, -0.5476969389006063, -0.0983191087013574, 0.49921069347219693, -1.74522287291873]
[-1.3855968647207115, -0.37704473127633925, -0.49965269847962557, -0.07896656972340435, 0.5751167913156872, -1.7034832755002176]
[-1.4244056927426043, -0.4245019182257198, -0.4516084580586448, -0.05961403074545128, 0.6510228891591774, -1.6617436780817054]
[-1.4632145207644973, -0.4719591051751004, -0.40356421763766404, -0.04026149176749823, 0.7269289870026676, -1.620004080663193]
[-1.5020233487863903, -0.5194162921244809, -0.35551997721668327, -0.020908952789545146, 0.8028350848461578, -1.5782644832446806]
[-1.540832176808283, -0.5668734790738615, -0.3074757367957025, -0.0015564138115920952, 0.8787411826896481, -1.5365248858261682]