[0.08548009152053115, -0.5260982913131151, -0.2794848187281982, 0.00017378171285198363, 0.8063879862487138, 0.0540280400744626]
[0.021497819454980707, -0.48970098162995207, -0.36889467595254904, -0.028564202843001898, 0.8387472211261932, 0.10795943737649788]
[-0.04248445261056974, -0.453303671946789, -0.4583045331768999, -0.05730218739885578, 0.8711064560036724, 0.16189083467853316]
[-0.1064667246761202, -0.4169063622636259, -0.5477143904012507, -0.08604017195470966, 0.9034656908811518, 0.2158222319805684]
[-0.17044899674167063, -0.3805090525804628, -0.6371242476256016, -0.11477815651056354, 0.9358249257586311, 0.2697536292826037]
[-0.23443126880722115, -0.3441117428972997, -0.7265341048499525, -0.14351614106641744, 0.9681841606361106, 0.323685026584639]
[-0.29841354087277155, -0.3077144332141366, -0.8159439620743033, -0.1722541256222713, 1.0005433955135898, 0.3776164238866742]
[-0.362395812938322, -0.27131712353097354, -0.9053538192986542, -0.20099211017812518, 1.032902630391069, 0.4315478211887095]
[-0.4263780850038724, -0.23491981384781047, -0.994763676523005, -0.22973009473397907, 1.0652618652685484, 0.48547921849074477]
[-0.49036035706942294, -0.19852250416464737, -1.084173533747356, -0.25846807928983295, 1.0976211001460279, 0.53941061579278]
[-0.5750670741793402, -0.20620493438647325, -1.0538770105622313, -0.24015008651789968, 1.0885186848924735, 0.3814726146605633]
[-0.6597737912892574, -0.21388736460829916, -1.0235804873771068, -0.22183209374596638, 1.0794162696389193, 0.22353461352834658]
[-0.7444805083991746, -0.22156979483012507, -0.9932839641919823, -0.2035141009740331, 1.070313854385365, 0.06559661239612985]
[-0.8291872255090919, -0.22925222505195095, -0.9629874410068577, -0.1851961082020998, 1.0612114391318108, -0.09234138873608688]
[-0.9138939426190091, -0.23693465527377683, -0.9326909178217331, -0.16687811543016653, 1.0521090238782564, -0.25027938986830367]
[-0.9986006597289263, -0.24461708549560274, -0.9023943946366085, -0.14856012265823326, 1.0430066086247023, -0.40821739100052035]
[-1.0833073768388437, -0.25229951571742865, -0.872097871451484, -0.13024212988629996, 1.033904193371148, -0.5661553921327371]
[-1.1680140939487607, -0.2599819459392545, -0.8418013482663594, -0.11192413711436669, 1.0248017781175935, -0.7240933932649538]
[-1.252720811058678, -0.2676643761610804, -0.8115048250812349, -0.09360614434243339, 1.0156993628640394, -0.8820313943971707]
[-1.3374275281685954, -0.2753468063829063, -0.7812083018961102, -0.07528815157050012, 1.006596947610485, -1.0399693955293874]
[-1.4221342452785124, -0.2830292366047322, -0.7509117787109858, -0.05697015879856682, 0.9974945323569309, -1.197907396661604]
[-1.5068409623884298, -0.29071166682655813, -0.7206152555258611, -0.038652166026633544, 0.9883921171033765, -1.3558453977938207]
[-1.5915476794983472, -0.298394097048384, -0.6903187323407366, -0.020334173254700244, 0.9792897018498222, -1.5137833989260376]
[-1.6762543966082641, -0.3060765272702099, -0.660022209155612, -0.0020161804827669573, 0.970187286596268, -1.6717214000582543]