[0.18993427085419778, 0.042260661865345384, -0.6335278237092279, -5.367201977257707e-05, 0.5927425952303054, 0.1592468698113647]
[0.07821268728643622, -0.0022575544442845694, -0.6415364307842469, 0.009269329911494331, 0.5673132491294545, 0.06829278864777533]
[-0.033508896281325334, -0.04677577075391452, -0.6495450378592661, 0.01859233184276124, 0.5418839030286036, -0.022661292515814058]
[-0.14523047984908688, -0.0912939870635445, -0.6575536449342851, 0.02791533377402815, 0.5164545569277526, -0.11361537367940344]
[-0.25695206341684845, -0.13581220337317443, -0.6655622520093043, 0.037238335705295056, 0.49102521082690165, -0.20456945484299283]
[-0.3686736469846099, -0.1803304196828044, -0.6735708590843233, 0.046561337636561964, 0.46559586472605075, -0.2955235360065822]
[-0.48039523055237154, -0.22484863599243438, -0.6815794661593424, 0.05588433956782888, 0.44016651862519973, -0.3864776171701716]
[-0.5921168141201331, -0.2693668523020643, -0.6895880732343616, 0.0652073414990958, 0.41473717252434883, -0.477431698333761]
[-0.7038383976878947, -0.31388506861169424, -0.6975966803093806, 0.07453034343036269, 0.3893078264234979, -0.5683857794973504]
[-0.8155599812556562, -0.3584032849213242, -0.7056052873843998, 0.0838533453616296, 0.363878480322647, -0.6593398606609397]
[-0.9272815648234176, -0.40292150123095416, -0.7136138944594188, 0.0931763472928965, 0.33844913422179607, -0.7502939418245291]
[-1.0390031483911792, -0.4474397175405841, -0.7216225015344379, 0.10249934922416341, 0.3130197881209451, -0.8412480229881185]
[-1.1507247319589409, -0.49195793385021414, -0.729631108609457, 0.11182235115543034, 0.28759044202009415, -0.9322021041517079]
[-1.2624463155267025, -0.5364761501598441, -0.7376397156844761, 0.12114535308669724, 0.26216109591924325, -1.0231561853152973]
[-1.374167899094464, -0.580994366469474, -0.7456483227594952, 0.13046835501796417, 0.2367317498183923, -1.1141102664788867]
[-1.4858894826622255, -0.6255125827791039, -0.7536569298345143, 0.13979135694923106, 0.2113024037175414, -1.205064347642476]
[-1.5400784901104005, -0.5885822848392742, -0.7368271341327376, 0.12386251203729395, 0.2876833876785998, -1.289868448044134]
[-1.5942674975585758, -0.5516519868994445, -0.719997338430961, 0.10793366712535686, 0.36406437163965816, -1.3746725484457918]
[-1.6484565050067508, -0.5147216889596148, -0.7031675427291844, 0.09200482221341977, 0.4404453556007165, -1.4594766488474495]
[-1.7026455124549258, -0.4777913910197851, -0.6863377470274077, 0.07607597730148266, 0.5168263395617749, -1.5442807492491075]
[-1.756834519903101, -0.4408610930799554, -0.6695079513256311, 0.060147132389545555, 0.5932073235228333, -1.6290848496507655]
[-1.811023527351276, -0.40393079514012575, -0.6526781556238545, 0.04421828747760846, 0.6695883074838918, -1.7138889500524233]
[-1.865212534799451, -0.367000497200296, -0.6358483599220778, 0.028289442565671355, 0.7459692914449502, -1.7986930504540812]
[-1.919401542247626, -0.3300701992604663, -0.6190185642203012, 0.012360597653734262, 0.8223502754060085, -1.8834971508557392]
[-1.9735905496958013, -0.2931399013206366, -0.6021887685185245, -0.0035682472582028502, 0.8987312593670669, -1.968301251257397]