[-0.20140912745139516, -0.6498930744555196, -0.36540356064336166, -0.0005811486378863862, 1.0166719395326789, -0.23177073092861988]
[-0.21815741252401427, -0.6298783126234564, -0.4357524740376738, -0.05569288819525401, 0.9509998700374982, -0.30408868443758985]
[-0.23490569759663335, -0.6098635507913932, -0.506101387431986, -0.11080462775262163, 0.8853278005423175, -0.3764066379465598]
[-0.25165398266925243, -0.58984878895933, -0.5764503008262982, -0.16591636730998924, 0.8196557310471368, -0.4487245914555298]
[-0.26840226774187154, -0.5698340271272668, -0.6467992142206104, -0.22102810686735688, 0.7539836615519562, -0.5210425449644998]
[-0.28515055281449064, -0.5498192652952036, -0.7171481276149225, -0.2761398464247245, 0.6883115920567755, -0.5933604984734697]
[-0.3018988378871097, -0.5298045034631405, -0.7874970410092348, -0.3312515859820921, 0.6226395225615948, -0.6656784519824397]
[-0.3186471229597288, -0.5097897416310773, -0.8578459544035469, -0.38636332553945973, 0.5569674530664142, -0.7379964054914097]
[-0.3353954080323479, -0.4897749797990141, -0.9281948677978591, -0.4414750650968274, 0.49129538357123337, -0.8103143590003796]
[-0.35214369310496696, -0.4697602179669509, -0.9985437811921714, -0.49658680465419497, 0.4256233140760527, -0.8826323125093496]
[-0.36889197817758607, -0.44974545613488776, -1.0688926945864834, -0.5516985442115626, 0.359951244580872, -0.9549502660183196]
[-0.3856402632502052, -0.42973069430282457, -1.1392416079807957, -0.6068102837689302, 0.29427917508569135, -1.0272682195272895]
[-0.49229831337673285, -0.4170418631461117, -1.1014563585716084, -0.5603415662989232, 0.3421742739177437, -1.0841833341588858]
[-0.5989563635032605, -0.4043530319893988, -1.0636711091624214, -0.5138728488289162, 0.39006937274979603, -1.141098448790482]
[-0.7056144136297882, -0.39166420083268594, -1.025885859753234, -0.46740413135890907, 0.43796447158184837, -1.1980135634220783]
[-0.8122724637563159, -0.37897536967597306, -0.988100610344047, -0.420935413888902, 0.4858595704139007, -1.2549286780536746]
[-0.9189305138828435, -0.3662865385192602, -0.9503153609348598, -0.37446669641889496, 0.533754669245953, -1.3118437926852708]
[-1.0255885640093712, -0.35359770736254736, -0.9125301115256725, -0.32799797894888794, 0.5816497680780053, -1.3687589073168671]
[-1.1322466141358989, -0.34090887620583443, -0.8747448621164855, -0.2815292614788809, 0.6295448669100576, -1.4256740219484634]
[-1.2389046642624266, -0.3282200450491216, -0.8369596127072982, -0.23506054400887383, 0.67743996574211, -1.4825891365800596]
[-1.3455627143889541, -0.31553121389240874, -0.7991743632981111, -0.1885918265388668, 0.7253350645741623, -1.539504251211656]
[-1.4522207645154819, -0.30284238273569586, -0.7613891138889239, -0.14212310906885972, 0.7732301634062146, -1.5964193658432522]
[-1.5588788146420096, -0.290153551578983, -0.7236038644797367, -0.0956543915988527, 0.821125262238267, -1.6533344804748482]
[-1.6655368647685374, -0.2774647204222701, -0.6858186150705495, -0.04918567412884567, 0.8690203610703193, -1.7102495951064445]
[-1.7721949148950649, -0.26477588926555723, -0.6480333656613624, -0.002716956658838619, 0.9169154599023717, -1.7671647097380407]