[-0.010118645557702699, -0.35195514334605615, -0.607985772160581, 0.00013654997194745278, 0.961485386552341, -0.04114134559360938]
[-0.11048400704556119, -0.358496572982245, -0.6451104551424015, 0.050042024682254806, 1.0076109640445665, -0.09758148285414853]
[-0.21084936853341968, -0.36503800261843394, -0.6822351381242219, 0.09994749939256216, 1.0537365415367923, -0.15402162011468767]
[-0.3112147300212782, -0.3715794322546228, -0.7193598211060424, 0.14985297410286952, 1.099862119029018, -0.21046175737522682]
[-0.41158009150913666, -0.3781208618908117, -0.7564845040878627, 0.19975844881317686, 1.1459876965212437, -0.26690189463576597]
[-0.5119454529969952, -0.3846622915270006, -0.7936091870696833, 0.24966392352348424, 1.1921132740134692, -0.3233420318963051]
[-0.6123108144848537, -0.39120372116318947, -0.8307338700515037, 0.2995693982337916, 1.238238851505695, -0.37978216915684426]
[-0.7126761759727123, -0.39774515079937833, -0.8678585530333242, 0.34947487294409896, 1.2843644289979208, -0.4362223064173834]
[-0.8130415374605706, -0.40428658043556726, -0.9049832360151445, 0.3993803476544063, 1.3304900064901464, -0.49266244367792256]
[-0.9134068989484292, -0.4108280100717561, -0.942107918996965, 0.44928582236471365, 1.376615583982372, -0.5491025809384618]
[-1.0137722604362878, -0.41736943970794504, -0.9792326019787855, 0.499191297075021, 1.4227411614745977, -0.6055427181990009]
[-1.1141376219241461, -0.4239108693441339, -1.016357284960606, 0.5490967717853283, 1.4688667389668235, -0.6619828554595399]
[-1.2145029834120047, -0.4304522989803228, -1.0534819679424263, 0.5990022464956357, 1.514992316459049, -0.7184229927200791]
[-1.2669451876572113, -0.4180797875783908, -1.003255960419977, 0.5586983573613374, 1.4505416355538565, -0.8034087790564791]
[-1.3193873919024182, -0.40570727617645885, -0.9530299528975279, 0.5183944682270392, 1.3860909546486642, -0.888394565392879]
[-1.3718295961476248, -0.3933347647745269, -0.9028039453750787, 0.4780905790927409, 1.3216402737434716, -0.973380351729279]
[-1.4242718003928316, -0.38096225337259493, -0.8525779378526295, 0.4377866899584426, 1.2571895928382792, -1.0583661380656788]
[-1.4767140046380383, -0.36858974197066297, -0.8023519303301803, 0.3974828008241444, 1.1927389119330867, -1.143351924402079]
[-1.5291562088832449, -0.356217230568731, -0.752125922807731, 0.35717891168984606, 1.1282882310278943, -1.2283377107384787]
[-1.5815984131284517, -0.34384471916679904, -0.7018999152852818, 0.31687502255554784, 1.0638375501227018, -1.3133234970748786]
[-1.6340406173736584, -0.3314722077648671, -0.6516739077628326, 0.27657113342124956, 0.9993868692175094, -1.3983092834112787]
[-1.6864828216188652, -0.3190996963629351, -0.6014479002403834, 0.23626724428695128, 0.934936188312317, -1.4832950697476786]
[-1.7389250258640718, -0.30672718496100315, -0.5512218927179342, 0.19596335515265306, 0.8704855074071245, -1.5682808560840784]
[-1.7913672301092785, -0.2943546735590712, -0.500995885195485, 0.1556594660183548, 0.806034826501932, -1.6532666424204785]
[-1.8438094343544853, -0.2819821621571392, -0.4507698776730358, 0.11535557688405645, 0.7415841455967395, -1.7382524287568784]
[-1.8962516385996921, -0.26960965075520726, -0.40054387015058657, 0.07505168774975823, 0.677133464691547, -1.8232382150932784]
[-1.9486938428448988, -0.2572371393532753, -0.35031786262813736, 0.03474779861545996, 0.6126827837863545, -1.9082240014296783]
[-2.0011360470901054, -0.2448646279513433, -0.3000918551056882, -0.005556090518838318, 0.5482321028811621, -1.9932097877660782]