[0.20393004379485635, -0.3883816202215824, -0.3121087008054788, 0.0004579053501965191, 0.7015137644238809, 0.1725151494702244]
[0.09895135664549558, -0.4313122973783468, -0.3884293685347504, -0.03492486012779934, 0.7311173480873143, 0.17329548992669708]
[-0.006027330503865197, -0.4742429745351112, -0.46475003626402206, -0.0703076256057952, 0.7607209317507477, 0.17407583038316973]
[-0.11100601765322599, -0.5171736516918757, -0.5410707039932937, -0.10569039108379107, 0.7903245154141811, 0.17485617083964242]
[-0.21598470480258675, -0.56010432884864, -0.6173913717225653, -0.14107315656178693, 0.8199280990776145, 0.17563651129611507]
[-0.32096339195194756, -0.6030350060054045, -0.693712039451837, -0.1764559220397828, 0.8495316827410481, 0.17641685175258776]
[-0.4259420791013083, -0.645965683162169, -0.7700327071811086, -0.21183868751777865, 0.8791352664044815, 0.1771971922090604]
[-0.5309207662506691, -0.6888963603189333, -0.8463533749103802, -0.24722145299577453, 0.9087388500679149, 0.1779775326655331]
[-0.6074597018273881, -0.6565804098188113, -0.8162868730619822, -0.23383483499722438, 0.8813714895705608, 0.06253645577288204]
[-0.683998637404107, -0.6242644593186892, -0.7862203712135842, -0.22044821699867423, 0.8540041290732066, -0.05290462111976901]
[-0.7605375729808261, -0.5919485088185672, -0.7561538693651861, -0.2070615990001241, 0.8266367685758524, -0.16834569801242008]
[-0.8370765085575451, -0.5596325583184452, -0.7260873675167882, -0.19367498100157396, 0.7992694080784983, -0.2837867749050711]
[-0.9136154441342641, -0.527316607818323, -0.6960208656683902, -0.1802883630030238, 0.7719020475811442, -0.39922785179772224]
[-0.9901543797109831, -0.495000657318201, -0.6659543638199922, -0.1669017450044737, 0.7445346870837901, -0.5146689286903733]
[-1.066693315287702, -0.46268470681807894, -0.6358878619715942, -0.1535151270059235, 0.7171673265864359, -0.6301100055830244]
[-1.143232250864421, -0.4303687563179569, -0.6058213601231962, -0.1401285090073734, 0.6897999660890818, -0.7455510824756754]
[-1.21977118644114, -0.3980528058178348, -0.5757548582747982, -0.12674189100882324, 0.6624326055917276, -0.8609921593683265]
[-1.2963101220178592, -0.3657368553177127, -0.5456883564264001, -0.1133552730102731, 0.6350652450943735, -0.9764332362609776]
[-1.3728490575945782, -0.3334209048175907, -0.5156218545780021, -0.09996865501172295, 0.6076978845970193, -1.0918743131536288]
[-1.449387993171297, -0.30110495431746864, -0.48555535272960415, -0.08658203701317282, 0.5803305240996652, -1.2073153900462796]
[-1.5259269287480162, -0.2687890038173466, -0.45548885088120616, -0.07319541901462268, 0.5529631636023111, -1.3227564669389307]
[-1.6024658643247354, -0.2364730533172245, -0.4254223490328081, -0.05980880101607253, 0.5255958031049569, -1.438197543831582]
[-1.6790047999014543, -0.20415710281710248, -0.39535584718441014, -0.04642218301752238, 0.49822844260760274, -1.553638620724233]
[-1.7555437354781729, -0.1718411523169805, -0.36528934533601215, -0.03303556501897226, 0.4708610821102487, -1.6690796976168838]
[-1.8320826710548923, -0.13952520181685835, -0.3352228434876141, -0.01964894702042211, 0.4434937216128945, -1.784520774509535]
[-1.9086216066316113, -0.10720925131673635, -0.3051563416392161, -0.006262329021871971, 0.41612636111554036, -1.899961851402186]