[0.08333146777571354, -0.03496647959616439, -0.44494377019033493, 0.0003920541919706366, 0.48111172921894774, 0.05184391051784587]
[0.003000979597649417, -0.09758404434215637, -0.4537942615836272, -0.05342429923541889, 0.48294896646704427, -0.030290208526961418]
[-0.07732950858041471, -0.16020160908814834, -0.46264475297691937, -0.10724065266280841, 0.48478620371514075, -0.1124243275717687]
[-0.15765999675847883, -0.2228191738341403, -0.4714952443702116, -0.1610570060901979, 0.4866234409632373, -0.19455844661657595]
[-0.23799048493654296, -0.2854367385801323, -0.4803457357635038, -0.21487335951758746, 0.48846067821133377, -0.2766925656613833]
[-0.31832097311460705, -0.34805430332612425, -0.48919622715679606, -0.26868971294497696, 0.4902979154594303, -0.35882668470619056]
[-0.3986514612926712, -0.4106718680721162, -0.49804671855008825, -0.32250606637236645, 0.4921351527075268, -0.4409608037509978]
[-0.47898194947073536, -0.4732894328181082, -0.5068972099433805, -0.376322419799756, 0.4939723899556233, -0.5230949227958052]
[-0.5593124376487995, -0.5359069975641002, -0.5157477013366727, -0.43013877322714555, 0.4958096272037198, -0.6052290418406124]
[-0.6396429258268637, -0.5985245623100922, -0.524598192729965, -0.4839551266545351, 0.49764686445181633, -0.6873631608854197]
[-0.7199734140049276, -0.6611421270560841, -0.5334486841232572, -0.5377714800819245, 0.4994841016999128, -0.769497279930227]
[-0.8003039021829919, -0.7237596918020761, -0.5422991755165494, -0.5915878335093141, 0.5013213389480093, -0.8516313989750343]
[-0.8943575257770209, -0.687904932786126, -0.5337273460732981, -0.542632749652149, 0.5209304841460549, -0.9408745861134961]
[-0.9884111493710499, -0.6520501737701758, -0.5251555166300468, -0.49367766579498396, 0.5405396293441004, -1.0301177732519577]
[-1.082464772965079, -0.6161954147542257, -0.5165836871867955, -0.44472258193781883, 0.560148774542146, -1.1193609603904195]
[-1.176518396559108, -0.5803406557382755, -0.5080118577435441, -0.39576749808065376, 0.5797579197401915, -1.2086041475288813]
[-1.270572020153137, -0.5444858967223254, -0.49944002830029277, -0.34681241422348863, 0.599367064938237, -1.2978473346673431]
[-1.364625643747166, -0.5086311377063752, -0.49086819885704147, -0.29785733036632356, 0.6189762101362826, -1.387090521805805]
[-1.4586792673411952, -0.4727763786904251, -0.48229636941379017, -0.24890224650915843, 0.6385853553343281, -1.4763337089442667]
[-1.552732890935224, -0.43692161967447496, -0.47372453997053887, -0.19994716265199342, 0.6581945005323736, -1.5655768960827283]
[-1.6467865145292533, -0.4010668606585248, -0.4651527105272875, -0.1509920787948283, 0.6778036457304192, -1.6548200832211901]
[-1.7408401381232823, -0.36521210164257467, -0.45658088108403616, -0.10203699493766316, 0.6974127909284648, -1.744063270359652]
[-1.8348937617173113, -0.3293573426266245, -0.44800905164078486, -0.05308191108049809, 0.7170219361265102, -1.8333064574981135]
[-1.9289473853113404, -0.2935025836106744, -0.43943722219753356, -0.004126827223333071, 0.7366310813245558, -1.9225496446365755]