[-0.24221075272866432, -0.8326019995337957, -0.35673243574609437, -0.0006594505200556711, 1.1907182787516923, -0.2726450424294038]
[-0.3223528198524326, -0.8533994318350949, -0.40292581600556865, -0.011521873696715071, 1.141727769592801, -0.18752503786431002]
[-0.40249488697620084, -0.8741968641363942, -0.44911919626504293, -0.02238429687337447, 1.0927372604339094, -0.10240503329921624]
[-0.4826369540999691, -0.8949942964376935, -0.49531257652451727, -0.03324672005003387, 1.0437467512750178, -0.017285028734122465]
[-0.5627790212237374, -0.9157917287389927, -0.5415059567839915, -0.04410914322669327, 0.9947562421161265, 0.06783497583097131]
[-0.6429210883475056, -0.936589161040292, -0.5876993370434659, -0.05497156640335268, 0.945765732957235, 0.1529549803960651]
[-0.7230631554712739, -0.9573865933415913, -0.6338927173029402, -0.06583398958001208, 0.8967752237983435, 0.2380749849611589]
[-0.7971644769095718, -0.9031395717734597, -0.6227073886577371, -0.061700746889055, 0.8778890472289836, 0.10033983472252106]
[-0.8712657983478697, -0.8488925502053282, -0.6115220600125341, -0.05756750419809791, 0.8590028706596238, -0.03739531551611677]
[-0.9453671197861676, -0.7946455286371966, -0.600336731367331, -0.053434261507140826, 0.8401166940902639, -0.17513046575475463]
[-1.0194684412244654, -0.7403985070690651, -0.589151402722128, -0.04930101881618375, 0.821230517520904, -0.31286561599339247]
[-1.0935697626627634, -0.6861514855009336, -0.5779660740769249, -0.04516777612522667, 0.8023443409515443, -0.45060076623203027]
[-1.1676710841010614, -0.631904463932802, -0.5667807454317219, -0.04103453343426958, 0.7834581643821844, -0.5883359164706682]
[-1.241772405539359, -0.5776574423646705, -0.5555954167865188, -0.0369012907433125, 0.7645719878128245, -0.726071066709306]
[-1.315873726977657, -0.523410420796539, -0.5444100881413158, -0.03276804805235542, 0.7456858112434647, -0.8638062169479438]
[-1.389975048415955, -0.4691633992284075, -0.5332247594961127, -0.028634805361398334, 0.7267996346741048, -1.0015413671865816]
[-1.464076369854253, -0.414916377660276, -0.5220394308509096, -0.024501562670441256, 0.707913458104745, -1.1392765174252193]
[-1.5381776912925509, -0.36066935609214446, -0.5108541022057066, -0.020368319979484177, 0.6890272815353851, -1.2770116676638572]
[-1.6122790127308488, -0.3064223345240128, -0.49966877356050354, -0.016235077288527085, 0.6701411049660253, -1.4147468179024951]
[-1.6863803341691468, -0.25217531295588136, -0.4884834449153005, -0.012101834597570006, 0.6512549283966654, -1.552481968141133]
[-1.7604816556074445, -0.1979282913877498, -0.47729811627009744, -0.00796859190661292, 0.6323687518273056, -1.6902171183797707]
[-1.8345829770457425, -0.14368126981961826, -0.4661127876248944, -0.0038353492156558413, 0.6134825752579457, -1.8279522686184089]