[-0.02988965328501081, -0.4922586420812314, -0.381932462318499, -0.00010088516437356532, 0.8754584001933585, -0.060739316408173316]
[-0.12443911768584469, -0.4719540520739026, -0.4563541773853094, -0.049268810135405475, 0.845497028628873, -0.101519913392465]
[-0.21898858208667857, -0.4516494620665738, -0.5307758924521199, -0.09843673510643738, 0.8155356570643875, -0.14230051037675667]
[-0.31353804648751243, -0.43134487205924504, -0.6051976075189303, -0.14760466007746928, 0.7855742854999019, -0.18308110736104832]
[-0.4080875108883463, -0.41104028205191623, -0.6796193225857408, -0.1967725850485012, 0.7556129139354164, -0.22386170434534003]
[-0.5026369752891802, -0.39073569204458747, -0.7540410376525511, -0.2459405100195331, 0.7256515423709309, -0.2646423013296317]
[-0.5971864396900141, -0.3704311020372587, -0.8284627527193615, -0.295108434990565, 0.6956901708064455, -0.30542289831392333]
[-0.691735904090848, -0.3501265120299299, -0.902884467786172, -0.34427635996159694, 0.6657287992419599, -0.34620349529821504]
[-0.7862853684916818, -0.3298219220226011, -0.9773061828529825, -0.39344428493262884, 0.6357674276774744, -0.38698409228250674]
[-0.8808348328925159, -0.3095173320152723, -1.0517278979197928, -0.4426122099036608, 0.6058060561129888, -0.4277646892667984]
[-0.9753842972933496, -0.28921274200794356, -1.1261496129866033, -0.49178013487469263, 0.5758446845485033, -0.46854528625109004]
[-1.0699337616941835, -0.26890815200061474, -1.2005713280534138, -0.5409480598457246, 0.5458833129840178, -0.5093258832353817]
[-1.1137707456957102, -0.2864362315613692, -1.11694108621661, -0.49604646779975753, 0.5571107883485992, -0.5994865673464072]
[-1.157607729697237, -0.30396431112212374, -1.0333108443798062, -0.45114487575379053, 0.5683382637131805, -0.6896472514574324]
[-1.2014447136987638, -0.3214923906828782, -0.9496806025430025, -0.4062432837078235, 0.5795657390777618, -0.7798079355684578]
[-1.2452816977002905, -0.3390204702436327, -0.8660503607061987, -0.3613416916618565, 0.5907932144423431, -0.8699686196794831]
[-1.2891186817018172, -0.3565485498043872, -0.7824201188693949, -0.31644009961588937, 0.6020206898069245, -0.9601293037905085]
[-1.3329556657033441, -0.3740766293651417, -0.6987898770325911, -0.27153850756992237, 0.6132481651715058, -1.050289987901534]
[-1.3767926497048708, -0.39160470892589616, -0.6151596351957873, -0.22663691552395532, 0.6244756405360872, -1.1404506720125593]
[-1.4206296337063975, -0.4091327884866507, -0.5315293933589835, -0.18173532347798832, 0.6357031159006685, -1.2306113561235845]
[-1.4644666177079242, -0.42666086804740516, -0.44789915152217974, -0.13683373143202127, 0.6469305912652499, -1.3207720402346101]
[-1.5083036017094509, -0.44418894760815963, -0.36426890968537595, -0.09193213938605421, 0.6581580666298311, -1.4109327243456353]
[-1.5521405857109778, -0.46171702716891416, -0.28063866784857217, -0.047030547340087214, 0.6693855419944125, -1.5010934084566607]
[-1.5959775697125045, -0.47924510672966864, -0.1970084260117685, -0.0021289552941201884, 0.6806130173589938, -1.5912540925676861]