[-0.004773389055896082, -0.3310758138899468, -0.19808816675889673, 0.0003441545873679175, 0.5302958815757712, -0.03580844358875712]
[-0.038117751640661834, -0.3200847352453049, -0.27591285354937095, -0.014120139092906487, 0.6359698470182904, 0.015880858829443234]
[-0.07146211422542759, -0.30909365660066307, -0.35373754033984517, -0.02858443277318089, 0.7416438124608095, 0.06757016124764359]
[-0.10480647681019334, -0.2981025779560212, -0.43156222713031944, -0.04304872645345529, 0.8473177779033285, 0.11925946366584395]
[-0.1381508393949591, -0.2871114993113793, -0.5093869139207936, -0.0575130201337297, 0.9529917433458477, 0.1709487660840443]
[-0.17149520197972484, -0.2761204206667375, -0.5872116007112679, -0.0719773138140041, 1.0586657087883666, 0.22263806850224466]
[-0.2048395645644906, -0.2651293420220956, -0.6650362875017422, -0.0864416074942785, 1.1643396742308858, 0.274327370920445]
[-0.23818392714925632, -0.2541382633774537, -0.7428609742922163, -0.1009059011745529, 1.270013639673405, 0.32601667333864537]
[-0.2715282897340221, -0.24314718473281188, -0.8206856610826906, -0.11537019485482732, 1.3756876051159241, 0.3777059757568457]
[-0.30487265231878785, -0.23215610608817, -0.8985103478731649, -0.1298344885351017, 1.4813615705584433, 0.4293952781750461]
[-0.3382170149035536, -0.22116502744352814, -0.976335034663639, -0.14429878221537612, 1.5870355360009623, 0.4810845805932465]
[-0.4602876206404714, -0.20120140172175516, -0.967224973372369, -0.2195984421347829, 1.6116188323496965, 0.4472480635246233]
[-0.5823582263773892, -0.1812377759999822, -0.9581149120810991, -0.29489810205418976, 1.636202128698431, 0.4134115464560001]
[-0.7044288321143071, -0.1612741502782092, -0.9490048507898291, -0.37019776197359655, 1.6607854250471652, 0.3795750293873769]
[-0.7595809168775135, -0.15380511459589868, -0.9362367338872843, -0.38909963015370397, 1.6497004020440047, 0.3367244307886359]
[-0.8144513862186281, -0.15058408838409962, -0.9015468580384889, -0.36775727842942163, 1.5809281492793736, 0.22137285497156844]
[-0.8693218555597428, -0.14736306217230055, -0.8668569821896934, -0.3464149267051393, 1.5121558965147428, 0.10602127915450102]
[-0.9241923249008575, -0.14414203596050149, -0.832167106340898, -0.32507257498085695, 1.4433836437501117, -0.009330296662566406]
[-0.9790627942419721, -0.14092100974870242, -0.7974772304921025, -0.3037302232565746, 1.374611390985481, -0.12468187247963386]
[-1.0339332635830867, -0.13769998353690335, -0.762787354643307, -0.2823878715322923, 1.3058391382208498, -0.24003344829670137]
[-1.0888037329242013, -0.1344789573251043, -0.7280974787945116, -0.26104551980800994, 1.237066885456219, -0.3553850241137687]
[-1.1436742022653161, -0.13125793111330522, -0.6934076029457161, -0.2397031680837276, 1.168294632691588, -0.47073659993083616]
[-1.1985446716064307, -0.12803690490150615, -0.6587177270969207, -0.21836081635944526, 1.099522379926957, -0.5860881757479036]
[-1.2534151409475454, -0.12481587868970707, -0.6240278512481252, -0.19701846463516293, 1.030750127162326, -0.7014397515649711]
[-1.3082856102886602, -0.12159485247790801, -0.5893379753993297, -0.1756761129108806, 0.9619778743976951, -0.8167913273820386]
[-1.3631560796297748, -0.11837382626610893, -0.5546480995505343, -0.15433376118659822, 0.893205621633064, -0.932142903199106]
[-1.4180265489708894, -0.11515280005430988, -0.5199582237017388, -0.1329914094623159, 0.8244333688684332, -1.0474944790161733]
[-1.472897018312004, -0.1119317738425108, -0.48526834785294337, -0.11164905773803357, 0.7556611161038023, -1.1628460548332409]
[-1.5277674876531186, -0.10871074763071173, -0.4505784720041479, -0.09030670601375124, 0.6868888633391712, -1.2781976306503082]
[-1.5826379569942333, -0.10548972141891266, -0.41588859615535245, -0.0689643542894689, 0.6181166105745401, -1.3935492064673758]
[-1.6375084263353479, -0.1022686952071136, -0.381198720306557, -0.04762200256518656, 0.5493443578099093, -1.5089007822844431]
[-1.6923788956764625, -0.09904766899531453, -0.34650884445776153, -0.026279650840904223, 0.4805721050452785, -1.6242523581015105]
[-1.7472493650175773, -0.09582664278351546, -0.311818968608966, -0.004937299116621908, 0.4117998522806473, -1.739603933918578]