[0.10794885987442093, -0.18278065781271913, -0.33060373954976896, 0.0005480306254366241, 0.5146237662391417, 0.07657622059564861]
[0.10010492551031375, -0.17304691749677764, -0.3832733110576383, -0.0981582447647942, 0.5561894727336545, 0.0015344342530923955]
[0.09226099114620656, -0.16331317718083613, -0.43594288256550756, -0.19686452015502504, 0.5977551792281671, -0.07350735208946382]
[0.08441705678209938, -0.15357943686489464, -0.48861245407337683, -0.29557079554525584, 0.6393208857226799, -0.14854913843202]
[0.07657312241799219, -0.14384569654895316, -0.5412820255812462, -0.3942770709354867, 0.6808865922171925, -0.22359092477457626]
[0.068729188053885, -0.13411195623301164, -0.5939515970891155, -0.4929833463257175, 0.7224522987117052, -0.29863271111713247]
[0.06088525368977781, -0.12437821591707016, -0.6466211685969847, -0.5916896217159483, 0.764018005206218, -0.3736744974596886]
[0.053041319325670626, -0.11464447560112867, -0.699290740104854, -0.6903958971061791, 0.8055837117007307, -0.44871628380224493]
[0.04519738496156343, -0.10491073528518717, -0.7519603116127234, -0.78910217249641, 0.8471494181952434, -0.5237580701448011]
[0.03735345059745625, -0.09517699496924567, -0.8046298831205927, -0.8878084478866408, 0.8887151246897561, -0.5987998564873573]
[0.029509516233349062, -0.08544325465330418, -0.857299454628462, -0.9865147232768716, 0.9302808311842687, -0.6738416428299135]
[0.021665581869241876, -0.07570951433736268, -0.9099690261363313, -1.0852209986671024, 0.9718465376787815, -0.7488834291724698]
[-0.07822336645297098, -0.06410528604630547, -0.9386694962985014, -1.1151805994111088, 0.9886224618118329, -0.8671766650818231]
[-0.17811231477518386, -0.05250105775524825, -0.9673699664606714, -1.145140200155115, 1.005398385944884, -0.9854699009911766]
[-0.2780012630973967, -0.04089682946419103, -0.9960704366228416, -1.1750998008991214, 1.0221743100779355, -1.10376313690053]
[-0.37789021141960955, -0.029292601173133814, -1.0247709067850117, -1.2050594016431275, 1.0389502342109869, -1.2220563728098834]
[-0.4777791597418224, -0.0176883728820766, -1.0534713769471817, -1.235019002387134, 1.0557261583440383, -1.3403496087192368]
[-0.5776681080640353, -0.006084144591019372, -1.0821718471093518, -1.2649786031311403, 1.0725020824770897, -1.4586428446285904]
[-0.6775570563862482, 0.005520083700037842, -1.1108723172715218, -1.2949382038751465, 1.0892780066101408, -1.5769360805379438]
[-0.777446004708461, 0.017124311991095056, -1.1395727874336918, -1.3248978046191529, 1.1060539307431922, -1.6952293164472971]
[-0.8699907327317247, 0.01603589808318254, -1.0985108736312883, -1.2233620177553353, 1.0675877828108027, -1.7165899260823496]
[-0.9625354607549883, 0.014947484175270021, -1.0574489598288848, -1.1218262308915175, 1.029121634878413, -1.737950535717402]
[-1.055080188778252, 0.013859070267357504, -1.016387046026481, -1.0202904440276999, 0.9906554869460233, -1.7593111453524548]
[-1.1476249168015156, 0.012770656359444986, -0.9753251322240775, -0.9187546571638823, 0.9521893390136338, -1.7806717549875073]
[-1.2401696448247792, 0.01168224245153247, -0.9342632184216739, -0.8172188703000646, 0.9137231910812442, -1.8020323646225598]
[-1.3327143728480428, 0.01059382854361995, -0.8932013046192704, -0.715683083436247, 0.8752570431488546, -1.8233929742576123]
[-1.4252591008713065, 0.009505414635707435, -0.8521393908168668, -0.6141472965724294, 0.836790895216465, -1.844753583892665]
[-1.51780382889457, 0.008417000727794917, -0.8110774770144632, -0.5126115097086117, 0.7983247472840753, -1.8661141935277175]
[-1.6103485569178335, 0.007328586819882401, -0.7700155632120596, -0.4110757228447941, 0.7598585993516858, -1.88747480316277]
[-1.7028932849410974, 0.006240172911969882, -0.728953649409656, -0.3095399359809763, 0.7213924514192961, -1.9088354127978224]
[-1.7954380129643608, 0.005151759004057366, -0.6878917356072525, -0.20800414911715892, 0.6829263034869065, -1.9301960224328751]
[-1.8879827409876244, 0.004063345096144847, -0.6468298218048488, -0.10646836225334111, 0.6444601555545169, -1.9515566320679276]
[-1.980527469010888, 0.0029749311882323304, -0.6057679080024453, -0.004932575389523526, 0.6059940076221273, -1.97291724170298]