[-0.0324053506761901, -0.4087880033299065, -0.2573132313315325, 0.00011026460856733422, 0.6672387902505186, -0.06342923219308538]
[-0.11506206069766185, -0.4421280473108191, -0.3155496719167809, -0.016208947410942132, 0.6776158450202854, -0.1650977051158546]
[-0.1977187707191336, -0.4754680912917317, -0.3737861125020293, -0.0325281594304516, 0.6879928997900521, -0.2667661780386238]
[-0.28037548074060537, -0.5088081352726443, -0.43202255308727777, -0.04884737144996107, 0.6983699545598189, -0.36843465096139294]
[-0.3630321907620771, -0.5421481792535569, -0.4902589936725261, -0.06516658346947053, 0.7087470093295857, -0.47010312388416214]
[-0.4456889007835489, -0.5754882232344695, -0.5484954342577746, -0.08148579548898001, 0.7191240640993525, -0.5717715968069313]
[-0.5283456108050206, -0.6088282672153821, -0.606731874843023, -0.09780500750848947, 0.7295011188691192, -0.6734400697297005]
[-0.6110023208264924, -0.6421683111962947, -0.6649683154282714, -0.11412421952799895, 0.739878173638886, -0.7751085426524698]
[-0.6936590308479641, -0.6755083551772072, -0.7232047560135197, -0.1304434315475084, 0.7502552284086528, -0.8767770155752389]
[-0.776315740869436, -0.7088483991581199, -0.7814411965987682, -0.1467626435670179, 0.7606322831784196, -0.9784454884980082]
[-0.8589724508909077, -0.7421884431390324, -0.8396776371840167, -0.16308185558652735, 0.7710093379481863, -1.0801139614207773]
[-0.9416291609123795, -0.775528487119945, -0.897914077769265, -0.17940106760603683, 0.7813863927179531, -1.1817824343435466]
[-1.0242858709338512, -0.8088685311008577, -0.9561505183545135, -0.19572027962554628, 0.7917634474877198, -1.2834509072663156]
[-1.106942580955323, -0.8422085750817703, -1.0143869589397618, -0.21203949164505578, 0.8021405022574866, -1.3851193801890849]
[-1.1895992909767947, -0.8755486190626829, -1.0726233995250103, -0.22835870366456523, 0.8125175570272534, -1.4867878531118541]
[-1.2509177983696467, -0.81428799572409, -0.9898786466104749, -0.20335363200144319, 0.7951360127686242, -1.5144373847303805]
[-1.3122363057624986, -0.7530273723854971, -0.9071338936959394, -0.1783485603383211, 0.7777544685099951, -1.5420869163489066]
[-1.3735548131553508, -0.6917667490469043, -0.8243891407814041, -0.15334348867519904, 0.7603729242513658, -1.569736447967433]
[-1.4348733205482027, -0.6305061257083113, -0.7416443878668687, -0.128338417012077, 0.7429913799927367, -1.597385979585959]
[-1.4961918279410547, -0.5692455023697185, -0.6588996349523333, -0.10333334534895491, 0.7256098357341075, -1.6250355112044854]
[-1.5575103353339066, -0.5079848790311257, -0.576154882037798, -0.07832827368583287, 0.7082282914754784, -1.6526850428230115]
[-1.6188288427267588, -0.4467242556925327, -0.49341012912326243, -0.05332320202271079, 0.6908467472168491, -1.6803345744415379]
[-1.6801473501196107, -0.3854636323539398, -0.4106653762087271, -0.028318130359588745, 0.67346520295822, -1.707984106060064]
[-1.7414658575124626, -0.324203009015347, -0.3279206232941917, -0.0033130586964666606, 0.6560836586995908, -1.7356336376785904]