[0.0742546833968234, -0.8197021218428606, -0.3096940275281268, 0.0003085296630738199, 1.1306986731619837, 0.043012222531831235]
[-0.031061062605368547, -0.7952719537114525, -0.33386298665657277, -0.02152331338858665, 1.1032142319008793, -0.0602022067968455]
[-0.1363768086075605, -0.7708417855800443, -0.35803194578501873, -0.04335515644024712, 1.0757297906397747, -0.16341663612552224]
[-0.24169255460975242, -0.7464116174486363, -0.3822009049134647, -0.0651869994919076, 1.0482453493786703, -0.2666310654541989]
[-0.3470083006119444, -0.7219814493172281, -0.4063698640419107, -0.08701884254356806, 1.020760908117566, -0.3698454947828757]
[-0.4523240466141363, -0.69755128118582, -0.4305388231703567, -0.10885068559522854, 0.9932764668564614, -0.4730599241115524]
[-0.5576397926163282, -0.6731211130544118, -0.45470778229880265, -0.130682528646889, 0.9657920255953569, -0.576274353440229]
[-0.6629555386185202, -0.6486909449230037, -0.4788767414272486, -0.15251437169854948, 0.9383075843342525, -0.6794887827689059]
[-0.7682712846207121, -0.6242607767915955, -0.5030457005556946, -0.17434621475020995, 0.910823143073148, -0.7827032120975826]
[-0.8735870306229042, -0.5998306086601874, -0.5272146596841406, -0.19617805780187042, 0.8833387018120435, -0.8859176414262594]
[-0.978902776625096, -0.5754004405287794, -0.5513836188125866, -0.2180099008535309, 0.8558542605509392, -0.989132070754936]
[-1.084218522627288, -0.5509702723973712, -0.5755525779410325, -0.23984174390519136, 0.8283698192898347, -1.0923465000836128]
[-1.1817739916493866, -0.49294301371668997, -0.5719345757949171, -0.20031938355845397, 0.8170798312452812, -1.1876513802866242]
[-1.2793294606714851, -0.4349157550360088, -0.5683165736488017, -0.16079702321171654, 0.8057898432007276, -1.2829562604896356]
[-1.376884929693584, -0.3768884963553276, -0.5646985715026864, -0.12127466286497912, 0.794499855156174, -1.378261140692647]
[-1.4744403987156822, -0.31886123767464647, -0.561080569356571, -0.08175230251824173, 0.7832098671116206, -1.4735660208956585]
[-1.571995867737781, -0.2608339789939652, -0.5574625672104556, -0.042229942171504276, 0.7719198790670669, -1.56887090109867]
[-1.6695513367598795, -0.2028067203132841, -0.5538445650643402, -0.002707581824766877, 0.7606298910225134, -1.6641757813016813]