[-0.012020369819738086, -0.3784821380664116, -0.2584613857221587, 0.0002137322406836617, 0.6382214901746703, -0.042838111525333566]
[-0.08503410176537711, -0.3695891842629597, -0.32777644901000424, 0.06681940560357245, 0.6612932101544187, -0.0973709844467531]
[-0.15804783371101613, -0.36069623045950777, -0.3970915122978498, 0.13342507896646125, 0.684364930134167, -0.15190385736817263]
[-0.23106156565665517, -0.3518032766560559, -0.4664065755856953, 0.20003075232935005, 0.7074366501139152, -0.20643673028959214]
[-0.3040752976022942, -0.3429103228526039, -0.5357216388735409, 0.26663642569223883, 0.7305083700936635, -0.2609696032110117]
[-0.3770890295479332, -0.334017369049152, -0.6050367021613864, 0.33324209905512764, 0.7535800900734119, -0.3155024761324312]
[-0.45010276149357226, -0.3251244152457001, -0.6743517654492319, 0.39984777241801644, 0.7766518100531602, -0.3700353490538507]
[-0.5231164934392113, -0.3162314614422482, -0.7436668287370773, 0.4664534457809052, 0.7997235300329084, -0.4245682219752702]
[-0.5961302253848503, -0.3073385076387963, -0.812981892024923, 0.533059119143794, 0.8227952500126567, -0.47910109489668984]
[-0.6691439573304894, -0.2984455538353443, -0.8822969553127685, 0.5996647925066828, 0.8458669699924051, -0.5336339678181093]
[-0.7421576892761284, -0.2895526000318924, -0.9516120186006141, 0.6662704658695716, 0.8689386899721534, -0.5881668407395289]
[-0.8156725631083607, -0.2817354149112715, -0.9813382354450421, 0.6973317467869746, 0.8734487204755389, -0.6521025879966464]
[-0.889187436940593, -0.27391822979065056, -1.01106445228947, 0.7283930277043775, 0.8779587509789243, -0.7160383352537639]
[-0.9627023107728254, -0.26610104467002965, -1.040790669133898, 0.7594543086217805, 0.8824687814823098, -0.7799740825108815]
[-1.0276080494979445, -0.26170812951825584, -0.9786869956779713, 0.7074923584926182, 0.8451717952502833, -0.8563281719225936]
[-1.0925137882230636, -0.25731521436648197, -0.9165833222220449, 0.6555304083634558, 0.8078748090182568, -0.9326822613343058]
[-1.1574195269481826, -0.25292229921470816, -0.8544796487661184, 0.6035684582342935, 0.7705778227862303, -1.0090363507460178]
[-1.2223252656733017, -0.24852938406293432, -0.7923759753101918, 0.5516065081051311, 0.7332808365542038, -1.08539044015773]
[-1.2872310043984208, -0.24413646891116048, -0.7302723018542652, 0.4996445579759687, 0.6959838503221774, -1.1617445295694422]
[-1.3521367431235398, -0.23974355375938666, -0.6681686283983387, 0.44768260784680636, 0.6586868640901509, -1.2380986189811543]
[-1.4170424818486589, -0.23535063860761282, -0.6060649549424122, 0.395720657717644, 0.6213898778581244, -1.3144527083928663]
[-1.481948220573778, -0.23095772345583898, -0.5439612814864856, 0.3437587075884816, 0.5840928916260979, -1.3908067978045784]
[-1.5073795093996096, -0.23080183175799424, -0.46489279372809067, 0.274227046004916, 0.5438982394902807, -1.4330303306882244]
[-1.5328107982254413, -0.2306459400601495, -0.38582430596969575, 0.2046953844213504, 0.5037035873544634, -1.4752538635718704]
[-1.5582420870512732, -0.23049004836230474, -0.3067558182113008, 0.13516372283778486, 0.4635089352186462, -1.5174773964555166]
[-1.5836733758771049, -0.23033415666446, -0.22768733045290585, 0.06563206125421922, 0.42331428308282903, -1.5597009293391626]
[-1.6091046647029366, -0.23017826496661525, -0.14861884269451092, -0.0038996003293463376, 0.3831196309470118, -1.6019244622228086]