[-0.009426234204742201, -0.28818897144284783, -0.46839014645568966, 0.00011066816533755741, 0.7578494641470153, -0.04069604034688279]
[-0.04534073953246089, -0.3090427519570896, -0.5195127192122304, -0.02631728030321492, 0.7046064758852563, -0.1445470160802143]
[-0.08125524486017958, -0.3298965324713314, -0.5706352919687713, -0.0527452287717674, 0.6513634876234972, -0.24839799181354585]
[-0.11716975018789827, -0.35075031298557313, -0.621757864725312, -0.07917317724031987, 0.5981204993617382, -0.35224896754687735]
[-0.15308425551561697, -0.37160409349981494, -0.6728804374818529, -0.10560112570887235, 0.5448775110999792, -0.4560999432802089]
[-0.18899876084333564, -0.3924578740140567, -0.7240030102383936, -0.13202907417742482, 0.4916345228382201, -0.5599509190135404]
[-0.22491326617105434, -0.41331165452829843, -0.7751255829949344, -0.1584570226459773, 0.43839153457646113, -0.6638018947468719]
[-0.260827771498773, -0.43416543504254024, -0.8262481557514751, -0.18488497111452978, 0.3851485463147021, -0.7676528704802035]
[-0.29674227682649174, -0.45501921555678204, -0.877370728508016, -0.21131291958308226, 0.33190555805294303, -0.871503846213535]
[-0.33265678215421046, -0.47587299607102385, -0.9284933012645569, -0.23774086805163477, 0.27866256979118403, -0.9753548219468665]
[-0.3685712874819291, -0.49672677658526554, -0.9796158740210975, -0.2641688165201872, 0.22541958152942498, -1.079205797680198]
[-0.4044857928096478, -0.5175805570995073, -1.0307384467776384, -0.2905967649887397, 0.17217659326766604, -1.1830567734135295]
[-0.5184334823232444, -0.5077254260480789, -0.9862446533433007, -0.2684642147570121, 0.2239685410591548, -1.2367633186017883]
[-0.6323811718368411, -0.49787029499665036, -0.941750859908963, -0.24633166452528443, 0.2757604888506436, -1.2904698637900471]
[-0.7463288613504376, -0.48801516394522193, -0.8972570664746253, -0.22419911429355682, 0.32755243664213235, -1.3441764089783057]
[-0.8602765508640342, -0.47816003289379344, -0.8527632730402877, -0.20206656406182916, 0.3793443844336211, -1.3978829541665645]
[-0.9742242403776308, -0.46830490184236495, -0.80826947960595, -0.17993401383010155, 0.4311363322251099, -1.4515894993548233]
[-1.0881719298912276, -0.45844977079093646, -0.7637756861716123, -0.1578014635983739, 0.48292828001659865, -1.505296044543082]
[-1.202119619404824, -0.448594639739508, -0.7192818927372746, -0.1356689133666463, 0.5347202278080874, -1.5590025897313406]
[-1.3160673089184205, -0.43873950868807954, -0.6747880993029369, -0.11353636313491863, 0.5865121755995761, -1.6127091349195994]
[-1.430014998432017, -0.42888437763665105, -0.6302943058685992, -0.09140381290319102, 0.6383041233910649, -1.6664156801078582]
[-1.5439626879456139, -0.41902924658522256, -0.5858005124342616, -0.06927126267146339, 0.6900960711825537, -1.720122225296117]
[-1.6579103774592103, -0.4091741155337941, -0.5413067189999239, -0.047138712439735775, 0.7418880189740424, -1.7738287704843758]
[-1.7718580669728072, -0.39931898448236564, -0.4968129255655862, -0.02500616220800811, 0.7936799667655312, -1.8275353156726344]
[-1.8858057564864035, -0.38946385343093715, -0.45231913213124847, -0.002873611976280495, 0.84547191455702, -1.8812418608608932]