[0.03869311057819047, -0.3403395895425554, -0.38990998378357045, -0.00016548052140930025, 0.7312326662957194, 0.007596450502558305]
[0.07472932766619271, -0.30607128778965553, -0.4643300558989109, -0.027516131284417093, 0.7507704724351436, -0.10202225027655173]
[0.11076554475419495, -0.2718029860367557, -0.5387501280142514, -0.054866782047424886, 0.7703082785745679, -0.21164095105566177]
[0.1468017618421972, -0.23753468428385582, -0.6131702001295919, -0.08221743281043267, 0.789846084713992, -0.3212596518347718]
[0.18283797893019943, -0.20326638253095597, -0.6875902722449323, -0.10956808357344047, 0.8093838908534162, -0.43087835261388185]
[0.21887419601820168, -0.16899808077805611, -0.7620103443602728, -0.13691873433644827, 0.8289216969928405, -0.5404970533929919]
[0.25491041310620394, -0.13472977902515626, -0.8364304164756133, -0.16426938509945604, 0.8484595031322647, -0.6501157541721019]
[0.2909466301942062, -0.1004614772722564, -0.9108504885909539, -0.19162003586246384, 0.8679973092716888, -0.759734454951212]
[0.3269828472822084, -0.06619317551935655, -0.9852705607062943, -0.21897068662547164, 0.8875351154111131, -0.869353155730322]
[0.36301906437021064, -0.031924873766456696, -1.059690632821635, -0.24632133738847944, 0.9070729215505373, -0.9789718565094321]
[0.3990552814582129, 0.0023434279864431584, -1.1341107049369752, -0.27367198815148724, 0.9266107276899616, -1.0885905572885421]
[0.4350914985462152, 0.03661172973934301, -1.208530777052316, -0.30102263891449504, 0.9461485338293858, -1.1982092580676522]
[0.4711277156342174, 0.07088003149224287, -1.2829508491676562, -0.3283732896775028, 0.9656863399688099, -1.307827958846762]
[0.5071639327222197, 0.10514833324514272, -1.3573709212829967, -0.35572394044051064, 0.9852241461082343, -1.4174466596258724]
[0.5432001498102219, 0.13941663499804258, -1.4317909933983373, -0.3830745912035184, 1.0047619522476583, -1.5270653604049822]
[0.5792363668982241, 0.17368493675094243, -1.5062110655136778, -0.41042524196652624, 1.0242997583870825, -1.6366840611840925]
[0.6152725839862263, 0.20795323850384229, -1.580631137629018, -0.437775892729534, 1.0438375645265068, -1.7463027619632023]
[0.6513088010742286, 0.24222154025674214, -1.6550512097443586, -0.4651265434925418, 1.063375370665931, -1.8559214627423124]
[0.6873450181622308, 0.276489842009642, -1.7294712818596991, -0.4924771942555496, 1.0829131768053553, -1.9655401635214225]
[0.7233812352502331, 0.31075814376254185, -1.8038913539750396, -0.5198278450185574, 1.1024509829447795, -2.0751588643005325]
[0.5767612823864303, 0.27470057129821823, -1.7393530237976522, -0.4893961344926548, 1.0972008802948643, -2.0569025849206977]
[0.43014132952262757, 0.23864299883389462, -1.674814693620265, -0.4589644239667522, 1.0919507776449489, -2.038646305540863]
[0.28352137665882476, 0.20258542636957097, -1.6102763634428776, -0.4285327134408496, 1.0867006749950336, -2.020390026161028]
[0.13690142379502201, 0.16652785390524735, -1.5457380332654904, -0.398101002914947, 1.0814505723451184, -2.002133746781193]
[-0.00971852906878079, 0.13047028144092374, -1.481199703088103, -0.36766929238904433, 1.0762004696952032, -1.983877467401358]
[-0.1563384819325836, 0.09441270897660009, -1.4166613729107156, -0.3372375818631418, 1.0709503670452878, -1.965621188021523]
[-0.3029584347963863, 0.05835513651227647, -1.3521230427333282, -0.3068058713372392, 1.0657002643953726, -1.9473649086416882]
[-0.4495783876601891, 0.022297564047952856, -1.287584712555941, -0.2763741608113366, 1.0604501617454574, -1.9291086292618533]
[-0.5961983405239919, -0.013760008416370761, -1.2230463823785536, -0.24594245028543393, 1.055200059095542, -1.9108523498820182]
[-0.7428182933877947, -0.04981758088069438, -1.1585080522011664, -0.21551073975953133, 1.0499499564456267, -1.8925960705021834]
[-0.8894382462515975, -0.08587515334501805, -1.093969722023779, -0.18507902923362873, 1.0446998537957115, -1.8743397911223485]
[-1.0360581991154003, -0.12193272580934167, -1.0294313918463915, -0.15464731870772613, 1.039449751145796, -1.8560835117425136]
[-1.182678151979203, -0.15799029827366523, -0.9648930616690043, -0.12421560818182359, 1.0341996484958809, -1.8378272323626788]
[-1.3292981048430057, -0.1940478707379889, -0.9003547314916169, -0.09378389765592099, 1.0289495458459657, -1.8195709529828439]
[-1.4759180577068085, -0.23010544320231252, -0.8358164013142296, -0.06335218713001833, 1.0236994431960504, -1.801314673603009]
[-1.6225380105706113, -0.26616301566663614, -0.7712780711368423, -0.032920476604115734, 1.018449340546135, -1.783058394223174]
[-1.7691579634344143, -0.30222058813095976, -0.7067397409594549, -0.002488766078213162, 1.0131992378962198, -1.764802114843339]