[-0.19955244475067158, -0.5370965422139173, -0.4524030100003982, -0.00016342910357636242, 0.9905691961158469, -0.2303699719148069]
[-0.30723016877183257, -0.5266381150119229, -0.5073137155477798, 0.018334216528325443, 1.0297534584207404, -0.304632201564148]
[-0.41490789279299356, -0.5161796878099285, -0.5622244210951615, 0.03683186216022725, 1.068937720725634, -0.3788944312134891]
[-0.5225856168141545, -0.5057212606079341, -0.6171351266425431, 0.05532950779212906, 1.1081219830305276, -0.45315666086283024]
[-0.6302633408353155, -0.49526283340593963, -0.6720458321899248, 0.07382715342403086, 1.147306245335421, -0.5274188905121713]
[-0.7379410648564765, -0.48480440620394516, -0.7269565377373064, 0.09232479905593267, 1.1864905076403147, -0.6016811201615124]
[-0.8456187888776374, -0.47434597900195075, -0.781867243284688, 0.11082244468783448, 1.2256747699452082, -0.6759433498108536]
[-0.9532965128987985, -0.46388755179995633, -0.8367779488320697, 0.1293200903197363, 1.2648590322501017, -0.7502055794601947]
[-1.0609742369199595, -0.4534291245979619, -0.8916886543794513, 0.14781773595163808, 1.3040432945549951, -0.8244678091095358]
[-1.1686519609411206, -0.44297069739596745, -0.946599359926833, 0.16631538158353992, 1.3432275568598888, -0.898730038758877]
[-1.2763296849622814, -0.43251227019397304, -1.0015100654742146, 0.1848130272154417, 1.3824118191647823, -0.9729922684082181]
[-1.3840074089834424, -0.4220538429919786, -1.0564207710215963, 0.20331067284734353, 1.4215960814696758, -1.0472544980575593]
[-1.4916851330046033, -0.41159541578998415, -1.111331476568978, 0.22180831847924531, 1.4607803437745692, -1.1215167277069003]
[-1.5993628570257645, -0.40113698858798974, -1.1662421821163595, 0.24030596411114716, 1.499964606079463, -1.1957789573562416]
[-1.7070405810469254, -0.3906785613859953, -1.2211528876637412, 0.25880360974304895, 1.5391488683843564, -1.2700411870055826]
[-1.7304797381080965, -0.39584282413388305, -1.1297565788917063, 0.23260204803082885, 1.460501582447563, -1.33668607280683]
[-1.7539188951692675, -0.4010070868817707, -1.0383602701196715, 0.20640048631860872, 1.3818542965107694, -1.403330958608077]
[-1.7773580522304386, -0.40617134962965845, -0.9469639613476368, 0.18019892460638862, 1.3032070105739757, -1.4699758444093245]
[-1.8007972092916098, -0.4113356123775461, -0.855567652575602, 0.1539973628941685, 1.2245597246371822, -1.5366207302105719]
[-1.824236366352781, -0.41649987512543385, -0.7641713438035671, 0.1277958011819484, 1.1459124387003887, -1.6032656160118193]
[-1.847675523413952, -0.4216641378733216, -0.6727750350315324, 0.10159423946972829, 1.067265152763595, -1.6699105018130664]
[-1.871114680475123, -0.42682840062120925, -0.5813787262594975, 0.07539267775750819, 0.9886178668268016, -1.7365553876143138]
[-1.8945538375362942, -0.431992663369097, -0.48998241748746263, 0.04919111604528803, 0.909970580890008, -1.8032002734155612]
[-1.9179929945974652, -0.43715692611698465, -0.39858610871542777, 0.02298955433306793, 0.8313232949532144, -1.8698451592168084]
[-1.9414321516586364, -0.44232118886487237, -0.307189799943393, -0.0032120073791521604, 0.752676009016421, -1.9364900450180558]