[0.1550895437379749, -0.5014662081539765, -0.21348172988487413, 0.0006910817601823993, 0.7159717253327456, 0.12346531164676922]
[0.07157065462547982, -0.5116137920597017, -0.2444551975796876, -0.03233515277157381, 0.6835505768908654, 0.027099480947629276]
[-0.011948234487015263, -0.5217613759654268, -0.27542866527450105, -0.06536138730333002, 0.6511294284489854, -0.06926634975151066]
[-0.09546712359951032, -0.531908959871152, -0.3064021329693145, -0.09838762183508622, 0.6187082800071052, -0.1656321804506506]
[-0.17898601271200543, -0.5420565437768772, -0.337375600664128, -0.13141385636684244, 0.5862871315652252, -0.26199801114979054]
[-0.2625049018245005, -0.5522041276826024, -0.36834906835894143, -0.16444009089859862, 0.553865983123345, -0.35836384184893044]
[-0.34602379093699553, -0.5623517115883275, -0.3993225360537549, -0.19746632543035483, 0.5214448346814649, -0.4547296725480704]
[-0.4295426800494907, -0.5724992954940528, -0.43029600374856836, -0.23049255996211104, 0.4890236862395848, -0.5510955032472103]
[-0.5130615691619858, -0.5826468793997779, -0.4612694714433818, -0.2635187944938673, 0.45660253779770466, -0.6474613339463503]
[-0.5965804582744809, -0.5927944633055031, -0.4922429391381953, -0.29654502902562346, 0.42418138935582456, -0.7438271646454903]
[-0.6800993473869759, -0.6029420472112282, -0.5232164068330087, -0.32957126355737965, 0.39176024091394446, -0.8401929953446301]
[-0.763618236499471, -0.6130896311169535, -0.5541898745278222, -0.3625974980891359, 0.35933909247206436, -0.9365588260437702]
[-0.864444814436511, -0.6062137822298639, -0.536436381028331, -0.32992157552931217, 0.4084473915767675, -1.0212127861794542]
[-0.965271392373551, -0.5993379333427742, -0.5186828875288397, -0.29724565296948846, 0.45755569068147073, -1.1058667463151381]
[-1.066097970310591, -0.5924620844556846, -0.5009293940293486, -0.2645697304096648, 0.5066639897861739, -1.190520706450822]
[-1.166924548247631, -0.5855862355685949, -0.48317590052985737, -0.2318938078498411, 0.555772288890877, -1.2751746665865062]
[-1.2677511261846708, -0.5787103866815053, -0.46542240703036614, -0.1992178852900174, 0.6048805879955802, -1.35982862672219]
[-1.3685777041217109, -0.5718345377944156, -0.44766891353087496, -0.16654196273019373, 0.6539888871002835, -1.4444825868578741]
[-1.469404282058751, -0.564958688907326, -0.4299154200313837, -0.13386604017037002, 0.7030971862049866, -1.529136546993558]
[-1.570230859995791, -0.5580828400202363, -0.41216192653189254, -0.1011901176105463, 0.7522054853096898, -1.613790507129242]
[-1.671057437932831, -0.5512069911331468, -0.3944084330324013, -0.06851419505072259, 0.8013137844143929, -1.6984444672649261]
[-1.7718840158698708, -0.544331142246057, -0.37665493953291007, -0.03583827249089894, 0.8504220835190961, -1.7830984274006099]
[-1.8727105938069109, -0.5374552933589675, -0.3589014460334189, -0.003162349931075223, 0.8995303826237994, -1.867752387536294]