[0.2247160406479205, -0.9292901577794233, -0.29210803027272103, 0.0005114266224515163, 1.2226108364691957, 0.19347323005025974]
[0.21192844507962294, -0.9235117144659657, -0.3754697127682345, -0.045332608697223824, 1.2014166529279313, 0.06587128455086114]
[0.19914084951132538, -0.917733271152508, -0.4588313952637479, -0.09117664401689916, 1.180222469386667, -0.061730660948537464]
[0.18635325394302782, -0.9119548278390505, -0.5421930777592613, -0.1370206793365745, 1.1590282858454029, -0.18933260644793604]
[0.17356565837473026, -0.9061763845255928, -0.6255547602547747, -0.18286471465624984, 1.1378341023041385, -0.31693455194733466]
[0.1607780628064327, -0.9003979412121352, -0.7089164427502882, -0.2287087499759252, 1.1166399187628742, -0.4445364974467333]
[0.14799046723813514, -0.8946194978986777, -0.7922781252458015, -0.2745527852956005, 1.09544573522161, -0.5721384429461318]
[0.13520287166983758, -0.88884105458522, -0.875639807741315, -0.32039682061527586, 1.0742515516803457, -0.6997403884455304]
[0.12241527610154002, -0.8830626112717624, -0.9590014902368285, -0.3662408559349512, 1.0530573681390814, -0.8273423339449291]
[0.0047687541584412185, -0.8451835276732252, -0.9272404293785221, -0.3449203494351059, 1.0300452008455276, -0.888767892050674]
[-0.11287776778465758, -0.8073044440746882, -0.8954793685202158, -0.3235998429352606, 1.0070330335519742, -0.9501934501564189]
[-0.2305242897277564, -0.769425360476151, -0.8637183076619095, -0.3022793364354153, 0.9840208662584204, -1.0116190082621639]
[-0.3481708116708552, -0.7315462768776138, -0.8319572468036032, -0.2809588299355701, 0.9610086989648668, -1.0730445663679087]
[-0.46581733361395405, -0.6936671932790766, -0.8001961859452967, -0.2596383234357248, 0.9379965316713132, -1.1344701244736537]
[-0.5834638555570528, -0.6557881096805395, -0.7684351250869904, -0.23831781693587947, 0.9149843643777595, -1.1958956825793985]
[-0.7011103775001516, -0.6179090260820023, -0.7366740642286841, -0.2169973104360342, 0.891972197084206, -1.2573212406851435]
[-0.8187568994432504, -0.5800299424834652, -0.7049130033703778, -0.19567680393618891, 0.8689600297906523, -1.3187467987908883]
[-0.9364034213863492, -0.542150858884928, -0.6731519425120714, -0.17435629743634362, 0.8459478624970987, -1.3801723568966333]
[-1.0540499433294481, -0.5042717752863908, -0.641390881653765, -0.15303579093649833, 0.8229356952035451, -1.441597915002378]
[-1.1716964652725468, -0.4663926916878536, -0.6096298207954587, -0.13171528443665304, 0.7999235279099914, -1.5030234731081231]
[-1.2893429872156457, -0.42851360808931643, -0.5778687599371524, -0.11039477793680774, 0.7769113606164378, -1.5644490312138681]
[-1.4069895091587443, -0.3906345244907793, -0.546107699078846, -0.0890742714369625, 0.7538991933228842, -1.6258745893196127]
[-1.5246360311018432, -0.3527554408922421, -0.5143466382205397, -0.06775376493711721, 0.7308870260293306, -1.6873001474253577]
[-1.6422825530449419, -0.314876357293705, -0.48258557736223345, -0.04643325843727192, 0.707874858735777, -1.7487257055311027]
[-1.7599290749880407, -0.2769972736951678, -0.4508245165039271, -0.025112751937426625, 0.6848626914422233, -1.8101512636368478]
[-1.8775755969311396, -0.23911819009663057, -0.41906345564562075, -0.003792245437581359, 0.6618505241486697, -1.8715768217425925]