[0.03991030635605508, -0.5447820222179489, -0.00795670828690831, 0.0003461664570432177, 0.5539183195982202, 0.008742825811906663]
[0.016462090843538092, -0.5330150418454018, -0.15853893730784419, 0.010120367337435834, 0.6295863584614587, 0.04546814136596134]
[-0.006986124668978896, -0.5212480614728546, -0.30912116632878006, 0.01989456821782845, 0.7052543973246971, 0.08219345692001602]
[-0.030434340181495878, -0.5094810811003075, -0.4597033953497158, 0.02966876909822106, 0.7809224361879356, 0.11891877247407069]
[-0.053882555694012874, -0.49771410072776034, -0.6102856243706518, 0.039442969978613684, 0.8565904750511739, 0.15564408802812538]
[-0.07733077120652986, -0.48594712035521326, -0.7608678533915876, 0.049217170859006294, 0.9322585139144124, 0.19236940358218005]
[-0.10077898671904684, -0.4741801399826661, -0.9114500824125233, 0.058991371739398904, 1.0079265527776509, 0.22909471913623472]
[-0.12422720223156383, -0.462413159610119, -1.062032311433459, 0.06876557261979152, 1.0835945916408893, 0.26582003469028936]
[-0.14767541774408083, -0.45064617923757183, -1.2126145404543953, 0.07853977350018415, 1.1592626305041276, 0.3025453502443441]
[-0.1711236332565978, -0.4388791988650247, -1.363196769475331, 0.08831397438057675, 1.2349306693673663, 0.33927066579839876]
[-0.1945718487691148, -0.42711221849247755, -1.5137789984962668, 0.09808817526096937, 1.3105987082306045, 0.37599598135245343]
[-0.2694298237215405, -0.42523071809553104, -1.4435261346138084, 0.09252982663489934, 1.273732731624869, 0.26970429453609385]
[-0.3442877986739662, -0.42334921769858447, -1.37327327073135, 0.0869714780088293, 1.2368667550191335, 0.16341260771973423]
[-0.41914577362639194, -0.42146771730163796, -1.3030204068488915, 0.08141312938275927, 1.2000007784133977, 0.05712092090337462]
[-0.49400374857881757, -0.41958621690469144, -1.232767542966433, 0.07585478075668925, 1.1631348018076622, -0.04917076591298497]
[-0.5688617235312433, -0.4177047165077449, -1.1625146790839747, 0.0702964321306192, 1.1262688252019266, -0.1554624527293446]
[-0.6437196984836691, -0.41582321611079837, -1.0922618152015162, 0.06473808350454918, 1.0894028485961909, -0.2617541395457042]
[-0.7185776734360948, -0.41394171571385185, -1.0220089513190578, 0.05917973487847914, 1.0525368719904553, -0.3680458263620639]
[-0.7934356483885204, -0.4120602153169053, -0.9517560874365995, 0.053621386252409114, 1.0156708953847198, -0.4743375131784234]
[-0.8682936233409462, -0.4101787149199588, -0.881503223554141, 0.04806303762633908, 0.9788049187789842, -0.580629199994783]
[-0.9431515982933719, -0.40829721452301226, -0.8112503596716826, 0.04250468900026905, 0.9419389421732486, -0.6869208868111427]
[-1.0180095732457977, -0.4064157141260657, -0.7409974957892241, 0.03694634037419901, 0.9050729655675129, -0.7932125736275024]
[-1.0928675481982233, -0.4045342137291192, -0.6707446319067658, 0.03138799174812899, 0.8682069889617774, -0.8995042604438619]
[-1.167725523150649, -0.4026527133321727, -0.6004917680243074, 0.02582964312205896, 0.8313410123560419, -1.0057959472602216]
[-1.2425834981030748, -0.4007712129352261, -0.5302389041418488, 0.020271294495988912, 0.7944750357503062, -1.1120876340765813]
[-1.3174414730555004, -0.3988897125382796, -0.4599860402593905, 0.014712945869918878, 0.7576090591445706, -1.2183793208929408]
[-1.392299448007926, -0.3970082121413331, -0.38973317637693206, 0.009154597243848858, 0.720743082538835, -1.3246710077093002]
[-1.467157422960352, -0.3951267117443865, -0.3194803124944736, 0.0035962486177788244, 0.6838771059330995, -1.43096269452566]
[-1.5420153979127775, -0.39324521134744, -0.24922744861201518, -0.0019621000082912063, 0.6470111293273638, -1.5372543813420196]