[0.18605086050980812, -0.05395071344098312, -0.5623906792287734, 0.0004263902288901278, 0.6173795357633853, 0.15468038904156245]
[0.10633001389443396, -0.07662930374290342, -0.5774897783864381, -0.06574175419394743, 0.5542242035592208, 0.11819250801463385]
[0.026609167279059792, -0.09930789404482372, -0.5925888775441028, -0.13190989861678498, 0.49106887135505617, 0.08170462698770524]
[-0.05311167933631433, -0.12198648434674401, -0.6076879767017674, -0.1980780430396225, 0.4279135391508916, 0.045216745960776655]
[-0.13283252595168854, -0.14466507464866432, -0.6227870758594322, -0.2642461874624601, 0.36475820694672695, 0.00872886493384803]
[-0.2125533725670627, -0.16734366495058461, -0.6378861750170969, -0.3304143318852976, 0.30160287474256237, -0.02775901609308054]
[-0.2922742191824368, -0.1900222552525049, -0.6529852741747616, -0.39658247630813515, 0.23844754253839778, -0.06424689712000914]
[-0.37199506579781105, -0.21270084555442523, -0.6680843733324263, -0.46275062073097273, 0.1752922103342332, -0.10073477814693776]
[-0.4517159124131852, -0.23537943585634552, -0.683183472490091, -0.5289187651538103, 0.11213687813006856, -0.1372226591738664]
[-0.5314367590285594, -0.25805802615826584, -0.6982825716477556, -0.5950869095766479, 0.04898154592590398, -0.17371054020079496]
[-0.6111576056439335, -0.2807366164601861, -0.7133816708054204, -0.6612550539994854, -0.014173786278260603, -0.21019842122772353]
[-0.6908784522593077, -0.3034152067621064, -0.7284807699630851, -0.727423198422323, -0.07732911848242521, -0.24668630225465216]
[-0.7694436772070614, -0.30333078549440157, -0.7122907835362611, -0.6822207306101131, -0.02406176085469741, -0.3526079855386926]
[-0.8480089021548153, -0.3032463642266967, -0.696100797109437, -0.6370182627979034, 0.02920559677303039, -0.45852966882273305]
[-0.926574127102569, -0.3031619429589919, -0.6799108106826129, -0.5918157949856936, 0.08247295440075819, -0.5644513521067736]
[-1.005139352050323, -0.30307752169128704, -0.6637208242557889, -0.5466133271734839, 0.135740312028486, -0.6703730353908139]
[-1.0837045769980767, -0.3029931004235822, -0.6475308378289648, -0.501410859361274, 0.18900766965621382, -0.7762947186748543]
[-1.1622698019458304, -0.3029086791558774, -0.6313408514021408, -0.45620839154906423, 0.2422750272839416, -0.8822164019588948]
[-1.2408350268935844, -0.3028242578881725, -0.6151508649753168, -0.41100592373685446, 0.2955423849116694, -0.9881380852429353]
[-1.319400251841338, -0.30273983662046766, -0.5989608785484928, -0.3658034559246447, 0.3488097425393972, -1.0940597685269757]
[-1.3979654767890919, -0.3026554153527628, -0.5827708921216687, -0.3206009881124349, 0.40207710016712506, -1.1999814518110161]
[-1.4765307017368456, -0.30257099408505794, -0.5665809056948446, -0.27539852030022516, 0.4553444577948529, -1.3059031350950565]
[-1.5550959266845994, -0.30248657281735314, -0.5503909192680205, -0.23019605248801533, 0.5086118154225806, -1.4118248183790971]
[-1.6336611516323531, -0.3024021515496483, -0.5342009328411965, -0.1849935846758055, 0.5618791730503084, -1.5177465016631375]
[-1.712226376580107, -0.3023177302819434, -0.5180109464143725, -0.1397911168635958, 0.6151465306780363, -1.623668184947178]
[-1.7907916015278609, -0.3022333090142386, -0.5018209599875485, -0.09458864905138598, 0.668413888305764, -1.7295898682312185]
[-1.8693568264756146, -0.30214888774653376, -0.4856309735607244, -0.04938618123917626, 0.7216812459334918, -1.835511551515259]
[-1.9479220514233684, -0.3020644664788289, -0.46944098713390037, -0.004183713426966483, 0.7749486035612196, -1.9414332347992993]