[0.028242821200212376, -0.16787816859409865, -0.36363149471039247, 0.00037929872302022716, 0.5326630362360323, -0.0031617233320577753]
[-0.04958585565019226, -0.18208100461875962, -0.4383909862217866, 0.049600687096726936, 0.5750644531265862, -0.05335488105908538]
[-0.1274145325005969, -0.19628384064342055, -0.5131504777331808, 0.09882207547043365, 0.6174658700171399, -0.10354803878611299]
[-0.20524320935100154, -0.21048667666808152, -0.587909969244575, 0.14804346384414035, 0.6598672869076938, -0.1537411965131406]
[-0.28307188620140616, -0.22468951269274245, -0.6626694607559691, 0.19726485221784706, 0.7022687037982476, -0.2039343542401682]
[-0.36090056305181084, -0.23889234871740345, -0.7374289522673633, 0.24648624059155377, 0.7446701206888016, -0.25412751196719585]
[-0.43872923990221546, -0.2530951847420644, -0.8121884437787574, 0.2957076289652605, 0.7870715375793553, -0.30432066969422344]
[-0.5165579167526201, -0.2672980207667254, -0.8869479352901516, 0.3449290173389672, 0.8294729544699092, -0.3545138274212511]
[-0.5943865936030247, -0.28150085679138626, -0.9617074268015458, 0.3941504057126739, 0.871874371360463, -0.40470698514827863]
[-0.6722152704534294, -0.29570369281604725, -1.0364669183129398, 0.4433717940863806, 0.9142757882510169, -0.4549001428753063]
[-0.7500439473038341, -0.30990652884070824, -1.111226409824334, 0.4925931824600873, 0.9566772051415707, -0.5050933006023339]
[-0.8278726241542387, -0.3241093648653691, -1.1859859013357283, 0.541814570833794, 0.9990786220321245, -0.5552864583293615]
[-0.9057013010046433, -0.3383122008900301, -1.2607453928471224, 0.5910359592075007, 1.0414800389226784, -0.6054796160563891]
[-0.9802570755043675, -0.3378171471743712, -1.2032825945066554, 0.5317552615613153, 1.0396847687792319, -0.7096625443675881]
[-1.0548128500040916, -0.33732209345871234, -1.1458197961661887, 0.4724745639151299, 1.0378894986357854, -0.8138454726787872]
[-1.1293686245038157, -0.3368270397430535, -1.0883569978257217, 0.41319386626894444, 1.036094228492339, -0.9180284009899862]
[-1.20392439900354, -0.3363319860273946, -1.030894199485255, 0.353913168622759, 1.0342989583488924, -1.0222113293011852]
[-1.278480173503264, -0.3358369323117357, -0.973431401144788, 0.2946324709765736, 1.0325036882054457, -1.1263942576123842]
[-1.353035948002988, -0.33534187859607684, -0.9159686028043212, 0.23535177333038815, 1.0307084180619992, -1.230577185923583]
[-1.4275917225027124, -0.33484682488041795, -0.8585058044638543, 0.17607107568420272, 1.0289131479185527, -1.334760114234782]
[-1.5021474970024364, -0.3343517711647591, -0.8010430061233874, 0.11679037803801728, 1.0271178777751062, -1.438943042545981]
[-1.5767032715021605, -0.3338567174491002, -0.7435802077829206, 0.0575096803918318, 1.0253226076316597, -1.54312597085718]
[-1.6512590460018848, -0.33336166373344134, -0.6861174094424537, -0.0017710172543535503, 1.0235273374882132, -1.647308899168379]