[-0.23196263267170636, -0.6895762360856938, -0.37347963746816326, -0.0001586608871049222, 1.0640322635556778, -0.2627952345672542]
[-0.25803688854643103, -0.7244762619840512, -0.4487897888893348, -0.0028970483641802868, 1.0435664064015477, -0.17887035716501248]
[-0.28411114442115565, -0.7593762878824085, -0.5240999403105063, -0.005635435841255651, 1.0231005492474177, -0.09494547976277076]
[-0.39955697803939283, -0.7262004314815231, -0.5281522058666202, -0.0054747873636444445, 1.0128342572558309, -0.2235212073480016]
[-0.5150028116576301, -0.6930245750806376, -0.532204471422734, -0.005314138886033237, 1.002567965264244, -0.35209693493323246]
[-0.6304486452758673, -0.6598487186797523, -0.5362567369788478, -0.00515349040842203, 0.9923016732726575, -0.4806726625184633]
[-0.7458944788941044, -0.6266728622788668, -0.5403090025349615, -0.004992841930810822, 0.9820353812810707, -0.6092483901036941]
[-0.8613403125123418, -0.5934970058779814, -0.5443612680910753, -0.004832193453199615, 0.9717690892894839, -0.7378241176889251]
[-0.9767861461305789, -0.5603211494770959, -0.5484135336471891, -0.0046715449755884075, 0.9615027972978972, -0.8663998452741558]
[-1.092231979748816, -0.5271452930762105, -0.552465799203303, -0.004510896497977201, 0.9512365053063105, -0.9949755728593868]
[-1.2076778133670532, -0.49396943667532506, -0.5565180647594168, -0.004350248020365993, 0.9409702133147237, -1.1235513004446174]
[-1.3231236469852907, -0.4607935802744396, -0.5605703303155306, -0.004189599542754786, 0.930703921323137, -1.2521270280298484]
[-1.4385694806035279, -0.4276177238735542, -0.5646225958716444, -0.004028951065143578, 0.9204376293315503, -1.3807027556150793]
[-1.554015314221765, -0.3944418674726688, -0.5686748614277581, -0.0038683025875323714, 0.9101713373399636, -1.50927848320031]
[-1.669461147840002, -0.36126601107178336, -0.572727126983872, -0.003707654109921164, 0.8999050453483768, -1.6378542107855407]
[-1.7849069814582394, -0.3280901546708979, -0.5767793925399858, -0.0035470056323099568, 0.88963875335679, -1.7664299383707718]
[-1.9003528150764766, -0.2949142982700125, -0.5808316580960996, -0.0033863571546987495, 0.8793724613652033, -1.8950056659560026]