[0.0015314120599816405, -0.4482098894350752, -0.3772538151638729, 9.172712458127563e-05, 0.826536803438608, -0.029659992998791296]
[-0.04897227803319807, -0.4363090665209811, -0.4533975498775414, 0.04539135235566322, 0.8137615576186306, -0.10613899225158886]
[-0.09947596812637778, -0.424408243606887, -0.5295412845912099, 0.09069097758674516, 0.8009863117986531, -0.18261799150438643]
[-0.14997965821955747, -0.4125074206927929, -0.6056850193048784, 0.1359906028178271, 0.7882110659786755, -0.25909699075718395]
[-0.2004833483127372, -0.4006065977786988, -0.6818287540185468, 0.18129022804890904, 0.775435820158698, -0.33557599000998156]
[-0.2509870384059169, -0.38870577486460467, -0.7579724887322153, 0.22658985327999098, 0.7626605743387206, -0.4120549892627791]
[-0.37190792303989906, -0.3911255307375984, -0.7716001132645554, 0.239143680956143, 0.7572046398496589, -0.5381420489136055]
[-0.49282880767388115, -0.3935452866105922, -0.7852277377968953, 0.251697508632295, 0.7517487053605972, -0.6642291085644321]
[-0.6137496923078632, -0.395965042483586, -0.7988553623292353, 0.264251336308447, 0.7462927708715356, -0.7903161682152584]
[-0.7346705769418453, -0.39838479835657975, -0.8124829868615753, 0.27680516398459903, 0.7408368363824739, -0.916403227866085]
[-0.8555914615758275, -0.4008045542295735, -0.8261106113939152, 0.289358991660751, 0.7353809018934121, -1.0424902875169113]
[-0.9765123462098095, -0.40322431010256726, -0.8397382359262552, 0.301912819336903, 0.7299249674043504, -1.1685773471677379]
[-1.0974332308437917, -0.405644065975561, -0.8533658604585952, 0.31446664701305505, 0.7244690329152887, -1.2946644068185642]
[-1.218354115477774, -0.40806382184855483, -0.8669934849909352, 0.32702047468920703, 0.7190130984262271, -1.4207514664693908]
[-1.3392750001117562, -0.4104835777215486, -0.8806211095232751, 0.33957430236535907, 0.7135571639371654, -1.5468385261202173]
[-1.4601958847457381, -0.41290333359454234, -0.8942487340556151, 0.35212813004151106, 0.7081012294481037, -1.6729255857710437]
[-1.5213221394903793, -0.4352389248655857, -0.7858306856019115, 0.29292212001575374, 0.7225180647283492, -1.6976632757798786]
[-1.5824483942350205, -0.457574516136629, -0.677412637148208, 0.23371610998999642, 0.7369349000085947, -1.7224009657887136]
[-1.6435746489796617, -0.4799101074076723, -0.5689945886945044, 0.17451009996423908, 0.7513517352888403, -1.7471386557975483]
[-1.7047009037243028, -0.5022456986787156, -0.4605765402408008, 0.11530408993848176, 0.7657685705690858, -1.7718763458063833]
[-1.765827158468944, -0.5245812899497589, -0.3521584917870971, 0.05609807991272442, 0.7801854058493313, -1.7966140358152183]
[-1.8269534132135852, -0.5469168812208023, -0.24374044333339365, -0.0031079301130329078, 0.7946022411295768, -1.8213517258240532]