[-0.18472927594631638, -0.5545238652701414, -0.2219609757263754, -8.53761591148583e-05, 0.7777743699251118, -0.21570132843290413]
[-0.17309058179319686, -0.5879497036792157, -0.27704563050587283, -0.048396678692200955, 0.7475320459132492, -0.335701459071722]
[-0.16145188764007734, -0.6213755420882899, -0.33213028528537025, -0.09670798122528705, 0.7172897219013865, -0.45570158971053987]
[-0.14981319348695782, -0.6548013804973642, -0.3872149400648677, -0.14501928375837317, 0.6870473978895237, -0.5757017203493577]
[-0.13817449933383832, -0.6882272189064385, -0.44229959484436504, -0.19333058629145924, 0.6568050738776611, -0.6957018509881756]
[-0.1265358051807188, -0.7216530573155128, -0.49738424962386246, -0.24164188882454535, 0.6265627498657984, -0.8157019816269936]
[-0.11489711102759928, -0.7550788957245871, -0.5524689044033599, -0.2899531913576315, 0.5963204258539357, -0.9357021122658115]
[-0.10325841687447977, -0.7885047341336613, -0.6075535591828573, -0.33826449389071755, 0.5660781018420731, -1.0557022429046292]
[-0.09161972272136025, -0.8219305725427355, -0.6626382139623547, -0.38657579642380363, 0.5358357778302103, -1.175702373543447]
[-0.07998102856824073, -0.8553564109518099, -0.7177228687418521, -0.43488709895688976, 0.5055934538183477, -1.2957025041822652]
[-0.0683423344151212, -0.8887822493608841, -0.7728075235213495, -0.48319840148997584, 0.475351129806485, -1.415702634821083]
[-0.0567036402620017, -0.9222080877699583, -0.8278921783008469, -0.531509704023062, 0.4451088057946223, -1.535702765459901]
[-0.045064946108882176, -0.9556339261790328, -0.8829768330803444, -0.5798210065561481, 0.4148664817827596, -1.6557028960987188]
[-0.03342625195576268, -0.989059764588107, -0.9380614878598417, -0.6281323090892341, 0.384624157770897, -1.7757030267375364]
[-0.02178755780264316, -1.0224856029971812, -0.9931461426393391, -0.6764436116223203, 0.35438183375903426, -1.8957031573763543]
[-0.010148863649523637, -1.0559114414062556, -1.0482307974188365, -0.7247549141554063, 0.3241395097471716, -2.0157032880151724]
[0.0014898305035958848, -1.0893372798153296, -1.103315452198334, -0.7730662166884924, 0.2938971857353089, -2.13570341865399]
[0.0131285246567154, -1.122763118224404, -1.1584001069778314, -0.8213775192215785, 0.26365486172344615, -2.255703549292808]
[-0.10485790188077765, -1.071141951123724, -1.1296952598748617, -0.7732788220649347, 0.30221519370631267, -2.2399080804131954]
[-0.2228443284182707, -1.0195207840230436, -1.1009904127718924, -0.725180124908291, 0.3407755256891791, -2.2241126115335828]
[-0.3408307549557638, -0.9678996169223635, -1.0722855656689227, -0.6770814277516471, 0.3793358576720456, -2.2083171426539696]
[-0.45881718149325684, -0.9162784498216833, -1.0435807185659531, -0.6289827305950033, 0.4178961896549121, -2.192521673774357]
[-0.5768036080307498, -0.8646572827210031, -1.0148758714629835, -0.5808840334383596, 0.4564565216377786, -2.176726204894744]
[-0.694790034568243, -0.813036115620323, -0.9861710243600141, -0.5327853362817156, 0.49501685362064507, -2.1609307360151315]
[-0.8127764611057359, -0.7614149485196428, -0.9574661772570445, -0.4846866391250719, 0.5335771856035115, -2.145135267135519]
[-0.930762887643229, -0.7097937814189625, -0.928761330154075, -0.43658794196842815, 0.5721375175863781, -2.129339798255906]
[-1.048749314180722, -0.6581726143182824, -0.9000564830511055, -0.3884892448117843, 0.6106978495692446, -2.113544329376293]
[-1.166735740718215, -0.6065514472176022, -0.8713516359481359, -0.34039054765514054, 0.649258181552111, -2.0977488604966803]
[-1.2847221672557083, -0.554930280116922, -0.8426467888451663, -0.2922918504984967, 0.6878185135349775, -2.0819533916170676]
[-1.4027085937932013, -0.5033091130162418, -0.8139419417421968, -0.24419315334185288, 0.7263788455178439, -2.066157922737455]
[-1.5206950203306941, -0.4516879459155617, -0.7852370946392273, -0.19609445618520915, 0.7649391775007104, -2.050362453857842]
[-1.6386814468681872, -0.4000667788148815, -0.7565322475362577, -0.14799575902856532, 0.8034995094835768, -2.0345669849782295]
[-1.7566678734056804, -0.3484456117142014, -0.7278274004332882, -0.0998970618719216, 0.8420598414664433, -2.0187715160986164]
[-1.8746542999431735, -0.2968244446135212, -0.6991225533303187, -0.05179836471527777, 0.88062017344931, -2.0029760472190037]
[-1.9926407264806665, -0.24520327751284093, -0.6704177062273491, -0.003699667558633956, 0.9191805054321764, -1.987180578339391]