[0.24707736286410942, -0.3616184524913999, -0.19969247780706212, 0.0006767401249687666, 0.5624059751799795, 0.21558212939459498]
[0.19669584246710398, -0.3671162481468376, -0.2846160359951796, 0.01852790106992391, 0.6089120235809987, 0.1288706861375511]
[0.14631432207009853, -0.37261404380227525, -0.369539594183297, 0.03637906201487905, 0.6554180719820181, 0.042159242880507236]
[0.0959328016730931, -0.37811183945771293, -0.4544631523714145, 0.0542302229598342, 0.7019241203830373, -0.04455220037653662]
[0.04555128127608768, -0.3836096351131506, -0.5393867105595319, 0.07208138390478934, 0.7484301687840567, -0.1312636436335805]
[-0.004830239120917734, -0.3891074307685883, -0.6243102687476494, 0.08993254484974447, 0.7949362171850759, -0.21797508689062434]
[-0.05521175951792323, -0.39460522642402596, -0.7092338269357669, 0.10778370579469963, 0.8414422655860953, -0.3046865301476682]
[-0.10559327991492867, -0.4001030220794637, -0.7941573851238843, 0.12563486673965477, 0.8879483139871145, -0.39139797340471205]
[-0.15597480031193406, -0.4056008177349013, -0.8790809433120017, 0.1434860276846099, 0.9344543623881338, -0.478109416661756]
[-0.2063563207089395, -0.41109861339033904, -0.9640045015001192, 0.16133718862956506, 0.9809604107891531, -0.5648208599187998]
[-0.2567378411059449, -0.4165964090457767, -1.0489280596882367, 0.17918834957452018, 1.0274664591901723, -0.6515323031758437]
[-0.3071193615029504, -0.4220942047012144, -1.133851617876354, 0.19703951051947532, 1.0739725075911917, -0.7382437464328875]
[-0.3575008818999559, -0.42759200035665207, -1.2187751760644716, 0.2148906714644305, 1.120478555992211, -0.8249551896899314]
[-0.40788240229696127, -0.43308979601208974, -1.303698734252589, 0.23274183240938565, 1.1669846043932304, -0.9116666329469754]
[-0.45826392269396676, -0.4385875916675274, -1.3886222924407066, 0.25059299335434077, 1.2134906527942495, -0.9983780762040191]
[-0.5086454430909721, -0.4440853873229651, -1.473545850628824, 0.2684441542992959, 1.2599967011952689, -1.085089519461063]
[-0.6156751150311478, -0.43790778656428514, -1.405271998339315, 0.24756014406571072, 1.2364382984480025, -1.147388197187108]
[-0.7227047869713235, -0.4317301858056052, -1.336998146049806, 0.22667613383212554, 1.2128798957007358, -1.2096868749131529]
[-0.8297344589114992, -0.4255525850469252, -1.268724293760297, 0.20579212359854032, 1.1893214929534695, -1.2719855526391979]
[-0.9367641308516749, -0.41937498428824527, -1.200450441470788, 0.18490811336495513, 1.165763090206203, -1.334284230365243]
[-1.0437938027918505, -0.4131973835295653, -1.132176589181279, 0.16402410313136995, 1.1422046874589364, -1.396582908091288]
[-1.1508234747320263, -0.40701978277088535, -1.06390273689177, 0.14314009289778473, 1.11864628471167, -1.4588815858173327]
[-1.2578531466722018, -0.40084218201220534, -0.995628884602261, 0.12225608266419957, 1.0950878819644037, -1.5211802635433778]
[-1.3648828186123776, -0.3946645812535254, -0.927355032312752, 0.10137207243061436, 1.071529479217137, -1.5834789412694228]
[-1.4719124905525534, -0.3884869804948454, -0.859081180023243, 0.08048806219702917, 1.0479710764698706, -1.6457776189954676]
[-1.578942162492729, -0.38230937973616547, -0.790807327733734, 0.059604051963443955, 1.0244126737226043, -1.7080762967215126]
[-1.6859718344329047, -0.3761317789774855, -0.722533475444225, 0.038720041729858795, 1.0008542709753376, -1.7703749744475576]
[-1.7930015063730804, -0.36995417821880555, -0.654259623154716, 0.017836031496273552, 0.9772958682280712, -1.8326736521736025]
[-1.900031178313256, -0.3637765774601256, -0.585985770865207, -0.003047978737311623, 0.9537374654808047, -1.8949723298996475]