[-0.25438565236878574, -0.7834275218098607, -0.27346140618921044, -0.0001422327297939674, 1.058006877914452, -0.2851998273402643]
[-0.35685921083381367, -0.785954159260294, -0.3193599026910843, -0.005061083190029396, 0.986175570371981, -0.23128365860738637]
[-0.4593327692988416, -0.7884807967107272, -0.36525839919295805, -0.009979933650264824, 0.91434426282951, -0.17736748987450845]
[-0.5618063277638695, -0.7910074341611605, -0.4111568956948318, -0.014898784110500253, 0.8425129552870391, -0.12345132114163054]
[-0.6642798862288974, -0.7935340716115937, -0.45705539219670566, -0.01981763457073568, 0.770681647744568, -0.06953515240875262]
[-0.7693711012277333, -0.7739552891084718, -0.45767495598157054, -0.018558643309424028, 0.788886582270584, -0.21998258247783203]
[-0.8744623162265692, -0.7543765066053499, -0.45829451976643537, -0.01729965204811237, 0.8070915167966, -0.3704300125469115]
[-0.9795535312254051, -0.734797724102228, -0.45891408355130026, -0.016040660786800717, 0.8252964513226159, -0.5208774426159909]
[-1.084644746224241, -0.7152189415991062, -0.45953364733616514, -0.014781669525489061, 0.8435013858486318, -0.6713248726850704]
[-1.189735961223077, -0.6956401590959842, -0.46015321112102997, -0.013522678264177405, 0.8617063203746478, -0.8217723027541498]
[-1.2948271762219128, -0.6760613765928624, -0.46077277490589486, -0.01226368700286575, 0.8799112549006637, -0.9722197328232293]
[-1.3999183912207487, -0.6564825940897404, -0.46139233869075974, -0.011004695741554096, 0.8981161894266796, -1.1226671628923086]
[-1.5050096062195846, -0.6369038115866186, -0.4620119024756246, -0.00974570448024244, 0.9163211239526956, -1.273114592961388]
[-1.6101008212184205, -0.6173250290834966, -0.46263146626048945, -0.008486713218930785, 0.9345260584787115, -1.4235620230304673]
[-1.7151920362172564, -0.5977462465803747, -0.46325103004535434, -0.007227721957619129, 0.9527309930047274, -1.574009453099547]
[-1.8202832512160922, -0.5781674640772528, -0.4638705938302192, -0.0059687306963074754, 0.9709359275307433, -1.7244568831686262]
[-1.9253744662149281, -0.558588681574131, -0.46449015761508405, -0.004709739434995818, 0.9891408620567593, -1.874904313237706]
[-2.030465681213764, -0.539009899071009, -0.46510972139994894, -0.003450748173684163, 1.0073457965827752, -2.025351743306785]