[-0.21488323716665025, -0.7341526048822775, -0.3528787090413612, -0.00016874957066903562, 1.08821129753884, -0.24594976849970696]
[-0.2238366967684104, -0.6989559028709664, -0.46362730674895014, -0.0502283779344456, 1.0792287061556614, -0.32894339066956857]
[-0.23279015637017053, -0.6637592008596553, -0.5743759044565391, -0.10028800629822217, 1.0702461147724827, -0.41193701283943024]
[-0.24174361597193067, -0.6285624988483443, -0.6851245021641281, -0.15034763466199874, 1.061263523389304, -0.4949306350092919]
[-0.2506970755736908, -0.5933657968370332, -0.7958730998717171, -0.2004072630257753, 1.0522809320061253, -0.5779242571791535]
[-0.25965053517545095, -0.558169094825722, -0.9066216975793061, -0.2504668913895519, 1.0432983406229466, -0.6609178793490152]
[-0.2686039947772111, -0.5229723928144109, -1.017370295286895, -0.30052651975332845, 1.0343157492397679, -0.7439115015188769]
[-0.37843473774158526, -0.48798153532495475, -0.9813334011111104, -0.2776374205059166, 1.0025226807615835, -0.8167505477429671]
[-0.48826548070595943, -0.4529906778354986, -0.9452965069353257, -0.25474832125850483, 0.9707296122833989, -0.8895895939670572]
[-0.5980962236703337, -0.4179998203460425, -0.9092596127595411, -0.231859222011093, 0.9389365438052144, -0.9624286401911474]
[-0.7079269666347079, -0.38300896285658637, -0.8732227185837564, -0.20897012276368115, 0.90714347532703, -1.0352676864152375]
[-0.817757709599082, -0.3480181053671303, -0.8371858244079718, -0.18608102351626934, 0.8753504068488455, -1.1081067326393277]
[-0.9275884525634562, -0.3130272478776741, -0.8011489302321873, -0.1631919242688575, 0.843557338370661, -1.180945778863418]
[-1.0374191955278302, -0.27803639038821804, -0.7651120360564025, -0.14030282502144573, 0.8117642698924765, -1.253784825087508]
[-1.1472499384922046, -0.2430455328987619, -0.729075141880618, -0.11741372577403389, 0.7799712014142921, -1.326623871311598]
[-1.2570806814565787, -0.20805467540930583, -0.6930382477048334, -0.09452462652662208, 0.7481781329361076, -1.3994629175356883]
[-1.366911424420953, -0.17306381791984965, -0.6570013535290486, -0.07163552727921024, 0.716385064457923, -1.4723019637597785]
[-1.4767421673853272, -0.13807296043039358, -0.620964459353264, -0.048746428031798406, 0.6845919959797386, -1.5451410099838685]
[-1.5865729103497013, -0.10308210294093739, -0.5849275651774793, -0.02585732878438657, 0.6527989275015542, -1.617980056207959]
[-1.6964036533140756, -0.06809124545148133, -0.5488906710016948, -0.0029682295369747713, 0.6210058590233697, -1.690819102432049]