[-0.0760398499457473, -0.5413431682295107, -0.016144416079740154, -0.0001228137358886272, 0.5589876396962099, -0.10671146709168244]
[-0.09074072139998517, -0.554717521925999, -0.12368905209561827, 0.01318273355725639, 0.5384264227106683, -0.17076393721825212]
[-0.10544159285422301, -0.5680918756224872, -0.2312336881114964, 0.02648828085040141, 0.5178652057251266, -0.2348164073448218]
[-0.12014246430846087, -0.5814662293189755, -0.3387783241273745, 0.03979382814354643, 0.49730398873958503, -0.29886887747139146]
[-0.27234135906517887, -0.5693974359741619, -0.38160987172697036, 0.04302879374112855, 0.5069385702421197, -0.37888909720806674]
[-0.4245402538218969, -0.5573286426293483, -0.4244414193265662, 0.04626375933871067, 0.5165731517446543, -0.458909316944742]
[-0.5767391485786149, -0.5452598492845349, -0.46727296692616205, 0.04949872493629279, 0.5262077332471891, -0.5389295366814173]
[-0.728938043335333, -0.5331910559397213, -0.5101045145257579, 0.05273369053387491, 0.5358423147497238, -0.6189497564180926]
[-0.8811369380920508, -0.5211222625949077, -0.5529360621253536, 0.05596865613145703, 0.5454768962522585, -0.6989699761547679]
[-1.0333358328487687, -0.5090534692500941, -0.5957676097249496, 0.059203621729039146, 0.5551114777547931, -0.7789901958914431]
[-1.185534727605487, -0.4969846759052805, -0.6385991573245453, 0.06243858732662127, 0.5647460592573278, -0.8590104156281184]
[-1.337733622362205, -0.48491588256046697, -0.6814307049241413, 0.06567355292420339, 0.5743806407598625, -0.9390306353647937]
[-1.4899325171189228, -0.4728470892156534, -0.724262252523737, 0.0689085185217855, 0.5840152222623972, -1.019050855101469]
[-1.6421314118756407, -0.46077829587083985, -0.7670938001233328, 0.07214348411936763, 0.5936498037649318, -1.0990710748381443]
[-1.7943303066323588, -0.44870950252602626, -0.8099253477229287, 0.07537844971694975, 0.6032843852674665, -1.1790912945748195]
[-1.7976453589954766, -0.4341664709739052, -0.7497094982800933, 0.05981347644986744, 0.6603708830267286, -1.3045446338333724]
[-1.8009604113585942, -0.4196234394217842, -0.6894936488372579, 0.04424850318278513, 0.7174573807859908, -1.4299979730919254]
[-1.804275463721712, -0.40508040786966315, -0.6292777993944225, 0.028683529915702825, 0.7745438785452528, -1.5554513123504783]
[-1.8075905160848296, -0.39053737631754215, -0.5690619499515872, 0.013118556648620515, 0.8316303763045149, -1.6809046516090311]
[-1.8109055684479474, -0.3759943447654211, -0.5088461005087518, -0.0024464166184617886, 0.888716874063777, -1.8063579908675842]