[-0.17318516667077066, -0.1365377289282952, -0.5570775432211947, -0.0001158014165740795, 0.6949569018339581, -0.20409327937803123]
[-0.25150696214938695, -0.14840575232906536, -0.6309912175856487, 0.032055398200357015, 0.6155424199620707, -0.19332600383738496]
[-0.32982875762800323, -0.16027377572983556, -0.7049048919501026, 0.06422659781728811, 0.5361279380901833, -0.18255872829673872]
[-0.40815055310661946, -0.17214179913060573, -0.7788185663145566, 0.0963977974342192, 0.45671345621829607, -0.17179145275609245]
[-0.48647234858523575, -0.1840098225313759, -0.8527322406790107, 0.1285689970511503, 0.37729897434640863, -0.16102417721544618]
[-0.564794144063852, -0.19587784593214608, -0.9266459150434646, 0.1607401966680814, 0.2978844924745213, -0.15025690167479994]
[-0.6431159395424683, -0.20774586933291628, -1.0005595894079184, 0.19291139628501247, 0.218470010602634, -0.13948962613415367]
[-0.7214377350210845, -0.21961389273368645, -1.0744732637723726, 0.2250825959019436, 0.13905552873074656, -0.1287223505935074]
[-0.7997595304997008, -0.23148191613445662, -1.1483869381368266, 0.2572537955188747, 0.05964104685885918, -0.11795507505286114]
[-0.8780813259783172, -0.24334993953522682, -1.2223006125012805, 0.28942499513580583, -0.019773435013028196, -0.10718779951221487]
[-0.9564031214569334, -0.25521796293599697, -1.2962142868657345, 0.3215961947527369, -0.09918791688491546, -0.09642052397156863]
[-1.0347249169355497, -0.26708598633676717, -1.3701279612301884, 0.353767394369668, -0.17860239875680287, -0.08565324843092235]
[-1.0783673050368225, -0.25933213956923223, -1.3161913506143192, 0.3300737739856333, -0.11896652912396238, -0.19229419315741847]
[-1.1220096931380956, -0.2515782928016973, -1.26225473999845, 0.30638015360159865, -0.0593306594911219, -0.29893513788391457]
[-1.1656520812393685, -0.2438244460341624, -1.2083181293825809, 0.28268653321756393, 0.0003052101417185815, -0.4055760826104108]
[-1.2092944693406413, -0.23607059926662746, -1.1543815187667117, 0.25899291283352927, 0.059941079774559064, -0.5122170273369068]
[-1.2529368574419142, -0.22831675249909256, -1.1004449081508425, 0.2352992924494946, 0.11957694940739952, -0.618857972063403]
[-1.2965792455431873, -0.22056290573155762, -1.046508297534973, 0.2116056720654599, 0.17921281904024003, -0.7254989167898992]
[-1.3402216336444601, -0.2128090589640227, -0.9925716869191039, 0.18791205168142525, 0.23884868867308048, -0.8321398615163953]
[-1.383864021745733, -0.20505521219648778, -0.9386350763032347, 0.16421843129739058, 0.298484558305921, -0.9387808062428913]
[-1.4275064098470058, -0.19730136542895285, -0.8846984656873655, 0.14052481091335592, 0.3581204279387614, -1.0454217509693873]
[-1.471148797948279, -0.18954751866141795, -0.8307618550714964, 0.11683119052932123, 0.41775629757160193, -1.1520626956958835]
[-1.5147911860495518, -0.181793671893883, -0.7768252444556272, 0.09313757014528656, 0.47739216720444244, -1.2587036404223795]
[-1.5584335741508246, -0.17403982512634808, -0.7228886338397579, 0.06944394976125184, 0.537028036837283, -1.365344585148876]
[-1.6020759622520977, -0.16628597835881315, -0.6689520232238887, 0.04575032937721718, 0.5966639064701235, -1.471985529875372]
[-1.6457183503533706, -0.1585321315912782, -0.6150154126080195, 0.022056708993182517, 0.6562997761029639, -1.5786264746018681]
[-1.6893607384546434, -0.1507782848237433, -0.5610788019921503, -0.0016369113908521488, 0.7159356457358044, -1.685267419328364]