[-0.09297182369790491, -0.5443519998444195, -0.40688458192603694, 5.780312002556798e-05, 0.9523295926290372, -0.12405630803015733]
[-0.1405623771283808, -0.5593087206323426, -0.412709513044275, -0.034995992396141345, 0.8873117578087986, -0.21092471942440966]
[-0.18815293055885668, -0.5742654414202658, -0.418534444162513, -0.07004978791230826, 0.8222939229885601, -0.297793130818662]
[-0.2357434839893326, -0.5892221622081889, -0.42435937528075107, -0.10510358342847517, 0.7572760881683215, -0.3846615422129144]
[-0.34029286489613375, -0.594426206389426, -0.4275180107569776, -0.12248911392009429, 0.7235384830027295, -0.5068379546828419]
[-0.44484224580293497, -0.599630250570663, -0.4306766462332041, -0.1398746444117134, 0.6898008778371374, -0.6290143671527693]
[-0.5493916267097361, -0.6048342947519001, -0.43383528170943064, -0.15726017490333252, 0.6560632726715454, -0.7511907796226966]
[-0.6539410076165373, -0.6100383389331372, -0.43699391718565717, -0.17464570539495164, 0.6223256675059534, -0.8733671920926241]
[-0.7719389055838839, -0.6079043085810628, -0.43776903058851985, -0.17700285298224516, 0.6158414650539542, -0.9913760283277504]
[-0.8899368035512306, -0.6057702782289884, -0.43854414399138253, -0.17936000056953866, 0.609357262601955, -1.1093848645628768]
[-1.0021197078003383, -0.5924537536510143, -0.4353598278514829, -0.15727618462333437, 0.6477075059079264, -1.1935551204408656]
[-1.1143026120494461, -0.5791372290730402, -0.4321755117115833, -0.13519236867713008, 0.6860577492138976, -1.2777253763188543]
[-1.226485516298554, -0.565820704495066, -0.4289911955716837, -0.11310855273092581, 0.724407992519869, -1.361895632196843]
[-1.3386684205476618, -0.5525041799170919, -0.4258068794317841, -0.09102473678472152, 0.7627582358258402, -1.4460658880748318]
[-1.4508513247967696, -0.5391876553391177, -0.4226225632918845, -0.06894092083851723, 0.8011084791318116, -1.5302361439528207]
[-1.5630342290458774, -0.5258711307611437, -0.4194382471519849, -0.046857104892312956, 0.839458722437783, -1.6144063998308094]
[-1.675217133294985, -0.5125546061831695, -0.4162539310120853, -0.024773288946108668, 0.8778089657437542, -1.698576655708798]
[-1.7874000375440928, -0.4992380816051954, -0.4130696148721857, -0.0026894729999043837, 0.9161592090497256, -1.7827469115867869]