[0.04130529160447782, -0.5548645709981992, -0.48651765647442335, 0.00031278632540043816, 1.042506094132758, 0.010228289880414465]
[0.015091142063844886, -0.5187073826130726, -0.5431786162093625, -0.013999198858259366, 0.9969956295341764, -0.09009444043639392]
[-0.01112300747678805, -0.482550194227946, -0.5998395759443016, -0.02831118404191917, 0.9514851649355949, -0.1904171707532023]
[-0.03733715701742098, -0.4463930058428194, -0.6565005356792408, -0.04262316922557897, 0.9059747003370134, -0.2907399010700107]
[-0.06355130655805392, -0.4102358174576928, -0.71316149541418, -0.056935154409238777, 0.8604642357384319, -0.39106263138681907]
[-0.08976545609868686, -0.37407862907256617, -0.7698224551491191, -0.07124713959289858, 0.8149537711398503, -0.49138536170362745]
[-0.11597960563931978, -0.33792144068743957, -0.8264834148840582, -0.08555912477655837, 0.7694433065412689, -0.5917080920204358]
[-0.14219375517995272, -0.30176425230231296, -0.8831443746189973, -0.09987110996021818, 0.7239328419426874, -0.6920308223372442]
[-0.16840790472058567, -0.26560706391718636, -0.9398053343539365, -0.11418309514387799, 0.6784223773441058, -0.7923535526540526]
[-0.19462205426121862, -0.22944987553205975, -0.9964662940888757, -0.1284950803275378, 0.6329119127455243, -0.892676282970861]
[-0.22083620380185154, -0.19329268714693312, -1.0531272538238148, -0.1428070655111976, 0.5874014481469427, -0.9929990132876695]
[-0.3658378757461211, -0.19881521003093902, -1.0195019760008777, -0.13119962843903699, 0.6145098022415485, -1.0732115859975637]
[-0.5108395476903906, -0.20433773291494492, -0.9858766981779408, -0.11959219136687638, 0.6416181563361544, -1.1534241587074578]
[-0.6558412196346602, -0.20986025579895082, -0.9522514203550037, -0.10798475429471577, 0.6687265104307601, -1.233636731417352]
[-0.8008428915789297, -0.21538277868295672, -0.9186261425320668, -0.09637731722255516, 0.695834864525366, -1.313849304127246]
[-0.9458445635231995, -0.22090530156696261, -0.8850008647091296, -0.08476988015039454, 0.7229432186199718, -1.3940618768371404]
[-1.090846235467469, -0.22642782445096848, -0.8513755868861926, -0.07316244307823393, 0.7500515727145776, -1.4742744495470346]
[-1.2358479074117388, -0.23195034733497438, -0.8177503090632556, -0.061555006006073304, 0.7771599268091834, -1.5544870222569287]
[-1.380849579356008, -0.23747287021898028, -0.7841250312403186, -0.04994756893391271, 0.8042682809037892, -1.6346995949668228]
[-1.5258512513002778, -0.24299539310298618, -0.7504997534173816, -0.038340131861752086, 0.8313766349983951, -1.714912167676717]
[-1.6708529232445475, -0.24851791598699208, -0.7168744755944445, -0.026732694789591477, 0.8584849890930009, -1.795124740386611]
[-1.8158545951888168, -0.254040438870998, -0.6832491977715076, -0.015125257717430868, 0.8855933431876066, -1.8753373130965052]
[-1.9608562671330865, -0.2595629617550039, -0.6496239199485705, -0.0035178206452702613, 0.9127016972822125, -1.9555498858063995]