[0.07250766014999677, -0.7160755055770585, -0.3971819054719159, 0.0003023210194621484, 1.1143110276902863, 0.041450315533693605]
[0.06568997789095297, -0.7390816355822698, -0.45704173717213165, -0.042562105140511675, 1.1518431174758965, -0.07026674903758681]
[0.05887229563190918, -0.762087765587481, -0.5169015688723474, -0.0854265313004855, 1.1893752072615065, -0.18198381360886723]
[0.05205461337286539, -0.7850938955926923, -0.5767614005725631, -0.12829095746045932, 1.2269072970471167, -0.2937008781801477]
[0.045236931113821606, -0.8081000255979036, -0.6366212322727788, -0.17115538362043314, 1.2644393868327268, -0.40541794275142806]
[0.038419248854777814, -0.831106155603115, -0.6964810639729946, -0.21401980978040697, 1.3019714766183368, -0.5171350073227086]
[0.03160156659573402, -0.8541122856083262, -0.7563408956732103, -0.2568842359403808, 1.339503566403947, -0.628852071893989]
[-0.09692152761375203, -0.8311628941692853, -0.7325892778267962, -0.2399606667806503, 1.311105059250703, -0.7129927914358195]
[-0.22544462182323807, -0.8082135027302445, -0.7088376599803822, -0.22303709762091986, 1.2827065520974592, -0.7971335109776502]
[-0.3539677160327241, -0.7852641112912037, -0.6850860421339681, -0.2061135284611894, 1.2543080449442152, -0.8812742305194807]
[-0.48249081024221013, -0.7623147198521627, -0.661334424287554, -0.18918995930145893, 1.2259095377909714, -0.9654149500613114]
[-0.6110139044516961, -0.7393653284131219, -0.63758280644114, -0.17226639014172848, 1.1975110306377275, -1.0495556696031418]
[-0.7395369986611823, -0.716415936974081, -0.6138311885947259, -0.155342820981998, 1.1691125234844835, -1.1336963891449725]
[-0.8680600928706683, -0.6934665455350402, -0.5900795707483117, -0.13841925182226755, 1.1407140163312397, -1.217837108686803]
[-0.9965831870801544, -0.6705171540959993, -0.5663279529018977, -0.12149568266253707, 1.112315509177996, -1.3019778282286336]
[-1.1251062812896402, -0.6475677626569585, -0.5425763350554836, -0.10457211350280662, 1.083917002024752, -1.3861185477704643]
[-1.2536293754991261, -0.6246183712179176, -0.5188247172090696, -0.08764854434307617, 1.055518494871508, -1.470259267312295]
[-1.3821524697086123, -0.6016689797788768, -0.49507309936265553, -0.0707249751833457, 1.0271199877182642, -1.5543999868541254]
[-1.5106755639180984, -0.5787195883398359, -0.4713214815162414, -0.05380140602361522, 0.9987214805650202, -1.638540706395956]
[-1.6391986581275844, -0.555770196900795, -0.4475698636698273, -0.036877836863884766, 0.9703229734117763, -1.7226814259377867]
[-1.7677217523370705, -0.5328208054617541, -0.42381824582341326, -0.019954267704154288, 0.9419244662585324, -1.8068221454796172]
[-1.8962448465465565, -0.5098714140227133, -0.4000666279769992, -0.0030306985444238438, 0.9135259591052886, -1.8909628650214478]