[0.07870237765590904, -0.5253740821421076, -0.13769870222223712, 0.00033940140672150676, 0.6643853829360618, 0.04759389171307582]
[-0.023395978033819792, -0.5547190921253349, -0.20789275490920667, -0.014155985883175671, 0.7269347609329019, 0.06213403391835948]
[-0.12549433372354862, -0.5840641021085621, -0.2780868075961762, -0.02865137317307285, 0.7894841389297421, 0.07667417612364313]
[-0.22759268941327743, -0.6134091120917894, -0.34828086028314575, -0.04314676046297002, 0.8520335169265822, 0.09121431832892679]
[-0.3296910451030063, -0.6427541220750166, -0.41847491297011535, -0.057642147752867204, 0.9145828949234225, 0.10575446053421045]
[-0.4317894007927351, -0.6720991320582439, -0.4886689656570849, -0.07213753504276438, 0.9771322729202626, 0.12029460273949409]
[-0.55463940790851, -0.6508673553676074, -0.4977232905109059, -0.07145957091601297, 0.9676889836139501, -0.008171767218508555]
[-0.6774894150242847, -0.629635578676971, -0.5067776153647269, -0.07078160678926157, 0.9582456943076376, -0.1366381371765112]
[-0.8003394221400596, -0.6084038019863345, -0.515831940218548, -0.07010364266251017, 0.9488024050013251, -0.2651045071345138]
[-0.9231894292558345, -0.5871720252956979, -0.5248862650723689, -0.06942567853575876, 0.9393591156950125, -0.3935708770925165]
[-1.0460394363716092, -0.5659402486050614, -0.53394058992619, -0.06874771440900736, 0.9299158263887, -0.5220372470505191]
[-1.1688894434873842, -0.544708471914425, -0.5429949147800109, -0.06806975028225595, 0.9204725370823875, -0.6505036170085217]
[-1.291739450603159, -0.5234766952237885, -0.5520492396338319, -0.06739178615550455, 0.911029247776075, -0.7789699869665244]
[-1.4145894577189337, -0.5022449185331519, -0.561103564487653, -0.06671382202875314, 0.9015859584697624, -0.9074363569245271]
[-1.537439464834709, -0.4810131418425154, -0.5701578893414739, -0.06603585790200174, 0.8921426691634499, -1.0359027268825298]
[-1.6602894719504833, -0.45978136515187895, -0.579212214195295, -0.06535789377525034, 0.8826993798571374, -1.1643690968405325]
[-1.7831394790662585, -0.4385495884612425, -0.588266539049116, -0.06467992964849893, 0.8732560905508249, -1.2928354667985351]
[-1.8057881325884444, -0.3975993708575741, -0.5405419585717992, -0.05268827848696085, 0.8160271615260702, -1.4121349420032285]
[-1.8284367861106303, -0.35664915325390567, -0.49281737809448234, -0.04069662732542277, 0.7587982325013156, -1.531434417207922]
[-1.8510854396328165, -0.3156989356502373, -0.4450927976171655, -0.02870497616388469, 0.701569303476561, -1.6507338924126151]
[-1.8737340931550024, -0.27474871804656886, -0.3973682171398487, -0.016713325002346603, 0.6443403744518064, -1.7700333676173086]
[-1.8963827466771883, -0.2337985004429005, -0.3496436366625319, -0.004721673840808524, 0.5871114454270517, -1.889332842822002]