[-0.08372514205745407, -0.406632482746474, -0.4619595372849794, -5.613962224426672e-05, 0.8697607216918044, -0.11475843793550222]
[-0.1629674655200015, -0.4437588824066347, -0.49197487218890584, 0.08176909349695351, 0.9201071804668247, -0.11169862350566478]
[-0.2422097889825489, -0.4808852820667953, -0.5219902070928323, 0.16359432661615128, 0.9704536392418451, -0.10863880907582736]
[-0.3214521124450963, -0.518011681726956, -0.5520055419967587, 0.245419559735349, 1.0208000980168654, -0.10557899464598992]
[-0.40069443590764375, -0.5551380813871166, -0.582020876900685, 0.32724479285454683, 1.0711465567918859, -0.10251918021615249]
[-0.47993675937019115, -0.5922644810472772, -0.6120362118046114, 0.4090700259737446, 1.121493015566906, -0.09945936578631505]
[-0.5591790828327385, -0.629390880707438, -0.6420515467085379, 0.4908952590929423, 1.1718394743419265, -0.09639955135647763]
[-0.638421406295286, -0.6665172803675986, -0.6720668816124643, 0.5727204922121402, 1.222185933116947, -0.09333973692664019]
[-0.7176637297578334, -0.7036436800277592, -0.7020822165163907, 0.6545457253313379, 1.272532391891967, -0.09027992249680275]
[-0.7969060532203809, -0.74077007968792, -0.7320975514203172, 0.7363709584505357, 1.3228788506669875, -0.08722010806696531]
[-0.8761483766829282, -0.7778964793480805, -0.7621128863242435, 0.8181961915697334, 1.3732253094420077, -0.08416029363712789]
[-0.9553907001454757, -0.8150228790082412, -0.79212822122817, 0.9000214246889312, 1.4235717682170281, -0.08110047920729045]
[-1.0077402765494923, -0.7831450202844491, -0.7654062433575193, 0.8522871454154587, 1.3748145204552567, -0.17897369365816806]
[-1.0600898529535092, -0.751267161560657, -0.7386842654868686, 0.8045528661419861, 1.3260572726934854, -0.27684690810904566]
[-1.1124394293575257, -0.7193893028368649, -0.7119622876162179, 0.7568185868685136, 1.277300024931714, -0.37472012255992326]
[-1.1647890057615427, -0.6875114441130727, -0.6852403097455673, 0.709084307595041, 1.2285427771699424, -0.47259333701080086]
[-1.2171385821655591, -0.6556335853892806, -0.6585183318749166, 0.6613500283215685, 1.179785529408171, -0.5704665514616785]
[-1.269488158569576, -0.6237557266654885, -0.6317963540042659, 0.613615749048096, 1.1310282816463997, -0.6683397659125561]
[-1.3218377349735926, -0.5918778679416965, -0.6050743761336151, 0.5658814697746235, 1.0822710338846282, -0.7662129803634337]
[-1.3741873113776095, -0.5600000092179043, -0.5783523982629645, 0.5181471905011509, 1.0335137861228567, -0.8640861948143113]
[-1.426536887781626, -0.5281221504941123, -0.5516304203923138, 0.47041291122767837, 0.9847565383610853, -0.9619594092651889]
[-1.478886464185643, -0.4962442917703201, -0.5249084425216631, 0.4226786319542058, 0.935999290599314, -1.0598326237160665]
[-1.5312360405896597, -0.46436643304652797, -0.4981864646510124, 0.37494435268073323, 0.8872420428375425, -1.157705838166944]
[-1.5835856169936764, -0.4324885743227359, -0.4714644867803618, 0.3272100734072607, 0.8384847950757711, -1.2555790526178217]
[-1.635935193397693, -0.40061071559894373, -0.44474250890971107, 0.2794757941337881, 0.7897275473139996, -1.3534522670686993]
[-1.6882847698017098, -0.36873285687515167, -0.4180205310390604, 0.2317415148603157, 0.7409702995522283, -1.4513254815195769]
[-1.7406343462057265, -0.3368549981513595, -0.3912985531684097, 0.18400723558684307, 0.6922130517904568, -1.5491986959704545]
[-1.7929839226097433, -0.30497713942756743, -0.36457657529775905, 0.13627295631337055, 0.6434558040286854, -1.647071910421332]
[-1.84533349901376, -0.2730992807037753, -0.3378545974271083, 0.08853867703989793, 0.5946985562669139, -1.7449451248722097]
[-1.8976830754177767, -0.2412214219799832, -0.3111326195564577, 0.040804397766425526, 0.5459413085051426, -1.8428183393230873]
[-1.9500326518217934, -0.20934356325619105, -0.28441064168580693, -0.006929881507047045, 0.497184060743371, -1.9406915537739649]