[-0.17642396995875753, -0.22426510104371733, -0.3780252137033129, -6.145217521247304e-05, 0.6036299705547146, -0.20751630415890876]
[-0.2042312916755872, -0.2533538010105645, -0.4381134995619412, 0.09232431050595138, 0.5838568638261695, -0.2549880327469404]
[-0.23203861339241688, -0.2824425009774116, -0.4982017854205695, 0.18471007318711524, 0.5640837570976246, -0.302459761334972]
[-0.25984593510924653, -0.31153120094425873, -0.5582900712791978, 0.2770958358682791, 0.5443106503690796, -0.3499314899230036]
[-0.28765325682607623, -0.34061990091110583, -0.6183783571378261, 0.36948159854944296, 0.5245375436405346, -0.3974032185110352]
[-0.3154605785429059, -0.369708600877953, -0.6784666429964544, 0.4618673612306068, 0.5047644369119896, -0.44487494709906683]
[-0.4288998395384357, -0.3820165774595551, -0.668923435241039, 0.44084953309402986, 0.5321668609932331, -0.5515369688555616]
[-0.5423391005339655, -0.3943245540411572, -0.6593802274856236, 0.4198317049574529, 0.5595692850744766, -0.6581989906120563]
[-0.6557783615294954, -0.4066325306227593, -0.6498370197302082, 0.398813876820876, 0.5869717091557202, -0.7648610123685511]
[-0.7692176225250252, -0.4189405072043613, -0.6402938119747928, 0.37779604868429906, 0.6143741332369637, -0.871523034125046]
[-0.8826568835205552, -0.4312484837859634, -0.6307506042193775, 0.35677822054772207, 0.6417765573182072, -0.9781850558815407]
[-0.9960961445160849, -0.4435564603675655, -0.6212073964639621, 0.3357603924111452, 0.6691789813994506, -1.0848470776380355]
[-1.1095354055116147, -0.4558644369491676, -0.6116641887085468, 0.3147425642745682, 0.6965814054806942, -1.1915090993945303]
[-1.2229746665071446, -0.4681724135307697, -0.6021209809531314, 0.29372473613799127, 0.7239838295619376, -1.298171121151025]
[-1.3364139275026745, -0.4804803901123718, -0.592577773197716, 0.2727069080014143, 0.7513862536431812, -1.4048331429075198]
[-1.4498531884982044, -0.49278836669397386, -0.5830345654423006, 0.25168907986483735, 0.7787886777244247, -1.5114951646640145]
[-1.5632924494937341, -0.505096343275576, -0.5734913576868852, 0.23067125172826045, 0.8061911018056682, -1.6181571864205093]
[-1.6767317104892638, -0.517404319857178, -0.5639481499314698, 0.20965342359168354, 0.8335935258869118, -1.7248192081770042]
[-1.790170971484794, -0.5297122964387802, -0.5544049421760544, 0.18863559545510655, 0.8609959499681553, -1.831481229933499]
[-1.9036102324803237, -0.5420202730203822, -0.544861734420639, 0.16761776731852965, 0.8883983740493988, -1.9381432516899937]
[-1.963297206029266, -0.5285708376939419, -0.4921116610951143, 0.08197441949520222, 0.9230726751795342, -1.9779654714876456]
[-2.022984179578208, -0.5151214023675015, -0.4393615877695895, -0.0036689283281252007, 0.9577469763096697, -2.0177876912852977]