[0.07705323405371445, -0.11094130948499004, -0.5800749536782659, 0.00030994688761865063, 0.692264086094668, 0.045677279060304166]
[0.004881782395191742, -0.09145954286968419, -0.6051496445859211, 0.04576774786693699, 0.6294427350349656, -0.029907594578047522]
[-0.06728966926333096, -0.07197777625437836, -0.6302243354935764, 0.09122554884625533, 0.5666213839752631, -0.10549246821639921]
[-0.13946112092185364, -0.05249600963907251, -0.6552990264012317, 0.13668334982557367, 0.5038000329155605, -0.18107734185475088]
[-0.21163257258037638, -0.03301424302376668, -0.680373717308887, 0.18214115080489202, 0.4409786818558581, -0.2566622154931026]
[-0.28380402423889906, -0.013532476408460836, -0.7054484082165422, 0.22759895178421036, 0.3781573307961556, -0.33224708913145423]
[-0.35597547589742173, 0.005949290206845009, -0.7305230991241976, 0.2730567527635287, 0.3153359797364531, -0.40783196276980593]
[-0.4281469275559444, 0.025431056822150827, -0.7555977900318527, 0.318514553742847, 0.2525146286767507, -0.4834168364081576]
[-0.5003183792144672, 0.04491282343745667, -0.780672480939508, 0.3639723547221654, 0.18969327761704813, -0.5590017100465093]
[-0.5724898308729898, 0.06439459005276252, -0.8057471718471633, 0.40943015570148367, 0.1268719265573457, -0.634586583684861]
[-0.6446612825315126, 0.08387635666806836, -0.8308218627548185, 0.45488795668080206, 0.06405057549764315, -0.7101714573232126]
[-0.7168327341900352, 0.10335812328337418, -0.8558965536624739, 0.5003457576601203, 0.0012292244379407125, -0.7857563309615643]
[-0.7890041858485579, 0.12283988989868005, -0.8809712445701291, 0.5458035586394387, -0.061592126621761834, -0.861341204599916]
[-0.8611756375070806, 0.14232165651398587, -0.9060459354777843, 0.591261359618757, -0.12441347768146432, -0.9369260782382677]
[-0.931731662463399, 0.10820680265214003, -0.8791407542305543, 0.556251059319378, -0.06476776331545195, -1.0026946287457492]
[-1.0022876874197175, 0.07409194879029418, -0.8522355729833243, 0.5212407590199989, -0.0051220489494395866, -1.0684631792532309]
[-1.072843712376036, 0.03997709492844832, -0.8253303917360942, 0.4862304587206199, 0.0545236654165728, -1.1342317297607125]
[-1.1433997373323543, 0.0058622410666024916, -0.7984252104888642, 0.4512201584212408, 0.11416937978258515, -1.2000002802681942]
[-1.2139557622886727, -0.028252612795243354, -0.7715200292416341, 0.41620985812186173, 0.17381509414859753, -1.2657688307756756]
[-1.2845117872449912, -0.06236746665708923, -0.7446148479944041, 0.3811995578224827, 0.23346080851460993, -1.3315373812831572]
[-1.3550678122013096, -0.09648232051893504, -0.7177096667471741, 0.3461892575231037, 0.2931065228806223, -1.3973059317906389]
[-1.425623837157628, -0.1305971743807809, -0.690804485499944, 0.3111789572237246, 0.3527522372466346, -1.4630744822981203]
[-1.4961798621139464, -0.16471202824262676, -0.6638993042527139, 0.27616865692434556, 0.412397951612647, -1.528843032805602]
[-1.5667358870702648, -0.19882688210447258, -0.6369941230054839, 0.24115835662496649, 0.4720436659786594, -1.5946115833130836]
[-1.6372919120265834, -0.23294173596631845, -0.6100889417582539, 0.20614805632558741, 0.5316893803446718, -1.6603801338205653]
[-1.7078479369829016, -0.2670565898281643, -0.5831837605110238, 0.17113775602620834, 0.5913350947106841, -1.726148684328047]
[-1.77840396193922, -0.3011714436900101, -0.5562785792637939, 0.13612745572682933, 0.6509808090766964, -1.7919172348355283]
[-1.8489599868955384, -0.33528629755185596, -0.5293733980165638, 0.10111715542745031, 0.7106265234427089, -1.85768578534301]
[-1.919516011851857, -0.3694011514137018, -0.5024682167693337, 0.06610685512807124, 0.7702722378087212, -1.9234543358504916]
[-1.9900720368081752, -0.40351600527554765, -0.4755630355221037, 0.031096554828692113, 0.8299179521747335, -1.989222886357973]
[-2.060628061764494, -0.4376308591373935, -0.44865785427487365, -0.00391374547068686, 0.889563666540746, -2.0549914368654547]