[0.13751977923532, -0.3312167451480317, -0.528851904530864, 0.0012656019505152827, 0.8611689884508955, 0.10494890622155406]
[0.03553394388388634, -0.35085768274976153, -0.5511971684926161, -0.027705834459289015, 0.8489264718198243, -0.003614746741688629]
[-0.06645189146754732, -0.3704986203514914, -0.5735424324543683, -0.05667727086909331, 0.8366839551887529, -0.11217839970493132]
[-0.16843772681898095, -0.3901395579532213, -0.5958876964161205, -0.08564870727889762, 0.8244414385576817, -0.22074205266817404]
[-0.27042356217041463, -0.40978049555495116, -0.6182329603778727, -0.11462014368870191, 0.8121989219266105, -0.3293057056314167]
[-0.3724093975218483, -0.429421433156681, -0.640578224339625, -0.1435915800985062, 0.7999564052955391, -0.43786935859465936]
[-0.4743952328732819, -0.44906237075841093, -0.6629234883013772, -0.17256301650831052, 0.7877138886644679, -0.5464330115579021]
[-0.5763810682247156, -0.4687033083601408, -0.6852687522631293, -0.2015344529181148, 0.7754713720333967, -0.6549966645211448]
[-0.6783669035761493, -0.48834424596187065, -0.7076140162248815, -0.2305058893279191, 0.7632288554023254, -0.7635603174843875]
[-0.780352738927583, -0.5079851835636005, -0.7299592801866337, -0.2594773257377234, 0.7509863387712541, -0.8721239704476301]
[-0.8823385742790166, -0.5276261211653304, -0.7523045441483859, -0.2884487621475277, 0.7387438221401829, -0.9806876234108728]
[-0.9843244096304502, -0.5472670587670603, -0.7746498081101381, -0.317420198557332, 0.7265013055091116, -1.0892512763741156]
[-1.0863102449818838, -0.5669079963687902, -0.7969950720718904, -0.3463916349671363, 0.7142587888780403, -1.1978149293373583]
[-1.1882960803333176, -0.58654893397052, -0.8193403360336424, -0.3753630713769406, 0.702016272246969, -1.3063785823006009]
[-1.2902819156847511, -0.6061898715722499, -0.8416855999953947, -0.4043345077867449, 0.6897737556158978, -1.4149422352638437]
[-1.392267751036185, -0.6258308091739797, -0.8640308639571469, -0.43330594419654916, 0.6775312389848265, -1.5235058882270862]
[-1.4942535863876185, -0.6454717467757096, -0.8863761279188991, -0.4622773806063535, 0.6652887223537552, -1.632069541190329]
[-1.5429103102070805, -0.625304471627452, -0.8255610555445303, -0.3856354705646903, 0.7293933782930165, -1.6569631611202602]
[-1.5915670340265424, -0.6051371964791942, -0.7647459831701615, -0.308993560523027, 0.7934980342322777, -1.6818567810501917]
[-1.6402237578460044, -0.5849699213309365, -0.7039309107957927, -0.23235165048136378, 0.857602690171539, -1.7067504009801229]
[-1.6888804816654663, -0.5648026461826788, -0.643115838421424, -0.15570974043970054, 0.9217073461108003, -1.731644020910054]
[-1.7375372054849283, -0.5446353710344211, -0.5823007660470552, -0.07906783039803728, 0.9858120020500616, -1.7565376408399855]
[-1.7861939293043902, -0.5244680958861634, -0.5214856936726864, -0.002425920356374089, 1.0499166579893229, -1.7814312607699168]