[-0.08667655077423309, -0.7415536306013335, -0.06432581481450583, 4.5337473314255305e-05, 0.8070308367225012, -0.1176874667365908]
[-0.07802583100034478, -0.7033419025330099, -0.14565861111961176, 0.020651530158584314, 0.8770851208761561, -0.1621854082624814]
[-0.06937511122645647, -0.6651301744646863, -0.22699140742471766, 0.04125772284385437, 0.9471394050298111, -0.206683349788372]
[-0.060724391452568166, -0.6269184463963626, -0.3083242037298235, 0.06186391552912443, 1.017193689183466, -0.2511812913142626]
[-0.05207367167867986, -0.588706718328039, -0.3896570000349295, 0.08247010821439449, 1.087247973337121, -0.2956792328401532]
[-0.04342295190479155, -0.5504949902597154, -0.47098979634003535, 0.10307630089966455, 1.1573022574907759, -0.3401771743660437]
[-0.12936858075125912, -0.5288142687690368, -0.5152892033007384, 0.10900507351631517, 1.187987354080421, -0.44004807414156705]
[-0.21531420959772668, -0.5071335472783584, -0.5595886102614412, 0.11493384613296578, 1.2186724506700664, -0.5399189739170904]
[-0.3012598384441943, -0.48545282578767984, -0.6038880172221441, 0.12086261874961639, 1.2493575472597114, -0.6397898736926138]
[-0.38720546729066185, -0.46377210429700133, -0.6481874241828471, 0.126791391366267, 1.2800426438493566, -0.7396607734681371]
[-0.47315109613712947, -0.44209138280632276, -0.6924868311435501, 0.13272016398291764, 1.3107277404390019, -0.8395316732436604]
[-0.559096724983597, -0.4204106613156443, -0.736786238104253, 0.13864893659956823, 1.341412837028647, -0.9394025730191837]
[-0.6450423538300646, -0.39872993982496574, -0.781085645064956, 0.14457770921621885, 1.3720979336182921, -1.039273472794707]
[-0.7309879826765321, -0.3770492183342873, -0.8253850520256589, 0.15050648183286947, 1.4027830302079374, -1.1391443725702304]
[-0.8169336115229997, -0.3553684968436087, -0.8696844589863619, 0.15643525444952008, 1.4334681267975826, -1.2390152723457537]
[-0.925647742540834, -0.3726008700272556, -0.8308632826020017, 0.14049214894587908, 1.3914131248414947, -1.3050299571807702]
[-1.0343618735586684, -0.38983324321090257, -0.7920421062176415, 0.12454904344223808, 1.3493581228854068, -1.371044642015787]
[-1.1430760045765027, -0.40706561639454947, -0.7532209298332814, 0.10860593793859707, 1.3073031209293187, -1.4370593268508034]
[-1.251790135594337, -0.4242979895781964, -0.7143997534489211, 0.09266283243495606, 1.2652481189732308, -1.5030740116858199]
[-1.3605042666121714, -0.4415303627618433, -0.675578577064561, 0.07671972693131505, 1.2231931170171428, -1.5690886965208364]
[-1.4692183976300057, -0.4587627359454902, -0.6367574006802008, 0.06077662142767405, 1.181138115061055, -1.635103381355853]
[-1.57793252864784, -0.4759951091291372, -0.5979362242958406, 0.04483351592403305, 1.139083113104967, -1.7011180661908696]
[-1.6866466596656744, -0.4932274823127841, -0.5591150479114804, 0.028890410420392032, 1.0970281111488789, -1.767132751025886]
[-1.7953607906835087, -0.510459855496431, -0.5202938715271201, 0.012947304916751029, 1.054973109192791, -1.8331474358609028]
[-1.904074921701343, -0.5276922286800779, -0.48147269514276003, -0.002995800586889985, 1.012918107236703, -1.8991621206959193]