[-0.12418631504464539, -0.27825289202894865, -0.6116658536778399, -0.00031831740818510923, 0.8910070456618602, -0.15465382582483578]
[-0.06220479479579705, -0.2882990198987856, -0.664292974547326, 0.037261387436227755, 0.867405624934159, -0.2373072202723602]
[-0.00022327454694870408, -0.2983451477686226, -0.7169200954168122, 0.07484109228064062, 0.8438042042064577, -0.31996061471988463]
[0.06175824570189964, -0.3083912756384596, -0.7695472162862984, 0.11242079712505348, 0.8202027834787565, -0.4026140091674091]
[0.12373976595074798, -0.3184374035082965, -0.8221743371557846, 0.15000050196946635, 0.7966013627510553, -0.4852674036149335]
[-0.006156785637156159, -0.3457367792609687, -0.7972481089899016, 0.14289450351090693, 0.8154020643950437, -0.5852701480680433]
[-0.1360533372250603, -0.3730361550136408, -0.7723218808240188, 0.13578850505234752, 0.834202766039032, -0.6852728925211533]
[-0.26594988881296444, -0.40033553076631295, -0.7473956526581358, 0.1286825065937881, 0.8530034676830204, -0.7852756369742632]
[-0.3958464404008686, -0.42763490651898506, -0.7224694244922528, 0.1215765081352287, 0.8718041693270088, -0.8852783814273731]
[-0.5257429919887727, -0.4549342822716572, -0.6975431963263699, 0.1144705096766693, 0.890604870970997, -0.985281125880483]
[-0.6556395435766769, -0.4822336580243294, -0.672616968160487, 0.10736451121810989, 0.9094055726149854, -1.0852838703335927]
[-0.7855360951645811, -0.5095330337770015, -0.647690739994604, 0.10025851275955047, 0.9282062742589738, -1.185286614786703]
[-0.9154326467524851, -0.5368324095296737, -0.6227645118287211, 0.09315251430099106, 0.9470069759029621, -1.2852893592398127]
[-1.0453291983403894, -0.5641317852823458, -0.5978382836628381, 0.08604651584243164, 0.9658076775469505, -1.3852921036929229]
[-1.1752257499282934, -0.5914311610350179, -0.5729120554969552, 0.07894051738387224, 0.9846083791909388, -1.4852948481460326]
[-1.3051223015161977, -0.6187305367876901, -0.5479858273310723, 0.07183451892531283, 1.0034090808349272, -1.5852975925991424]
[-1.4311748286982864, -0.6252208344506354, -0.48848235117567285, 0.03531158707269016, 1.0343372921003346, -1.5693276700418939]
[-1.5572273558803753, -0.6317111321135808, -0.4289788750202735, -0.001211344779932512, 1.065265503365742, -1.5533577474846456]