[-0.10453921495651564, -0.174187173752963, -0.6738376584481935, 7.332837076656773e-05, 0.8489765644755094, -0.13542975456693718]
[-0.15053910866951448, -0.24528470335390817, -0.663566183204787, 0.05323399749465016, 0.7282133347398465, -0.12969634766286772]
[-0.1965390023825133, -0.31638223295485335, -0.6532947079613804, 0.10639466661853375, 0.6074501050041836, -0.12396294075879828]
[-0.2425388960955121, -0.3874797625557985, -0.6430232327179739, 0.15955533574241734, 0.48668687526852084, -0.11822953385472884]
[-0.28853878980851094, -0.4585772921567437, -0.6327517574745674, 0.21271600486630093, 0.36592364553285794, -0.11249612695065939]
[-0.41160365047270225, -0.46904931761694124, -0.61427095980872, 0.20489202023880684, 0.3838926806752703, -0.24030647518762785]
[-0.5346685111368936, -0.4795213430771388, -0.5957901621428728, 0.19706803561131278, 0.4018617158176827, -0.3681168234245963]
[-0.6577333718010849, -0.4899933685373363, -0.5773093644770255, 0.1892440509838187, 0.41983075096009503, -0.49592717166156486]
[-0.7807982324652762, -0.5004653939975339, -0.5588285668111782, 0.18142006635632463, 0.4377997861025074, -0.6237375198985332]
[-0.9038630931294676, -0.5109374194577314, -0.540347769145331, 0.1735960817288305, 0.4557688212449198, -0.7515478681355018]
[-1.0269279537936589, -0.521409444917929, -0.5218669714794837, 0.16577209710133645, 0.4737378563873322, -0.8793582163724702]
[-1.1499928144578504, -0.5318814703781265, -0.5033861738136364, 0.15794811247384236, 0.49170689152974456, -1.0071685646094388]
[-1.2730576751220415, -0.542353495838324, -0.48490537614778917, 0.1501241278463483, 0.5096759266721569, -1.1349789128464072]
[-1.396122535786233, -0.5528255212985216, -0.46642457848194185, 0.1423001432188542, 0.5276449618145693, -1.2627892610833757]
[-1.5191873964504243, -0.5632975467587191, -0.44794378081609454, 0.1344761585913601, 0.5456139969569817, -1.3905996093203443]
[-1.6422522571146156, -0.5737695722189167, -0.42946298315024733, 0.12665217396386605, 0.563583032099394, -1.5184099575573127]
[-1.765317117778807, -0.5842415976791142, -0.4109821854844, 0.11882818933637196, 0.5815520672418064, -1.6462203057942812]
[-1.8050325720635614, -0.553931413580303, -0.40670318923994603, 0.08817855496320538, 0.6512749153165762, -1.714301010066465]
[-1.8447480263483156, -0.5236212294814917, -0.40242419299549204, 0.057528920590038814, 0.720997763391346, -1.7823817143386491]
[-1.88446348063307, -0.4933110453826804, -0.398145196751038, 0.026879286216872245, 0.7907206114661159, -1.850462418610833]
[-1.9241789349178244, -0.46300086128386914, -0.393866200506584, -0.003770348156294329, 0.8604434595408857, -1.9185431228830168]