[0.26956430946190846, -0.5486397956392697, -0.3450450478733966, 0.000605921036074264, 0.894722328620877, 0.23823571283653422]
[0.21351778308249753, -0.544724728107857, -0.38349668484123217, -0.0599977609296844, 0.9093756294097587, 0.12299068189994285]
[0.1574712567030866, -0.5408096605764443, -0.4219483218090678, -0.12060144289544307, 0.9240289301986404, 0.007745650963351475]
[0.10142473032367566, -0.5368945930450316, -0.4603999587769033, -0.18120512486120174, 0.9386822309875221, -0.10749937997323988]
[0.04537820394426473, -0.5329795255136189, -0.4988515957447389, -0.2418088068269604, 0.9533355317764038, -0.22274441090983127]
[-0.010668322435146205, -0.5290644579822064, -0.5373032327125744, -0.3024124887927191, 0.9679888325652856, -0.33798944184642266]
[-0.06671484881455714, -0.5251493904507937, -0.57575486968041, -0.36301617075847775, 0.9826421333541673, -0.453234472783014]
[-0.12276137519396801, -0.521234322919381, -0.6142065066482456, -0.42361985272423636, 0.9972954341430489, -0.5684795037196053]
[-0.178807901573379, -0.5173192553879683, -0.6526581436160812, -0.48422353468999507, 1.0119487349319307, -0.6837245346561968]
[-0.23485442795278988, -0.5134041878565556, -0.6911097805839167, -0.5448272166557537, 1.0266020357208123, -0.798969565592788]
[-0.29090095433220087, -0.5094891203251429, -0.7295614175517523, -0.6054308986215124, 1.0412553365096942, -0.9142145965293795]
[-0.34694748071161174, -0.5055740527937302, -0.7680130545195878, -0.666034580587271, 1.0559086372985758, -1.0294596274659709]
[-0.40299400709102273, -0.5016589852623176, -0.8064646914874234, -0.7266382625530298, 1.0705619380874576, -1.1447046584025622]
[-0.4590405334704336, -0.49774391773090493, -0.844916328455259, -0.7872419445187884, 1.0852152388763392, -1.2599496893391535]
[-0.5708421130569542, -0.47235486543272276, -0.818514438049752, -0.7313886114521091, 1.0520418962544111, -1.3140201160353615]
[-0.6826436926434748, -0.4469658131345406, -0.792112547644245, -0.6755352783854299, 1.0188685536324833, -1.3680905427315697]
[-0.7944452722299954, -0.4215767608363584, -0.765710657238738, -0.6196819453187506, 0.9856952110105552, -1.4221609694277777]
[-0.906246851816516, -0.39618770853817625, -0.7393087668332311, -0.5638286122520714, 0.9525218683886273, -1.476231396123986]
[-1.0180484314030367, -0.3707986562399941, -0.7129068764277241, -0.5079752791853922, 0.9193485257666993, -1.530301822820194]
[-1.129850010989557, -0.34540960394181186, -0.6865049860222171, -0.4521219461187129, 0.8861751831447713, -1.5843722495164019]
[-1.2416515905760779, -0.32002055164362975, -0.6601030956167101, -0.39626861305203365, 0.8530018405228433, -1.63844267621261]
[-1.3534531701625983, -0.2946314993454475, -0.6337012052112031, -0.3404152799853544, 0.8198284979009154, -1.692513102908818]
[-1.465254749749119, -0.26924244704726535, -0.6072993148056961, -0.2845619469186751, 0.7866551552789873, -1.7465835296050263]
[-1.5770563293356394, -0.24385339474908319, -0.5808974244001892, -0.22870861385199592, 0.7534818126570594, -1.8006539563012343]
[-1.6888579089221603, -0.21846434245090102, -0.5544955339946822, -0.17285528078531665, 0.7203084700351314, -1.8547243829974422]
[-1.8006594885086806, -0.19307529015271885, -0.5280936435891752, -0.11700194771863748, 0.6871351274132035, -1.9087948096936505]
[-1.9124610680952014, -0.16768623785453668, -0.5016917531836682, -0.06114861465195809, 0.6539617847912754, -1.9628652363898587]
[-2.024262647681722, -0.1422971855563545, -0.4752898627781612, -0.00529528158527896, 0.6207884421693475, -2.0169356630860666]