[0.16617657348258597, -0.15711973189642592, -0.6778480392858874, 0.0005929554451462593, 0.8360604848976028, 0.13471794373289736]
[0.050676304365373556, -0.1722918515732432, -0.7208845304885032, 0.04432158827272518, 0.8704818137271183, 0.10666080236241614]
[-0.06482396475183885, -0.18746397125006048, -0.7639210216911189, 0.0880502211003041, 0.9049031425566338, 0.07860366099193491]
[-0.18032423386905122, -0.20263609092687776, -0.8069575128937346, 0.131778853927883, 0.9393244713861495, 0.050546519621453706]
[-0.29582450298626367, -0.21780821060369504, -0.8499940040963503, 0.17550748675546193, 0.973745800215665, 0.02248937825097247]
[-0.41132477210347607, -0.23298033028051232, -0.893030495298966, 0.21923611958304084, 1.0081671290451806, -0.00556776311950874]
[-0.5268250412206884, -0.2481524499573296, -0.9360669865015818, 0.26296475241061973, 1.0425884578746962, -0.03362490448998995]
[-0.6423253103379009, -0.26332456963414685, -0.9791034777041975, 0.30669338523819867, 1.0770097867042117, -0.06168204586047116]
[-0.7578255794551133, -0.27849668931096416, -1.0221399689068131, 0.3504220180657776, 1.1114311155337273, -0.08973918723095242]
[-0.8733258485723256, -0.29366880898778147, -1.065176460109429, 0.39415065089335655, 1.1458524443632427, -0.11779632860143363]
[-0.9888261176895381, -0.3088409286645987, -1.1082129513120447, 0.43787928372093543, 1.1802737731927584, -0.14585346997191484]
[-1.0529128094271805, -0.31030696889125986, -1.0613765830902262, 0.4063530725422066, 1.1520739216955405, -0.2697538397950801]
[-1.1169995011648228, -0.311773009117921, -1.0145402148684077, 0.3748268613634777, 1.1238740701983227, -0.3936542096182454]
[-1.1810861929024654, -0.31323904934458213, -0.9677038466465893, 0.34330065018474887, 1.0956742187011048, -0.5175545794414107]
[-1.2451728846401078, -0.3147050895712433, -0.9208674784247708, 0.31177443900602, 1.067474367203887, -0.641454949264576]
[-1.3092595763777504, -0.31617112979790446, -0.8740311102029523, 0.28024822782729114, 1.0392745157066692, -0.7653553190877413]
[-1.3733462681153927, -0.3176371700245656, -0.8271947419811339, 0.24872201664856228, 1.0110746642094515, -0.8892556889109066]
[-1.437432959853035, -0.31910321025122673, -0.7803583737593154, 0.21719580546983341, 0.9828748127122335, -1.0131560587340718]
[-1.5015196515906775, -0.32056925047788787, -0.7335220055374969, 0.18566959429110458, 0.9546749612150157, -1.137056428557237]
[-1.56560634332832, -0.322035290704549, -0.6866856373156784, 0.1541433831123757, 0.9264751097177979, -1.2609567983804024]
[-1.6296930350659624, -0.32350133093121014, -0.63984926909386, 0.12261717193364685, 0.89827525822058, -1.3848571682035677]
[-1.6937797268036048, -0.32496737115787133, -0.5930129008720415, 0.09109096075491796, 0.8700754067233623, -1.508757538026733]
[-1.7578664185412471, -0.32643341138453247, -0.546176532650223, 0.059564749576189124, 0.8418755552261443, -1.6326579078498984]
[-1.8219531102788897, -0.3278994516111936, -0.49934016442840456, 0.028038538397460233, 0.8136757037289265, -1.7565582776730637]
[-1.886039802016532, -0.32936549183785474, -0.45250379620658604, -0.0034876727812685995, 0.7854758522317087, -1.880458647496229]