[-0.13531373020639315, -0.553506468079024, -0.5186090721805989, -6.564894946059496e-05, 1.0735137686206286, -0.16622839139575074]
[-0.18428488323187064, -0.6015103512834834, -0.5568538449720046, 0.022569614931231934, 0.9748411993378354, -0.1178822612926869]
[-0.23325603625734814, -0.6495142344879429, -0.5950986177634104, 0.04520487881192446, 0.8761686300550423, -0.06953613118962307]
[-0.28222718928282564, -0.6975181176924022, -0.6333433905548161, 0.067840142692617, 0.7774960607722492, -0.021190001086559218]
[-0.33119834230830314, -0.7455220008968616, -0.6715881633462218, 0.09047540657330952, 0.678823491489456, 0.027156129016504604]
[-0.3801694953337807, -0.7935258841013211, -0.7098329361376277, 0.11311067045400207, 0.5801509222066628, 0.07550225911956848]
[-0.4291406483592582, -0.8415297673057804, -0.7480777089290334, 0.1357459343346946, 0.48147835292386965, 0.1238483892226323]
[-0.47811180138473575, -0.8895336505102398, -0.7863224817204391, 0.15838119821538713, 0.3828057836410764, 0.17219451932569618]
[-0.5270829544102131, -0.9375375337146992, -0.8245672545118448, 0.18101646209607963, 0.2841332143582833, 0.22054064942875995]
[-0.5760541074356907, -0.9855414169191586, -0.8628120273032506, 0.20365172597677217, 0.1854606450754901, 0.2688867795318238]
[-0.6250252604611682, -1.0335453001236181, -0.9010568000946564, 0.22628698985746473, 0.08678807579269698, 0.3172329096348877]
[-0.6739964134866457, -1.0815491833280775, -0.9393015728860621, 0.24892225373815724, -0.011884493490096126, 0.36557903973795147]
[-0.7229675665121232, -1.1295530665325368, -0.9775463456774678, 0.2715575176188498, -0.11055706277288929, 0.41392516984101535]
[-0.7743907673845797, -1.0967355624112824, -0.9406778260266849, 0.25636356891639395, -0.05680846409002381, 0.2995844641775738]
[-0.8258139682570361, -1.063918058290028, -0.9038093063759022, 0.24116962021393806, -0.0030598654071583298, 0.18524375851413227]
[-0.8772371691294927, -1.0311005541687737, -0.8669407867251193, 0.22597567151148223, 0.050688733275707165, 0.07090305285069076]
[-0.9286603700019491, -0.9982830500475193, -0.8300722670743366, 0.21078172280902635, 0.10443733195857263, -0.043437652812750804]
[-0.9800835708744056, -0.9654655459262649, -0.7932037474235537, 0.19558777410657052, 0.15818593064143815, -0.15777835847619237]
[-1.031506771746862, -0.9326480418050105, -0.756335227772771, 0.18039382540411467, 0.21193452932430362, -0.2721190641396338]
[-1.0829299726193184, -0.8998305376837561, -0.7194667081219881, 0.1651998767016588, 0.2656831280071691, -0.3864597698030755]
[-1.134353173491775, -0.8670130335625017, -0.6825981884712053, 0.15000592799920295, 0.31943172669003456, -0.500800475466517]
[-1.1857763743642313, -0.8341955294412473, -0.6457296688204225, 0.1348119792967471, 0.3731803253729001, -0.6151411811299585]
[-1.237199575236688, -0.8013780253199929, -0.6088611491696396, 0.11961803059429124, 0.4269289240557656, -0.7294818867934001]
[-1.2886227761091442, -0.7685605211987384, -0.5719926295188569, 0.10442408189183539, 0.4806775227386311, -0.8438225924568417]
[-1.3400459769816009, -0.7357430170774841, -0.5351241098680741, 0.08923013318937956, 0.5344261214214965, -0.958163298120283]
[-1.391469177854057, -0.7029255129562297, -0.49825559021729127, 0.0740361844869237, 0.5881747201043621, -1.0725040037837246]
[-1.4428923787265138, -0.6701080088349752, -0.4613870705665084, 0.05884223578446782, 0.6419233187872275, -1.1868447094471664]
[-1.4943155795989702, -0.6372905047137208, -0.42451855091572555, 0.04364828708201196, 0.6956719174700929, -1.301185415110608]
[-1.5457387804714267, -0.6044730005924664, -0.3876500312649428, 0.028454338379556132, 0.7494205161529583, -1.4155261207740493]
[-1.597161981343883, -0.571655496471212, -0.35078151161416005, 0.013260389677100304, 0.803169114835824, -1.5298668264374908]
[-1.6485851822163395, -0.5388379923499577, -0.3139129919633772, -0.00193355902535557, 0.8569177135186895, -1.6442075321009324]