[-0.05170949041859085, -0.576839347902391, -0.27831871980744705, -5.101848859645486e-05, 0.8564953784185505, -0.0829183385146024]
[-0.15666820017850097, -0.5674731599883326, -0.26474187406382393, -0.06662380547630656, 0.8966614872245783, -0.15155410551446924]
[-0.2616269099384111, -0.5581069720742743, -0.2511650283202009, -0.13319659246401666, 0.9368275960306061, -0.2201898725143361]
[-0.3665856196983212, -0.5487407841602159, -0.23758818257657777, -0.19976937945172676, 0.9769937048366338, -0.2888256395142029]
[-0.4715443294582313, -0.5393745962461575, -0.22401133683295466, -0.26634216643943687, 1.0171598136426616, -0.3574614065140698]
[-0.5765030392181415, -0.5300084083320991, -0.21043449108933157, -0.332914953427147, 1.0573259224486893, -0.42609717351393667]
[-0.6814617489780516, -0.5206422204180408, -0.1968576453457085, -0.3994877404148571, 1.0974920312547172, -0.4947329405138035]
[-0.7864204587379616, -0.5112760325039823, -0.18328079960208538, -0.46606052740256715, 1.1376581400607448, -0.5633687075136704]
[-0.8913791684978718, -0.5019098445899239, -0.16970395385846226, -0.5326333143902773, 1.1778242488667727, -0.6320044745135373]
[-0.9963378782577819, -0.49254365667586564, -0.1561271081148392, -0.5992061013779874, 1.2179903576728004, -0.7006402415134041]
[-1.1012965880176921, -0.4831774687618072, -0.1425502623712161, -0.6657788883656975, 1.2581564664788283, -0.7692760085132709]
[-1.206255297777602, -0.4738112808477489, -0.128973416627593, -0.7323516753534075, 1.298322575284856, -0.8379117755131378]
[-1.3112140075375123, -0.46444509293369046, -0.1153965708839699, -0.7989244623411177, 1.3384886840908838, -0.9065475425130046]
[-1.4161727172974223, -0.4550789050196321, -0.10181972514034682, -0.8654972493288278, 1.3786547928969115, -0.9751833095128715]
[-1.4429746115159616, -0.43779508570376185, -0.13475258552050245, -0.7792000142289539, 1.31253623966102, -1.0455793134882863]
[-1.469776505734501, -0.4205112663878916, -0.1676854459006581, -0.69290277912908, 1.2464176864251288, -1.115975317463701]
[-1.4965783999530402, -0.40322744707202135, -0.20061830628081373, -0.6066055440292062, 1.1802991331892374, -1.1863713214391156]
[-1.5233802941715795, -0.3859436277561511, -0.2335511666609694, -0.5203083089293323, 1.114180579953346, -1.2567673254145304]
[-1.5501821883901188, -0.3686598084402809, -0.26648402704112506, -0.4340110738294586, 1.0480620267174547, -1.3271633293899452]
[-1.576984082608658, -0.35137598912441065, -0.2994168874212807, -0.3477138387295847, 0.9819434734815633, -1.39755933336536]
[-1.6037859768271974, -0.3340921698085404, -0.33234974780143633, -0.261416603629711, 0.915824920245672, -1.4679553373407748]
[-1.6305878710457367, -0.3168083504926701, -0.365282608181592, -0.175119368529837, 0.8497063670097805, -1.5383513413161896]
[-1.657389765264276, -0.2995245311767999, -0.3982154685617476, -0.08882213342996326, 0.7835878137738892, -1.6087473452916043]
[-1.6841916594828152, -0.28224071186092964, -0.43114832894190325, -0.002524898330089432, 0.7174692605379979, -1.679143349267019]