[0.15819177167483023, -0.1874202224445174, -0.5660108922671032, 0.00047840842558510843, 0.7547039505150916, 0.1269301606572819]
[0.09571948086282434, -0.18762939398070283, -0.6282281367016739, -0.06282028815725493, 0.7915169180448257, 0.06311655612671908]
[0.03324719005081844, -0.1878385655168883, -0.6904453811362445, -0.12611898474009497, 0.8283298855745598, -0.0006970484038437419]
[-0.02922510076118745, -0.18804773705307376, -0.7526626255708153, -0.18941768132293502, 0.8651428531042937, -0.06451065293440658]
[-0.09169739157319334, -0.1882569085892592, -0.814879870005386, -0.25271637790577506, 0.9019558206340278, -0.1283242574649694]
[-0.15416968238519924, -0.18846608012544463, -0.8770971144399566, -0.3160150744886151, 0.9387687881637619, -0.19213786199553223]
[-0.21664197319720513, -0.1886752516616301, -0.9393143588745273, -0.37931377107145514, 0.9755817556934959, -0.2559514665260951]
[-0.279114264009211, -0.18888442319781557, -1.001531603309098, -0.4426124676542951, 1.01239472322323, -0.31976507105665786]
[-0.3415865548212169, -0.189093594734001, -1.0637488477436687, -0.5059111642371352, 1.049207690752964, -0.3835786755872207]
[-0.4040588456332228, -0.18930276627018644, -1.1259660921782393, -0.5692098608199753, 1.0860206582826981, -0.44739228011778354]
[-0.4665311364452287, -0.1895119378063719, -1.18818333661281, -0.6325085574028153, 1.122833625812432, -0.5112058846483464]
[-0.5560778835454694, -0.2180293334397497, -1.1367769636709089, -0.5905219444516772, 1.1171989610531792, -0.5974728085358765]
[-0.64562463064571, -0.24654672907312752, -1.0853705907290079, -0.548535331500539, 1.111564296293926, -0.6837397324234067]
[-0.7351713777459505, -0.2750641247065053, -1.0339642177871067, -0.5065487185494009, 1.1059296315346732, -0.7700066563109369]
[-0.8247181248461912, -0.3035815203398831, -0.9825578448452055, -0.46456210559826283, 1.10029496677542, -0.856273580198467]
[-0.9142648719464318, -0.3320989159732609, -0.9311514719033044, -0.4225754926471247, 1.0946603020161672, -0.9425405040859971]
[-1.0038116190466724, -0.36061631160663876, -0.8797450989614032, -0.38058887969598654, 1.089025637256914, -1.0288074279735273]
[-1.093358366146913, -0.38913370724001656, -0.8283387260195021, -0.33860226674484845, 1.0833909724976611, -1.1150743518610575]
[-1.1829051132471537, -0.41765110287339435, -0.7769323530776009, -0.2966156537937103, 1.077756307738408, -1.2013412757485877]
[-1.2724518603473944, -0.4461684985067722, -0.7255259801356998, -0.2546290408425722, 1.0721216429791551, -1.2876081996361177]
[-1.361998607447635, -0.47468589414014994, -0.6741196071937987, -0.21264242789143406, 1.066486978219902, -1.3738751235236477]
[-1.4515453545478756, -0.5032032897735278, -0.6227132342518975, -0.17065581494029597, 1.0608523134606491, -1.460142047411178]
[-1.5410921016481163, -0.5317206854069056, -0.5713068613099963, -0.12866920198915777, 1.055217648701396, -1.5464089712987081]
[-1.630638848748357, -0.5602380810402834, -0.5199004883680952, -0.08668258903801962, 1.049582983942143, -1.6326758951862383]
[-1.7201855958485974, -0.5887554766736612, -0.468494115426194, -0.044695976086881584, 1.04394831918289, -1.7189428190737686]
[-1.8097323429488381, -0.617272872307039, -0.4170877424842929, -0.0027093631357434367, 1.038313654423637, -1.8052097429612988]