[0.1835311146842935, -0.651592275616661, -0.4063134959907444, 0.00041022444329641417, 1.0589052302128898, 0.15246991790822673]
[0.07178967243002135, -0.6797061131998825, -0.4643933747158454, -0.057189861194733765, 1.0527024293251153, 0.11674555806918571]
[-0.039951769824250805, -0.7078199507831041, -0.5224732534409464, -0.11478994683276394, 1.0464996284373407, 0.0810211982301447]
[-0.15169321207852293, -0.7359337883663257, -0.5805531321660475, -0.17239003247079412, 1.040296827549566, 0.04529683839110368]
[-0.2634346543327951, -0.7640476259495472, -0.6386330108911485, -0.2299901181088243, 1.0340940266617915, 0.009572478552062669]
[-0.3751760965870673, -0.7921614635327687, -0.6967128896162496, -0.2875902037468545, 1.027891225774017, -0.026151881286978346]
[-0.48691753884133937, -0.8202753011159903, -0.7547927683413507, -0.34519028938488466, 1.0216884248862423, -0.06187624112601936]
[-0.5986589810956116, -0.848389138699212, -0.8128726470664517, -0.4027903750229148, 1.0154856239984678, -0.0976006009650604]
[-0.7104004233498837, -0.8765029762824335, -0.8709525257915527, -0.460390460660945, 1.0092828231106932, -0.13332496080410136]
[-0.7755001459888188, -0.8253066178797718, -0.8437017470334142, -0.4318774624638293, 0.9772212553279305, -0.23404976097322722]
[-0.8405998686277538, -0.7741102594771101, -0.8164509682752755, -0.4033644642667135, 0.9451596875451678, -0.33477456114235304]
[-0.905699591266689, -0.7229139010744485, -0.789200189517137, -0.3748514660695978, 0.9130981197624051, -0.4354993613114789]
[-0.970799313905624, -0.6717175426717867, -0.7619494107589984, -0.34633846787248207, 0.8810365519796424, -0.5362241614806047]
[-1.035899036544559, -0.6205211842691252, -0.7346986320008598, -0.3178254696753663, 0.8489749841968797, -0.6369489616497306]
[-1.1009987591834942, -0.5693248258664635, -0.7074478532427213, -0.28931247147825057, 0.816913416414117, -0.7376737618188565]
[-1.1660984818224294, -0.5181284674638018, -0.6801970744845827, -0.26079947328113484, 0.7848518486313543, -0.8383985619879822]
[-1.2311982044613643, -0.46693210906114013, -0.6529462957264441, -0.2322864750840191, 0.7527902808485916, -0.9391233621571081]
[-1.2962979271002992, -0.41573575065847845, -0.6256955169683055, -0.20377347688690334, 0.7207287130658289, -1.039848162326234]
[-1.3613976497392344, -0.3645393922558168, -0.598444738210167, -0.1752604786897876, 0.6886671452830662, -1.1405729624953598]
[-1.4264973723781695, -0.3133430338531551, -0.5711939594520283, -0.1467474804926719, 0.6566055775003035, -1.2412977626644857]
[-1.4915970950171045, -0.2621466754504935, -0.5439431806938898, -0.11823448229555611, 0.6245440097175409, -1.3420225628336115]
[-1.5566968176560396, -0.21095031704783185, -0.5166924019357513, -0.08972148409844038, 0.5924824419347782, -1.4427473630027374]
[-1.6217965402949748, -0.15975395864517017, -0.4894416231776127, -0.06120848590132466, 0.5604208741520155, -1.543472163171863]
[-1.6868962629339097, -0.10855760024250849, -0.4621908444194741, -0.03269548770420888, 0.5283593063692528, -1.644196963340989]
[-1.7519959855728449, -0.05736124183984684, -0.43494006566133553, -0.0041824895070931315, 0.49629773858649007, -1.7449217635101149]