[0.013235252560229505, -0.282451051923033, -0.7141982356068848, 0.0001399640542683045, 0.9979580889369046, -0.01799118754209239]
[-0.06454775379131009, -0.3042668035927419, -0.7416907976541794, 0.00648188833398188, 0.9546300252332868, -0.13626902828675053]
[-0.14233076014284968, -0.3260825552624508, -0.7691833597014741, 0.012823812613695456, 0.9113019615296689, -0.25454686903140866]
[-0.22011376649438927, -0.3478983069321596, -0.7966759217487688, 0.01916573689340903, 0.8679738978260509, -0.37282470977606674]
[-0.29789677284592886, -0.36971405860186857, -0.8241684837960634, 0.025507661173122607, 0.8246458341224331, -0.4911025505207249]
[-0.3756797791974684, -0.3915298102715774, -0.851661045843358, 0.031849585452836185, 0.7813177704188152, -0.609380391265383]
[-0.45346278554900804, -0.4133455619412863, -0.8791536078906527, 0.038191509732549755, 0.7379897067151973, -0.7276582320100411]
[-0.5312457919005477, -0.4351613136109952, -0.9066461699379473, 0.04453343401226333, 0.6946616430115794, -0.8459360727546993]
[-0.6090287982520872, -0.4569770652807041, -0.934138731985242, 0.05087535829197691, 0.6513335793079615, -0.9642139134993574]
[-0.6868118046036268, -0.478792816950413, -0.9616312940325367, 0.05721728257169049, 0.6080055156043437, -1.0824917542440156]
[-0.7645948109551663, -0.5006085686201218, -0.9891238560798313, 0.06355920685140407, 0.5646774519007258, -1.2007695949886736]
[-0.842377817306706, -0.5224243202898308, -1.016616418127126, 0.06990113113111764, 0.5213493881971079, -1.3190474357333317]
[-0.9201608236582456, -0.5442400719595396, -1.0441089801744206, 0.0762430554108312, 0.47802132449349, -1.4373252764779898]
[-0.9979438300097851, -0.5660558236292486, -1.0716015422217153, 0.08258497969054479, 0.43469326078987214, -1.5556031172226479]
[-1.0757268363613248, -0.5878715752989574, -1.0990941042690099, 0.08892690397025836, 0.39136519708625417, -1.6738809579673062]
[-1.1535098427128643, -0.6096873269686662, -1.1265866663163044, 0.09526882824997195, 0.3480371333826363, -1.7921587987119643]
[-1.231292849064404, -0.6315030786383752, -1.1540792283635992, 0.10161075252968552, 0.30470906967901845, -1.9104366394566223]
[-1.327699552739055, -0.5785614616585495, -1.0616138854991506, 0.08829136780386429, 0.3448329243472328, -1.9210657362931158]
[-1.4241062564137061, -0.5256198446787238, -0.969148542634702, 0.07497198307804308, 0.38495677901544706, -1.9316948331296095]
[-1.5205129600883573, -0.47267822769889806, -0.8766831997702533, 0.06165259835222186, 0.42508063368366134, -1.9423239299661033]
[-1.6169196637630083, -0.41973661071907237, -0.7842178569058047, 0.04833321362640064, 0.46520448835187567, -1.9529530268025967]
[-1.7133263674376593, -0.3667949937392467, -0.6917525140413561, 0.03501382890057941, 0.50532834302009, -1.9635821236390902]
[-1.8097330711123105, -0.31385337675942093, -0.5992871711769074, 0.0216944441747582, 0.5454521976883042, -1.974211220475584]
[-1.9061397747869617, -0.26091175977959524, -0.5068218283124588, 0.008375059448936989, 0.5855760523565186, -1.9848403173120777]
[-2.0025464784616127, -0.20797014279976953, -0.4143564854480102, -0.004944325276884244, 0.6256999070247329, -1.9954694141485712]