[-0.1641163350127366, -0.29780575989827973, -0.4680254036135265, 5.911595121776969e-05, 0.7671424554119683, -0.1952057242471863]
[-0.12322399474632664, -0.3118047067892277, -0.5259849218304167, -0.07893548051769088, 0.7589594130678758, -0.22995944194440066]
[-0.08233165447991671, -0.3258036536801757, -0.5839444400473067, -0.15793007698659953, 0.7507763707237832, -0.264713159641615]
[-0.15553072145644942, -0.3242715200342076, -0.6161907700371808, -0.20283403560896474, 0.7362586095368457, -0.3783395788137503]
[-0.22872978843298208, -0.32273938638823946, -0.6484371000270549, -0.24773799423132997, 0.7217408483499083, -0.4919659979858856]
[-0.3019288554095148, -0.32120725274227135, -0.680683430016929, -0.2926419528536952, 0.7072230871629709, -0.6055924171580208]
[-0.3751279223860475, -0.31967511909630325, -0.712929760006803, -0.3375459114760604, 0.6927053259760334, -0.7192188363301562]
[-0.44832698936258025, -0.3181429854503351, -0.7451760899966771, -0.3824498700984256, 0.6781875647890959, -0.8328452555022914]
[-0.521526056339113, -0.316610851804367, -0.7774224199865511, -0.42735382872079086, 0.6636698036021584, -0.9464716746744266]
[-0.5947251233156456, -0.3150787181583989, -0.8096687499764252, -0.47225778734315604, 0.6491520424152211, -1.060098093846562]
[-0.6679241902921783, -0.3135465845124307, -0.8419150799662993, -0.5171617459655212, 0.6346342812282836, -1.1737245130186973]
[-0.7411232572687111, -0.3120144508664626, -0.8741614099561734, -0.5620657045878865, 0.6201165200413461, -1.2873509321908325]
[-0.8438943925984254, -0.29305263953140676, -0.8222842511353641, -0.49201405943886756, 0.6205695728464343, -1.3212508087441184]
[-0.9466655279281397, -0.27409082819635094, -0.7704070923145547, -0.4219624142898486, 0.6210226256515226, -1.3551506852974045]
[-1.049436663257854, -0.2551290168612951, -0.7185299334937454, -0.35191076914082964, 0.6214756784566108, -1.3890505618506903]
[-1.1522077985875683, -0.2361672055262392, -0.666652774672936, -0.2818591239918107, 0.621928731261699, -1.4229504384039764]
[-1.2549789339172825, -0.21720539419118337, -0.6147756158521267, -0.21180747884279172, 0.6223817840667872, -1.4568503149572622]
[-1.3577500692469968, -0.19824358285612753, -0.5628984570313174, -0.14175583369377276, 0.6228348368718755, -1.490750191510548]
[-1.4605212045767113, -0.17928177152107166, -0.511021298210508, -0.0717041885447538, 0.6232878896769637, -1.5246500680638342]
[-1.5632923399064256, -0.16031996018601583, -0.45914413938969867, -0.001652543395734817, 0.6237409424820519, -1.55854994461712]