[-0.15506253826282723, -0.9318710489291453, -0.3114961135381842, -0.0001418081294595197, 1.2443491984744606, -0.18581438703763276]
[-0.27687549474515183, -0.8868906189964973, -0.36024981155981034, -0.014051454294638548, 1.2026569290611075, -0.15032722266683746]
[-0.3986884512274764, -0.8419101890638495, -0.4090035095814365, -0.027961100459817576, 1.1609646596477545, -0.11484005829604216]
[-0.520501407709801, -0.7969297591312016, -0.4577572076030626, -0.0418707466249966, 1.1192723902344015, -0.07935289392524686]
[-0.6423143641921256, -0.7519493291985537, -0.5065109056246888, -0.05578039279017563, 1.0775801208210485, -0.04386572955445156]
[-0.7641273206744503, -0.7069688992659058, -0.5552646036463149, -0.06969003895535467, 1.0358878514076952, -0.008378565183656261]
[-0.8859402771567748, -0.6619884693332578, -0.604018301667941, -0.08359968512053369, 0.9941955819943422, 0.027108599187139037]
[-1.0077532336390995, -0.6170080394006099, -0.6527719996895672, -0.09750933128571272, 0.9525033125809892, 0.06259576355793434]
[-1.129566190121424, -0.5720276094679622, -0.7015256977111934, -0.11141897745089174, 0.9108110431676362, 0.09808292792872964]
[-1.2513791466037487, -0.5270471795353142, -0.7502793957328195, -0.12532862361607078, 0.8691187737542831, 0.13357009229952493]
[-1.3731921030860734, -0.4820667496026662, -0.7990330937544456, -0.1392382697812498, 0.82742650434093, 0.16905725667032023]
[-1.4950050595683981, -0.4370863196700183, -0.8477867917760719, -0.15314791594642885, 0.7857342349275769, 0.2045444210411156]
[-1.6168180160507224, -0.3921058897373705, -0.896540489797698, -0.16705756211160785, 0.744041965514224, 0.24003158541191083]
[-1.738630972533047, -0.34712545980472254, -0.9452941878193242, -0.1809672082767869, 0.7023496961008708, 0.27551874978270613]
[-1.8604439290153718, -0.3021450298720746, -0.9940478858409503, -0.19487685444196592, 0.6606574266875178, 0.31100591415350143]
[-1.9822568854976965, -0.25716459993942675, -1.0428015838625764, -0.20878650060714496, 0.6189651572741648, 0.3464930785242968]
[-2.104069841980021, -0.21218417000677892, -1.0915552818842027, -0.22269614677232397, 0.5772728878608118, 0.381980242895092]
[-2.2258827984623455, -0.16720374007413097, -1.1403089799058286, -0.236605792937503, 0.5355806184474586, 0.41746740726588727]
[-2.34769575494467, -0.12222331014148305, -1.189062677927455, -0.25051543910268204, 0.4938883490341056, 0.4529545716366826]
[-2.3116452352104764, -0.11664694833943187, -1.1365013582131036, -0.23160173696755973, 0.49891394517901416, 0.27411445744234003]
[-2.2755947154762826, -0.1110705865373807, -1.0839400384987525, -0.21268803483243745, 0.5039395413239227, 0.09527434324799744]
[-2.2395441957420887, -0.10549422473532952, -1.0313787187844012, -0.19377433269731514, 0.5089651374688312, -0.0835657709463451]
[-2.203493676007895, -0.09991786293327834, -0.97881739907005, -0.17486063056219286, 0.5139907336137397, -0.26240588514068774]
[-2.167443156273701, -0.09434150113122718, -0.9262560793556989, -0.15594692842707053, 0.5190163297586483, -0.4412459993350303]
[-2.1313926365395073, -0.088765139329176, -0.8736947596413476, -0.13703322629194825, 0.5240419259035568, -0.6200861135293728]
[-2.0953421168053135, -0.08318877752712482, -0.8211334399269964, -0.11811952415682597, 0.5290675220484653, -0.7989262277237154]
[-2.0592915970711196, -0.07761241572507364, -0.7685721202126452, -0.09920582202170367, 0.5340931181933739, -0.9777663419180581]
[-2.023241077336926, -0.07203605392302248, -0.7160108004982939, -0.08029211988658139, 0.5391187143382824, -1.1566064561124003]
[-1.987190557602732, -0.0664596921209713, -0.6634494807839427, -0.06137841775145905, 0.5441443104831909, -1.3354465703067433]
[-1.9511400378685382, -0.06088333031892012, -0.6108881610695915, -0.04246471561633677, 0.5491699066280994, -1.5142866845010858]
[-1.9150895181343444, -0.05530696851686895, -0.5583268413552402, -0.023551013481214467, 0.554195502773008, -1.6931267986954284]
[-1.8790389984001505, -0.049730606714817764, -0.5057655216408891, -0.004637311346092187, 0.5592210989179165, -1.871966912889771]