[0.2818520120544141, -0.6468361740504793, -0.29155713627212076, 0.0005429268804473253, 0.9393327069154367, 0.25038478245619]
[0.20611260990726554, -0.6147951755048957, -0.34524487989787406, 0.040585328245283624, 0.9501019731772578, 0.15859951634126113]
[0.130373207760117, -0.582754176959312, -0.39893262352362735, 0.08062772961011992, 0.9608712394390787, 0.06681425022633222]
[0.054633805612968434, -0.5507131784137284, -0.4526203671493807, 0.12067013097495623, 0.9716405057008998, -0.02497101588859668]
[-0.02110559653418015, -0.5186721798681446, -0.5063081107751339, 0.16071253233979252, 0.9824097719627207, -0.11675628200352556]
[-0.09684499868132873, -0.486631181322561, -0.5599958544008873, 0.20075493370462882, 0.9931790382245418, -0.2085415481184545]
[-0.17258440082847726, -0.4545901827769773, -0.6136835980266406, 0.24079733506946513, 1.0039483044863629, -0.30032681423338337]
[-0.24832380297562584, -0.42254918423139365, -0.6673713416523939, 0.28083973643430143, 1.014717570748184, -0.39211208034831224]
[-0.3240632051227744, -0.39050818568580997, -0.7210590852781471, 0.3208821377991377, 1.0254868370100048, -0.4838973464632411]
[-0.399802607269923, -0.3584671871402263, -0.7747468289039006, 0.36092453916397405, 1.0362561032718258, -0.5756826125781701]
[-0.4755420094170716, -0.3264261885946426, -0.8284345725296538, 0.4009669405288103, 1.0470253695336469, -0.667467878693099]
[-0.5512814115642201, -0.294385190049059, -0.882122316155407, 0.44100934189364666, 1.057794635795468, -0.7592531448080277]
[-0.6270208137113686, -0.2623441915034753, -0.9358100597811604, 0.48105174325848293, 1.0685639020572888, -0.8510384109229567]
[-0.7027602158585172, -0.23030319295789164, -0.9894978034069137, 0.5210941446233193, 1.0793331683191099, -0.9428236770378857]
[-0.7784996180056658, -0.198262194412308, -1.043185547032667, 0.5611365459881555, 1.090102434580931, -1.0346089431528145]
[-0.867227363868691, -0.2202886997577612, -0.9885483061896464, 0.49862395238615487, 1.0747829637539394, -1.0944106505995173]
[-0.9559551097317163, -0.24231520510321436, -0.9339110653466257, 0.4361113587841542, 1.0594634929269477, -1.1542123580462198]
[-1.0446828555947416, -0.26434171044866756, -0.8792738245036051, 0.3735987651821535, 1.0441440220999563, -1.2140140654929226]
[-1.1334106014577667, -0.28636821579412075, -0.8246365836605846, 0.3110861715801528, 1.0288245512729646, -1.2738157729396253]
[-1.2221383473207923, -0.30839472113957395, -0.7699993428175639, 0.2485735779781521, 1.013505080445973, -1.3336174803863279]
[-1.3108660931838174, -0.33042122648502714, -0.7153621019745433, 0.18606098437615143, 0.9981856096189815, -1.3934191878330306]
[-1.3995938390468425, -0.3524477318304803, -0.6607248611315226, 0.1235483907741507, 0.9828661387919899, -1.4532208952797334]
[-1.4883215849098679, -0.3744742371759335, -0.6060876202885022, 0.06103579717215002, 0.9675466679649983, -1.513022602726436]
[-1.5770493307728932, -0.3965007425213867, -0.5514503794454815, -0.0014767964298506577, 0.9522271971380067, -1.5728243101731387]