[0.0986910277922437, -0.4957820078014352, -0.5378320295870331, 0.0003312725473776368, 1.034776351837336, 0.06763629823319217]
[0.0613201104819957, -0.41502616235618645, -0.5196768166063089, 0.07105040682181828, 0.9560059643122818, 0.08678075841543609]
[0.023949193171747693, -0.33427031691093767, -0.5015216036255847, 0.14176954109625892, 0.8772355767872275, 0.10592521859768]
[-0.013421724138500318, -0.2535144714656889, -0.48336639064486053, 0.21248867537069957, 0.7984651892621732, 0.12506967877992392]
[-0.050792641448748316, -0.17275862602044012, -0.46521117766413633, 0.2832078096451402, 0.719694801737119, 0.14421413896216784]
[-0.08816355875899631, -0.0920027805751914, -0.44705596468341213, 0.3539269439195808, 0.6409244142120647, 0.16335859914441175]
[-0.12553447606924434, -0.01124693512994257, -0.42890075170268793, 0.4246460781940215, 0.5621540266870104, 0.18250305932665567]
[-0.16290539337949234, 0.06950891031530615, -0.41074553872196373, 0.4953652124684621, 0.48338363916195615, 0.2016475195088996]
[-0.20027631068974033, 0.15026475576055498, -0.39259032574123953, 0.5660843467429028, 0.40461325163690187, 0.2207919796911435]
[-0.23764722799998833, 0.2310206012058037, -0.37443511276051533, 0.6368034810173434, 0.3258428641118476, 0.23993643987338742]
[-0.27501814531023633, 0.3117764466510524, -0.35627989977979113, 0.707522615291784, 0.24707247658679332, 0.25908090005563134]
[-0.3123890626204843, 0.39253229209630125, -0.33812468679906693, 0.7782417495662246, 0.16830208906173916, 0.27822536023787525]
[-0.3497599799307324, 0.4732881375415501, -0.3199694738183427, 0.8489608838406654, 0.08953170153668477, 0.29736982042011917]
[-0.3871308972409804, 0.5540439829867989, -0.3018142608376185, 0.919680018115106, 0.010761314011630496, 0.3165142806023631]
[-0.4245018145512284, 0.6347998284320475, -0.2836590478568943, 0.9903991523895466, -0.06800907351342378, 0.335658740784607]
[-0.46187273186147637, 0.7155556738772963, -0.2655038348761701, 1.0611182866639872, -0.14677946103847817, 0.3548032009668509]
[-0.5176660017168399, 0.6587596274357359, -0.26810037585490204, 1.0079728402448438, -0.10233231118724542, 0.2584020568439885]
[-0.5734592715722033, 0.6019635809941755, -0.270696916833634, 0.9548273938257003, -0.05788516133601268, 0.16200091272112604]
[-0.6292525414275668, 0.545167534552615, -0.27329345781236597, 0.9016819474065568, -0.013438011484779966, 0.06559976859826361]
[-0.6850458112829303, 0.48837148811105446, -0.275889998791098, 0.8485365009874133, 0.031009138366452804, -0.03080137552459883]
[-0.7408390811382939, 0.431575441669494, -0.27848653976982995, 0.7953910545682699, 0.07545628821768552, -0.12720251964746127]
[-0.7966323509936573, 0.3747793952279336, -0.2810830807485619, 0.7422456081491264, 0.11990343806891823, -0.2236036637703237]
[-0.8524256208490208, 0.31798334878637313, -0.2836796217272939, 0.689100161729983, 0.16435058792015095, -0.3200048078931861]
[-0.9082188907043843, 0.2611873023448126, -0.28627616270602585, 0.6359547153108394, 0.20879773777138377, -0.4164059520160486]
[-0.9640121605597478, 0.20439125590325213, -0.2888727036847578, 0.5828092688916959, 0.2532448876226165, -0.5128070961389111]
[-1.0198054304151114, 0.1475952094616917, -0.2914692446634898, 0.5296638224725525, 0.2976920374738492, -0.6092082402617734]
[-1.0755987002704748, 0.09079916302013114, -0.2940657856422218, 0.47651837605340897, 0.342139187325082, -0.705609384384636]
[-1.1313919701258381, 0.0340031165785708, -0.29666232662095376, 0.42337292963426554, 0.38658633717631463, -0.8020105285074983]
[-1.187185239981202, -0.022792929862989753, -0.29925886759968573, 0.3702274832151221, 0.4310334870275474, -0.8984116726303608]
[-1.2429785098365653, -0.07958897630455009, -0.3018554085784177, 0.3170820367959787, 0.47548063687878006, -0.9948128167532231]
[-1.2987717796919287, -0.13638502274611064, -0.30445194955714966, 0.26393659037683515, 0.5199277867300128, -1.0912139608760856]
[-1.3545650495472923, -0.1931810691876712, -0.3070484905358817, 0.2107911439576916, 0.5643749365812457, -1.187615104998948]
[-1.4103583194026557, -0.24997711562923153, -0.30964503151461364, 0.15764569753854818, 0.6088220864324784, -1.2840162491218106]
[-1.4661515892580192, -0.3067731620707921, -0.3122415724933456, 0.10450025111940475, 0.6532692362837111, -1.380417393244673]
[-1.5219448591133826, -0.3635692085123525, -0.3148381134720776, 0.051354804700261214, 0.6977163861349438, -1.4768185373675353]
[-1.5777381289687462, -0.420365254953913, -0.31743465445080954, -0.001790641718882271, 0.7421635359861766, -1.5732196814903978]