[-0.14059883049913857, -0.7200443223047284, -0.06144012028664125, -0.0006945158254971773, 0.7827692682981926, -0.17096955753916276]
[-0.0687027928036219, -0.7088983440589544, -0.1462279244358045, 0.006405514459213087, 0.7459999778676325, -0.2525448208295543]
[0.0031932448918947642, -0.6977523658131803, -0.2310157285849678, 0.013505544743923351, 0.7092306874370723, -0.3341200841199459]
[0.07508928258741143, -0.6866063875674062, -0.3158035327341311, 0.020605575028633614, 0.6724613970065121, -0.41569534741033753]
[0.1469853202829281, -0.6754604093216322, -0.40059133688329435, 0.02770560531334388, 0.635692106575952, -0.4972706107007291]
[0.21888135797844477, -0.6643144310758582, -0.48537914103245766, 0.03480563559805414, 0.5989228161453919, -0.5788458739911206]
[0.29077739567396144, -0.6531684528300842, -0.5701669451816209, 0.041905665882764405, 0.5621535257148317, -0.6604211372815123]
[0.3626734333694781, -0.64202247458431, -0.6549547493307841, 0.04900569616747467, 0.5253842352842715, -0.7419964005719037]
[0.4345694710649948, -0.630876496338536, -0.7397425534799474, 0.05610572645218494, 0.4886149448537114, -0.8235716638622954]
[0.5064655087605114, -0.619730518092762, -0.8245303576291106, 0.0632057567368952, 0.4518456544231512, -0.905146927152687]
[0.5783615464560281, -0.608584539846988, -0.9093181617782741, 0.07030578702160546, 0.41507636399259107, -0.9867221904430786]
[0.6502575841515448, -0.5974385616012139, -0.9941059659274373, 0.07740581730631572, 0.3783070735620309, -1.0682974537334702]
[0.7221536218470614, -0.5862925833554399, -1.0788937700766006, 0.08450584759102599, 0.34153778313147076, -1.1498727170238618]
[0.7940496595425781, -0.5751466051096659, -1.1636815742257638, 0.09160587787573625, 0.3047684927009106, -1.2314479803142533]
[0.6315053883578536, -0.5549045839413683, -1.1321167928810791, 0.08570517418725987, 0.34284096132175884, -1.2670856713435188]
[0.46896111717312916, -0.5346625627730708, -1.1005520115363947, 0.07980447049878348, 0.3809134299426071, -1.3027233623727845]
[0.3064168459884047, -0.5144205416047732, -1.06898723019171, 0.0739037668103071, 0.4189858985634553, -1.33836105340205]
[0.1438725748036802, -0.4941785204364757, -1.0374224488470256, 0.06800306312183071, 0.45705836718430354, -1.3739987444313155]
[-0.018671696381044267, -0.47393649926817816, -1.005857667502341, 0.06210235943335432, 0.49513083580515177, -1.4096364354605813]
[-0.18121596756576874, -0.4536944780998806, -0.9742928861576563, 0.05620165574487794, 0.5332033044260001, -1.4452741264898468]
[-0.3437602387504932, -0.4334524569315831, -0.9427281048129718, 0.05030095205640155, 0.5712757730468483, -1.4809118175191125]
[-0.5063045099352177, -0.41321043576328553, -0.9111633234682872, 0.044400248367925166, 0.6093482416676965, -1.516549508548378]
[-0.6688487811199422, -0.392968414594988, -0.8795985421236027, 0.03849954467944878, 0.6474207102885448, -1.5521871995776437]
[-0.8313930523046666, -0.37272639342669045, -0.8480337607789181, 0.03259884099097239, 0.685493178909393, -1.5878248906069092]
[-0.9939373234893911, -0.3524843722583929, -0.8164689794342335, 0.02669813730249601, 0.7235656475302412, -1.6234625816361747]
[-1.1564815946741156, -0.3322423510900953, -0.7849041980895489, 0.02079743361401963, 0.7616381161510895, -1.6591002726654405]
[-1.31902586585884, -0.31200032992179777, -0.7533394167448644, 0.014896729925543237, 0.7997105847719377, -1.694737963694706]
[-1.4815701370435646, -0.29175830875350023, -0.7217746354001797, 0.008996026237066856, 0.8377830533927859, -1.7303756547239715]
[-1.644114408228289, -0.2715162875852027, -0.6902098540554952, 0.0030953225485904623, 0.8758555220136341, -1.7660133457532372]
[-1.8066586794130135, -0.25127426641690515, -0.6586450727108106, -0.0028053811398859136, 0.9139279906344823, -1.8016510367825027]