[-0.09408488980191354, -0.2550576929413335, -0.3135378068885668, 5.5230302426600986e-05, 0.5697709094639309, -0.12514747521381864]
[-0.13684295606798538, -0.22375985755155378, -0.3907137529910858, -0.000581509042365914, 0.5114960265799092, -0.12988256802108983]
[-0.17960102233405723, -0.19246202216177405, -0.4678896990936048, -0.001218248387158429, 0.4532211436958875, -0.13461766082836102]
[-0.22235908860012907, -0.1611641867719943, -0.5450656451961238, -0.0018549877319509439, 0.3949462608118658, -0.1393527536356322]
[-0.32106918493509795, -0.13202627345797113, -0.6078719611765121, -0.0024684730624304134, 0.35276610624711563, -0.20876223027438884]
[-0.4197792812700668, -0.10288836014394795, -0.6706782771569004, -0.003081958392909883, 0.3105859516823654, -0.27817170691314547]
[-0.5184893776050357, -0.07375044682992478, -0.7334845931372888, -0.0036954437233893524, 0.26840579711761525, -0.3475811835519021]
[-0.6171994739400045, -0.04461253351590161, -0.7962909091176771, -0.004308929053868822, 0.22622564255286506, -0.4169906601906587]
[-0.7159095702749734, -0.015474620201878453, -0.8590972250980654, -0.004922414384348292, 0.18404548798811488, -0.48640013682941535]
[-0.8146196666099423, 0.013663293112144731, -0.9219035410784537, -0.005535899714827762, 0.14186533342336471, -0.555809613468172]
[-0.9133297629449112, 0.042801206426167915, -0.9847098570588421, -0.006149385045307231, 0.0996851788586145, -0.6252190901069286]
[-1.01203985927988, 0.07193911974019107, -1.0475161730392304, -0.006762870375786701, 0.05750502429386435, -0.6946285667456853]
[-1.0808746077929432, 0.05424592272513119, -0.9896117529988464, -0.006438070426361093, 0.1095209206668439, -0.7945880582076184]
[-1.1497093563060066, 0.03655272571007131, -0.9317073329584624, -0.006113270476935485, 0.16153681703982342, -0.8945475496695514]
[-1.21854410481907, 0.01885952869501143, -0.8738029129180784, -0.0057884705275098765, 0.21355271341280296, -0.9945070411314845]
[-1.287378853332133, 0.001166331679951546, -0.8158984928776944, -0.005463670578084268, 0.2655686097857825, -1.0944665325934175]
[-1.3562136018451962, -0.01652686533510833, -0.7579940728373105, -0.00513887062865866, 0.31758450615876205, -1.1944260240553506]
[-1.4250483503582596, -0.03422006235016821, -0.7000896527969265, -0.004814070679233052, 0.3696004025317416, -1.2943855155172836]
[-1.4938830988713228, -0.05191325936522809, -0.6421852327565425, -0.004489270729807444, 0.42161629890472113, -1.3943450069792165]
[-1.5627178473843861, -0.06960645638028798, -0.5842808127161584, -0.0041644707803818355, 0.4736321952777007, -1.4943044984411498]
[-1.6315525958974493, -0.08729965339534787, -0.5263763926757744, -0.003839670830956227, 0.5256480916506803, -1.5942639899030826]
[-1.7003873444105126, -0.10499285041040773, -0.4684719726353904, -0.0035148708815306187, 0.5776639880236598, -1.6942234813650157]