[0.14521557886429193, -0.25099131617344117, -0.66653868701448, 0.00030048633040102857, 0.9188556862541164, 0.11417291147201958]
[0.04545227699683704, -0.2627688412731102, -0.689711236769042, 0.024398127654447724, 0.9330699842140753, -3.1909059937662576e-06]
[-0.05431102487061784, -0.2745463663727791, -0.7128837865236038, 0.04849576897849442, 0.9472842821740342, -0.11417929328400711]
[-0.1540743267380727, -0.2863238914724481, -0.7360563362781658, 0.0725934103025411, 0.9614985801339931, -0.22835539566202046]
[-0.2538376286055276, -0.2981014165721171, -0.7592288860327276, 0.09669105162658781, 0.975712878093952, -0.3425314980400338]
[-0.35360093047298247, -0.3098789416717861, -0.7824014357872896, 0.12078869295063449, 0.9899271760539109, -0.45670760041804714]
[-0.4533642323404373, -0.32165646677145504, -0.8055739855418516, 0.14488633427468117, 1.0041414740138699, -0.5708837027960605]
[-0.5531275342078922, -0.333433991871124, -0.8287465352964134, 0.16898397559872785, 1.0183557719738288, -0.6850598051740738]
[-0.6528908360753471, -0.345211516970793, -0.8519190850509754, 0.1930816169227746, 1.0325700699337876, -0.7992359075520872]
[-0.752654137942802, -0.356989042070462, -0.8750916348055373, 0.21717925824682127, 1.0467843678937465, -0.9134120099301006]
[-0.8524174398102569, -0.36876656717013095, -0.8982641845600992, 0.24127689957086795, 1.0609986658537054, -1.0275881123081139]
[-0.9488406158622257, -0.34885690555058885, -0.8533210594521325, 0.214141010852561, 1.0195031407057975, -1.1039445054768113]
[-1.0452637919141945, -0.3289472439310467, -0.8083779343441659, 0.18700512213425402, 0.9780076155578896, -1.180300898645509]
[-1.1416869679661634, -0.3090375823115046, -0.7634348092361992, 0.15986923341594708, 0.9365120904099817, -1.2566572918142065]
[-1.2381101440181324, -0.28912792069196247, -0.7184916841282326, 0.13273334469764012, 0.8950165652620738, -1.3330136849829042]
[-1.334533320070101, -0.2692182590724203, -0.6735485590202659, 0.10559745597933315, 0.853521040114166, -1.4093700781516016]
[-1.43095649612207, -0.2493085974528782, -0.6286054339122993, 0.07846156726102621, 0.8120255149662582, -1.4857264713202993]
[-1.527379672174039, -0.22939893583333604, -0.5836623088043327, 0.051325678542719216, 0.7705299898183502, -1.5620828644889968]
[-1.6238028482260076, -0.20948927421379393, -0.5387191836963661, 0.024189789824412278, 0.7290344646704424, -1.6384392576576943]
[-1.7202260242779766, -0.1895796125942518, -0.4937760585883994, -0.0029460988938946856, 0.6875389395225345, -1.714795650826392]