[-0.24892423555026522, -0.6584297654617082, -0.41452872494352455, -0.00017094907974612994, 1.0743924461537544, -0.2798234092390528]
[-0.34849263476735587, -0.6292832023156483, -0.4556658017266237, -0.013698176964544725, 1.0541952849188525, -0.3746799794614578]
[-0.4480610339844465, -0.6001366391695884, -0.4968028785097228, -0.02722540484934332, 1.0339981236839506, -0.4695365496838628]
[-0.5476294332015371, -0.5709900760235285, -0.5379399552928219, -0.04075263273414191, 1.0138009624490487, -0.5643931199062678]
[-0.6471978324186278, -0.5418435128774687, -0.5790770320759211, -0.05427986061894051, 0.9936038012141468, -0.6592496901286728]
[-0.7467662316357184, -0.5126969497314088, -0.6202141088590202, -0.06780708850373911, 0.9734066399792449, -0.754106260351078]
[-0.846334630852809, -0.4835503865853489, -0.6613511856421193, -0.08133431638853769, 0.953209478744343, -0.8489628305734829]
[-0.9459030300698997, -0.454403823439289, -0.7024882624252184, -0.0948615442733363, 0.9330123175094411, -0.943819400795888]
[-1.0454714292869904, -0.42525726029322913, -0.7436253392083176, -0.10838877215813489, 0.9128151562745392, -1.038675971018293]
[-1.145039828504081, -0.39611069714716923, -0.7847624159914167, -0.12191600004293349, 0.8926179950396373, -1.133532541240698]
[-1.2503048851719358, -0.37931259041511295, -0.7630219194690211, -0.1049679507891049, 0.8957872804593178, -1.2397226832737573]
[-1.3555699418397906, -0.3625144836830566, -0.7412814229466255, -0.08801990153527631, 0.8989565658789983, -1.3459128253068167]
[-1.4608349985076454, -0.3457163769510003, -0.7195409264242298, -0.07107185228144772, 0.9021258512986787, -1.452102967339876]
[-1.5661000551755002, -0.32891827021894404, -0.6978004299018343, -0.05412380302761913, 0.9052951367183593, -1.5582931093729355]
[-1.671365111843355, -0.31212016348688776, -0.6760599333794387, -0.037175753773790524, 0.9084644221380397, -1.6644832514059948]
[-1.7766301685112098, -0.2953220567548315, -0.6543194368570431, -0.020227704519961948, 0.9116337075577202, -1.7706733934390542]
[-1.8818952251790646, -0.27852395002277514, -0.6325789403346475, -0.0032796552661333448, 0.9148029929774006, -1.8768635354721135]