[0.16097438364709138, -0.07348689135024866, -0.44895988167125367, 0.0006192477313096134, 0.5237506738690074, 0.12971846508640184]
[0.1871088997752004, -0.08878014516642652, -0.5042840996605803, -0.06061255726379419, 0.559159830170766, 0.04570237815243987]
[0.21324341590330945, -0.10407339898260437, -0.5596083176499069, -0.121844362258898, 0.5945689864725247, -0.0383137087815221]
[0.23937793203141847, -0.11936665279878222, -0.6149325356392334, -0.1830761672540018, 0.6299781427742832, -0.12232979571548408]
[0.2655124481595275, -0.13465990661496008, -0.6702567536285602, -0.2443079722491056, 0.6653872990760419, -0.20634588264944603]
[0.29164696428763653, -0.14995316043113793, -0.7255809716178867, -0.30553977724420944, 0.7007964553778004, -0.29036196958340804]
[0.31778148041574555, -0.1652464142473158, -0.7809051896072133, -0.3667715822393132, 0.736205611679559, -0.37437805651737]
[0.34391599654385463, -0.18053966806349367, -0.83622940759654, -0.42800338723441705, 0.7716147679813177, -0.458394143451332]
[0.37005051267196365, -0.1958329218796715, -0.8915536255858666, -0.48923519222952083, 0.8070239242830763, -0.5424102303852939]
[0.39618502880007267, -0.21112617569584938, -0.9468778435751932, -0.5504669972246247, 0.8424330805848349, -0.6264263173192559]
[0.26186928185035474, -0.22795761741587306, -0.9225028803811415, -0.5138706303868488, 0.8562020112548011, -0.6922992673424557]
[0.12755353490063676, -0.2447890591358967, -0.8981279171870897, -0.4772742635490728, 0.8699709419247673, -0.7581722173656554]
[-0.006762212049081229, -0.26162050085592037, -0.8737529539930379, -0.44067789671129687, 0.8837398725947335, -0.8240451673888552]
[-0.14107795899879916, -0.2784519425759441, -0.8493779907989861, -0.404081529873521, 0.8975088032646997, -0.889918117412055]
[-0.2753937059485171, -0.29528338429596773, -0.8250030276049344, -0.367485163035745, 0.9112777339346659, -0.9557910674352548]
[-0.4097094528982351, -0.3121148260159914, -0.8006280644108826, -0.33088879619796907, 0.9250466646046321, -1.0216640174584546]
[-0.5440251998479531, -0.3289462677360151, -0.7762531012168308, -0.2942924293601931, 0.9388155952745982, -1.0875369674816544]
[-0.678340946797671, -0.34577770945603875, -0.751878138022779, -0.2576960625224172, 0.9525845259445644, -1.1534099175048542]
[-0.8126566937473888, -0.3626091511760624, -0.7275031748287273, -0.22109969568464127, 0.9663534566145306, -1.2192828675280538]
[-0.9469724406971068, -0.3794405928960861, -0.7031282116346755, -0.18450332884686538, 0.9801223872844969, -1.2851558175512536]
[-1.0812881876468246, -0.39627203461610977, -0.6787532484406238, -0.14790696200908943, 0.9938913179544631, -1.3510287675744532]
[-1.215603934596543, -0.4131034763361334, -0.654378285246572, -0.11131059517131348, 1.0076602486244293, -1.4169017175976533]
[-1.3499196815462606, -0.42993491805615713, -0.6300033220525203, -0.07471422833353752, 1.0214291792943955, -1.4827746676208529]
[-1.4842354284959787, -0.4467663597761808, -0.6056283588584684, -0.038117861495761574, 1.0351981099643617, -1.5486476176440527]
[-1.6185511754456965, -0.46359780149620444, -0.5812533956644167, -0.0015214946579856718, 1.0489670406343279, -1.6145205676672525]