[0.26728546144145504, -0.49214011757243625, -0.16537949272700825, 0.0007055733434482292, 0.658805852615278, 0.23582112538644218]
[0.18882576002874502, -0.45418397966797774, -0.2235334191366748, -0.05763487914361846, 0.6054785717015319, 0.2375489060141136]
[0.11036605861603499, -0.4162278417635192, -0.28168734554634134, -0.11597533163068514, 0.5521512907877856, 0.239276686641785]
[0.031906357203324964, -0.3782717038590606, -0.33984127195600794, -0.17431578411775184, 0.49882400987403935, 0.24100446726945643]
[-0.04655334420938506, -0.3403155659546021, -0.3979951983656745, -0.23265623660481852, 0.44549672896029313, 0.24273224789712786]
[-0.1250130456220951, -0.30235942805014354, -0.4561491247753411, -0.29099668909188525, 0.3921694480465469, 0.24446002852479926]
[-0.2034727470348051, -0.264403290145685, -0.5143030511850076, -0.3493371415789519, 0.3388421671328007, 0.24618780915247068]
[-0.2819324484475152, -0.22644715224122647, -0.5724569775946742, -0.4076775940660186, 0.28551488621905446, 0.2479155897801421]
[-0.36039214986022516, -0.18849101433676796, -0.6306109040043407, -0.46601804655308526, 0.23218760530530824, 0.2496433704078135]
[-0.43885185127293513, -0.1505348764323094, -0.6887648304140073, -0.524358499040152, 0.17886032439156202, 0.2513711510354849]
[-0.5173115526856452, -0.11257873852785083, -0.7469187568236739, -0.5826989515272187, 0.1255330434778158, 0.25309893166315633]
[-0.5957712540983552, -0.07462260062339232, -0.8050726832333405, -0.6410394040142853, 0.07220576256406963, 0.25482671229082776]
[-0.6742309555110653, -0.03666646271893377, -0.863226609643007, -0.699379856501352, 0.018878481650323388, 0.2565544929184992]
[-0.7767144101235187, -0.03214354454003231, -0.8396205749056568, -0.6707129336365352, 0.027623913353225605, 0.11680198671134595]
[-0.8791978647359722, -0.02762062636113084, -0.8160145401683065, -0.6420460107717184, 0.03636934505612782, -0.022950519495807287]
[-0.9816813193484257, -0.023097708182229372, -0.7924085054309562, -0.6133790879069015, 0.04511477675903004, -0.16270302570296052]
[-1.0841647739608793, -0.018574790003327908, -0.768802470693606, -0.5847121650420847, 0.053860208461932256, -0.30245553191011376]
[-1.1866482285733326, -0.014051871824426437, -0.7451964359562557, -0.5560452421772679, 0.06260564016483447, -0.44220803811726705]
[-1.2891316831857862, -0.009528953645524973, -0.7215904012189055, -0.527378319312451, 0.07135107186773669, -0.5819605443244202]
[-1.3366422802566054, -0.022102018169426245, -0.6782275481203869, -0.4799557999612812, 0.1009286228146404, -0.6929676311367912]
[-1.3841528773274248, -0.034675082693327516, -0.6348646950218683, -0.43253328061011137, 0.1305061737615441, -0.8039747179491621]
[-1.431663474398244, -0.04724814721722878, -0.5915018419233496, -0.3851107612589415, 0.1600837247084478, -0.9149818047615329]
[-1.4791740714690633, -0.05982121174113006, -0.548138988824831, -0.3376882419077717, 0.1896612756553515, -1.025988891573904]
[-1.5266846685398825, -0.07239427626503132, -0.5047761357263124, -0.2902657225566019, 0.21923882660225524, -1.1369959783862749]
[-1.5741952656107019, -0.08496734078893259, -0.46141328262779385, -0.242843203205432, 0.24881637754915892, -1.2480030651986456]
[-1.621705862681521, -0.09754040531283387, -0.41805042952927524, -0.19542068385426214, 0.27839392849606265, -1.3590101520110167]
[-1.6692164597523405, -0.11011346983673514, -0.3746875764307566, -0.14799816450309228, 0.3079714794429664, -1.4700172388233876]
[-1.7167270568231596, -0.12268653436063642, -0.33132472333223795, -0.10057564515192247, 0.3375490303898701, -1.5810243256357586]
[-1.764237653893979, -0.13525959888453767, -0.2879618702337194, -0.053153125800752654, 0.3671265813367738, -1.6920314124481293]
[-1.8117482509647982, -0.14783266340843895, -0.24459901713520077, -0.005730606449582793, 0.3967041322836775, -1.8030384992605002]