[0.1260016478769117, -0.4231797497279075, -0.4314335535920977, 0.000319476391394069, 0.8558858907121758, 0.09463208264415712]
[0.07837433679324018, -0.45499974723612296, -0.484743298887129, -0.028823662699973263, 0.867954805895386, -0.03104725827033214]
[0.03074702570956865, -0.48681974474433837, -0.5380530441821604, -0.057966801791340596, 0.880023721078596, -0.1567265991848214]
[-0.016880285374102882, -0.5186397422525538, -0.5913627894771917, -0.08710994088270793, 0.8920926362618062, -0.2824059400993107]
[-0.0645075964577744, -0.5504597397607692, -0.644672534772223, -0.11625307997407526, 0.9041615514450163, -0.4080852810137999]
[-0.11213490754144592, -0.5822797372689847, -0.6979822800672544, -0.1453962190654426, 0.9162304666282265, -0.5337646219282892]
[-0.15976221862511747, -0.6140997347772001, -0.7512920253622857, -0.17453935815680993, 0.9282993818114367, -0.6594439628427785]
[-0.20738952970878893, -0.6459197322854155, -0.804601770657317, -0.20368249724817722, 0.9403682969946467, -0.7851233037572677]
[-0.2550168407924605, -0.677739729793631, -0.8579115159523483, -0.2328256363395446, 0.9524372121778569, -0.910802644671757]
[-0.30264415187613203, -0.7095597273018464, -0.9112212612473796, -0.2619687754309119, 0.9645061273610671, -1.0364819855862462]
[-0.35027146295980355, -0.7413797248100619, -0.964531006542411, -0.29111191452227925, 0.9765750425442772, -1.1621613265007356]
[-0.39789877404347507, -0.7731997223182774, -1.0178407518374422, -0.32025505361364653, 0.9886439577274874, -1.2878406674152247]
[-0.44552608512714664, -0.8050197198264928, -1.0711504971324737, -0.34939819270501393, 1.0007128729106975, -1.4135200083297141]
[-0.49315339621081816, -0.8368397173347082, -1.124460242427505, -0.3785413317963812, 1.0127817880939076, -1.5391993492442033]
[-0.6150064626303156, -0.7806156224070145, -1.0666194742797965, -0.3409322037696529, 0.9939793771533642, -1.5559588375868207]
[-0.7368595290498128, -0.7243915274793209, -1.008778706132088, -0.3033230757429245, 0.9751769662128207, -1.5727183259294382]
[-0.8587125954693102, -0.6681674325516274, -0.9509379379843796, -0.26571394771619616, 0.9563745552722772, -1.5894778142720556]
[-0.9805656618888074, -0.6119433376239337, -0.8930971698366712, -0.22810481968946783, 0.9375721443317337, -1.606237302614673]
[-1.102418728308305, -0.5557192426962401, -0.8352564016889628, -0.1904956916627395, 0.9187697333911904, -1.6229967909572904]
[-1.2242717947278021, -0.49949514776854653, -0.7774156335412543, -0.15288656363601116, 0.8999673224506469, -1.6397562792999076]
[-1.3461248611472996, -0.44327105284085294, -0.719574865393546, -0.11527743560928283, 0.8811649115101035, -1.656515767642525]
[-1.4679779275667968, -0.38704695791315924, -0.6617340972458374, -0.07766830758255444, 0.86236250056956, -1.6732752559851425]
[-1.5898309939862942, -0.3308228629854657, -0.6038933290981291, -0.04005917955582611, 0.8435600896290165, -1.69003474432776]
[-1.7116840604057915, -0.27459876805777206, -0.5460525609504207, -0.002450051529097766, 0.824757678688473, -1.7067942326703773]