[-0.2097148472744763, -0.6181805367565651, -0.4254311113768079, -0.00024788063765868174, 1.0447185717442036, -0.24087327761737054]
[-0.29592212762796977, -0.6147035935847217, -0.43287033539654113, 0.060652101700133965, 0.9664186581151731, -0.2991287309352512]
[-0.3821294079814632, -0.6112266504128783, -0.4403095594162744, 0.12155208403792661, 0.8881187444861428, -0.3573841842531319]
[-0.4683366883349566, -0.6077497072410348, -0.44774878343600766, 0.18245206637571923, 0.8098188308571124, -0.41563963757101263]
[-0.5545439686884501, -0.6042727640691914, -0.45518800745574095, 0.2433520487135119, 0.731518917228082, -0.4738950908888933]
[-0.6407512490419435, -0.600795820897348, -0.4626272314754742, 0.3042520310513045, 0.6532190035990516, -0.532150544206774]
[-0.7269585293954369, -0.5973188777255046, -0.4700664554952075, 0.36515201338909714, 0.5749190899700212, -0.5904059975246547]
[-0.8131658097489304, -0.5938419345536612, -0.4775056795149407, 0.4260519957268898, 0.49661917634099084, -0.6486614508425355]
[-0.8993730901024238, -0.5903649913818177, -0.484944903534674, 0.4869519780646825, 0.4183192627119604, -0.7069169041604161]
[-0.9855803704559173, -0.5868880482099743, -0.49238412755440725, 0.5478519604024751, 0.34001934908292997, -0.7651723574782968]
[-1.0717876508094106, -0.5834111050381309, -0.4998233515741405, 0.6087519427402677, 0.26171943545389964, -0.8234278107961774]
[-1.157994931162904, -0.5799341618662874, -0.5072625755938738, 0.6696519250780604, 0.18341952182486917, -0.8816832641140582]
[-1.219891364212315, -0.5439826876027825, -0.4971996889026997, 0.6023245041571261, 0.22817968484826337, -0.9706026449768016]
[-1.2817877972617262, -0.5080312133392775, -0.48713680221152567, 0.5349970832361919, 0.2729398478716576, -1.059522025839545]
[-1.3436842303111374, -0.4720797390757725, -0.4770739155203516, 0.46766966231525764, 0.31770001089505173, -1.1484414067022886]
[-1.4055806633605483, -0.43612826481226746, -0.46701102882917755, 0.40034224139432334, 0.362460173918446, -1.237360787565032]
[-1.4674770964099593, -0.4001767905487625, -0.4569481421380035, 0.3330148204733891, 0.4072203369418401, -1.3262801684277754]
[-1.5293735294593704, -0.3642253162852575, -0.44688525544682944, 0.26568739955245485, 0.4519804999652344, -1.4151995492905187]
[-1.5912699625087816, -0.3282738420217525, -0.4368223687556554, 0.1983599786315206, 0.4967406629886285, -1.5041189301532623]
[-1.6531663955581926, -0.2923223677582475, -0.4267594820644813, 0.1310325577105863, 0.5415008260120228, -1.5930383110160058]
[-1.7150628286076035, -0.2563708934947425, -0.4166965953733072, 0.06370513678965206, 0.5862609890354169, -1.681957691878749]
[-1.7769592616570147, -0.2204194192312375, -0.40663370868213317, -0.0036222841312821925, 0.6310211520588112, -1.7708770727414926]