[0.1814197248706213, -0.46718706844444924, -0.2872467938522183, 0.000324561628097797, 0.755732534994177, 0.1501901316912333]
[0.09856071374828027, -0.47252317234400565, -0.3165163121318946, -0.004434069761228241, 0.7420441550241299, -0.01408709295684299]
[0.01570170262593923, -0.47785927624356206, -0.34578583041157085, -0.009192701150554278, 0.7283557750540829, -0.17836431760491928]
[-0.06715730849640181, -0.48319538014311847, -0.3750553486912471, -0.013951332539880318, 0.7146673950840359, -0.3426415422529956]
[-0.15001631961874284, -0.4885314840426749, -0.4043248669709234, -0.018709963929206354, 0.7009790151139887, -0.5069187669010718]
[-0.2328753307410839, -0.4938675879422313, -0.4335943852505997, -0.023468595318532397, 0.6872906351439416, -0.6711959915491482]
[-0.3157343418634249, -0.4992036918417877, -0.46286390353027596, -0.028227226707858433, 0.6736022551738946, -0.8354732161972245]
[-0.39859335298576604, -0.5045397957413441, -0.49213342180995223, -0.032985858097184476, 0.6599138752038476, -0.9997504408453008]
[-0.481452364108107, -0.5098758996409005, -0.5214029400896285, -0.037744489486510505, 0.6462254952338005, -1.164027665493377]
[-0.564311375230448, -0.5152120035404569, -0.5506724583693048, -0.04250312087583655, 0.6325371152637533, -1.3283048901414534]
[-0.6471703863527891, -0.5205481074400133, -0.5799419766489811, -0.04726175226516259, 0.6188487352937063, -1.4925821147895297]
[-0.7300293974751301, -0.5258842113395698, -0.6092114949286573, -0.05202038365448862, 0.6051603553236593, -1.6568593394376059]
[-0.8128884085974711, -0.5312203152391262, -0.6384810132083336, -0.05677901504381466, 0.5914719753536122, -1.8211365640856823]
[-0.961236586931667, -0.5064509574357426, -0.5609104888646226, -0.04782676224007327, 0.5861938093255187, -1.800488035997201]
[-1.109584765265863, -0.481681599632359, -0.48333996452091144, -0.038874509436331875, 0.5809156432974253, -1.77983950790872]
[-1.2579329436000588, -0.4569122418289755, -0.4057694401772003, -0.029922256632590485, 0.5756374772693318, -1.7591909798202385]
[-1.4062811219342546, -0.4321428840255919, -0.32819891583348926, -0.020970003828849094, 0.5703593112412383, -1.7385424517317574]
[-1.5546293002684508, -0.40737352622220835, -0.2506283914897781, -0.0120177510251077, 0.5650811452131449, -1.7178939236432762]
[-1.7029774786026466, -0.3826041684188248, -0.17305786714606702, -0.003065498221366306, 0.5598029791850514, -1.697245395554795]