[0.24550780248710602, -0.4444055479361264, -0.568347431323887, 0.00048418599814503693, 1.0138154459425275, 0.21442414738050708]
[0.16544827255362485, -0.42576946943303595, -0.6081366520053822, 0.055991384962232695, 1.0434467816363355, 0.13067406048082353]
[0.08538874262014368, -0.40713339092994544, -0.6479258726868775, 0.11149858392632035, 1.0730781173301438, 0.04692397358113998]
[0.005329212686662477, -0.388497312426855, -0.6877150933683727, 0.16700578289040802, 1.1027094530239518, -0.036826113318543574]
[-0.07473031724681867, -0.36986123392376447, -0.7275043140498679, 0.22251298185449567, 1.13234078871776, -0.12057620021822713]
[-0.15478984718029992, -0.351225155420674, -0.7672935347313632, 0.2780201808185834, 1.1619721244115682, -0.20432628711791068]
[-0.23484937711378107, -0.3325890769175835, -0.8070827554128585, 0.333527379782671, 1.1916034601053762, -0.28807637401759423]
[-0.31490890704726227, -0.313952998414493, -0.8468719760943537, 0.3890345787467587, 1.2212347957991843, -0.3718264609172778]
[-0.39496843698074335, -0.2953169199114025, -0.8866611967758489, 0.4445417777108463, 1.2508661314929925, -0.45557654781696133]
[-0.47502796691422455, -0.27668084140831206, -0.9264504174573442, 0.500048976674934, 1.2804974671868006, -0.5393266347166449]
[-0.5550874968477059, -0.2580447629052216, -0.9662396381388394, 0.5555561756390217, 1.3101288028806088, -0.6230767216163284]
[-0.635147026781187, -0.2394086844021311, -1.0060288588203345, 0.6110633746031092, 1.339760138574417, -0.706826808516012]
[-0.7152065567146682, -0.2207726058990406, -1.04581807950183, 0.666570573567197, 1.369391474268225, -0.7905768954156955]
[-0.7952660866481494, -0.20213652739595014, -1.0856073001833253, 0.7220777725312846, 1.399022809962033, -0.874326982315379]
[-0.8753256165816306, -0.1835004488928596, -1.1253965208648204, 0.7775849714953723, 1.4286541456558413, -0.9580770692150626]
[-0.9553851465151117, -0.16486437038976914, -1.1651857415463156, 0.8330921704594599, 1.4582854813496493, -1.041827156114746]
[-1.0354446764485927, -0.14622829188667869, -1.2049749622278108, 0.8885993694235476, 1.4879168170434574, -1.1255772430144297]
[-1.1155042063820741, -0.12759221338358817, -1.2447641829093061, 0.9441065683876353, 1.5175481527372656, -1.2093273299141134]
[-1.1955637363155551, -0.10895613488049771, -1.2845534035908015, 0.9996137673517229, 1.5471794884310737, -1.2930774168137968]
[-1.2756232662490363, -0.09032005637740725, -1.3243426242722967, 1.0551209663158105, 1.5768108241248817, -1.3768275037134803]
[-1.3556827961825177, -0.07168397787431674, -1.3641318449537918, 1.1106281652798984, 1.60644215981869, -1.460577590613164]
[-1.4357423261159987, -0.053047899371226226, -1.4039210656352872, 1.1661353642439858, 1.636073495512498, -1.5443276775128476]
[-1.51580185604948, -0.03441182086813577, -1.4437102863167823, 1.2216425632080734, 1.665704831206306, -1.628077764412531]
[-1.5958613859829611, -0.015775742365045253, -1.4834995069982777, 1.2771497621721613, 1.6953361669001143, -1.7118278513122147]
[-1.6759209159164423, 0.0028603361380452295, -1.5232887276797729, 1.3326569611362489, 1.7249675025939224, -1.7955779382118982]
[-1.6806149376870878, -0.015385425921706514, -1.4315914553313813, 1.2371786035308843, 1.6372092700846215, -1.7912513761823559]
[-1.685308959457733, -0.033631187981458255, -1.3398941829829898, 1.1417002459255197, 1.5494510375753205, -1.7869248141528133]
[-1.6900029812283786, -0.05187695004121, -1.2481969106345983, 1.046221888320155, 1.4616928050660198, -1.782598252123271]
[-1.694697002999024, -0.07012271210096174, -1.1564996382862067, 0.9507435307147905, 1.373934572556719, -1.7782716900937288]
[-1.6993910247696695, -0.0883684741607135, -1.064802365937815, 0.8552651731094258, 1.286176340047418, -1.7739451280641865]
[-1.7040850465403148, -0.10661423622046523, -0.9731050935894235, 0.7597868155040612, 1.1984181075381173, -1.769618566034644]
[-1.7087790683109603, -0.12485999828021699, -0.881407821241032, 0.6643084578986966, 1.1106598750288161, -1.7652920040051017]
[-1.7134730900816058, -0.14310576033996872, -0.7897105488926405, 0.568830100293332, 1.0229016425195154, -1.7609654419755594]
[-1.718167111852251, -0.1613515223997205, -0.6980132765442488, 0.4733517426879673, 0.9351434100102144, -1.7566388799460169]
[-1.7228611336228965, -0.17959728445947223, -0.6063160041958573, 0.3778733850826028, 0.8473851775009136, -1.7523123179164746]
[-1.727555155393542, -0.19784304651922396, -0.5146187318474658, 0.2823950274772382, 0.7596269449916128, -1.7479857558869323]
[-1.7322491771641875, -0.2160888085789757, -0.4229214594990742, 0.1869166698718736, 0.671868712482312, -1.74365919385739]
[-1.7369431989348327, -0.23433457063872748, -0.3312241871506827, 0.091438312266509, 0.584110479973011, -1.7393326318278475]
[-1.7416372207054782, -0.25258033269847924, -0.23952691480229124, -0.004040045338855587, 0.4963522474637101, -1.7350060697983052]