[0.0151586543540434, -0.5509854008096875, -0.26745545987719144, 0.00023214540168581266, 0.8196281311172253, -0.01581605087065885]
[-0.07107784457019553, -0.5359510919435262, -0.35766319529913515, -0.008540533574146036, 0.736202488875842, -0.03572043488800479]
[-0.15731434349443446, -0.5209167830773649, -0.4478709307210789, -0.017313212549977884, 0.6527768466344589, -0.05562481890535074]
[-0.24355084241867336, -0.5058824742112036, -0.5380786661430226, -0.02608589152580973, 0.5693512043930757, -0.07552920292269667]
[-0.3297873413429123, -0.4908481653450423, -0.6282864015649664, -0.03485857050164158, 0.4859255621516924, -0.09543358694004263]
[-0.4160238402671512, -0.47581385647888097, -0.7184941369869101, -0.043631249477473426, 0.40249991991030926, -0.11533797095738856]
[-0.5022603391913901, -0.46077954761271966, -0.8087018724088538, -0.05240392845330527, 0.31907427766892604, -0.1352423549747345]
[-0.5884968381156291, -0.44574523874655836, -0.8989096078307975, -0.06117660742913712, 0.23564863542754277, -0.15514673899208045]
[-0.674733337039868, -0.43071092988039705, -0.9891173432527414, -0.06994928640496897, 0.1522229931861595, -0.1750511230094264]
[-0.760969835964107, -0.41567662101423575, -1.079325078674685, -0.07872196538080083, 0.06879735094477635, -0.19495550702677233]
[-0.8472063348883458, -0.40064231214807444, -1.1695328140966288, -0.08749464435663266, -0.01462829129660681, -0.21485989104411826]
[-0.9334428338125849, -0.38560800328191314, -1.2597405495185725, -0.09626732333246452, -0.09805393353799005, -0.23476427506146422]
[-1.0025448218590736, -0.36986040946042065, -1.1989955904696086, -0.09070772506679291, -0.06538528071867261, -0.34691558179024024]
[-1.071646809905562, -0.3541128156389281, -1.1382506314206446, -0.08514812680112131, -0.032716627899355186, -0.4590668885190162]
[-1.1407487979520508, -0.3383652218174356, -1.0775056723716807, -0.0795885285354497, -4.7975080037759854e-05, -0.5712181952477923]
[-1.2098507859985392, -0.32261762799594307, -1.0167607133227168, -0.07402893026977811, 0.03262067773927968, -0.6833695019765682]
[-1.278952774045028, -0.3068700341744506, -0.9560157542737528, -0.0684693320041065, 0.06528933055859712, -0.7955208087053443]
[-1.3480547620915164, -0.2911224403529581, -0.8952707952247888, -0.06290973373843489, 0.09795798337791453, -0.9076721154341203]
[-1.4171567501380051, -0.2753748465314656, -0.8345258361758249, -0.0573501354727633, 0.13062663619723197, -1.0198234221628961]
[-1.4862587381844938, -0.25962725270997306, -0.7737808771268609, -0.051790537207091696, 0.1632952890165494, -1.1319747288916722]
[-1.5553607262309823, -0.24387965888848054, -0.713035918077897, -0.046230938941420094, 0.19596394183586682, -1.2441260356204482]
[-1.6244627142774708, -0.22813206506698802, -0.6522909590289331, -0.04067134067574849, 0.2286325946551843, -1.3562773423492243]
[-1.6935647023239595, -0.21238447124549553, -0.5915459999799692, -0.03511174241007689, 0.2613012474745017, -1.4684286490780003]
[-1.7626666903704482, -0.19663687742400301, -0.5308010409310051, -0.029552144144405282, 0.2939699002938191, -1.5805799558067763]
[-1.8317686784169367, -0.1808892836025105, -0.4700560818820412, -0.023992545878733687, 0.3266385531131366, -1.6927312625355524]
[-1.9008706664634254, -0.165141689781018, -0.40931112283307725, -0.01843294761306208, 0.359307205932454, -1.8048825692643282]
[-1.9699726545099139, -0.1493940959595255, -0.3485661637841133, -0.012873349347390484, 0.39197585875177143, -1.9170338759931043]
[-2.0390746425564026, -0.133646502138033, -0.28782120473514944, -0.007313751081718875, 0.4246445115710889, -2.0291851827218803]