[0.21714547770280657, -0.3218762851238539, -0.18460125688598783, 0.0006911832074045776, 0.5075002442077672, 0.18575388009351546]
[0.1447271067157373, -0.29440660301350785, -0.2789484179101136, -0.006146193463510734, 0.5542309764035852, 0.2110623432711013]
[0.07230873572866803, -0.2669369209031618, -0.3732955789342394, -0.012983570134426045, 0.6009617085994032, 0.23637080644868713]
[-0.00010963525840124166, -0.23946723879281573, -0.4676427399583652, -0.019820946805341355, 0.6476924407952211, 0.26167926962627297]
[-0.07252800624547051, -0.21199755668246967, -0.561989900982491, -0.026658323476256667, 0.6944231729910392, 0.2869877328038588]
[-0.14494637723253978, -0.1845278745721236, -0.6563370620066169, -0.03349570014717198, 0.7411539051868572, 0.31229619598144465]
[-0.21736474821960905, -0.15705819246177755, -0.7506842230307426, -0.04033307681808729, 0.7878846373826752, 0.3376046591590305]
[-0.2897831192066783, -0.12958851035143149, -0.8450313840548684, -0.0471704534890026, 0.8346153695784932, 0.3629131223366163]
[-0.39478168197554875, -0.10401311161206295, -0.9378828130327558, -0.05341484288146048, 0.8837737313582112, 0.3466732277567162]
[-0.49978024474441923, -0.07843771287269442, -1.0307342420106431, -0.059659232273918346, 0.9329320931379294, 0.3304333331768161]
[-0.6047788075132897, -0.0528623141333259, -1.1235856709885303, -0.06590362166637621, 0.9820904549176475, 0.314193438596916]
[-0.7097773702821601, -0.02728691539395736, -1.2164370999664178, -0.07214801105883409, 1.0312488166973655, 0.2979535440170159]
[-0.7910787741535412, -0.04284886099621548, -1.1793070415765208, -0.06788663830430282, 1.0231723385754858, 0.15403701050837992]
[-0.8723801780249222, -0.0584108065984736, -1.142176983186624, -0.06362526554977155, 1.0150958604536062, 0.010120476999743944]
[-0.9536815818963033, -0.07397275220073171, -1.105046924796727, -0.05936389279524027, 1.0070193823317266, -0.13379605650889204]
[-1.0349829857676842, -0.08953469780298984, -1.0679168664068301, -0.055102520040708994, 0.9989429042098471, -0.277712590017528]
[-1.1162843896390653, -0.10509664340524795, -1.0307868080169331, -0.050841147286177724, 0.9908664260879675, -0.421629123526164]
[-1.1975857935104464, -0.12065858900750606, -0.9936567496270363, -0.04657977453164645, 0.9827899479660879, -0.5655456570348]
[-1.2788871973818274, -0.1362205346097642, -0.9565266912371393, -0.04231840177711518, 0.9747134698442083, -0.7094621905434361]
[-1.3601886012532085, -0.15178248021202229, -0.9193966328472425, -0.038057029022583906, 0.9666369917223288, -0.8533787240520719]
[-1.4414900051245896, -0.1673444258142804, -0.8822665744573455, -0.033795656268052636, 0.9585605136004491, -0.9972952575607078]
[-1.5227914089959704, -0.18290637141653854, -0.8451365160674487, -0.02953428351352136, 0.9504840354785695, -1.141211791069344]
[-1.6040928128673515, -0.19846831701879666, -0.8080064576775516, -0.02527291075899009, 0.9424075573566899, -1.2851283245779799]
[-1.6853942167387326, -0.21403026262105476, -0.7708763992876547, -0.02101153800445882, 0.9343310792348103, -1.4290448580866157]
[-1.7666956206101136, -0.2295922082233129, -0.7337463408977578, -0.01675016524992754, 0.9262546011129307, -1.5729613915952516]
[-1.8479970244814945, -0.24515415382557101, -0.6966162825078609, -0.012488792495396271, 0.9181781229910512, -1.716877925103888]
[-1.9292984283528756, -0.26071609942782914, -0.659486224117964, -0.008227419740864994, 0.9101016448691716, -1.8607944586125238]
[-2.0105998322242566, -0.27627804503008724, -0.6223561657280671, -0.003966046986333718, 0.9020251667472919, -2.0047109921211597]