[0.1841389447752393, -0.20874119067672492, -0.6322285533233147, 0.001079146598404357, 0.84226178151029, 0.15187028418756565]
[0.10421088384361982, -0.21482932687103293, -0.7036242446099022, -0.030824293770288766, 0.8752746811105071, 0.23482957609071098]
[0.024282822912000346, -0.22091746306534094, -0.7750199358964898, -0.06272773413898189, 0.9082875807107241, 0.3177888679938563]
[-0.055645238019619125, -0.22700559925964894, -0.8464156271830774, -0.09463117450767501, 0.9413004803109413, 0.40074815989700163]
[-0.1355732989512386, -0.23309373545395695, -0.9178113184696649, -0.12653461487636813, 0.9743133799111583, 0.48370745180014696]
[-0.21550135988285807, -0.23918187164826496, -0.9892070097562524, -0.15843805524506127, 1.0073262795113753, 0.5666667437032923]
[-0.29542942081447754, -0.24527000784257297, -1.06060270104284, -0.19034149561375438, 1.0403391791115926, 0.6496260356064376]
[-0.37535748174609695, -0.25135814403688095, -1.1319983923294274, -0.2222449359824475, 1.0733520787118096, 0.7325853275095829]
[-0.4552855426777165, -0.257446280231189, -1.203394083616015, -0.2541483763511406, 1.1063649783120266, 0.8155446194127283]
[-0.535213603609336, -0.263534416425497, -1.2747897749026027, -0.28605181671983376, 1.1393778779122439, 0.8985039113158736]
[-0.6151416645409554, -0.269622552619805, -1.34618546618919, -0.3179552570885269, 1.172390777512461, 0.9814632032190189]
[-0.6950697254725748, -0.275710688814113, -1.4175811574757777, -0.34985869745722, 1.205403677112678, 1.0644224951221641]
[-0.7749977864041944, -0.281798825008421, -1.4889768487623654, -0.3817621378259131, 1.2384165767128952, 1.1473817870253096]
[-0.8549258473358139, -0.28788696120272905, -1.5603725400489528, -0.41366557819460625, 1.2714294763131122, 1.230341078928455]
[-0.9348539082674332, -0.29397509739703703, -1.6317682313355404, -0.44556901856329933, 1.3044423759133292, 1.3133003708316002]
[-1.0147819691990527, -0.300063233591345, -1.7031639226221278, -0.47747245893199247, 1.3374552755135465, 1.3962596627347454]
[-1.0947100301306723, -0.30615136978565305, -1.7745596139087154, -0.5093758993006856, 1.3704681751137635, 1.4792189546378909]
[-1.1266347974205833, -0.3023850185340825, -1.7127794490507746, -0.48527003325867785, 1.338926576075468, 1.3250013247694499]
[-1.1585595647104943, -0.29861866728251196, -1.650999284192834, -0.4611641672166701, 1.3073849770371728, 1.1707836949010089]
[-1.1904843320004053, -0.2948523160309414, -1.5892191193348932, -0.4370583011746623, 1.2758433779988774, 1.0165660650325676]
[-1.2224090992903163, -0.2910859647793708, -1.5274389544769524, -0.41295243513265456, 1.2443017789605821, 0.8623484351641266]
[-1.254333866580227, -0.2873196135278003, -1.4656587896190119, -0.38884656909064674, 1.2127601799222867, 0.7081308052956856]
[-1.286258633870138, -0.28355326227622973, -1.403878624761071, -0.36474070304863904, 1.1812185808839915, 0.5539131754272445]
[-1.318183401160049, -0.2797869110246592, -1.3420984599031303, -0.3406348370066312, 1.149676981845696, 0.3996955455588034]
[-1.35010816844996, -0.27602055977308865, -1.2803182950451895, -0.31652897096462346, 1.1181353828074008, 0.24547791569036237]
[-1.382032935739871, -0.27225420852151805, -1.2185381301872487, -0.2924231049226157, 1.0865937837691053, 0.09126028582192136]
[-1.413957703029782, -0.2684878572699475, -1.156757965329308, -0.26831723888060793, 1.05505218473081, -0.06295734404651965]
[-1.445882470319693, -0.26472150601837696, -1.0949778004713673, -0.24421137283860012, 1.0235105856925146, -0.2171749739149611]
[-1.477807237609604, -0.2609551547668064, -1.0331976356134267, -0.2201055067965924, 0.9919689866542193, -0.3713926037834019]
[-1.509732004899515, -0.2571888035152359, -0.9714174707554858, -0.1959996407545846, 0.9604273876159239, -0.5256102336518431]
[-1.5416567721894259, -0.25342245226366533, -0.9096373058975451, -0.17189377471257683, 0.9288857885776286, -0.6798278635202841]
[-1.573581539479337, -0.24965610101209476, -0.8478571410396043, -0.14778790867056907, 0.8973441895393333, -0.8340454933887251]
[-1.6055063067692479, -0.24588974976052422, -0.7860769761816637, -0.1236820426285613, 0.8658025905010379, -0.9882631232571661]
[-1.637431074059159, -0.24212339850895365, -0.7242968113237229, -0.09957617658655349, 0.8342609914627425, -1.1424807531256076]
[-1.66935584134907, -0.2383570472573831, -0.6625166464657821, -0.07547031054454578, 0.8027193924244472, -1.2966983829940482]
[-1.701280608638981, -0.23459069600581256, -0.6007364816078413, -0.051364444502537965, 0.7711777933861518, -1.4509160128624896]
[-1.733205375928892, -0.23082434475424202, -0.5389563167499007, -0.02725857846053026, 0.7396361943478564, -1.6051336427309302]
[-1.765130143218803, -0.22705799350267145, -0.4771761518919599, -0.0031527124185224634, 0.7080945953095611, -1.7593512725993716]