[0.007189363490221368, -0.23062595774515682, -0.7313547274582248, 9.351523824285835e-05, 0.9630819521151599, -0.02385944686007857]
[-0.04492557156793984, -0.30192134520482605, -0.6971529297564497, -0.010891155427419492, 0.901296774245441, -0.09322192026697133]
[-0.09704050662610104, -0.37321673266449534, -0.6629511320546745, -0.021875826093081842, 0.8395115963757221, -0.1625843936738641]
[-0.14915544168426226, -0.44451212012416463, -0.6287493343528994, -0.032860496758744195, 0.7777264185060032, -0.23194686708075687]
[-0.20127037674242346, -0.5158075075838339, -0.5945475366511243, -0.04384516742440654, 0.7159412406362844, -0.3013093404876496]
[-0.2533853118005847, -0.5871028950435032, -0.560345738949349, -0.0548298380900689, 0.6541560627665655, -0.3706718138945424]
[-0.3055002468587459, -0.6583982825031724, -0.5261439412475739, -0.06581450875573125, 0.5923708848968465, -0.4400342873014352]
[-0.4256783771005495, -0.631892200154337, -0.5286218914695169, -0.061290722787532566, 0.6114717781877141, -0.5499851536376126]
[-0.5458565073423531, -0.6053861178055014, -0.5310998416914599, -0.05676693681933388, 0.6305726714785816, -0.65993601997379]
[-0.6660346375841567, -0.578880035456666, -0.5335777919134028, -0.052243150851135206, 0.6496735647694492, -0.7698868863099675]
[-0.7862127678259603, -0.5523739531078306, -0.5360557421353458, -0.04771936488293652, 0.6687744580603168, -0.8798377526461449]
[-0.906390898067764, -0.525867870758995, -0.5385336923572889, -0.04319557891473784, 0.6878753513511844, -0.9897886189823224]
[-1.0265690283095674, -0.49936178841015955, -0.5410116425792318, -0.03867179294653916, 0.7069762446420519, -1.0997394853184996]
[-1.146747158551371, -0.4728557060613241, -0.5434895928011748, -0.03414800697834048, 0.7260771379329194, -1.209690351654677]
[-1.2669252887931748, -0.4463496237124886, -0.5459675430231178, -0.029624221010141796, 0.745178031223787, -1.3196412179908545]
[-1.3898733114182389, -0.4149527424863275, -0.550326245791187, -0.024326895066606805, 0.7683414010713217, -1.4310053583984124]
[-1.512821334043303, -0.3835558612601664, -0.5546849485592563, -0.019029569123071813, 0.7915047709188562, -1.5423694988059702]
[-1.635769356668367, -0.3521589800340053, -0.5590436513273255, -0.013732243179536821, 0.8146681407663908, -1.6537336392135278]
[-1.7587173792934312, -0.32076209880784423, -0.5634023540953947, -0.008434917236001826, 0.8378315106139254, -1.7650977796210856]
[-1.8816654019184953, -0.2893652175816831, -0.567761056863464, -0.003137591292466835, 0.86099488046146, -1.8764619200286434]