[-0.04808185713746749, -0.20932364034961992, -0.6024669625628567, 0.00018412629871455977, 0.812907165353387, -0.07947578586621251]
[-0.0963726889139542, -0.23781278339726114, -0.6577739558802401, 0.0681554565084481, 0.7727738347853752, -0.12575648905099776]
[-0.14466352069044092, -0.26630192644490236, -0.7130809491976235, 0.13612678671818165, 0.7326405042173634, -0.172037192235783]
[-0.19295435246692766, -0.2947910694925435, -0.7683879425150069, 0.20409811692791519, 0.6925071736493515, -0.2183178954205683]
[-0.24124518424341437, -0.32328021254018474, -0.8236949358323903, 0.27206944713764875, 0.6523738430813397, -0.2645985986053535]
[-0.2895360160199011, -0.35176935558782596, -0.8790019291497737, 0.3400407773473823, 0.6122405125133279, -0.3108793017901388]
[-0.33782684779638783, -0.3802584986354672, -0.9343089224671571, 0.4080121075571158, 0.5721071819453161, -0.35716000497492406]
[-0.3861176795728746, -0.4087476416831084, -0.9896159157845406, 0.47598343776684937, 0.5319738513773042, -0.40344070815970934]
[-0.4870466508389159, -0.40362809773824, -0.9678212920413511, 0.44405227191717234, 0.5630749505103637, -0.5028918708012126]
[-0.5879756221049572, -0.3985085537933716, -0.9460266682981617, 0.4121211060674953, 0.5941760496434232, -0.6023430334427158]
[-0.6889045933709986, -0.3933890098485032, -0.9242320445549723, 0.38018994021781827, 0.6252771487764827, -0.7017941960842191]
[-0.78983356463704, -0.3882694659036348, -0.9024374208117829, 0.34825877436814123, 0.6563782479095421, -0.8012453587257223]
[-0.8907625359030813, -0.3831499219587664, -0.8806427970685935, 0.3163276085184642, 0.6874793470426016, -0.9006965213672256]
[-0.9916915071691227, -0.378030378013898, -0.8588481733254041, 0.28439644266878716, 0.7185804461756611, -1.0001476840087289]
[-1.092620478435164, -0.3729108340690296, -0.8370535495822147, 0.25246527681911013, 0.7496815453087206, -1.099598846650232]
[-1.1935494497012054, -0.36779129012416123, -0.8152589258390253, 0.22053411096943315, 0.78078264444178, -1.1990500092917353]
[-1.2944784209672466, -0.3626717461792928, -0.7934643020958358, 0.18860294511975612, 0.8118837435748395, -1.2985011719332387]
[-1.3954073922332881, -0.3575522022344244, -0.7716696783526464, 0.15667177927007908, 0.842984842707899, -1.3979523345747418]
[-1.4963363634993292, -0.352432658289556, -0.749875054609457, 0.12474061342040205, 0.8740859418409584, -1.4974034972162449]
[-1.5972653347653707, -0.3473131143446876, -0.7280804308662675, 0.09280944757072496, 0.9051870409740179, -1.5968546598577482]
[-1.6981943060314122, -0.34219357039981924, -0.7062858071230781, 0.06087828172104798, 0.9362881401070774, -1.6963058224992515]
[-1.7991232772974537, -0.3370740264549508, -0.6844911833798887, 0.028947115871370943, 0.9673892392401369, -1.7957569851407547]
[-1.900052248563495, -0.3319544825100824, -0.6626965596366993, -0.0029840499783060953, 0.9984903383731963, -1.895208147782258]