[-0.16978674853675546, -0.6999202124920876, -0.4161096674948368, -0.0003650218650301795, 1.1170935396233101, -0.20055518791591265]
[-0.2097380864821095, -0.6811477471843133, -0.4386339050800798, -0.0669505790202698, 1.1774506569813246, -0.24863133331623194]
[-0.24968942442746356, -0.662375281876539, -0.4611581426653228, -0.1335361361755094, 1.2378077743393388, -0.29670747871655123]
[-0.28964076237281755, -0.6436028165687647, -0.4836823802505658, -0.20012169333074903, 1.2981648916973532, -0.3447836241168705]
[-0.32959210031817165, -0.6248303512609905, -0.5062066178358088, -0.26670725048598865, 1.3585220090553674, -0.3928597695171898]
[-0.36954343826352565, -0.6060578859532162, -0.5287308554210518, -0.33329280764122826, 1.4188791264133818, -0.4409359149175091]
[-0.4656854995797428, -0.5598940782594235, -0.5368629826103541, -0.38673405588281184, 1.4127241715261698, -0.5317000940982833]
[-0.56182756089596, -0.5137302705656308, -0.5449951097996565, -0.4401753041243955, 1.406569216638958, -0.6224642732790575]
[-0.657969622212177, -0.46756646287183823, -0.5531272369889589, -0.49361655236597907, 1.400414261751746, -0.7132284524598316]
[-0.7541116835283942, -0.42140265517804554, -0.5612593641782613, -0.5470578006075627, 1.3942593068645341, -0.8039926316406059]
[-0.8502537448446114, -0.37523884748425285, -0.5693914913675636, -0.6004990488491463, 1.3881043519773224, -0.89475681082138]
[-0.9463958061608284, -0.3290750397904602, -0.577523618556866, -0.6539402970907299, 1.3819493970901104, -0.9855209900021542]
[-1.0425378674770456, -0.2829112320966675, -0.5856557457461684, -0.7073815453323136, 1.3757944422028985, -1.0762851691829285]
[-1.1386799287932627, -0.23674742440287488, -0.5937878729354708, -0.7608227935738971, 1.3696394873156867, -1.1670493483637026]
[-1.23482199010948, -0.19058361670908222, -0.6019200001247731, -0.8142640418154807, 1.3634845324284748, -1.2578135275444768]
[-1.2820642440602523, -0.19416640195984136, -0.5735051528625374, -0.7331576322438049, 1.2819514649944754, -1.3021594560267507]
[-1.3293064980110247, -0.19774918721060047, -0.5450903056003018, -0.6520512226721292, 1.200418397560476, -1.3465053845090242]
[-1.3765487519617972, -0.20133197246135962, -0.516675458338066, -0.5709448131004534, 1.1188853301264767, -1.390851312991298]
[-1.4237910059125696, -0.20491475771211876, -0.4882606110758304, -0.48983840352877767, 1.0373522626924774, -1.4351972414735719]
[-1.471033259863342, -0.20849754296287787, -0.45984576381359477, -0.4087319939571019, 0.955819195258478, -1.4795431699558454]
[-1.5182755138141144, -0.212080328213637, -0.4314309165513591, -0.32762558438542616, 0.8742861278244787, -1.523889098438119]
[-1.5655177677648868, -0.21566311346439615, -0.4030160692891235, -0.2465191748137504, 0.7927530603904793, -1.5682350269203928]
[-1.6127600217156592, -0.2192458987151553, -0.3746012220268877, -0.1654127652420746, 0.7112199929564799, -1.6125809554026667]
[-1.6600022756664317, -0.2228286839659144, -0.3461863747646521, -0.08430635567039879, 0.6296869255224805, -1.6569268838849402]
[-1.707244529617204, -0.22641146921667354, -0.31777152750241644, -0.0031999460987230405, 0.5481538580884812, -1.701272812367214]