[0.2223260440595558, -0.3511987242750694, -0.14754004626323258, 0.0006747152884587493, 0.4999346891279748, 0.19056710603513594]
[0.1963425777946337, -0.3871566390337714, -0.23705169746614146, -0.028373651535630734, 0.4766714975554424, 0.09388702231996254]
[0.17035911152971164, -0.4231145537924734, -0.32656334866905035, -0.05742201835972022, 0.45340830598291004, -0.0027930613952108496]
[0.14437564526478958, -0.45907246855117545, -0.41607499987195923, -0.0864703851838097, 0.4301451144103777, -0.09947314511038419]
[0.11839217899986747, -0.49503038330987753, -0.5055866510748681, -0.11551875200789918, 0.40688192283784536, -0.19615322882555764]
[0.09240871273494539, -0.5309882980685796, -0.595098302277777, -0.14456711883198867, 0.383618731265313, -0.292833312540731]
[0.06642524647002332, -0.5669462128272815, -0.6846099534806859, -0.17361548565607815, 0.36035553969278067, -0.3895133962559043]
[0.040441780205101224, -0.6029041275859837, -0.7741216046835948, -0.20266385248016763, 0.33709234812024824, -0.48619347997107765]
[0.01445831394017913, -0.6388620423446857, -0.8636332558865037, -0.23171221930425712, 0.3138291565477159, -0.5828735636862512]
[-0.011525152324742965, -0.6748199571033877, -0.9531449070894127, -0.2607605861283466, 0.2905659649751835, -0.6795536474014245]
[-0.03750861858966503, -0.7107778718620897, -1.0426565582923215, -0.2898089529524361, 0.2673027734026512, -0.7762337311165979]
[-0.15649117781329563, -0.6954203865238132, -1.0018885994317257, -0.27300857230830616, 0.2987784050536999, -0.8514093170255684]
[-0.27547373703692624, -0.6800629011855367, -0.9611206405711301, -0.25620819166417624, 0.3302540367047486, -0.9265849029345391]
[-0.39445629626055684, -0.6647054158472602, -0.9203526817105343, -0.23940781102004632, 0.36172966835579734, -1.0017604888435097]
[-0.5134388554841873, -0.6493479305089837, -0.8795847228499386, -0.2226074303759164, 0.393205300006846, -1.0769360747524803]
[-0.632421414707818, -0.6339904451707071, -0.8388167639893429, -0.20580704973178648, 0.4246809316578947, -1.152111660661451]
[-0.7514039739314486, -0.6186329598324306, -0.7980488051287472, -0.18900666908765656, 0.45615656330894344, -1.2272872465704214]
[-0.8703865331550792, -0.6032754744941541, -0.7572808462681515, -0.17220628844352664, 0.4876321949599921, -1.302462832479392]
[-0.9893690923787097, -0.5879179891558776, -0.7165128874075557, -0.15540590779939673, 0.5191078266110408, -1.3776384183883628]
[-1.1083516516023404, -0.572560503817601, -0.6757449285469601, -0.1386055271552668, 0.5505834582620895, -1.4528140042973332]
[-1.2273342108259708, -0.5572030184793245, -0.6349769696863643, -0.12180514651113689, 0.5820590899131383, -1.5279895902063039]
[-1.3463167700496017, -0.541845533141048, -0.5942090108257686, -0.10500476586700697, 0.613534721564187, -1.6031651761152745]
[-1.4652993292732321, -0.5264880478027715, -0.5534410519651729, -0.08820438522287705, 0.6450103532152357, -1.678340762024245]
[-1.5842818884968626, -0.511130562464495, -0.5126730931045772, -0.07140400457874715, 0.6764859848662843, -1.7535163479332156]
[-1.7032644477204935, -0.49577307712621843, -0.4719051342439815, -0.05460362393461721, 0.707961616517333, -1.8286919338421863]
[-1.822247006944124, -0.4804155917879419, -0.4311371753833858, -0.03780324329048729, 0.7394372481683817, -1.9038675197511568]
[-1.9412295661677543, -0.4650581064496654, -0.39036921652279, -0.021002862646357368, 0.7709128798194305, -1.9790431056601274]
[-2.060212125391385, -0.44970062111138887, -0.34960125766219435, -0.004202482002227451, 0.8023885114704792, -2.054218691569098]