[0.19066528251836523, -0.7086519423949929, -0.4091983188677144, 0.0003610701276324235, 1.1189269915230442, 0.15963343209549752]
[0.19053636277870545, -0.7202078289846595, -0.4505410913439627, 0.016494511458254455, 1.0504932802760285, 0.01006167343524414]
[0.19040744303904564, -0.7317637155743262, -0.491883863820211, 0.03262795278887649, 0.9820595690290128, -0.13951008522500924]
[0.19027852329938585, -0.7433196021639928, -0.5332266362964593, 0.048761394119498515, 0.9136258577819972, -0.2890818438852626]
[0.19014960355972607, -0.7548754887536595, -0.5745694087727076, 0.06489483545012055, 0.8451921465349815, -0.438653602545516]
[0.19002068382006626, -0.7664313753433263, -0.615912181248956, 0.08102827678074258, 0.7767584352879658, -0.5882253612057694]
[0.18989176408040648, -0.777987261932993, -0.6572549537252041, 0.0971617181113646, 0.7083247240409503, -0.7377971198660227]
[0.1897628443407467, -0.7895431485226596, -0.6985977262014526, 0.11329515944198665, 0.6398910127939346, -0.8873688785262761]
[0.18963392460108688, -0.8010990351123263, -0.7399404986777007, 0.12942860077260868, 0.5714573015469189, -1.0369406371865295]
[0.1895050048614271, -0.8126549217019929, -0.7812832711539491, 0.1455620421032307, 0.5030235902999032, -1.186512395846783]
[0.03356126359835859, -0.7863817656261451, -0.7668722814904204, 0.13491871216431528, 0.5404886736865927, -1.2438207231679212]
[-0.12238247766470992, -0.7601086095502974, -0.7524612918268916, 0.12427538222539988, 0.5779537570732823, -1.3011290504890596]
[-0.2783262189277784, -0.7338354534744495, -0.7380503021633629, 0.11363205228648447, 0.6154188404599719, -1.358437377810198]
[-0.43426996019084696, -0.7075622973986017, -0.7236393124998342, 0.10298872234756906, 0.6528839238466615, -1.4157457051313362]
[-0.5902137014539155, -0.6812891413227539, -0.7092283228363054, 0.09234539240865365, 0.690349007233351, -1.4730540324524748]
[-0.746157442716984, -0.655015985246906, -0.6948173331727766, 0.08170206246973824, 0.7278140906200405, -1.5303623597736131]
[-0.9021011839800526, -0.6287428291710582, -0.6804063435092479, 0.07105873253082283, 0.7652791740067302, -1.5876706870947515]
[-1.058044925243121, -0.6024696730952104, -0.6659953538457192, 0.06041540259190742, 0.8027442573934198, -1.6449790144158898]
[-1.2139886665061896, -0.5761965170193626, -0.6515843641821903, 0.049772072652991994, 0.8402093407801093, -1.7022873417370281]
[-1.369932407769258, -0.5499233609435148, -0.6371733745186616, 0.0391287427140766, 0.8776744241667989, -1.7595956690581667]
[-1.5258761490323267, -0.523650204867667, -0.6227623848551329, 0.028485412775161187, 0.9151395075534885, -1.8169039963793048]
[-1.6818198902953951, -0.4973770487918191, -0.6083513951916042, 0.017842082836245776, 0.952604590940178, -1.8742123237004433]
[-1.8377636315584638, -0.47110389271597125, -0.5939404055280754, 0.007198752897330352, 0.9900696743268675, -1.9315206510215817]
[-1.9937073728215322, -0.44483073664012346, -0.5795294158645466, -0.003444577041585053, 1.0275347577135572, -1.98882897834272]