[0.08529540444502359, -0.4949299850270794, -0.3194374357486476, 0.0004161097760002619, 0.8155184571773733, 0.05413046819524503]
[0.04632548427980127, -0.43828137490880326, -0.38594584035577845, 0.06472230360474043, 0.7807247469057562, 0.017832274187918197]
[0.007355564114578952, -0.38163276479052716, -0.4524542449629093, 0.1290284974334806, 0.7459310366341392, -0.018465919819408635]
[-0.03161435605064336, -0.32498415467225106, -0.5189626495700401, 0.19333469126222075, 0.7111373263625221, -0.05476411382673546]
[-0.07058427621586569, -0.2683355445539749, -0.585471054177171, 0.25764088509096095, 0.6763436160909051, -0.0910623078340623]
[-0.10955419638108801, -0.21168693443569875, -0.6519794587843019, 0.3219470789197011, 0.6415499058192881, -0.1273605018413891]
[-0.14852411654631031, -0.15503832431742265, -0.7184878633914327, 0.38625327274844123, 0.606756195547671, -0.16365869584871595]
[-0.18749403671153264, -0.0983897141991465, -0.7849962679985636, 0.4505594665771814, 0.571962485276054, -0.19995688985604276]
[-0.22646395687675497, -0.04174110408087034, -0.8515046726056945, 0.5148656604059216, 0.5371687750044369, -0.23625508386336963]
[-0.26543387704197735, 0.014907506037405871, -0.9180130772128253, 0.5791718542346618, 0.5023750647328199, -0.2725532778706965]
[-0.3044037972071996, 0.07155611615568191, -0.9845214818199561, 0.6434780480634019, 0.46758135446120286, -0.30885147187802325]
[-0.34337371737242195, 0.12820472627395807, -1.051029886427087, 0.7077842418921421, 0.4327876441895858, -0.3451496658853501]
[-0.441652860297542, 0.10472872323186189, -1.0310285163085426, 0.6837014602107785, 0.4529837402717942, -0.44239745008307374]
[-0.5399320032226621, 0.0812527201897657, -1.0110271461899982, 0.6596186785294148, 0.4731798363540026, -0.5396452342807974]
[-0.6382111461477822, 0.057776717147669535, -0.9910257760714538, 0.6355358968480511, 0.493375932436211, -0.6368930184785211]
[-0.7364902890729024, 0.03430071410557335, -0.9710244059529094, 0.6114531151666875, 0.5135720285184193, -0.7341408026762447]
[-0.8347694319980223, 0.010824711063477169, -0.9510230358343649, 0.587370333485324, 0.5337681246006277, -0.8313885868739683]
[-0.9330485749231425, -0.012651291978619, -0.9310216657158205, 0.5632875518039603, 0.5539642206828361, -0.9286363710716921]
[-1.0313277178482627, -0.03612729502071518, -0.911020295597276, 0.5392047701225966, 0.5741603167650445, -1.0258841552694156]
[-1.1296068607733827, -0.059603298062811366, -0.8910189254787316, 0.515121988441233, 0.5943564128472529, -1.1231319394671393]
[-1.1966803591552058, -0.09952252310912614, -0.8504010330950937, 0.47192813439680625, 0.6236461642397216, -1.1903268074818931]
[-1.2637538575370288, -0.13944174815544091, -0.809783140711456, 0.4287342803523795, 0.6529359156321903, -1.257521675496647]
[-1.330827355918852, -0.1793609732017557, -0.7691652483278181, 0.3855404263079527, 0.6822256670246591, -1.3247165435114008]
[-1.397900854300675, -0.21928019824807046, -0.7285473559441802, 0.34234657226352594, 0.7115154184171278, -1.3919114115261546]
[-1.464974352682498, -0.2591994232943853, -0.6879294635605423, 0.2991527182190991, 0.7408051698095965, -1.4591062795409084]
[-1.5320478510643212, -0.2991186483407, -0.6473115711769044, 0.25595886417467234, 0.7700949212020652, -1.5263011475556623]
[-1.5991213494461445, -0.33903787338701485, -0.6066936787932666, 0.2127650101302455, 0.7993846725945339, -1.593496015570416]
[-1.6661948478279673, -0.3789570984333296, -0.5660757864096287, 0.1695711560858188, 0.8286744239870026, -1.66069088358517]
[-1.7332683462097906, -0.41887632347964443, -0.5254578940259909, 0.12637730204139197, 0.8579641753794713, -1.7278857515999237]
[-1.8003418445916137, -0.45879554852595916, -0.484840001642353, 0.0831834479969652, 0.8872539267719401, -1.7950806196146776]
[-1.8674153429734368, -0.4987147735722739, -0.4442221092587152, 0.03998959395253848, 0.9165436781644087, -1.8622754876294314]
[-1.93448884135526, -0.5386339986185887, -0.4036042168750773, -0.003204260091888344, 0.9458334295568775, -1.9294703556441852]