[0.1955186685241994, -0.15059946274805558, -0.6262022543775059, 0.0008941573946463777, 0.7782120598168003, 0.1635773059172907]
[0.09243026075090667, -0.1427241942977913, -0.6739179834336728, 0.030408502795106346, 0.7247051591557477, 0.10173870698022926]
[-0.010658147022386072, -0.134848925847527, -0.7216337124898397, 0.059922848195566314, 0.671198258494695, 0.03990010804316782]
[-0.1137465547956788, -0.1269736573972627, -0.7693494415460066, 0.08943719359602628, 0.6176913578336425, -0.02193849089389363]
[-0.21683496256897156, -0.11909838894699844, -0.8170651706021734, 0.11895153899648625, 0.5641844571725898, -0.08377708983095505]
[-0.31992337034226426, -0.11122312049673416, -0.8647808996583404, 0.14846588439694622, 0.5106775565115372, -0.1456156887680165]
[-0.423011778115557, -0.10334785204646987, -0.9124966287145073, 0.1779802297974062, 0.4571706558504846, -0.20745428770507796]
[-0.5261001858888498, -0.09547258359620558, -0.960212357770674, 0.20749457519786613, 0.40366375518943204, -0.2692928866421393]
[-0.6291885936621425, -0.0875973151459413, -1.007928086826841, 0.23700892059832612, 0.35015685452837936, -0.3311314855792008]
[-0.7322770014354352, -0.07972204669567702, -1.055643815883008, 0.26652326599878606, 0.2966499538673268, -0.39297008451626214]
[-0.8353654092087279, -0.07184677824541273, -1.1033595449391749, 0.29603761139924606, 0.24314305320627416, -0.4548086834533237]
[-0.9384538169820207, -0.06397150979514844, -1.1510752739953416, 0.325551956799706, 0.1896361525452216, -0.516647282390385]
[-1.0415422247553134, -0.056096241344884154, -1.1987910030515088, 0.355066302200166, 0.1361292518841689, -0.5784858813274466]
[-1.1446306325286062, -0.04822097289461987, -1.2465067321076755, 0.38458064760062594, 0.08262235122311633, -0.640324480264508]
[-1.201029631199222, -0.06665481572249994, -1.2001828983859697, 0.35870098254023536, 0.13577543380694154, -0.7299932236730131]
[-1.2574286298698376, -0.08508865855038, -1.153859064664264, 0.3328213174798447, 0.18892851639076677, -0.8196619670815182]
[-1.3138276285404533, -0.10352250137826008, -1.107535230942558, 0.30694165241945415, 0.24208159897459203, -0.9093307104900232]
[-1.370226627211069, -0.12195634420614013, -1.0612113972208521, 0.28106198735906357, 0.2952346815584172, -0.9989994538985284]
[-1.4266256258816847, -0.1403901870340202, -1.0148875634991463, 0.255182322298673, 0.34838776414224243, -1.0886681973070336]
[-1.4830246245523007, -0.15882402986190028, -0.9685637297774405, 0.22930265723828236, 0.4015408467260677, -1.1783369407155386]
[-1.5394236232229164, -0.17725787268978033, -0.9222398960557348, 0.20342299217789175, 0.4546939293098929, -1.2680056841240437]
[-1.595822621893532, -0.1956917155176604, -0.875916062334029, 0.17754332711750118, 0.5078470118937181, -1.3576744275325487]
[-1.6522216205641478, -0.21412555834554045, -0.8295922286123231, 0.15166366205711057, 0.5610000944775433, -1.447343170941054]
[-1.7086206192347635, -0.23255940117342053, -0.7832683948906173, 0.12578399699672, 0.6141531770613685, -1.537011914349559]
[-1.7650196179053794, -0.2509932440013006, -0.7369445611689115, 0.09990433193632942, 0.6673062596451937, -1.6266806577580641]
[-1.8214186165759951, -0.26942708682918065, -0.6906207274472056, 0.07402466687593878, 0.7204593422290191, -1.7163494011665694]
[-1.8778176152466108, -0.2878609296570607, -0.6442968937254997, 0.04814500181554815, 0.7736124248128442, -1.8060181445750745]
[-1.9342166139172265, -0.30629477248494075, -0.5979730600037939, 0.022265336755157572, 0.8267655073966694, -1.8956868879835795]
[-1.9906156125878423, -0.3247286153128208, -0.5516492262820881, -0.003614328305232984, 0.8799185899804947, -1.9853556313920846]