[-0.11504182706559973, -0.5578080460354631, -0.4143916450907712, 6.321483265914196e-05, 0.9732691808262155, -0.14607877004517889]
[-0.15376337394221803, -0.5701004082028147, -0.47999369573114314, 0.07164025777417003, 0.9941629699100496, -0.22941674614954471]
[-0.19248492081883634, -0.5823927703701663, -0.5455957463715151, 0.14321730071568092, 1.0150567589938837, -0.31275472225391054]
[-0.23120646769545464, -0.594685132537518, -0.611197797011887, 0.2147943436571918, 1.0359505480777176, -0.39609269835827643]
[-0.26992801457207294, -0.6069774947048695, -0.676799847652259, 0.2863713865987027, 1.0568443371615517, -0.47943067446264226]
[-0.30864956144869127, -0.6192698568722211, -0.742401898292631, 0.3579484295402136, 1.0777381262453858, -0.5627686505670082]
[-0.34737110832530954, -0.6315622190395728, -0.8080039489330029, 0.42952547248172446, 1.0986319153292199, -0.646106626671374]
[-0.38609265520192787, -0.6438545812069244, -0.8736059995733749, 0.5011025154232354, 1.119525704413054, -0.7294446027757399]
[-0.42481420207854614, -0.656146943374276, -0.9392080502137469, 0.5726795583647463, 1.1404194934968879, -0.8127825788801056]
[-0.46353574895516453, -0.6684393055416277, -1.0048101008541188, 0.6442566013062572, 1.161313282580722, -0.8961205549844716]
[-0.5022572958317828, -0.6807316677089793, -1.0704121514944909, 0.7158336442477681, 1.182207071664556, -0.9794585310888374]
[-0.540978842708401, -0.6930240298763308, -1.1360142021348627, 0.7874106871892789, 1.2031008607483902, -1.0627965071932033]
[-0.5797003895850193, -0.7053163920436825, -1.2016162527752345, 0.8589877301307898, 1.223994649832224, -1.146134483297569]
[-0.6184219364616377, -0.7176087542110341, -1.2672183034156066, 0.9305647730723007, 1.2448884389160582, -1.229472459401935]
[-0.657143483338256, -0.7299011163783857, -1.3328203540559787, 1.0021418160138116, 1.2657822279998923, -1.3128104355063008]
[-0.7158342616929723, -0.6897359744913865, -1.2624643261807966, 0.9351465460428079, 1.2086928909039025, -1.3274025967782386]
[-0.7745250400476884, -0.6495708326043872, -1.1921082983056148, 0.8681512760718042, 1.1516035538079128, -1.341994758050176]
[-0.8332158184024047, -0.6094056907173878, -1.1217522704304328, 0.8011560061008005, 1.094514216711923, -1.3565869193221138]
[-0.8919065967571209, -0.5692405488303885, -1.051396242555251, 0.7341607361297968, 1.0374248796159335, -1.3711790805940514]
[-0.9505973751118371, -0.5290754069433893, -0.981040214680069, 0.6671654661587932, 0.9803355425199438, -1.385771241865989]
[-1.0092881534665534, -0.48891026505639, -0.9106841868048869, 0.6001701961877894, 0.9232462054239541, -1.4003634031379266]
[-1.0679789318212696, -0.4487451231693907, -0.8403281589297051, 0.5331749262167859, 0.8661568683279643, -1.4149555644098644]
[-1.1266697101759857, -0.4085799812823914, -0.7699721310545231, 0.46617965624578217, 0.8090675312319746, -1.4295477256818019]
[-1.1853604885307019, -0.36841483939539216, -0.6996161031793412, 0.3991843862747785, 0.751978194135985, -1.4441398869537396]
[-1.2440512668854182, -0.32824969750839283, -0.6292600753041593, 0.3321891163037749, 0.6948888570399953, -1.4587320482256771]
[-1.3027420452401346, -0.28808455562139357, -0.5589040474289774, 0.2651938463327712, 0.6377995199440055, -1.473324209497615]
[-1.3614328235948507, -0.24791941373439425, -0.48854801955379534, 0.1981985763617674, 0.5807101828480158, -1.4879163707695526]
[-1.4201236019495669, -0.20775427184739492, -0.41819199167861343, 0.13120330639076372, 0.523620845752026, -1.5025085320414902]
[-1.478814380304283, -0.16758912996039566, -0.3478359638034315, 0.06420803641976014, 0.46653150865603643, -1.5171006933134277]
[-1.5375051586589994, -0.12742398807339636, -0.2774799359282497, -0.002787233551243444, 0.40944217156004664, -1.5316928545853654]