[0.23034726203319167, -0.5861690031226052, -0.37053264210185777, 0.00035218467546727084, 0.9579234917993666, 0.19905520515137987]
[0.13219674690885644, -0.5920365509471851, -0.4056362677107468, -0.04596218728414144, 0.9652312573025096, 0.09875719829380886]
[0.03404623178452121, -0.597904098771765, -0.4407398933196358, -0.09227655924375015, 0.9725390228056525, -0.0015408085637621527]
[-0.06410428333981405, -0.6037716465963447, -0.4758435189285249, -0.13859093120335886, 0.9798467883087955, -0.10183881542133316]
[-0.16225479846414925, -0.6096391944209246, -0.5109471445374139, -0.18490530316296758, 0.9871545538119385, -0.20213682227890417]
[-0.26040531358848457, -0.6155067422455045, -0.546050770146303, -0.2312196751225763, 0.9944623193150814, -0.30243482913647524]
[-0.35855582871281977, -0.6213742900700844, -0.581154395755192, -0.277534047082185, 1.0017700848182243, -0.4027328359940462]
[-0.456706343837155, -0.6272418378946643, -0.616258021364081, -0.32384841904179373, 1.0090778503213673, -0.5030308428516173]
[-0.5548568589614902, -0.633109385719244, -0.65136164697297, -0.3701627910014024, 1.0163856158245104, -0.6033288497091882]
[-0.6530073740858255, -0.6389769335438239, -0.6864652725818592, -0.41647716296101117, 1.0236933813276532, -0.7036268565667594]
[-0.7511578892101608, -0.6448444813684038, -0.7215688981907482, -0.46279153492061986, 1.0310011468307962, -0.8039248634243303]
[-0.8493084043344961, -0.6507120291929837, -0.7566725237996372, -0.5091059068802286, 1.038308912333939, -0.9042228702819013]
[-0.9474589194588312, -0.6565795770175634, -0.7917761494085263, -0.5554202788398372, 1.0456166778370821, -1.0045208771394722]
[-1.0456094345831666, -0.6624471248421433, -0.8268797750174153, -0.601734650799446, 1.052924443340225, -1.1048188839970434]
[-1.1437599497075017, -0.6683146726667232, -0.8619834006263043, -0.6480490227590547, 1.060232208843368, -1.2051168908546144]
[-1.2068907047591397, -0.6068288229616646, -0.8421752355603891, -0.5985356267833106, 1.0153982781019224, -1.2629926957992412]
[-1.270021459810778, -0.5453429732566061, -0.8223670704944738, -0.5490222308075665, 0.970564347360477, -1.3208685007438683]
[-1.333152214862416, -0.48385712355154753, -0.8025589054285586, -0.4995088348318224, 0.9257304166190314, -1.3787443056884952]
[-1.396282969914054, -0.4223712738464889, -0.7827507403626434, -0.4499954388560783, 0.880896485877586, -1.4366201106331222]
[-1.459413724965692, -0.3608854241414304, -0.762942575296728, -0.4004820428803342, 0.8360625551361405, -1.4944959155777493]
[-1.5225444800173302, -0.29939957443637183, -0.7431344102308128, -0.35096864690459006, 0.7912286243946949, -1.5523717205223762]
[-1.5856752350689682, -0.23791372473131328, -0.7233262451648976, -0.30145525092884595, 0.7463946936532495, -1.610247525467003]
[-1.6488059901206062, -0.17642787502625468, -0.7035180800989824, -0.25194185495310184, 0.7015607629118039, -1.66812333041163]
[-1.7119367451722445, -0.11494202532119613, -0.6837099150330671, -0.20242845897735773, 0.6567268321703584, -1.725999135356257]
[-1.7750675002238825, -0.05345617561613758, -0.6639017499671519, -0.15291506300161362, 0.611892901428913, -1.783874940300884]
[-1.8381982552755205, 0.008029674088920968, -0.6440935849012367, -0.1034016670258695, 0.5670589706874674, -1.8417507452455109]
[-1.9013290103271587, 0.06951552379397952, -0.6242854198353214, -0.05388827105012539, 0.5222250399460219, -1.899626550190138]
[-1.9644597653787967, 0.13100137349903804, -0.6044772547694062, -0.004374875074381326, 0.47739110920457634, -1.9575023551347648]