[0.3056850913193401, -0.8058519121076237, -0.21762599579537323, 0.000488959630113861, 1.0246515146422635, 0.2744423251611394]
[0.33664284500340913, -0.8260642848571045, -0.28748044174915766, 0.03278041712005604, 1.0667132546125297, 0.18476759107478724]
[0.36760059868747813, -0.8462766576065852, -0.3573348877029421, 0.06507187460999822, 1.1087749945827963, 0.09509285698843509]
[0.3985583523715472, -0.866489030356066, -0.4271893336567265, 0.09736333209994039, 1.1508367345530626, 0.005418122902082934]
[0.4295161060556162, -0.8867014031055467, -0.497043779610511, 0.12965478958988258, 1.1928984745233289, -0.08425661118426925]
[0.46047385973968524, -0.9069137758550274, -0.5668982255642954, 0.16194624707982475, 1.2349602144935954, -0.17393134527062137]
[0.4914316134237543, -0.9271261486045081, -0.6367526715180798, 0.1942377045697669, 1.2770219544638617, -0.26360607935697355]
[0.5223893671078232, -0.9473385213539889, -0.7066071174718642, 0.22652916205970908, 1.319083694434128, -0.3532808134433256]
[0.5533471207918923, -0.9675508941034696, -0.7764615634256488, 0.2588206195496513, 1.3611454344043943, -0.4429555475296779]
[0.5843048744759614, -0.9877632668529504, -0.8463160093794332, 0.29111207703959346, 1.4032071743746608, -0.53263028161603]
[0.6152626281600304, -1.007975639602431, -0.9161704553332176, 0.32340353452953563, 1.445268914344927, -0.6223050157023822]
[0.4737525885088133, -0.9885924530537005, -0.8800102088290732, 0.30307734327995617, 1.4199113862599113, -0.6862003778898536]
[0.3322425488575962, -0.96920926650497, -0.8438499623249287, 0.28275115203037676, 1.3945538581748955, -0.750095740077325]
[0.19073250920637908, -0.9498260799562394, -0.8076897158207843, 0.2624249607807973, 1.3691963300898797, -0.8139911022647965]
[0.04922246955516196, -0.9304428934075089, -0.7715294693166399, 0.24209876953121787, 1.3438388020048637, -0.8778864644522679]
[-0.09228757009605515, -0.9110597068587782, -0.7353692228124955, 0.22177257828163843, 1.318481273919848, -0.9417818266397393]
[-0.23379760974727226, -0.8916765203100477, -0.6992089763083511, 0.20144638703205897, 1.2931237458348321, -1.0056771888272107]
[-0.3753076493984894, -0.8722933337613171, -0.6630487298042066, 0.18112019578247954, 1.2677662177498163, -1.0695725510146823]
[-0.5168176890497065, -0.8529101472125866, -0.6268884833000622, 0.1607940045329001, 1.2424086896648006, -1.1334679132021537]
[-0.6583277287009237, -0.833526960663856, -0.5907282367959178, 0.14046781328332067, 1.2170511615797848, -1.197363275389625]
[-0.7998377683521407, -0.8141437741151254, -0.5545679902917733, 0.12014162203374124, 1.191693633494769, -1.2612586375770967]
[-0.9413478080033577, -0.7947605875663949, -0.5184077437876289, 0.09981543078416177, 1.1663361054097532, -1.325153999764568]
[-1.082857847654575, -0.7753774010176643, -0.4822474972834845, 0.07948923953458234, 1.1409785773247374, -1.3890493619520394]
[-1.2243678873057922, -0.7559942144689338, -0.4460872507793401, 0.059163048285002906, 1.1156210492397216, -1.4529447241395108]
[-1.3658779269570092, -0.7366110279202032, -0.4099270042751956, 0.038836857035423444, 1.0902635211547056, -1.5168400863269822]
[-1.5073879666082262, -0.7172278413714726, -0.3737667577710512, 0.018510665785844038, 1.0649059930696898, -1.5807354485144538]
[-1.6488980062594432, -0.697844654822742, -0.33760651126690683, -0.0018155254637354447, 1.039548464984674, -1.6446308107019252]