[0.19414271980135478, -0.014586552236603545, -0.5324432119018283, 0.0007290281461429515, 0.5480993128217451, 0.1624634222907586]
[0.10514311712515004, -0.06147679873401537, -0.581567256384953, 0.0015858544333983786, 0.5777493505294791, 0.08730092254110713]
[0.016143514448945295, -0.10836704523142719, -0.6306913008680777, 0.0024426807206538058, 0.6073993882372131, 0.01213842279145566]
[-0.07285608822725947, -0.15525729172883904, -0.6798153453512025, 0.003299507007909233, 0.6370494259449471, -0.06302407695819584]
[-0.1618556909034642, -0.20214753822625084, -0.7289393898343272, 0.00415633329516466, 0.6666994636526811, -0.1381865767078473]
[-0.2508552935796689, -0.24903778472366267, -0.7780634343174518, 0.005013159582420087, 0.696349501360415, -0.2133490764574988]
[-0.33985489625587373, -0.29592803122107453, -0.8271874788005766, 0.005869985869675514, 0.725999539068149, -0.2885115762071503]
[-0.4288544989320784, -0.34281827771848633, -0.8763115232837013, 0.006726812156930941, 0.755649576775883, -0.3636740759568018]
[-0.5178541016082832, -0.38970852421589813, -0.925435567766826, 0.007583638444186368, 0.785299614483617, -0.4388365757064532]
[-0.6068537042844878, -0.43659877071330994, -0.9745596122499507, 0.008440464731441794, 0.8149496521913508, -0.5139990754561047]
[-0.6958533069606926, -0.4834890172107218, -1.0236836567330754, 0.009297291018697222, 0.8445996898990848, -0.5891615752057562]
[-0.7848529096368972, -0.5303792637081336, -1.0728077012162003, 0.01015411730595265, 0.8742497276068188, -0.6643240749554076]
[-0.8738525123131022, -0.5772695102055455, -1.121931745699325, 0.011010943593208077, 0.9038997653145528, -0.7394865747050592]
[-0.9628521149893068, -0.6241597567029573, -1.1710557901824497, 0.011867769880463504, 0.9335498030222869, -0.8146490744547107]
[-1.0518517176655116, -0.6710500032003691, -1.2201798346655743, 0.01272459616771893, 0.9631998407300209, -0.8898115742043622]
[-1.1408513203417163, -0.7179402496977809, -1.269303879148699, 0.013581422454974358, 0.9928498784377549, -0.9649740739540136]
[-1.2001940494374956, -0.6661111107069232, -1.193380186314353, 0.011991530125862893, 0.955861980704478, -1.0397249784433722]
[-1.259536778533275, -0.6142819717160655, -1.1174564934800066, 0.010401637796751427, 0.9188740829712012, -1.1144758829327306]
[-1.3188795076290543, -0.5624528327252079, -1.0415328006456606, 0.008811745467639963, 0.8818861852379245, -1.189226787422089]
[-1.3782222367248336, -0.5106236937343501, -0.9656091078113143, 0.007221853138528496, 0.8448982875046477, -1.2639776919114476]
[-1.4375649658206129, -0.4587945547434924, -0.8896854149769682, 0.005631960809417032, 0.8079103897713709, -1.3387285964008062]
[-1.4969076949163922, -0.40696541575263473, -0.813761722142622, 0.004042068480305567, 0.7709224920380942, -1.4134795008901646]
[-1.5562504240121715, -0.355136276761777, -0.7378380293082758, 0.002452176151194101, 0.7339345943048173, -1.4882304053795232]
[-1.6155931531079508, -0.3033071377709193, -0.6619143364739296, 0.0008622838220826348, 0.6969466965715405, -1.5629813098688818]
[-1.6749358822037301, -0.25147799878006155, -0.5859906436395833, -0.0007276085070288315, 0.6599587988382638, -1.6377322143582402]
[-1.7342786112995094, -0.19964885978920388, -0.5100669508052372, -0.0023175008361402943, 0.622970901104987, -1.7124831188475986]
[-1.7936213403952888, -0.14781972079834615, -0.4341432579708911, -0.003907393165251761, 0.5859830033717102, -1.7872340233369572]