[-0.008592921155741173, -0.4354213917949714, -0.5385898868655286, 0.00010626337712427159, 0.9752498774004073, -0.03988737843067547]
[-0.05931863198804573, -0.41264101137478515, -0.5643748323205661, 0.012615276770412638, 0.8711889425425817, -0.1250947347905549]
[-0.11004434282035029, -0.38986063095459883, -0.5901597777756036, 0.025124290163701005, 0.7671280076847562, -0.21030209115043436]
[-0.16077005365265484, -0.3670802505344125, -0.6159447232306412, 0.03763330355698938, 0.6630670728269306, -0.2955094475103138]
[-0.2114957644849594, -0.34429987011422625, -0.6417296686856786, 0.05014231695027774, 0.5590061379691051, -0.38071680387019324]
[-0.2622214753172639, -0.32151948969404, -0.6675146141407162, 0.0626513303435661, 0.4549452031112795, -0.46592416023007266]
[-0.3129471861495685, -0.2987391092738536, -0.6932995595957537, 0.07516034373685448, 0.35088426825345387, -0.5511315165899522]
[-0.36367289698187305, -0.27595872885366735, -0.7190845050507912, 0.08766935713014284, 0.24682333339562834, -0.6363388729498316]
[-0.41439860781417764, -0.2531783484334811, -0.7448694505058288, 0.1001783705234312, 0.14276239853780293, -0.721546229309711]
[-0.4651243186464822, -0.2303979680132948, -0.7706543959608663, 0.11268738391671956, 0.0387014636799774, -0.8067535856695904]
[-0.5158500294787867, -0.2076175875931085, -0.7964393414159038, 0.12519639731000792, -0.06535947117784824, -0.8919609420294698]
[-0.5665757403110913, -0.18483720717292218, -0.8222242868709413, 0.1377054107032963, -0.16942040603567365, -0.9771682983893493]
[-0.6173014511433959, -0.16205682675273586, -0.8480092323259789, 0.1502144240965847, -0.2734813408934995, -1.062375654749229]
[-0.6680271619757004, -0.1392764463325496, -0.8737941777810164, 0.16272343748987306, -0.37754227575132493, -1.1475830111091083]
[-0.7187528728080049, -0.11649606591236328, -0.8995791232360539, 0.17523245088316142, -0.48160321060915057, -1.2327903674689877]
[-0.7694785836403095, -0.09371568549217699, -0.9253640686910914, 0.18774146427644978, -0.585664145466976, -1.3179977238288672]
[-0.852985732945861, -0.09482749970043215, -0.8818820168622231, 0.16872547160380774, -0.46711942950892177, -1.3461286230203264]
[-0.9364928822514125, -0.09593931390868732, -0.8383999650333549, 0.14970947893116573, -0.34857471355086755, -1.3742595222117855]
[-1.020000031556964, -0.09705112811694248, -0.7949179132044866, 0.13069348625852373, -0.2300299975928134, -1.4023904214032448]
[-1.1035071808625154, -0.09816294232519765, -0.7514358613756182, 0.1116774935858817, -0.11148528163475913, -1.4305213205947038]
[-1.1870143301680667, -0.09927475653345282, -0.7079538095467499, 0.09266150091323967, 0.007059434323295033, -1.458652219786163]
[-1.2705214794736182, -0.10038657074170798, -0.6644717577178816, 0.07364550824059765, 0.1256041502813492, -1.4867831189776224]
[-1.3540286287791696, -0.10149838494996315, -0.6209897058890134, 0.054629515567955644, 0.24414886623940335, -1.5149140181690814]
[-1.437535778084721, -0.10261019915821831, -0.577507654060145, 0.03561352289531361, 0.36269358219745773, -1.5430449173605407]
[-1.5210429273902726, -0.10372201336647348, -0.5340256022312767, 0.016597530222671575, 0.4812382981555119, -1.571175816552]
[-1.604550076695824, -0.10483382757472864, -0.49054355040240843, -0.0024184624499704443, 0.599783014113566, -1.599306715743459]