[-0.18566033820699435, -0.6329600973048413, -0.47128004948942515, 0.00013305210431635572, 1.1053689780743765, -0.2169168305630338]
[-0.22624725874423937, -0.616485848582113, -0.506447076052315, -0.08485844803007847, 1.132313697755008, -0.14389690792958704]
[-0.2668341792814844, -0.6000115998593847, -0.5416141026152049, -0.1698499481644733, 1.159258417435639, -0.07087698529614027]
[-0.3892972620956515, -0.563084324195086, -0.5804837872319975, -0.26272967010760495, 1.1703702573978836, -0.06744872041989768]
[-0.5117603449098186, -0.5261570485307874, -0.6193534718487901, -0.3556093920507366, 1.181482097360128, -0.0640204555436551]
[-0.6342234277239857, -0.48922977286648867, -0.6582231564655826, -0.4484891139938683, 1.1925939373223726, -0.060592190667412504]
[-0.7566865105381528, -0.45230249720218996, -0.6970928410823752, -0.5413688359369999, 1.2037057772846174, -0.05716392579116991]
[-0.8791495933523199, -0.4153752215378913, -0.7359625256991678, -0.6342485578801317, 1.2148176172468619, -0.053735660914927326]
[-1.001612676166487, -0.37844794587359265, -0.7748322103159604, -0.7271282798232633, 1.2259294572091064, -0.05030739603868474]
[-1.124075758980654, -0.34152067020929394, -0.8137018949327529, -0.820008001766395, 1.237041297171351, -0.04687913116244215]
[-1.1655329081054555, -0.3363815900256961, -0.7880841267994688, -0.7571032485508675, 1.2003198885975344, -0.17082582071776986]
[-1.2069900572302572, -0.33124250984209824, -0.7624663586661847, -0.69419849533534, 1.1635984800237176, -0.2947725102730976]
[-1.2484472063550587, -0.3261034296585004, -0.7368485905329005, -0.6312937421198125, 1.126877071449901, -0.41871919982842526]
[-1.2899043554798602, -0.3209643494749026, -0.7112308223996164, -0.568388988904285, 1.0901556628760845, -0.542665889383753]
[-1.3313615046046616, -0.3158252692913047, -0.6856130542663323, -0.5054842356887574, 1.053434254302268, -0.6666125789390807]
[-1.372818653729463, -0.3106861891077069, -0.6599952861330483, -0.4425794824732299, 1.0167128457284513, -0.7905592684944084]
[-1.4142758028542648, -0.3055471089241091, -0.6343775179997642, -0.37967472925770246, 0.9799914371546347, -0.914505958049736]
[-1.4557329519790663, -0.3004080287405112, -0.60875974986648, -0.31676997604217494, 0.943270028580818, -1.038452647605064]
[-1.4971901011038677, -0.2952689485569134, -0.5831419817331959, -0.2538652228266475, 0.9065486200070014, -1.1623993371603913]
[-1.5386472502286694, -0.29012986837331556, -0.5575242135999118, -0.1909604696111199, 0.8698272114331848, -1.2863460267157192]
[-1.5801043993534707, -0.28499078818971774, -0.5319064454666277, -0.12805571639559243, 0.8331058028593682, -1.4102927162710468]
[-1.6215615484782724, -0.27985170800611986, -0.5062886773333435, -0.06515096318006486, 0.7963843942855515, -1.5342394058263746]
[-1.6630186976030739, -0.27471262782252204, -0.48067090920005945, -0.0022462099645373873, 0.759662985711735, -1.6581860953817023]