[-0.1825231926341946, -0.25397090119226906, -0.6838553343157523, 7.292807829273329e-05, 0.9390625459320798, -0.2136489798757406]
[-0.25934584141764216, -0.3093378243798933, -0.7328924080879805, -0.08809538281307187, 0.9582065622073181, -0.22740910774169593]
[-0.33616849020108974, -0.36470474756751753, -0.7819294818602087, -0.17626369370443648, 0.9773505784825564, -0.24116923560765124]
[-0.4129911389845373, -0.42007167075514174, -0.830966555632437, -0.26443200459580113, 0.9964945947577947, -0.25492936347360656]
[-0.48981378776798484, -0.475438593942766, -0.8800036294046653, -0.3526003154871657, 1.0156386110330329, -0.2686894913395619]
[-0.5666364365514325, -0.5308055171303903, -0.9290407031768935, -0.4407686263785303, 1.0347826273082712, -0.2824496192055172]
[-0.64345908533488, -0.5861724403180144, -0.9780777769491218, -0.528936937269895, 1.0539266435835095, -0.2962097470714725]
[-0.7202817341183275, -0.6415393635056386, -1.02711485072135, -0.6171052481612594, 1.0730706598587476, -0.30996987493742784]
[-0.7971043829017751, -0.6969062866932629, -1.0761519244935782, -0.7052735590526241, 1.092214676133986, -0.32373000280338315]
[-0.8739270316852226, -0.7522732098808871, -1.1251889982658065, -0.7934418699439887, 1.1113586924092242, -0.3374901306693385]
[-0.9507496804686703, -0.8076401330685113, -1.1742260720380346, -0.8816101808353534, 1.1305027086844626, -0.3512502585352938]
[-1.0275723292521177, -0.8630070562561356, -1.2232631458102627, -0.9697784917267179, 1.1496467249597009, -0.3650103864012491]
[-1.1043949780355655, -0.9183739794437599, -1.2723002195824913, -1.0579468026180827, 1.168790741234939, -0.37877051426720443]
[-1.1812176268190129, -0.973740902631384, -1.3213372933547194, -1.1461151135094472, 1.1879347575101773, -0.39253064213315975]
[-1.223131646125615, -0.9324103617271005, -1.2750025249462544, -1.0789101857551797, 1.1656172448201882, -0.4805107921617198]
[-1.2650456654322173, -0.8910798208228169, -1.2286677565377897, -1.0117052580009123, 1.1432997321301992, -0.5684909421902798]
[-1.3069596847388194, -0.8497492799185333, -1.1823329881293247, -0.9445003302466449, 1.1209822194402101, -0.6564710922188399]
[-1.3488737040454217, -0.8084187390142499, -1.13599821972086, -0.8772954024923776, 1.098664706750221, -0.7444512422474]
[-1.3907877233520238, -0.7670881981099662, -1.089663451312395, -0.8100904747381101, 1.076347194060232, -0.8324313922759601]
[-1.4327017426586262, -0.7257576572056827, -1.0433286829039303, -0.7428855469838427, 1.054029681370243, -0.9204115423045203]
[-1.4746157619652283, -0.6844271163013992, -0.9969939144954654, -0.6756806192295755, 1.031712168680254, -1.0083916923330802]
[-1.5165297812718306, -0.6430965753971156, -0.9506591460870006, -0.608475691475308, 1.009394655990265, -1.0963718423616402]
[-1.5584438005784327, -0.6017660344928321, -0.9043243776785357, -0.5412707637210405, 0.9870771433002758, -1.1843519923902004]
[-1.600357819885035, -0.5604354935885485, -0.857989609270071, -0.4740658359667732, 0.9647596306102868, -1.2723321424187606]
[-1.642271839191637, -0.5191049526842649, -0.811654840861606, -0.40686090821250576, 0.9424421179202978, -1.3603122924473205]
[-1.6841858584982394, -0.47777441177998137, -0.7653200724531412, -0.3396559804582383, 0.9201246052303087, -1.4482924424758807]
[-1.7260998778048415, -0.4364438708756979, -0.7189853040446764, -0.2724510527039711, 0.8978070925403198, -1.5362725925044407]
[-1.7680138971114436, -0.39511332997141435, -0.6726505356362115, -0.20524612494970362, 0.8754895798503307, -1.6242527425330007]
[-1.809927916418046, -0.3537827890671308, -0.6263157672277466, -0.13804119719543628, 0.8531720671603417, -1.7122328925615609]
[-1.8518419357246483, -0.3124522481628472, -0.5799809988192818, -0.07083626944116883, 0.8308545544703526, -1.8002130425901208]
[-1.8937559550312504, -0.27112170725856366, -0.5336462304108169, -0.0036313416869014213, 0.8085370417803636, -1.888193192618681]