[0.011550936360364084, -0.1660624839055691, -0.5828095743478734, 0.00023687497797020285, 0.7501198469676416, -0.019630821168619583]
[-0.014435293634118398, -0.22064559269230524, -0.5542005443436775, -0.07961190332012652, 0.6746484802020875, -0.05238981040981343]
[-0.04042152362860088, -0.2752287014790414, -0.5255915143394817, -0.15946068161822324, 0.5991771134365335, -0.08514879965100727]
[-0.06640775362308336, -0.32981181026577755, -0.49698248433528586, -0.23930945991631997, 0.5237057466709794, -0.11790778889220112]
[-0.09239398361756584, -0.38439491905251366, -0.46837345433109, -0.3191582382144167, 0.4482343799054253, -0.15066677813339496]
[-0.11838021361204831, -0.4389780278392498, -0.43976442432689417, -0.3990070165125134, 0.37276301313987126, -0.18342576737458882]
[-0.1443664436065308, -0.49356113662598594, -0.4111553943226983, -0.47885579481061014, 0.29729164637431715, -0.21618475661578265]
[-0.1703526736010133, -0.5481442454127221, -0.3825463643185025, -0.5587045731087068, 0.22182027960876316, -0.24894374585697648]
[-0.19633890359549577, -0.6027273541994582, -0.35393733431430663, -0.6385533514068036, 0.14634891284320908, -0.28170273509817034]
[-0.3098497960092682, -0.6055656570380297, -0.36057383290377526, -0.6159311307329874, 0.18498064099383765, -0.39088164775042966]
[-0.4233606884230406, -0.6084039598766011, -0.36721033149324384, -0.5933089100591712, 0.22361236914446622, -0.500060560402689]
[-0.536871580836813, -0.6112422627151726, -0.37384683008271247, -0.570686689385355, 0.2622440972950948, -0.6092394730549484]
[-0.6503824732505854, -0.614080565553744, -0.38048332867218104, -0.5480644687115388, 0.30087582544572333, -0.7184183857072077]
[-0.7638933656643578, -0.6169188683923155, -0.3871198272616497, -0.5254422480377227, 0.339507553596352, -0.827597298359467]
[-0.8774042580781303, -0.6197571712308869, -0.39375632585111825, -0.5028200273639065, 0.3781392817469805, -0.9367762110117264]
[-0.9909151504919027, -0.6225954740694584, -0.4003928244405869, -0.48019780669009027, 0.41677100989760907, -1.0459551236639857]
[-1.0712655992755553, -0.6044695003743435, -0.41633848452313177, -0.43244063439090663, 0.47559482448958124, -1.1203403717180658]
[-1.151616048059208, -0.5863435266792287, -0.43228414460567666, -0.384683462091723, 0.5344186390815534, -1.1947256197721459]
[-1.2319664968428605, -0.5682175529841139, -0.4482298046882215, -0.33692628979253936, 0.5932424536735256, -1.2691108678262257]
[-1.3123169456265134, -0.5500915792889991, -0.4641754647707664, -0.2891691174933557, 0.6520662682654979, -1.3434961158803058]
[-1.392667394410166, -0.5319656055938844, -0.48012112485331127, -0.24141194519417214, 0.71089008285747, -1.417881363934386]
[-1.4730178431938186, -0.5138396318987696, -0.49606678493585615, -0.1936547728949885, 0.7697138974494422, -1.492266611988466]
[-1.5533682919774712, -0.49571365820365476, -0.512012445018401, -0.14589760059580492, 0.8285377120414144, -1.5666518600425459]
[-1.633718740761124, -0.47758768450853994, -0.5279581051009459, -0.09814042829662123, 0.8873615266333865, -1.6410371080966262]
[-1.7140691895447766, -0.45946171081342513, -0.5439037651834908, -0.05038325599743765, 0.9461853412253587, -1.715422356150706]
[-1.7944196383284292, -0.4413357371183103, -0.5598494252660356, -0.0026260836982540357, 1.0050091558173309, -1.7898076042047861]