[-0.17913732468793153, -0.2711390591973961, -0.2140834013479287, -0.00016581765022660733, 0.4860494986635038, -0.21007163218516567]
[-0.22488110464336292, -0.3207040971366161, -0.2788797671971166, 0.06058731603616984, 0.4782669992590646, -0.22450608743491804]
[-0.2706248845987943, -0.370269135075836, -0.34367613304630446, 0.12134044972256629, 0.47048449985462537, -0.2389405426846704]
[-0.3163686645542257, -0.4198341730150559, -0.4084724988954923, 0.18209358340896273, 0.4627020004501862, -0.25337499793442275]
[-0.36211244450965707, -0.46939921095427584, -0.4732688647446802, 0.24284671709535918, 0.454919501045747, -0.26780945318417515]
[-0.4677847936989823, -0.4980079682288053, -0.5012003923157966, 0.2595367618462205, 0.47776010473901986, -0.36273911699357975]
[-0.5734571428883075, -0.5266167255033347, -0.529131919886913, 0.27622680659708176, 0.5006007084322928, -0.45766878080298434]
[-0.6791294920776327, -0.5552254827778642, -0.5570634474580294, 0.29291685134794304, 0.5234413121255655, -0.5525984446123888]
[-0.784801841266958, -0.5838342400523937, -0.5849949750291459, 0.3096068960988044, 0.5462819158188384, -0.6475281084217934]
[-0.8904741904562832, -0.6124429973269231, -0.6129265026002623, 0.32629694084966565, 0.5691225195121112, -0.742457772231198]
[-0.9961465396456084, -0.6410517546014526, -0.6408580301713787, 0.34298698560052693, 0.5919631232053841, -0.8373874360406026]
[-1.1018188888349336, -0.669660511875982, -0.668789557742495, 0.35967703035138826, 0.614803726898657, -0.9323170998500072]
[-1.2074912380242588, -0.6982692691505115, -0.6967210853136114, 0.37636707510224954, 0.6376443305919298, -1.0272467636594118]
[-1.3131635872135843, -0.726878026425041, -0.7246526128847279, 0.39305711985311087, 0.6604849342852027, -1.1221764274688164]
[-1.4188359364029093, -0.7554867836995705, -0.7525841404558442, 0.4097471646039721, 0.6833255379784755, -1.2171060912782208]
[-1.5245082855922345, -0.7840955409740998, -0.7805156680269607, 0.4264372093548334, 0.7061661416717484, -1.3120357550876256]
[-1.5639942311355777, -0.7478546379148603, -0.7244234936889299, 0.365104903647606, 0.73700117535976, -1.3811581489205063]
[-1.6034801766789208, -0.7116137348556206, -0.668331319350899, 0.3037725979403786, 0.7678362090477715, -1.450280542753387]
[-1.642966122222264, -0.6753728317963811, -0.6122391450128681, 0.24244029223315117, 0.798671242735783, -1.5194029365862676]
[-1.6824520677656074, -0.6391319287371414, -0.5561469706748372, 0.18110798652592375, 0.8295062764237946, -1.5885253304191482]
[-1.7219380133089506, -0.6028910256779019, -0.5000547963368064, 0.11977568081869633, 0.8603413101118063, -1.657647724252029]
[-1.7614239588522937, -0.5666501226186622, -0.4439626219987755, 0.05844337511146891, 0.8911763437998178, -1.7267701180849098]
[-1.800909904395637, -0.5304092195594227, -0.38787044766074463, -0.0028889305957585337, 0.9220113774878294, -1.7958925119177904]