[0.32652560975152944, -0.773952424022057, -0.24125754640224972, 0.00047185557379325616, 1.0162283888735448, 0.29518122956478887]
[0.24639477218911104, -0.7354145740344705, -0.30470938048278556, 0.0010873023306411695, 1.1075666028998972, 0.263048340723569]
[0.16626393462669264, -0.696876724046884, -0.3681612145633214, 0.0017027490874890827, 1.1989048169262493, 0.23091545188234902]
[0.08613309706427424, -0.6583388740592977, -0.4316130486438573, 0.002318195844336996, 1.2902430309526016, 0.1987825630411291]
[0.0060022595018558444, -0.6198010240717112, -0.49506488272439314, 0.0029336426011849093, 1.3815812449789537, 0.16664967419990917]
[-0.07412857806056261, -0.5812631740841248, -0.558516716804929, 0.003549089358032823, 1.472919459005306, 0.13451678535868922]
[-0.15425941562298096, -0.5427253240965383, -0.6219685508854649, 0.004164536114880736, 1.5642576730316584, 0.10238389651746932]
[-0.2343902531853994, -0.5041874741089518, -0.6854203849660008, 0.00477998287172865, 1.6555958870580105, 0.07025100767624937]
[-0.33361997567279555, -0.47910359132452696, -0.6745053974597685, -0.011333834945311653, 1.6064761618797596, -0.032020809755745006]
[-0.4328496981601917, -0.45401970854010215, -0.663590409953536, -0.027447652762351955, 1.5573564367015087, -0.13429262718773938]
[-0.5320794206475878, -0.4289358257556773, -0.6526754224473037, -0.043561470579392254, 1.5082367115232578, -0.23656444461973375]
[-0.631309143134984, -0.40385194297125243, -0.6417604349410714, -0.05967528839643256, 1.4591169863450069, -0.3388362620517281]
[-0.7305388656223802, -0.3787680601868276, -0.6308454474348391, -0.07578910621347287, 1.4099972611667557, -0.44110807948372255]
[-0.8297685881097764, -0.35368417740240277, -0.6199304599286066, -0.09190292403051316, 1.3608775359885048, -0.5433798969157169]
[-0.9289983105971725, -0.3286002946179779, -0.6090154724223743, -0.10801674184755347, 1.3117578108102539, -0.6456517143477113]
[-1.0282280330845688, -0.30351641183355305, -0.598100484916142, -0.12413055966459377, 1.262638085632003, -0.7479235317797056]
[-1.127457755571965, -0.2784325290491282, -0.5871854974099096, -0.1402443774816341, 1.2135183604537518, -0.8501953492117001]
[-1.226687478059361, -0.2533486462647034, -0.5762705099036772, -0.1563581952986744, 1.164398635275501, -0.9524671666436945]
[-1.3259172005467572, -0.22826476348027852, -0.5653555223974449, -0.17247201311571467, 1.11527891009725, -1.054738984075689]
[-1.4251469230341534, -0.20318088069585372, -0.5544405348912126, -0.18858583093275497, 1.066159184918999, -1.157010801507683]
[-1.5243766455215495, -0.17809699791142886, -0.5435255473849802, -0.2046996487497953, 1.0170394597407482, -1.2592826189396775]
[-1.6236063680089456, -0.15301311512700397, -0.5326105598787478, -0.2208134665668356, 0.9679197345624972, -1.361554436371672]
[-1.6642746096894938, -0.17096037363761368, -0.49559250589056303, -0.17746192026841082, 0.8931863000089212, -1.4533273942329783]
[-1.7049428513700418, -0.18890763214822343, -0.45857445190237817, -0.13411037396998604, 0.818452865455345, -1.5451003520942845]
[-1.74561109305059, -0.2068548906588331, -0.42155639791419336, -0.09075882767156129, 0.743719430901769, -1.636873309955591]
[-1.7862793347311379, -0.22480214916944286, -0.3845383439260085, -0.04740728137313652, 0.6689859963481928, -1.7286462678168972]
[-1.826947576411686, -0.24274940768005257, -0.3475202899378237, -0.004055735074711757, 0.5942525617946167, -1.8204192256782035]