[-0.014872126246891604, -0.8323987881305452, -0.27332773001761446, 0.0001326801500400876, 1.107208020971517, -0.045749393162744845]
[-0.1968864073001983, -0.8466089738918328, -0.30936260054970366, -0.02496062977018157, 1.1498064511258033, -0.05362404332876055]
[-0.378900688353505, -0.8608191596531202, -0.34539747108179286, -0.050053939690403226, 1.1924048812800896, -0.061498693494776255]
[-0.5609149694068116, -0.8750293454144076, -0.381432341613882, -0.07514724961062488, 1.235003311434376, -0.06937334366079197]
[-0.7429292504601184, -0.8892395311756951, -0.4174672121459712, -0.10024055953084654, 1.2776017415886622, -0.07724799382680766]
[-0.9249435315134251, -0.9034497169369826, -0.4535020826780604, -0.1253338694510682, 1.3202001717429486, -0.08512264399282338]
[-1.1069578125667316, -0.91765990269827, -0.48953695321014956, -0.15042717937128985, 1.362798601897235, -0.09299729415883909]
[-1.2889720936200384, -0.9318700884595574, -0.5255718237422388, -0.1755204892915115, 1.4053970320515212, -0.1008719443248548]
[-1.4709863746733451, -0.946080274220845, -0.561606694274328, -0.20061379921173317, 1.4479954622058075, -0.1087465944908705]
[-1.486126698691642, -0.8816589397916206, -0.5466283842836674, -0.18660988971614106, 1.3731532954040082, -0.22063525793557592]
[-1.5012670227099387, -0.8172376053623962, -0.5316500742930068, -0.17260598022054896, 1.298311128602209, -0.33252392138028136]
[-1.5164073467282353, -0.7528162709331718, -0.5166717643023463, -0.15860207072495683, 1.22346896180041, -0.44441258482498674]
[-1.531547670746532, -0.6883949365039475, -0.5016934543116857, -0.14459816122936472, 1.1486267949986106, -0.5563012482696922]
[-1.5466879947648289, -0.6239736020747231, -0.48671514432102514, -0.1305942517337726, 1.0737846281968113, -0.6681899117143977]
[-1.5618283187831257, -0.5595522676454988, -0.4717368343303646, -0.1165903422381805, 0.9989424613950122, -0.7800785751591031]
[-1.5769686428014222, -0.49513093321627444, -0.456758524339704, -0.10258643274258838, 0.924100294593213, -0.8919672386038086]
[-1.592108966819719, -0.43070959878705006, -0.44178021434904347, -0.08858252324699628, 0.8492581277914137, -1.0038559020485138]
[-1.6072492908380158, -0.3662882643578257, -0.42680190435838283, -0.07457861375140415, 0.7744159609896145, -1.1157445654932194]
[-1.6223896148563126, -0.3018669299286013, -0.4118235943677223, -0.060574704255812045, 0.6995737941878153, -1.2276332289379248]
[-1.6375299388746094, -0.23744559549937705, -0.3968452843770618, -0.04657079476021994, 0.6247316273860161, -1.3395218923826302]
[-1.652670262892906, -0.17302426107015267, -0.3818669743864012, -0.03256688526462784, 0.5498894605842168, -1.4514105558273356]
[-1.6678105869112028, -0.1086029266409283, -0.36688866439574064, -0.018562975769035706, 0.4750472937824176, -1.5632992192720412]
[-1.6829509109294996, -0.04418159221170387, -0.35191035440508006, -0.004559066273443614, 0.40020512698061844, -1.6751878827167466]