[0.10545977663737904, -0.13055038709660494, -0.3231762016517159, 0.00038911438371957985, 0.4548659401886166, 0.0742221663880942]
[0.020364711098585953, -0.15707831247497472, -0.3777220712986068, -0.05240504803563207, 0.43444061465225453, 0.012093383371291157]
[-0.06473035444020714, -0.1836062378533445, -0.43226794094549764, -0.10519921045498372, 0.4140152891158925, -0.05003539964551189]
[-0.14982541997900023, -0.21013416323171433, -0.4868138105923885, -0.15799337287433537, 0.39358996357953047, -0.11216418266231493]
[-0.23492048551779332, -0.23666208861008411, -0.5413596802392794, -0.21078753529368702, 0.37316463804316846, -0.17429296567911798]
[-0.3200155510565864, -0.2631900139884539, -0.5959055498861703, -0.2635816977130387, 0.3527393125068064, -0.23642174869592103]
[-0.4051106165953795, -0.2897179393668237, -0.6504514195330611, -0.31637586013239033, 0.33231398697044434, -0.29855053171272405]
[-0.4902056821341726, -0.3162458647451935, -0.704997289179952, -0.36917002255174197, 0.31188866143408234, -0.36067931472952713]
[-0.5753007476729657, -0.3427737901235633, -0.7595431588268429, -0.4219641849710936, 0.2914633358977203, -0.42280809774633016]
[-0.670110990773658, -0.33472556084974836, -0.7434531907779749, -0.3856881658452645, 0.33782283839303356, -0.5303354215131943]
[-0.7649212338743503, -0.3266773315759334, -0.7273632227291068, -0.3494121467194354, 0.38418234088834685, -0.6378627452800587]
[-0.8597314769750426, -0.31862910230211855, -0.7112732546802388, -0.3131361275936062, 0.4305418433836601, -0.7453900690469228]
[-0.9545417200757349, -0.3105808730283036, -0.6951832866313707, -0.2768601084677771, 0.47690134587897337, -0.8529173928137872]
[-1.0493519631764274, -0.3025326437544887, -0.6790933185825028, -0.24058408934194794, 0.5232608483742867, -0.9604447165806516]
[-1.1441622062771195, -0.29448441448067375, -0.6630033505336347, -0.20430807021611885, 0.5696203508696, -1.0679720403475157]
[-1.238972449377812, -0.2864361852068589, -0.6469133824847667, -0.16803205109028968, 0.6159798533649132, -1.17549936411438]
[-1.3337826924785041, -0.27838795593304394, -0.6308234144358986, -0.13175603196446062, 0.6623393558602265, -1.2830266878812442]
[-1.4285929355791966, -0.270339726659229, -0.6147334463870306, -0.09548001283863146, 0.7086988583555398, -1.3905540116481085]
[-1.5047360215324486, -0.26313782649694334, -0.6003057688593798, -0.0644764058350823, 0.7472973514072633, -1.477665330110824]
[-1.5808791074857005, -0.25593592633465767, -0.5858780913317291, -0.033472798831533125, 0.7858958444589866, -1.5647766485735395]
[-1.6570221934389524, -0.24873402617237203, -0.5714504138040782, -0.0024691918279839517, 0.8244943375107101, -1.651887967036255]