[-0.14389532680051698, -0.0009286308791693898, -0.49709442564903306, 0.0002713253665733717, 0.49930358831134036, -0.17513479700056678]
[-0.15676602750434507, -0.0655270578307062, -0.46331430146390584, -0.06411884218695654, 0.6150823438445988, -0.1641315540164319]
[-0.16963672820817316, -0.130125484782243, -0.42953417727877863, -0.12850900974048646, 0.7308610993778573, -0.15312831103229704]
[-0.18250742891200122, -0.19472391173377984, -0.3957540530936514, -0.1928991772940164, 0.8466398549111158, -0.14212506804816216]
[-0.19537812961582932, -0.2593223386853166, -0.3619739289085242, -0.2572893448475463, 0.9624186104443743, -0.1311218250640273]
[-0.2082488303196574, -0.3239207656368535, -0.32819380472339693, -0.3216795124010763, 1.078197365977633, -0.12011858207989243]
[-0.2211195310234855, -0.3885191925883903, -0.2944136805382697, -0.38606967995460617, 1.1939761215108913, -0.10911533909575756]
[-0.29863562703593827, -0.4311525475348472, -0.2755927210555087, -0.40609403519148835, 1.2441101136922597, -0.17770835994180995]
[-0.37615172304839106, -0.47378590248130414, -0.25677176157274767, -0.4261183904283705, 1.294244105873628, -0.24630138078786235]
[-0.45366781906084386, -0.5164192574277611, -0.23795080208998667, -0.4461427456652527, 1.3443780980549964, -0.31489440163391474]
[-0.5311839150732967, -0.559052612374218, -0.21912984260722568, -0.46616710090213487, 1.3945120902363648, -0.38348742247996714]
[-0.6087000110857494, -0.6016859673206749, -0.20030888312446465, -0.48619145613901704, 1.4446460824177332, -0.4520804433260196]
[-0.6862161070982022, -0.6443193222671318, -0.18148792364170363, -0.5062158113758992, 1.4947800745991016, -0.5206734641720719]
[-0.763732203110655, -0.6869526772135888, -0.1626669641589426, -0.5262401666127814, 1.54491406678047, -0.5892664850181244]
[-0.8494386651287321, -0.6753592813961744, -0.17315026423445035, -0.48602625740475613, 1.4906221590786237, -0.6879733206017185]
[-0.9351451271468092, -0.66376588557876, -0.18363356430995809, -0.4458123481967309, 1.4363302513767777, -0.7866801561853124]
[-1.0208515891648864, -0.6521724897613457, -0.19411686438546583, -0.4055984389887056, 1.3820383436749315, -0.8853869917689065]
[-1.1065580511829634, -0.6405790939439312, -0.2046001644609736, -0.3653845297806803, 1.3277464359730855, -0.9840938273525004]
[-1.1922645132010405, -0.6289856981265168, -0.21508346453648133, -0.32517062057265506, 1.2734545282712393, -1.0828006629360944]
[-1.2779709752191177, -0.6173923023091025, -0.22556676461198907, -0.2849567113646298, 1.2191626205693933, -1.1815074985196885]
[-1.3636774372371945, -0.6057989064916881, -0.2360500646874968, -0.24474280215660454, 1.164870712867547, -1.2802143341032823]
[-1.4493838992552717, -0.5942055106742737, -0.24653336476300458, -0.20452889294857923, 1.110578805165701, -1.3789211696868766]
[-1.5350903612733489, -0.5826121148568594, -0.2570166648385123, -0.16431498374055403, 1.0562868974638548, -1.4776280052704704]
[-1.620796823291426, -0.5710187190394449, -0.26749996491402006, -0.12410107453252872, 1.0019949897620086, -1.5763348408540645]
[-1.706503285309503, -0.5594253232220305, -0.2779832649895278, -0.08388716532450347, 0.9477030820601626, -1.6750416764376583]
[-1.7922097473275802, -0.5478319274046162, -0.28846656506503554, -0.04367325611647821, 0.8934111743583165, -1.7737485120212526]
[-1.8779162093456572, -0.5362385315872018, -0.2989498651405433, -0.0034593469084530054, 0.8391192666564704, -1.8724553476048464]