[0.19728134862400726, -0.5256181979250014, -0.5027165839024201, 0.000435372293845937, 1.0293806412141446, 0.16613467324639153]
[0.16214385038473253, -0.5427430910458245, -0.537443164481758, 0.09689729333008187, 1.0918052079141753, 0.11495504934662845]
[0.1270063521454578, -0.5598679841666476, -0.5721697450610959, 0.1933592143663178, 1.154229774614206, 0.06377542544686537]
[0.09186885390618309, -0.5769928772874707, -0.6068963256404337, 0.2898211354025538, 1.2166543413142366, 0.012595801547102298]
[0.05673135566690837, -0.5941177704082938, -0.6416229062197716, 0.3862830564387897, 1.2790789080142673, -0.03858382235266078]
[0.021593857427633645, -0.611242663529117, -0.6763494867991094, 0.4827449774750257, 1.341503474714298, -0.08976344625242388]
[-0.013543640811641083, -0.6283675566499402, -0.7110760673784473, 0.5792068985112616, 1.4039280414143287, -0.14094307015218693]
[-0.048681139050915825, -0.6454924497707633, -0.7458026479577852, 0.6756688195474976, 1.4663526081143594, -0.19212269405195004]
[-0.16736978699307792, -0.6299194420463742, -0.7347892883646756, 0.6711826956753701, 1.43944342575341, -0.30801281803878644]
[-0.28605843493523997, -0.614346434321985, -0.7237759287715659, 0.6666965718032426, 1.4125342433924606, -0.4239029420256229]
[-0.404747082877402, -0.5987734265975959, -0.7127625691784563, 0.662210447931115, 1.3856250610315113, -0.5397930660124592]
[-0.5234357308195642, -0.5832004188732068, -0.7017492095853467, 0.6577243240589876, 1.358715878670562, -0.6556831899992958]
[-0.6421243787617262, -0.5676274111488178, -0.6907358499922371, 0.6532382001868602, 1.3318066963096125, -0.7715733139861322]
[-0.7608130267038883, -0.5520544034244286, -0.6797224903991275, 0.6487520763147326, 1.3048975139486632, -0.8874634379729686]
[-0.8795016746460503, -0.5364813957000395, -0.6687091308060178, 0.6442659524426051, 1.2779883315877139, -1.003353561959805]
[-0.9981903225882125, -0.5209083879756504, -0.6576957712129082, 0.6397798285704777, 1.2510791492267646, -1.1192436859466415]
[-1.1168789705303745, -0.5053353802512612, -0.6466824116197987, 0.6352937046983502, 1.224169966865815, -1.2351338099334779]
[-1.2355676184725366, -0.48976237252687216, -0.635669052026689, 0.6308075808262227, 1.1972607845048657, -1.3510239339203143]
[-1.306394705404314, -0.46821173805994765, -0.6076841564634623, 0.5729754655329757, 1.1414877018349046, -1.4106574439890687]
[-1.377221792336091, -0.44666110359302313, -0.5796992609002355, 0.5151433502397287, 1.0857146191649432, -1.470290954057823]
[-1.4480488792678683, -0.4251104691260986, -0.5517143653370087, 0.45731123494648174, 1.029941536494982, -1.5299244641265772]
[-1.5188759661996456, -0.4035598346591741, -0.523729469773782, 0.39947911965323474, 0.9741684538250208, -1.5895579741953316]
[-1.589703053131423, -0.3820092001922496, -0.49574457421055523, 0.3416470043599878, 0.9183953711550596, -1.649191484264086]
[-1.6605301400632, -0.3604585657253251, -0.4677596786473285, 0.2838148890667408, 0.8626222884850984, -1.7088249943328404]
[-1.7313572269949773, -0.3389079312584006, -0.43977478308410173, 0.2259827737734938, 0.8068492058151371, -1.7684585044015948]
[-1.8021843139267546, -0.31735729679147606, -0.411789887520875, 0.1681506584802468, 0.7510761231451759, -1.8280920144703492]
[-1.8730114008585317, -0.29580666232455155, -0.3838049919576482, 0.11031854318699974, 0.6953030404752146, -1.8877255245391034]
[-1.943838487790309, -0.2742560278576271, -0.35582009639442147, 0.05248642789375291, 0.6395299578052535, -1.9473590346078578]
[-2.0146655747220863, -0.2527053933907026, -0.3278352008311947, -0.005345687399494166, 0.5837568751352922, -2.006992544676612]