[0.15814481745967512, -0.5682708438330231, -0.4584295769751332, 0.0004459434221990577, 1.027870311360556, 0.12709085210629478]
[0.17891627147955502, -0.5247142736824596, -0.535889084964724, -0.07381729022355131, 1.0206036860280088, 0.08007286434233683]
[0.19968772549943492, -0.4811577035318962, -0.6133485929543148, -0.14808052386930168, 1.0133370606954615, 0.03305487657837888]
[0.22045917951931482, -0.4376011333813328, -0.6908081009439054, -0.222343757515052, 1.006070435362914, -0.013963111185579052]
[0.24123063353919472, -0.3940445632307693, -0.7682676089334963, -0.2966069911608024, 0.9988038100303667, -0.060981098949537016]
[0.2620020875590746, -0.3504879930802059, -0.845727116923087, -0.37087022480655274, 0.9915371846978194, -0.10799908671349497]
[0.14813764281751202, -0.32610253509611736, -0.850971951245799, -0.3819486779184725, 0.9318686004103095, -0.20216732201646992]
[0.034273198075949446, -0.30171707711202883, -0.856216785568511, -0.3930271310303923, 0.8722000161227996, -0.2963355573194449]
[-0.07959124666561312, -0.27733161912794024, -0.861461619891223, -0.404105584142312, 0.8125314318352898, -0.39050379262241985]
[-0.19345569140717572, -0.2529461611438517, -0.8667064542139351, -0.4151840372542318, 0.7528628475477799, -0.4846720279253948]
[-0.3073201361487383, -0.22856070315976318, -0.8719512885366472, -0.42626249036615155, 0.69319426326027, -0.5788402632283699]
[-0.42118458089030086, -0.20417524517567465, -0.8771961228593591, -0.4373409434780713, 0.6335256789727601, -0.6730084985313448]
[-0.5350490256318635, -0.1797897871915861, -0.8824409571820712, -0.4484193965899911, 0.5738570946852503, -0.7671767338343198]
[-0.6489134703734261, -0.15540432920749755, -0.8876857915047832, -0.4594978497019108, 0.5141885103977404, -0.8613449691372947]
[-0.7627779151149888, -0.131018871223409, -0.8929306258274952, -0.4705763028138306, 0.4545199261102305, -0.9555132044402699]
[-0.8766423598565513, -0.10663341323932046, -0.8981754601502072, -0.48165475592575036, 0.39485134182272064, -1.0496814397432448]
[-0.9905068045981139, -0.08224795525523193, -0.9034202944729193, -0.49273320903767015, 0.33518275753521076, -1.1438496750462197]
[-1.1043712493396765, -0.0578624972711434, -0.9086651287956313, -0.5038116621495898, 0.2755141732477009, -1.2380179103491946]
[-1.218235694081239, -0.03347703928705481, -0.9139099631183433, -0.5148901152615096, 0.21584558896019101, -1.3321861456521698]
[-1.3321001388228018, -0.009091581302966289, -0.9191547974410553, -0.5259685683734294, 0.1561770046726812, -1.4263543809551447]
[-1.4063993036533142, -0.019483446703029914, -0.8654568984545571, -0.4739410362984184, 0.1903755465916055, -1.490416772819026]
[-1.480698468483827, -0.029875312103093535, -0.8117589994680589, -0.42191350422340734, 0.2245740885105298, -1.5544791646829077]
[-1.5549976333143394, -0.040267177503157156, -0.7580611004815606, -0.3698859721483963, 0.2587726304294541, -1.618541556546789]
[-1.629296798144852, -0.05065904290322078, -0.7043632014950624, -0.31785844007338526, 0.29297117234837844, -1.6826039484106707]
[-1.7035959629753645, -0.0610509083032844, -0.6506653025085642, -0.2658309079983742, 0.3271697142673027, -1.7466663402745521]
[-1.777895127805877, -0.07144277370334802, -0.596967403522066, -0.21380337592336318, 0.36136825618622703, -1.8107287321384335]
[-1.8521942926363897, -0.08183463910341164, -0.5432695045355678, -0.16177584384835214, 0.3955667981051513, -1.8747911240023152]
[-1.9264934574669024, -0.09222650450347528, -0.4895716055490695, -0.1097483117733411, 0.4297653400240756, -1.9388535158661968]
[-2.0007926222974146, -0.1026183699035389, -0.4358737065625713, -0.05772077969833006, 0.4639638819429999, -2.002915907730078]
[-2.0750917871279273, -0.11301023530360252, -0.38217580757607306, -0.005693247623319003, 0.4981624238619242, -2.0669782995939596]