[-0.22594201836877925, -0.7095456264499171, -0.1106705478683141, -0.00030821459926055894, 0.8212797396454485, -0.2568548880694488]
[-0.16274949207920725, -0.6629393799934366, -0.16931442189620272, -0.017602544199033118, 0.7917922588602955, -0.18903763162860382]
[-0.09955696578963527, -0.6163331335369561, -0.22795829592409134, -0.034896873798805676, 0.7623047780751423, -0.12122037518775888]
[-0.03636443950006327, -0.5697268870804755, -0.28660216995197996, -0.05219120339857824, 0.7328172972899892, -0.05340311874691392]
[0.02682808678950871, -0.523120640623995, -0.3452460439798686, -0.0694855329983508, 0.7033298165048361, 0.014414137693931017]
[0.09002061307908071, -0.4765143941675144, -0.4038899180077572, -0.08677986259812336, 0.673842335719683, 0.08223139413477598]
[0.15321313936865272, -0.42990814771103386, -0.4625337920356458, -0.10407419219789592, 0.6443548549345299, 0.15004865057562095]
[0.21640566565822467, -0.3833019012545533, -0.5211776660635344, -0.12136852179766847, 0.6148673741493768, 0.21786590701646585]
[0.27959819194779667, -0.33669565479807273, -0.5798215400914231, -0.13866285139744103, 0.5853798933642237, 0.2856831634573108]
[0.34279071823736873, -0.2900894083415922, -0.6384654141193117, -0.1559571809972136, 0.5558924125790705, 0.35350041989815584]
[0.4059832445269406, -0.24348316188511165, -0.6971092881472003, -0.17325151059698615, 0.5264049317939175, 0.4213176763390008]
[0.2865156149544322, -0.25756068905022794, -0.6973774675256451, -0.2140843460365267, 0.5573247086215317, 0.3216508195941862]
[0.16704798538192372, -0.27163821621534423, -0.6976456469040899, -0.2549171814760673, 0.588244485449146, 0.2219839628493716]
[0.047580355809415276, -0.2857157433804605, -0.6979138262825348, -0.2957500169156078, 0.6191642622767602, 0.12231710610455704]
[-0.07188727376309317, -0.2997932705455768, -0.6981820056609797, -0.3365828523551484, 0.6500840391043745, 0.022650249359742414]
[-0.19135490333560162, -0.31387079771069304, -0.6984501850394245, -0.3774156877946889, 0.6810038159319887, -0.07701660738507216]
[-0.31082253290811007, -0.3279483248758093, -0.6987183644178693, -0.4182485232342295, 0.7119235927596029, -0.17668346412988672]
[-0.4302901624806185, -0.3420258520409256, -0.6989865437963141, -0.4590813586737701, 0.7428433695872172, -0.2763503208747013]
[-0.5497577920531269, -0.3561033792060419, -0.699254723174759, -0.4999141941133106, 0.7737631464148315, -0.376017177619516]
[-0.6692254216256355, -0.3701809063711582, -0.6995229025532038, -0.5407470295528513, 0.8046829232424457, -0.47568403436433054]
[-0.7886930511981438, -0.3842584335362745, -0.6997910819316486, -0.5815798649923918, 0.83560270007006, -0.5753508911091452]
[-0.8752985456739881, -0.38954815288073996, -0.6645652655869694, -0.533400960339538, 0.8266907445908014, -0.6792614747788074]
[-0.9619040401498323, -0.39483787222520544, -0.62933944924229, -0.4852220556866843, 0.8177787891115429, -0.7831720584484695]
[-1.0485095346256765, -0.4001275915696709, -0.5941136328976108, -0.4370431510338305, 0.8088668336322843, -0.8870826421181317]
[-1.1351150291015208, -0.40541731091413635, -0.5588878165529314, -0.3888642463809768, 0.7999548781530257, -0.9909932257877938]
[-1.2217205235773652, -0.41070703025860184, -0.5236620002082522, -0.340685341728123, 0.7910429226737671, -1.0949038094574561]
[-1.3083260180532092, -0.4159967496030673, -0.48843618386357285, -0.29250643707526924, 0.7821309671945085, -1.1988143931271182]
[-1.3949315125290536, -0.4212864689475328, -0.45321036751889354, -0.24432753242241545, 0.77321901171525, -1.3027249767967803]
[-1.4815370070048979, -0.4265761882919983, -0.4179845511742143, -0.19614862776956177, 0.7643070562359914, -1.4066355604664427]
[-1.5681425014807422, -0.4318659076364637, -0.38275873482953493, -0.14796972311670797, 0.7553951007567328, -1.5105461441361048]
[-1.6547479959565865, -0.4371556269809292, -0.3475329184848556, -0.09979081846385418, 0.7464831452774743, -1.614456727805767]
[-1.7413534904324306, -0.4424453463253947, -0.3123071021401764, -0.0516119138110005, 0.7375711897982157, -1.718367311475429]
[-1.827958984908275, -0.44773506566986015, -0.27708128579549707, -0.00343300915814666, 0.7286592343189571, -1.8222778951450913]