[-0.035089486786525015, -0.45602499324350365, -0.5100931957397128, 0.00015580025354200444, 0.9674480834327808, -0.06595367468431945]
[-0.1495654558246854, -0.4621461550377484, -0.5689402156289427, 0.05983041932261619, 0.9606840598786153, -0.11862480648703469]
[-0.26404142486284576, -0.46826731683199313, -0.6277872355181726, 0.11950503839169038, 0.9539200363244498, -0.17129593828974993]
[-0.37851739390100614, -0.4743884786262379, -0.6866342554074025, 0.17917965746076459, 0.9471560127702843, -0.2239670700924652]
[-0.4929933629391665, -0.48050964042048266, -0.7454812752966324, 0.23885427652983876, 0.9403919892161187, -0.2766382018951804]
[-0.6074693319773269, -0.4866308022147274, -0.8043282951858624, 0.298528895598913, 0.9336279656619532, -0.3293093336978957]
[-0.7219453010154873, -0.49275196400897214, -0.8631753150750923, 0.35820351466798717, 0.9268639421077877, -0.38198046550061093]
[-0.8364212700536476, -0.4988731258032169, -0.9220223349643222, 0.4178781337370614, 0.9200999185536222, -0.4346515973033262]
[-0.950897239091808, -0.5049942875974617, -0.9808693548535521, 0.4775527528061355, 0.9133358949994567, -0.4873227291060414]
[-1.0653732081299685, -0.5111154493917064, -1.039716374742782, 0.5372273718752097, 0.906571871445291, -0.5399938609087567]
[-1.1798491771681288, -0.5172366111859511, -1.098563394632012, 0.596901990944284, 0.8998078478911256, -0.592664992711472]
[-1.294325146206289, -0.5233577729801959, -1.1574104145212418, 0.6565766100133581, 0.8930438243369601, -0.6453361245141871]
[-1.4088011152444495, -0.5294789347744406, -1.2162574344104717, 0.7162512290824323, 0.8862798007827946, -0.6980072563169024]
[-1.460114899710604, -0.5298130094358905, -1.1554005013188833, 0.6562668117463702, 0.8976582985591036, -0.8081375049706658]
[-1.5114286841767586, -0.5301470840973403, -1.0945435682272948, 0.5962823944103082, 0.9090367963354127, -0.9182677536244293]
[-1.562742468642913, -0.5304811587587902, -1.0336866351357064, 0.5362979770742462, 0.9204152941117216, -1.0283980022781927]
[-1.6140562531090674, -0.5308152334202401, -0.9728297020441178, 0.4763135597381841, 0.9317937918880307, -1.138528250931956]
[-1.665370037575222, -0.5311493080816899, -0.9119727689525292, 0.416329142402122, 0.9431722896643397, -1.2486584995857195]
[-1.7166838220413765, -0.5314833827431398, -0.8511158358609408, 0.35634472506605996, 0.9545507874406488, -1.358788748239483]
[-1.7679976065075311, -0.5318174574045895, -0.7902589027693523, 0.2963603077299979, 0.9659292852169579, -1.4689189968932463]
[-1.8193113909736853, -0.5321515320660394, -0.7294019696777638, 0.23637589039393586, 0.9773077829932669, -1.5790492455470098]
[-1.87062517543984, -0.5324856067274892, -0.6685450365861754, 0.17639147305787373, 0.988686280769576, -1.6891794942007732]
[-1.9219389599059946, -0.5328196813889391, -0.6076881034945868, 0.11640705572181165, 1.000064778545885, -1.7993097428545366]
[-1.9732527443721488, -0.533153756050389, -0.5468311704029983, 0.05642263838574968, 1.0114432763221939, -1.9094399915083]
[-2.0245665288383035, -0.5334878307118388, -0.4859742373114099, -0.00356177895031237, 1.022821774098503, -2.0195702401620634]