[0.1594112242413983, -0.3436039456514335, -0.22181290805614484, 0.000433218853231665, 0.5665849822377576, 0.12791243498075833]
[0.052354152870555115, -0.38037579465584714, -0.28414501455233165, -0.03276469909287486, 0.5352699700700965, 0.11477462091707265]
[-0.05470291850028808, -0.4171476436602608, -0.34647712104851847, -0.06596261703898139, 0.5039549579024355, 0.10163680685338698]
[-0.16175998987113127, -0.45391949266467446, -0.4088092275447053, -0.09916053498508791, 0.4726399457347744, 0.0884989927897013]
[-0.26881706124197446, -0.4906913416690882, -0.4711413340408921, -0.13235845293119444, 0.4413249335671134, 0.07536117872601564]
[-0.37587413261281766, -0.5274631906735019, -0.5334734405370789, -0.16555637087730096, 0.41000992139945236, 0.06222336466232996]
[-0.48293120398366085, -0.5642350396779154, -0.5958055470332657, -0.19875428882340748, 0.3786949092317913, 0.04908555059864429]
[-0.589988275354504, -0.6010068886823292, -0.6581376535294525, -0.23195220676951403, 0.34737989706413025, 0.03594773653495861]
[-0.6970453467253472, -0.6377787376867429, -0.7204697600256393, -0.26515012471562055, 0.3160648848964692, 0.022809922471272934]
[-0.8041024180961905, -0.6745505866911565, -0.7828018665218262, -0.2983480426617271, 0.28474987272880814, 0.009672108407587268]
[-0.9111594894670336, -0.7113224356955702, -0.845133973018013, -0.3315459606078336, 0.2534348605611471, -0.003465705656098411]
[-1.0182165608378768, -0.7480942846999838, -0.9074660795141998, -0.36474387855394014, 0.2221198483934861, -0.016603519719784077]
[-1.05874655101691, -0.7044263410233779, -0.876407425337481, -0.3368199515235109, 0.2579839614403915, -0.13382104506480758]
[-1.0992765411959435, -0.660758397346772, -0.8453487711607621, -0.3088960244930816, 0.29384807448729683, -0.2510385704098311]
[-1.1398065313749768, -0.617090453670166, -0.8142901169840433, -0.2809720974626524, 0.3297121875342022, -0.3682560957548546]
[-1.1803365215540103, -0.5734225099935601, -0.7832314628073245, -0.25304817043222316, 0.36557630058110757, -0.48547362109987807]
[-1.2208665117330435, -0.5297545663169542, -0.7521728086306056, -0.2251242434017939, 0.4014404136280129, -0.6026911464449016]
[-1.2613965019120768, -0.4860866226403482, -0.7211141544538868, -0.19720031637136465, 0.43730452667491826, -0.719908671789925]
[-1.3019264920911102, -0.4424186789637423, -0.690055500277168, -0.16927638934093542, 0.47316863972182355, -0.8371261971349484]
[-1.3424564822701435, -0.39875073528713634, -0.6589968461004492, -0.14135246231050616, 0.509032752768729, -0.954343722479972]
[-1.382986472449177, -0.3550827916105304, -0.6279381919237303, -0.1134285352800769, 0.5448968658156343, -1.0715612478249954]
[-1.4235164626282102, -0.31141484793392443, -0.5968795377470115, -0.08550460824964767, 0.5807609788625397, -1.188778773170019]
[-1.4640464528072434, -0.26774690425731856, -0.5658208835702927, -0.057580681219218444, 0.616625091909445, -1.3059962985150424]
[-1.504576442986277, -0.22407896058071253, -0.5347622293935739, -0.02965675418878916, 0.6524892049563504, -1.423213823860066]
[-1.5451064331653102, -0.18041101690410663, -0.503703575216855, -0.0017328271583599258, 0.6883533180032557, -1.5404313492050894]