[0.08651841884041467, -0.3673898607172523, -0.2607890074091692, 0.00024931818496654046, 0.6292732082781809, 0.055345707967655144]
[0.13510041609040702, -0.36614770910357136, -0.2789687856292293, -0.12015057604171196, 0.5801155743951582, -0.0146346141620073]
[0.18368241334039936, -0.3649055574898904, -0.29714856384928934, -0.24055047026839046, 0.5309579405121355, -0.08461493629166975]
[0.2322644105903917, -0.36366340587620943, -0.31532834206934934, -0.360950364495069, 0.4818003066291128, -0.1545952584213322]
[0.28084640784038406, -0.36242125426252847, -0.3335081202894094, -0.48135025872174747, 0.4326426727460901, -0.22457558055099464]
[0.3294284050903764, -0.3611791026488475, -0.35168789850946947, -0.601750152948426, 0.3834850388630674, -0.29455590268065707]
[0.37801040234036876, -0.35993695103516654, -0.3698676767295295, -0.7221500471751046, 0.33432740498004465, -0.36453622481031955]
[0.4265923995903611, -0.3586947994214856, -0.3880474549495896, -0.842549941401783, 0.28516977109702196, -0.43451654693998193]
[0.47517439684035345, -0.3574526478078046, -0.4062272331696496, -0.9629498356284615, 0.23601213721399927, -0.5044968690696444]
[0.5237563940903458, -0.3562104961941237, -0.4244070113897097, -1.08334972985514, 0.18685450333097653, -0.5744771911993068]
[0.5723383913403381, -0.35496834458044274, -0.4425867896097697, -1.2037496240818186, 0.13769686944795384, -0.6444575133289693]
[0.6209203885903305, -0.3537261929667618, -0.4607665678298298, -1.324149518308497, 0.08853923556493115, -0.7144378354586318]
[0.6695023858403228, -0.3524840413530808, -0.47894634604988984, -1.4445494125351757, 0.03938160168190841, -0.7844181575882943]
[0.7180843830903152, -0.35124188973939985, -0.49712612426994984, -1.564949306761854, -0.009776032201114226, -0.8543984797179566]
[0.7666663803403075, -0.3499997381257189, -0.51530590249001, -1.6853492009885325, -0.05893366608413697, -0.924378801847619]
[0.8152483775902999, -0.3487575865120379, -0.53348568071007, -1.805749095215211, -0.10809129996715972, -0.9943591239772815]
[0.8638303748402922, -0.34751543489835696, -0.55166545893013, -1.9261489894418895, -0.15724893385018235, -1.064339446106944]
[0.9124123720902846, -0.346273283284676, -0.5698452371501901, -2.046548883668568, -0.20640656773320507, -1.1343197682366064]
[0.7809698043158325, -0.36822446745089715, -0.5501085465129277, -1.9559561599256918, -0.18018608185483803, -1.1391545826816776]
[0.6495272365413804, -0.39017565161711837, -0.5303718558756655, -1.8653634361828153, -0.153965595976471, -1.1439893971267487]
[0.5180846687669284, -0.41212683578333953, -0.5106351652384031, -1.7747707124399388, -0.12774511009810396, -1.14882421157182]
[0.3866421009924763, -0.4340780199495607, -0.4908984746011408, -1.6841779886970625, -0.10152462421973693, -1.153659026016891]
[0.25519953321802435, -0.45602920411578185, -0.4711617839638785, -1.5935852649541862, -0.0753041383413699, -1.1584938404619622]
[0.12375696544357218, -0.47798038828200307, -0.4514250933266161, -1.5029925412113097, -0.049083652463002836, -1.1633286549070334]
[-0.007685602330879893, -0.4999315724482243, -0.4316884026893538, -1.4123998174684331, -0.022863166584635802, -1.1681634693521046]
[-0.13912817010533196, -0.5218827566144454, -0.41195171205209147, -1.3218070937255568, 0.0033573192937312035, -1.1729982837971757]
[-0.2705707378797839, -0.5438339407806666, -0.39221502141482917, -1.2312143699826805, 0.029577805172098237, -1.177833098242247]
[-0.4020133056542359, -0.5657851249468877, -0.37247833077756687, -1.1406216462398042, 0.05579829105046527, -1.182667912687318]
[-0.533455873428688, -0.5877363091131089, -0.3527416401403045, -1.0500289224969277, 0.08201877692883228, -1.1875027271323892]
[-0.6648984412031402, -0.6096874932793301, -0.33300494950304216, -0.9594361987540512, 0.1082392628071994, -1.1923375415774604]
[-0.7963410089775922, -0.6316386774455514, -0.31326825886577986, -0.8688434750111749, 0.1344597486855664, -1.1971723560225316]
[-0.9277835767520444, -0.6535898616117726, -0.2935315682285175, -0.7782507512682983, 0.16068023456393346, -1.2020071704676027]
[-1.0592261445264963, -0.6755410457779937, -0.2737948775912552, -0.687658027525422, 0.1869007204423005, -1.206841984912674]
[-1.1276298520355705, -0.6273915786034061, -0.2951330873369957, -0.6306783014131606, 0.22392636957251305, -1.2624064938917652]
[-1.1960335595446447, -0.5792421114288187, -0.31647129708273625, -0.5736985753008992, 0.2609520187027256, -1.3179710028708567]
[-1.264437267053719, -0.5310926442542311, -0.33780950682847677, -0.5167188491886379, 0.29797766783293816, -1.373535511849948]
[-1.3328409745627932, -0.48294317707964357, -0.35914771657421724, -0.45973912307637643, 0.3350033169631507, -1.4291000208290392]
[-1.4012446820718676, -0.434793709905056, -0.38048592631995776, -0.40275939696411495, 0.37202896609336333, -1.4846645298081307]
[-1.4696483895809416, -0.3866442427304685, -0.4018241360656983, -0.34577967085185357, 0.4090546152235759, -1.540229038787222]
[-1.538052097090016, -0.3384947755558809, -0.4231623458114388, -0.28879994473959214, 0.44608026435378845, -1.5957935477663132]
[-1.60645580459909, -0.29034530838129347, -0.44450055555717927, -0.23182021862733077, 0.48310591348400095, -1.6513580567454045]
[-1.6748595121081644, -0.2421958412067059, -0.4658387653029198, -0.17484049251506928, 0.5201315626142136, -1.706922565724496]
[-1.7432632196172386, -0.19404637403211833, -0.4871769750486603, -0.11786076640280785, 0.5571572117444261, -1.7624870747035875]
[-1.8116669271263128, -0.14589690685753087, -0.5085151847944008, -0.06088104029054653, 0.5941828608746387, -1.8180515836826787]
[-1.880070634635387, -0.09774743968294326, -0.5298533945401414, -0.0039013141782851136, 0.6312085100048512, -1.87361609266177]