[0.08709253721344545, -0.5313978060026718, -0.06927095283984652, 0.0002019645195119324, 0.6015241262608111, 0.05589301234992483]
[0.0021563098738797276, -0.5481613708895142, -0.15923249006431217, 0.0369404193970124, 0.6121250173575064, 0.0745860633418077]
[-0.082779917465686, -0.5649249357763566, -0.24919402728877782, 0.07367887427451286, 0.6227259084542016, 0.09327911433369059]
[-0.1677161448052517, -0.5816885006631989, -0.33915556451324347, 0.11041732915201333, 0.6333267995508969, 0.11197216532557346]
[-0.25265237214481745, -0.5984520655500413, -0.4291171017377091, 0.1471557840295138, 0.6439276906475921, 0.13066521631745634]
[-0.33758859948438313, -0.6152156304368837, -0.5190786389621748, 0.18389423890701426, 0.6545285817442874, 0.1493582673093392]
[-0.46766907955833587, -0.6098638221387622, -0.5698785855940391, 0.20250510938950325, 0.6507329323032793, 0.07434675185930258]
[-0.5977495596322886, -0.6045120138406408, -0.6206785322259034, 0.22111597987199222, 0.6469372828622714, -0.0006647635907340577]
[-0.7278300397062414, -0.5991602055425195, -0.6714784788577678, 0.2397268503544812, 0.6431416334212634, -0.07567627904077068]
[-0.8579105197801941, -0.593808397244398, -0.7222784254896322, 0.2583377208369702, 0.6393459839802553, -0.15068779449080733]
[-0.9879909998541468, -0.5884565889462766, -0.7730783721214965, 0.27694859131945915, 0.6355503345392473, -0.22569930994084397]
[-1.1180714799280995, -0.5831047806481553, -0.8238783187533609, 0.29555946180194814, 0.6317546850982393, -0.30071082539088057]
[-1.248151960002052, -0.5777529723500339, -0.8746782653852252, 0.31417033228443714, 0.6279590356572313, -0.37572234084091727]
[-1.378232440076005, -0.5724011640519124, -0.9254782120170896, 0.33278120276692613, 0.6241633862162232, -0.45073385629095386]
[-1.4154294545414725, -0.5411421685498119, -0.8566712703248148, 0.30203053020035464, 0.6038794858934748, -0.5714886206202904]
[-1.45262646900694, -0.5098831730477112, -0.78786432863254, 0.2712798576337832, 0.5835955855707264, -0.6922433849496269]
[-1.4898234834724073, -0.4786241775456107, -0.7190573869402652, 0.24052918506721177, 0.5633116852479781, -0.8129981492789634]
[-1.5270204979378748, -0.44736518204351017, -0.6502504452479905, 0.20977851250064028, 0.5430277849252297, -0.9337529136082999]
[-1.5642175124033422, -0.4161061865414096, -0.5814435035557157, 0.17902783993406884, 0.5227438846024813, -1.0545076779376363]
[-1.6014145268688096, -0.384847191039309, -0.512636561863441, 0.14827716736749738, 0.5024599842797329, -1.1752624422669729]
[-1.638611541334277, -0.35358819553720844, -0.4438296201711661, 0.11752649480092592, 0.4821760839569845, -1.2960172065963094]
[-1.6758085557997446, -0.32232920003510784, -0.37502267847889137, 0.08677582223435443, 0.4618921836342362, -1.4167719709256459]
[-1.713005570265212, -0.29107020453300725, -0.3062157367866165, 0.05602514966778299, 0.44160828331148777, -1.5375267352549824]
[-1.7502025847306795, -0.2598112090309067, -0.23740879509434176, 0.025274477101211557, 0.4213243829887394, -1.658281499584319]
[-1.7873995991961469, -0.22855221352880611, -0.16860185340206701, -0.005476195465359958, 0.401040482665991, -1.7790362639136554]