[-0.1163128586823694, -0.10739468604797331, -0.4407217510473105, 9.150240613386984e-05, 0.5494372836767205, -0.1474493858094279]
[-0.1620978034160866, -0.09711532708749383, -0.5140572734465287, 0.05017823427824809, 0.5022175560438341, -0.20157211923514626]
[-0.2078827481498038, -0.08683596812701436, -0.587392795845747, 0.10026496615036232, 0.4549978284109478, -0.2556948526608646]
[-0.253667692883521, -0.07655660916653488, -0.6607283182449653, 0.15035169802247655, 0.4077781007780614, -0.309817586086583]
[-0.35025928090641467, -0.07626846796689767, -0.7196854744273081, 0.18444593753785915, 0.39127669330108433, -0.4106557461941781]
[-0.4468508689293084, -0.07598032676726045, -0.7786426306096511, 0.21854017705324175, 0.3747752858241072, -0.5114939063017732]
[-0.5434424569522022, -0.07569218556762324, -0.837599786791994, 0.25263441656862434, 0.3582738783471301, -0.6123320664093683]
[-0.6400340449750959, -0.07540404436798602, -0.8965569429743369, 0.28672865608400694, 0.34177247087015294, -0.7131702265169635]
[-0.7366256329979897, -0.0751159031683488, -0.9555140991566798, 0.3208228955993896, 0.32527106339317585, -0.8140083866245587]
[-0.8332172210208834, -0.07482776196871159, -1.0144712553390227, 0.3549171351147722, 0.30876965591619876, -0.9148465467321536]
[-0.9298088090437772, -0.07453962076907437, -1.0734284115213657, 0.3890113746301548, 0.2922682484392216, -1.0156847068397488]
[-1.0264003970666709, -0.07425147956943716, -1.1323855677037085, 0.4231056141455373, 0.2757668409622445, -1.116522866947344]
[-1.1229919850895644, -0.07396333836979994, -1.1913427238860514, 0.45719985366092, 0.25926543348526737, -1.217361027054939]
[-1.2195835731124585, -0.07367519717016273, -1.2502998800683944, 0.49129409317630257, 0.24276402600829025, -1.3181991871625343]
[-1.316175161135352, -0.07338705597052551, -1.3092570362507372, 0.5253883326916852, 0.22626261853131316, -1.4190373472701292]
[-1.4127667491582456, -0.0730989147708883, -1.3682141924330802, 0.5594825722070678, 0.20976121105433604, -1.5198755073777244]
[-1.4483009185492532, -0.09540011112495161, -1.289611104156519, 0.4970574054273839, 0.2907470383509974, -1.5430040863992118]
[-1.4838350879402609, -0.11770130747901492, -1.211008015879958, 0.4346322386477001, 0.37173286564765884, -1.5661326654206993]
[-1.5193692573312687, -0.14000250383307822, -1.132404927603397, 0.37220707186801627, 0.4527186929443202, -1.589261244442187]
[-1.5549034267222763, -0.16230370018714155, -1.0538018393268358, 0.3097819050883325, 0.5337045202409816, -1.6123898234636744]
[-1.590437596113284, -0.18460489654120488, -0.9751987510502746, 0.24735673830864857, 0.614690347537643, -1.635518402485162]
[-1.6259717655042916, -0.20690609289526818, -0.8965956627737137, 0.18493157152896478, 0.6956761748343043, -1.6586469815066494]
[-1.6615059348952994, -0.22920728924933148, -0.8179925744971526, 0.12250640474928093, 0.7766620021309658, -1.681775560528137]
[-1.697040104286307, -0.2515084856033948, -0.7393894862205915, 0.060081237969597134, 0.8576478294276271, -1.7049041395496245]
[-1.7325742736773146, -0.27380968195745814, -0.6607863979440304, -0.0023439288100866986, 0.9386336567242886, -1.728032718571112]