[-0.15263721563598143, -0.18260832073366018, -0.5622860282831352, -0.00017728000840389058, 0.746377726785342, -0.18346558858551631]
[-0.18709699357700094, -0.1850480552088393, -0.5729113762880774, -0.10838536516969027, 0.6765352241123275, -0.25991298997146756]
[-0.22155677151802045, -0.18748778968401839, -0.5835367242930197, -0.21659345033097666, 0.606692721439313, -0.3363603913574188]
[-0.25601654945903995, -0.1899275241591975, -0.5941620722979619, -0.32480153549226304, 0.5368502187662985, -0.41280779274337]
[-0.29047632740005946, -0.19236725863437662, -0.6047874203029042, -0.4330096206535494, 0.46700771609328395, -0.4892551941293212]
[-0.32493610534107903, -0.19480699310955574, -0.6154127683078464, -0.5412177058148359, 0.3971652134202694, -0.5657025955152725]
[-0.3593958832820985, -0.19724672758473483, -0.6260381163127886, -0.6494257909761222, 0.32732271074725494, -0.6421499969012237]
[-0.39385566122311805, -0.19968646205991394, -0.6366634643177309, -0.7576338761374086, 0.2574802080742404, -0.718597398287175]
[-0.42831543916413756, -0.20212619653509306, -0.6472888123226731, -0.865841961298695, 0.18763770540122593, -0.7950447996731261]
[-0.4627752171051571, -0.20456593101027215, -0.6579141603276154, -0.9740500464599815, 0.11779520272821131, -0.8714922010590774]
[-0.49723499504617663, -0.20700566548545127, -0.6685395083325576, -1.0822581316212678, 0.047952700055196806, -0.9479396024450286]
[-0.5316947729871961, -0.20944539996063039, -0.6791648563374999, -1.1904662167825542, -0.0218898026178177, -1.02438700383098]
[-0.5661545509282155, -0.21188513443580947, -0.6897902043424421, -1.2986743019438405, -0.0917323052908321, -1.100834405216931]
[-0.6006143288692352, -0.2143248689109886, -0.7004155523473843, -1.406882387105127, -0.1615748079638467, -1.1772818066028825]
[-0.6350741068102547, -0.2167646033861677, -0.7110409003523266, -1.5150904722664134, -0.23141731063686122, -1.2537292079888336]
[-0.7061598617841366, -0.22665214206412884, -0.7045436967412655, -1.4205544004928026, -0.15531160085149362, -1.285869873357747]
[-0.7772456167580184, -0.23653968074208997, -0.6980464931302045, -1.326018328719192, -0.07920589106612602, -1.3180105387266603]
[-0.8483313717319003, -0.24642721942005108, -0.6915492895191434, -1.2314822569455814, -0.003100181280758424, -1.3501512040955737]
[-0.9194171267057822, -0.2563147580980122, -0.6850520859080823, -1.1369461851719707, 0.07300552850460917, -1.382291869464487]
[-0.9905028816796642, -0.26620229677597335, -0.6785548822970213, -1.0424101133983599, 0.14911123828997674, -1.4144325348334004]
[-1.061588636653546, -0.27608983545393445, -0.6720576786859602, -0.9478740416247493, 0.22521694807534437, -1.4465732002023137]
[-1.132674391627428, -0.2859773741318956, -0.6655604750748991, -0.8533379698511386, 0.301322657860712, -1.478713865571227]
[-1.2037601466013097, -0.2958649128098567, -0.659063271463838, -0.758801898077528, 0.37742836764607957, -1.5108545309401404]
[-1.2748459015751918, -0.3057524514878178, -0.652566067852777, -0.6642658263039173, 0.45353407743144714, -1.5429951963090538]
[-1.3459316565490735, -0.315639990165779, -0.646068864241716, -0.5697297545303066, 0.5296397872168147, -1.5751358616779672]
[-1.4170174115229555, -0.3255275288437401, -0.639571660630655, -0.47519368275669605, 0.6057454970021824, -1.6072765270468803]
[-1.4881031664968374, -0.33541506752170125, -0.6330744570195939, -0.38065761098308526, 0.68185120678755, -1.6394171924157936]
[-1.5591889214707193, -0.34530260619966235, -0.6265772534085328, -0.2861215392094745, 0.7579569165729175, -1.671557857784707]
[-1.6302746764446012, -0.35519014487762346, -0.6200800497974717, -0.1915854674358639, 0.8340626263582852, -1.7036985231536204]
[-1.701360431418483, -0.36507768355558456, -0.6135828461864107, -0.09704939566225335, 0.9101683361436527, -1.7358391885225337]
[-1.7724461863923648, -0.3749652222335457, -0.6070856425753496, -0.002513323888642642, 0.9862740459290205, -1.767979853891447]