[0.13811797925739366, -0.03902848587053409, -0.446464988016233, 0.0012880385813529571, 0.48647036205272176, 0.10576684801841463]
[0.19014962352260067, -0.07923250282787801, -0.48868078160748357, 0.05373685532718923, 0.46574922515958517, 0.06884534329098332]
[0.24218126778780769, -0.11943651978522193, -0.5308965751987341, 0.1061856720730255, 0.4450280882664486, 0.03192383856355202]
[0.2942129120530147, -0.15964053674256587, -0.5731123687899846, 0.15863448881886177, 0.424306951373312, -0.004997666163879299]
[0.1811450421636151, -0.18307881365712791, -0.5802691855332428, 0.1643697763191147, 0.44324745724700776, -0.12605630421503872]
[0.06807717227421553, -0.20651709057168993, -0.587426002276501, 0.17010506381936763, 0.46218796312070354, -0.24711494226619815]
[-0.04499069761518404, -0.22995536748625195, -0.5945828190197591, 0.17584035131962056, 0.4811284689943993, -0.3681735803173576]
[-0.15805856750458364, -0.253393644400814, -0.6017396357630173, 0.18157563881987349, 0.5000689748680951, -0.489232218368517]
[-0.27112643739398323, -0.27683192131537604, -0.6088964525062754, 0.18731092632012641, 0.5190094807417909, -0.6102908564196765]
[-0.3841943072833828, -0.30027019822993806, -0.6160532692495336, 0.19304621382037934, 0.5379499866154867, -0.7313494944708359]
[-0.4972621771727824, -0.3237084751445001, -0.6232100859927918, 0.19878150132063227, 0.5568904924891824, -0.8524081325219953]
[-0.610330047062182, -0.3471467520590621, -0.6303669027360499, 0.2045167888208852, 0.5758309983628782, -0.9734667705731547]
[-0.7233979169515817, -0.3705850289736242, -0.6375237194793081, 0.21025207632113815, 0.594771504236574, -1.0945254086243144]
[-0.8364657868409812, -0.39402330588818624, -0.6446805362225663, 0.21598736382139108, 0.6137120101102698, -1.2155840466754737]
[-0.9495336567303808, -0.41746158280274825, -0.6518373529658245, 0.22172265132164398, 0.6326525159839655, -1.336642684726633]
[-1.0626015266197801, -0.44089985971731027, -0.6589941697090825, 0.2274579388218969, 0.6515930218576613, -1.4577013227777924]
[-1.1756693965091802, -0.4643381366318723, -0.6661509864523407, 0.23319322632214987, 0.6705335277313571, -1.578759960828952]
[-1.2887372663985797, -0.4877764135464343, -0.6733078031955989, 0.2389285138224028, 0.6894740336050529, -1.6998185988801113]
[-1.412451457632942, -0.4627587895686889, -0.6359169326763068, 0.19046768850085272, 0.7221294510788906, -1.7402317388786683]
[-1.5361656488673048, -0.43774116559094345, -0.5985260621570146, 0.14200686317930264, 0.7547848685527284, -1.7806448788772253]
[-1.659879840101667, -0.4127235416131981, -0.5611351916377225, 0.09354603785775256, 0.7874402860265661, -1.8210580188757823]
[-1.7835940313360297, -0.38770591763545265, -0.5237443211184304, 0.045085212536202485, 0.820095703500404, -1.8614711588743393]
[-1.9073082225703921, -0.3626882936577072, -0.4863534505991383, -0.0033756127853475956, 0.8527511209742417, -1.9018842988728963]