[0.03805937899878664, -0.21681989476371655, -0.6220684513450845, 0.0006091045087011082, 0.8402896578036474, 0.006087206221719654]
[-0.0693211758617247, -0.25377129234894386, -0.6584305068886197, 0.035947644265122, 0.8809806888264891, -0.023304095863635268]
[-0.17670173072223605, -0.29072268993417116, -0.694792562432155, 0.0712861840215429, 0.9216717198493307, -0.05269539794899019]
[-0.2840822855827474, -0.32767408751939847, -0.7311546179756903, 0.1066247237779638, 0.9623627508721725, -0.08208670003434511]
[-0.39146284044325874, -0.3646254851046258, -0.7675166735192255, 0.14196326353438468, 1.003053781895014, -0.11147800211970003]
[-0.4988433953037701, -0.40157688268985314, -0.8038787290627608, 0.1773018032908056, 1.043744812917856, -0.14086930420505497]
[-0.6062239501642814, -0.4385282802750804, -0.840240784606296, 0.21264034304722648, 1.0844358439406976, -0.17026060629040987]
[-0.7136045050247928, -0.47547967786030776, -0.8766028401498314, 0.24797888280364738, 1.1251268749635392, -0.1996519083757648]
[-0.8209850598853041, -0.512431075445535, -0.9129648956933665, 0.28331742256006825, 1.165817905986381, -0.22904321046111972]
[-0.9283656147458155, -0.5493824730307624, -0.9493269512369018, 0.3186559623164892, 1.2065089370092226, -0.25843451254647465]
[-1.0010756686889744, -0.5312237598310365, -0.9085573228999125, 0.2983586081404967, 1.166043510560236, -0.37249625869990355]
[-1.0737857226321332, -0.5130650466313108, -0.8677876945629233, 0.2780612539645042, 1.1255780841112497, -0.48655800485333245]
[-1.1464957765752923, -0.49490633343158497, -0.8270180662259339, 0.2577638997885117, 1.0851126576622632, -0.6006197510067615]
[-1.2192058305184512, -0.4767476202318592, -0.7862484378889446, 0.2374665456125192, 1.0446472312132766, -0.7146814971601902]
[-1.29191588446161, -0.4585889070321334, -0.7454788095519553, 0.21716919143652672, 1.0041818047642903, -0.8287432433136193]
[-1.3646259384047692, -0.44043019383240756, -0.704709181214966, 0.1968718372605342, 0.9637163783153038, -0.9428049894670482]
[-1.437335992347928, -0.4222714806326818, -0.6639395528779767, 0.1765744830845417, 0.9232509518663172, -1.056866735620477]
[-1.510046046291087, -0.404112767432956, -0.6231699245409874, 0.15627712890854922, 0.8827855254173308, -1.170928481773906]
[-1.5827561002342458, -0.38595405423323015, -0.5824002962039981, 0.13597977473255674, 0.8423200989683444, -1.2849902279273349]
[-1.6554661541774047, -0.36779534103350436, -0.5416306678670089, 0.11568242055656425, 0.8018546725193578, -1.3990519740807639]
[-1.7281762081205638, -0.3496366278337786, -0.5008610395300195, 0.09538506638057173, 0.7613892460703714, -1.5131137202341927]
[-1.8008862620637227, -0.33147791463405274, -0.4600914111930302, 0.07508771220457924, 0.720923819621385, -1.6271754663876217]
[-1.8735963160068816, -0.31331920143432695, -0.41932178285604094, 0.05479035802858673, 0.6804583931723984, -1.7412372125410505]
[-1.9463063699500407, -0.29516048823460117, -0.37855215451905155, 0.03449300385259424, 0.639992966723412, -1.8552989586944795]
[-2.0190164238931994, -0.27700177503487533, -0.3377825261820623, 0.014195649676601751, 0.5995275402744255, -1.9693607048479083]
[-2.0917264778363585, -0.25884306183514955, -0.297012897845073, -0.0061017044993907565, 0.559062113825439, -2.0834224510013373]