[-0.11093584042655369, -0.3425022623182201, -0.28224555112327643, 6.178050692895454e-05, 0.6260293596842921, -0.14196707526690222]
[-0.058334733856896616, -0.3681453369717481, -0.32337850829455306, 0.056842502164030084, 0.6016257125747169, -0.2395994729532665]
[-0.005733627287239543, -0.3937884116252761, -0.3645114654658297, 0.11362322382113121, 0.5772220654651415, -0.3372318706396308]
[0.046867479282417523, -0.41943148627880417, -0.40564442263710637, 0.17040394547823234, 0.5528184183555663, -0.43486426832599506]
[0.0994685858520746, -0.44507456093233216, -0.446777379808383, 0.22718466713533347, 0.528414771245991, -0.5324966660123593]
[0.15206969242173168, -0.4707176355858602, -0.4879103369796597, 0.2839653887924346, 0.5040111241364158, -0.6301290636987237]
[0.20467079899138874, -0.4963607102393882, -0.5290432941509363, 0.34074611044953573, 0.4796074770268406, -0.7277614613850879]
[0.25727190556104584, -0.5220037848929162, -0.570176251322213, 0.39752683210663686, 0.45520382991726527, -0.8253938590714522]
[0.3098730121307029, -0.5476468595464442, -0.6113092084934896, 0.454307553763738, 0.43080018280769006, -0.9230262567578165]
[0.36247411870036, -0.5732899341999722, -0.6524421656647663, 0.5110882754208391, 0.40639653569811474, -1.020658654444181]
[0.41507522527001706, -0.5989330088535003, -0.693575122836043, 0.5678689970779403, 0.3819928885885395, -1.1182910521305451]
[0.46767633183967416, -0.6245760835070282, -0.7347080800073196, 0.6246497187350414, 0.35758924147896426, -1.2159234498169094]
[0.5202774384093312, -0.6502191581605563, -0.7758410371785962, 0.6814304403921425, 0.33318559436938905, -1.3135558475032736]
[0.5728785449789883, -0.6758622328140843, -0.8169739943498728, 0.7382111620492436, 0.3087819472598138, -1.411188245189638]
[0.6254796515486454, -0.7015053074676123, -0.8581069515211495, 0.7949918837063448, 0.2843783001502385, -1.5088206428760023]
[0.47020797590432395, -0.6903633524461905, -0.8203810852502572, 0.7418401199458688, 0.32081039573647097, -1.5214950000771559]
[0.3149363002600026, -0.6792213974247687, -0.782655218979365, 0.6886883561853928, 0.35724249132270347, -1.5341693572783093]
[0.15966462461568115, -0.6680794424033469, -0.7449293527084727, 0.6355365924249169, 0.393674586908936, -1.546843714479463]
[0.004392948971359778, -0.6569374873819251, -0.7072034864375805, 0.5823848286644409, 0.4301066824951684, -1.5595180716806163]
[-0.15087872667296165, -0.6457955323605034, -0.6694776201666882, 0.5292330649039649, 0.4665387780814009, -1.57219242888177]
[-0.3061504023172831, -0.6346535773390816, -0.631751753895796, 0.47608130114348896, 0.5029708736676334, -1.5848667860829235]
[-0.4614220779616045, -0.6235116223176598, -0.5940258876249036, 0.422929537383013, 0.5394029692538658, -1.597541143284077]
[-0.6166937536059258, -0.612369667296238, -0.5563000213540115, 0.36977777362253705, 0.5758350648400983, -1.6102155004852305]
[-0.7719654292502471, -0.6012277122748161, -0.5185741550831191, 0.3166260098620611, 0.6122671604263308, -1.622889857686384]
[-0.9272371048945687, -0.5900857572533943, -0.4808482888122269, 0.2634742461015851, 0.6486992560125633, -1.6355642148875376]
[-1.08250878053889, -0.5789438022319725, -0.44312242254133466, 0.21032248234110917, 0.6851313515987958, -1.6482385720886912]
[-1.2377804561832115, -0.5678018472105507, -0.40539655627044235, 0.15717071858063314, 0.7215634471850283, -1.6609129292898446]
[-1.393052131827533, -0.5566598921891289, -0.3676706899995501, 0.10401895482015722, 0.7579955427712607, -1.6735872864909982]
[-1.5483238074718544, -0.5455179371677071, -0.32994482372865785, 0.05086719105968118, 0.7944276383574931, -1.6862616436921516]
[-1.703595483116176, -0.5343759821462853, -0.29221895745776566, -0.0022845727007947034, 0.8308597339437256, -1.6989360008933052]