[0.10118827619351389, -0.369687007106946, -0.6388281430770064, 0.00040049393314944837, 1.0095925586409251, 0.0700350119032409]
[0.0314318218259791, -0.3504668129828825, -0.6565895723973402, 0.054960679496818196, 0.993157600158156, -0.04344656295292347]
[-0.03832463254155569, -0.331246618858819, -0.6743510017176738, 0.10952086506048694, 0.9767226416753868, -0.15692813780908785]
[-0.10808108690909049, -0.3120264247347555, -0.6921124310380076, 0.1640810506241557, 0.9602876831926177, -0.27040971266525227]
[-0.17783754127662527, -0.292806230610692, -0.7098738603583413, 0.21864123618782444, 0.9438527247098485, -0.3838912875214166]
[-0.24759399564416007, -0.2735860364866285, -0.7276352896786751, 0.2732014217514932, 0.9274177662270794, -0.49737286237758105]
[-0.3173504500116949, -0.254365842362565, -0.7453967189990087, 0.32776160731516196, 0.9109828077443102, -0.6108544372337454]
[-0.3871069043792296, -0.23514564823850148, -0.7631581483193425, 0.38232179287883067, 0.8945478492615411, -0.7243360120899097]
[-0.4568633587467644, -0.21592545411443798, -0.7809195776396762, 0.43688197844249943, 0.8781128907787719, -0.8378175869460741]
[-0.5266198131142993, -0.19670525999037447, -0.7986810069600099, 0.49144216400616814, 0.8616779322960028, -0.9512991618022386]
[-0.596376267481834, -0.17748506586631096, -0.8164424362803436, 0.546002349569837, 0.8452429738132335, -1.064780736658403]
[-0.6661327218493689, -0.15826487174224746, -0.8342038656006774, 0.6005625351335057, 0.8288080153304644, -1.1782623115145674]
[-0.7358891762169036, -0.13904467761818393, -0.851965294921011, 0.6551227206971745, 0.8123730568476952, -1.2917438863707318]
[-0.8056456305844384, -0.11982448349412048, -0.8697267242413448, 0.7096829062608431, 0.7959380983649261, -1.405225461226896]
[-0.8754020849519731, -0.10060428937005694, -0.8874881535616785, 0.7642430918245119, 0.779503139882157, -1.5187070360830603]
[-0.9451585393195079, -0.08138409524599344, -0.9052495828820122, 0.8188032773881806, 0.7630681813993878, -1.6321886109392247]
[-1.0149149936870427, -0.06216390112192993, -0.923011012202346, 0.8733634629518494, 0.7466332229166186, -1.7456701857953891]
[-1.0846714480545776, -0.04294370699786643, -0.9407724415226797, 0.9279236485155181, 0.7301982644338495, -1.8591517606515535]
[-1.1521832595943509, -0.04382636369438345, -0.9201016620546891, 0.8775622724949754, 0.7243301100200856, -1.8840632736436447]
[-1.2196950711341243, -0.044709020390900474, -0.8994308825866986, 0.8272008964744326, 0.7184619556063219, -1.9089747866357358]
[-1.316399635876687, -0.05478207671007829, -0.8527247135019196, 0.7084678882196019, 0.7146051834435487, -1.9063172415398515]
[-1.4131042006192494, -0.0648551330292561, -0.8060185444171407, 0.5897348799647713, 0.7107484112807756, -1.9036596964439672]
[-1.509808765361812, -0.07492818934843393, -0.7593123753323617, 0.4710018717099405, 0.7068916391180025, -1.9010021513480828]
[-1.6065133301043744, -0.08500124566761173, -0.7126062062475828, 0.35226886345510977, 0.7030348669552293, -1.8983446062521987]
[-1.703217894846937, -0.09507430198678955, -0.6659000371628039, 0.23353585520027897, 0.6991780947924562, -1.8956870611563144]
[-1.7999224595894994, -0.10514735830596736, -0.6191938680780249, 0.1148028469454484, 0.695321322629683, -1.89302951606043]
[-1.896627024332062, -0.11522041462514518, -0.5724876989932459, -0.003930161309382379, 0.6914645504669099, -1.8903719709645457]