[0.009309602560569452, -0.036557681384672414, -0.5890040238681902, 0.00031280637800978894, 0.6267405959801771, -0.021884227523814914]
[0.07954536861283648, -0.04493765264295558, -0.6170298149600758, -0.055476528547708605, 0.6819069344285731, -0.07967374821181394]
[0.1497811346651035, -0.053317623901238745, -0.6450556060519614, -0.111265863473427, 0.7370732728769691, -0.13746326889981297]
[0.22001690071737054, -0.06169759515952191, -0.673081397143847, -0.1670551983991454, 0.7922396113253652, -0.195252789587812]
[0.29025266676963757, -0.07007756641780508, -0.7011071882357326, -0.22284453332486379, 0.8474059497737613, -0.25304231027581103]
[0.3604884328219046, -0.07845753767608825, -0.7291329793276182, -0.27863386825058223, 0.9025722882221574, -0.31083183096381006]
[0.4307241988741716, -0.08683750893437141, -0.7571587704195039, -0.3344232031763006, 0.9577386266705534, -0.3686213516518091]
[0.5009599649264387, -0.09521748019265458, -0.7851845615113895, -0.390212538102019, 1.0129049651189495, -0.4264108723398081]
[0.4252123832481697, -0.09265277262091404, -0.7999773035239617, -0.4137789947154539, 1.1028633018362748, -0.5245211492813868]
[0.3494648015699006, -0.09008806504917351, -0.814770045536534, -0.43734545132888875, 1.1928216385536001, -0.6226314262229655]
[0.27371721989163156, -0.08752335747743296, -0.8295627875491062, -0.4609119079423236, 1.2827799752709252, -0.7207417031645441]
[0.19796963821336255, -0.08495864990569242, -0.8443555295616784, -0.48447836455575854, 1.3727383119882506, -0.8188519801061228]
[0.12222205653509344, -0.08239394233395189, -0.8591482715742507, -0.5080448211691935, 1.462696648705576, -0.9169622570477015]
[0.04647447485682443, -0.07982923476221135, -0.8739410135868229, -0.5316112777826283, 1.552654985422901, -1.01507253398928]
[-0.029273106821444572, -0.0772645271904708, -0.888733755599395, -0.5551777343960632, 1.6426133221402264, -1.113182810930859]
[-0.10502068849971358, -0.07469981961873028, -0.9035264976119673, -0.578744191009498, 1.7325716588575517, -1.2112930878724375]
[-0.18076827017798264, -0.07213511204698973, -0.9183192396245395, -0.602310647622933, 1.822529995574877, -1.3094033648140162]
[-0.3259846115776101, -0.08052984209128125, -0.9128785695417201, -0.5817126440995123, 1.85721971537418, -1.3734846413604518]
[-0.4490501022323381, -0.09336420786818639, -0.8960441326199583, -0.5407565030438811, 1.835547773542126, -1.3840211315372246]
[-0.5721155928870661, -0.10619857364509153, -0.8792096956981965, -0.49980036198825006, 1.8138758317100716, -1.3945576217139977]
[-0.6951810835417942, -0.11903293942199666, -0.8623752587764347, -0.4588442209326189, 1.7922038898780175, -1.4050941118907705]
[-0.7843081153149307, -0.1256932881630248, -0.8271634466628335, -0.4237793215389785, 1.7015756051814672, -1.4391940231009444]
[-0.8734351470880672, -0.13235363690405294, -0.7919516345492322, -0.3887144221453382, 1.6109473204849172, -1.4732939343111184]
[-0.9625621788612038, -0.13901398564508108, -0.756739822435631, -0.3536495227516978, 1.5203190357883671, -1.5073938455212923]
[-1.0516892106343403, -0.14567433438610922, -0.7215280103220296, -0.3185846233580575, 1.4296907510918169, -1.5414937567314664]
[-1.1408162424074768, -0.15233468312713733, -0.6863161982084284, -0.28351972396441705, 1.3390624663952666, -1.5755936679416402]
[-1.2299432741806133, -0.15899503186816547, -0.6511043860948271, -0.24845482457077672, 1.2484341816987166, -1.6096935791518143]
[-1.3190703059537499, -0.1656553806091936, -0.6158925739812259, -0.2133899251771364, 1.1578058970021665, -1.6437934903619882]
[-1.4081973377268864, -0.17231572935022174, -0.5806807618676246, -0.17832502578349602, 1.0671776123056163, -1.6778934015721623]
[-1.497324369500023, -0.17897607809124988, -0.5454689497540233, -0.1432601263898557, 0.9765493276090662, -1.7119933127823361]
[-1.5864514012731594, -0.185636426832278, -0.5102571376404221, -0.10819522699621525, 0.8859210429125159, -1.7460932239925102]
[-1.675578433046296, -0.19229677557330616, -0.4750453255268208, -0.07313032760257493, 0.7952927582159659, -1.780193135202684]
[-1.7647054648194325, -0.19895712431433427, -0.4398335134132195, -0.03806542820893455, 0.7046644735194156, -1.8142930464128582]
[-1.853832496592569, -0.2056174730553624, -0.4046217012996183, -0.003000528815294226, 0.6140361888228655, -1.848392957623032]