[-0.2707013088380439, -0.7829295704418264, -0.2811047856736515, 0.00018728310799431824, 1.0654340835553837, -0.3020326701743734]
[-0.2732724852391473, -0.7638147067639383, -0.4099056414489031, -0.0583646647454908, 1.0794951469505365, -0.31748493044804577]
[-0.2758436616402507, -0.7446998430860502, -0.5387064972241548, -0.11691661259897591, 1.093556210345689, -0.33293719072171807]
[-0.27841483804135414, -0.725584979408162, -0.6675073529994064, -0.17546856045246104, 1.1076172737408418, -0.3483894509953904]
[-0.38251842680171966, -0.6795881501176958, -0.674198272718592, -0.1739255683071793, 1.0713598038742822, -0.44927323431518956]
[-0.4866220155620852, -0.6335913208272297, -0.6808891924377775, -0.1723825761618976, 1.0351023340077223, -0.5501570176349887]
[-0.5907256043224507, -0.5875944915367635, -0.6875801121569629, -0.1708395840166159, 0.9988448641411626, -0.6510408009547878]
[-0.6948291930828161, -0.5415976622462972, -0.6942710318761485, -0.16929659187133417, 0.9625873942746028, -0.751924584274587]
[-0.7989327818431816, -0.49560083295583107, -0.700961951595334, -0.16775359972605244, 0.9263299244080432, -0.852808367594386]
[-0.9030363706035471, -0.4496040036653649, -0.7076528713145195, -0.16621060758077072, 0.8900724545414834, -0.9536921509141851]
[-1.0071399593639125, -0.40360717437489874, -0.7143437910337049, -0.164667615435489, 0.8538149846749237, -1.0545759342339842]
[-1.1112435481242782, -0.35761034508443246, -0.7210347107528905, -0.1631246232902073, 0.8175575148083638, -1.1554597175537835]
[-1.2153471368846436, -0.3116135157939663, -0.7277256304720761, -0.16158163114492557, 0.7813000449418042, -1.2563435008735826]
[-1.3194507256450092, -0.2656166865035001, -0.7344165501912615, -0.16003863899964385, 0.7450425750752444, -1.3572272841933817]
[-1.3867390264922956, -0.2476891099423636, -0.654242783088211, -0.12056383159367082, 0.7117780365413293, -1.413919999581947]
[-1.454027327339582, -0.22976153338122707, -0.5740690159851607, -0.08108902418769777, 0.6785134980074141, -1.4706127149705122]
[-1.5213156281868683, -0.21183395682009057, -0.4938952488821102, -0.04161421678172472, 0.6452489594734989, -1.5273054303590774]
[-1.5886039290341547, -0.19390638025895404, -0.4137214817790598, -0.0021394093757516885, 0.6119844209395838, -1.5839981457476426]