[0.05833566540584911, -0.6680164697117483, -0.3234612449317007, 0.000198890960208864, 0.9925447933605387, 0.027208975538948188]
[-0.057841531514544756, -0.6563561368529467, -0.36169710561801566, 0.017569768042717156, 0.9964828444405384, -0.08787121972302617]
[-0.17401872843493862, -0.644695803994145, -0.3999329663043306, 0.03494064512522545, 1.000420895520538, -0.20295141498500052]
[-0.29019592535533245, -0.6330354711353433, -0.4381688269906455, 0.05231152220773373, 1.0043589466005378, -0.31803161024697485]
[-0.40637312227572636, -0.6213751382765416, -0.4764046876769605, 0.06968239929024203, 1.0082969976805374, -0.43311180550894923]
[-0.5225503191961202, -0.6097148054177399, -0.5146405483632754, 0.08705327637275032, 1.0122350487605372, -0.5481920007709236]
[-0.638727516116514, -0.5980544725589382, -0.5528764090495903, 0.1044241534552586, 1.0161730998405367, -0.6632721960328979]
[-0.754904713036908, -0.5863941397001365, -0.5911122697359052, 0.12179503053776689, 1.0201111509205365, -0.7783523912948723]
[-0.8710819099573018, -0.5747338068413348, -0.6293481304222203, 0.1391659076202752, 1.024049202000536, -0.8934325865568467]
[-0.9872591068776957, -0.5630734739825332, -0.6675839911085353, 0.15653678470278348, 1.0279872530805358, -1.008512781818821]
[-1.1034363037980894, -0.5514131411237315, -0.7058198517948502, 0.17390766178529177, 1.0319253041605354, -1.1235929770807953]
[-1.2196135007184834, -0.5397528082649298, -0.7440557124811651, 0.19127853886780005, 1.0358633552405352, -1.2386731723427697]
[-1.3133666293395658, -0.5334732909773121, -0.6900944746674975, 0.14310446098689714, 1.0386652529611204, -1.326663866963865]
[-1.4071197579606483, -0.5271937736896946, -0.6361332368538299, 0.09493038310599423, 1.0414671506817057, -1.4146545615849604]
[-1.5008728865817307, -0.520914256402077, -0.5821719990401624, 0.04675630522509133, 1.0442690484022907, -1.5026452562060555]
[-1.594626015202813, -0.5146347391144593, -0.5282107612264948, -0.0014177726558115863, 1.047070946122876, -1.5906359508271508]