[0.26982106992547816, -0.6459914189863909, -0.2342761888162448, 0.0006828589378020666, 0.8814505157172157, 0.23845516617952445]
[0.16000382439178912, -0.6329939809191276, -0.24112266203011398, 0.06722818371894274, 0.9348303577048416, 0.19136249931701022]
[0.0501865788581001, -0.6199965428518643, -0.2479691352439832, 0.1337735085000834, 0.9882101996924675, 0.14426983245449598]
[-0.05963066667558897, -0.606999104784601, -0.2548156084578524, 0.20031883328122407, 1.0415900416800934, 0.09717716559198175]
[-0.16944791220927796, -0.5940016667173377, -0.2616620816717216, 0.26686415806236474, 1.0949698836677193, 0.05008449872946752]
[-0.279265157742967, -0.5810042286500744, -0.2685085548855908, 0.33340948284350536, 1.1483497256553452, 0.0029918318669532873]
[-0.3890824032766561, -0.5680067905828111, -0.27535502809946, 0.3999548076246461, 1.2017295676429713, -0.044100834995560945]
[-0.4988996488103451, -0.5550093525155478, -0.2822015013133292, 0.46650013240578675, 1.2551094096305973, -0.09119350185807518]
[-0.6087168943440341, -0.5420119144482844, -0.2890479745271984, 0.5330454571869274, 1.3084892516182232, -0.1382861687205894]
[-0.7185341398777231, -0.5290144763810212, -0.2958944477410676, 0.599590781968068, 1.361869093605849, -0.18537883558310364]
[-0.8283513854114122, -0.5160170383137579, -0.30274092095493677, 0.6661361067492086, 1.415248935593475, -0.23247150244561787]
[-0.9381686309451012, -0.5030196002464946, -0.309587394168806, 0.7326814315303494, 1.468628777581101, -0.2795641693081321]
[-1.0479858764787904, -0.4900221621792313, -0.3164338673826752, 0.7992267563114901, 1.522008619568727, -0.32665683617064634]
[-1.1578031220124794, -0.47702472411196795, -0.3232803405965444, 0.8657720810926307, 1.575388461556353, -0.37374950303316057]
[-1.2676203675461684, -0.46402728604470467, -0.3301268138104136, 0.9323174058737714, 1.6287683035439788, -0.4208421698956748]
[-1.3774376130798573, -0.4510298479774414, -0.3369732870242828, 0.998862730654912, 1.6821481455316047, -0.46793483675818903]
[-1.4270032881001535, -0.4513773479300742, -0.3500886734940309, 0.9272571684385401, 1.6319798010605144, -0.5820843578301933]
[-1.4765689631204497, -0.4517248478827071, -0.36320405996377897, 0.8556516062221683, 1.5818114565894241, -0.6962338789021975]
[-1.5261346381407457, -0.45207234783533995, -0.37631944643352705, 0.7840460440057964, 1.5316431121183336, -0.8103833999742017]
[-1.5757003131610419, -0.45241984778797284, -0.38943483290327513, 0.7124404817894245, 1.4814747676472433, -0.9245329210462059]
[-1.625265988181338, -0.4527673477406057, -0.4025502193730232, 0.6408349195730525, 1.431306423176153, -1.0386824421182101]
[-1.6748316632016342, -0.45311484769323856, -0.41566560584277124, 0.5692293573566807, 1.3811380787050624, -1.1528319631902144]
[-1.7243973382219302, -0.4534623476458714, -0.4287809923125193, 0.49762379514030874, 1.3309697342339721, -1.2669814842622187]
[-1.7739630132422264, -0.45380984759850423, -0.4418963787822674, 0.4260182329239369, 1.2808013897628818, -1.3811310053342227]
[-1.8235286882625226, -0.4541573475511371, -0.4550117652520155, 0.3544126707075649, 1.2306330452917913, -1.4952805264062272]
[-1.8730943632828188, -0.45450484750376996, -0.46812715172176356, 0.28280710849119306, 1.1804647008207012, -1.6094300474782315]
[-1.922660038303115, -0.45485234745640285, -0.48124253819151164, 0.21120154627482113, 1.1302963563496107, -1.7235795685502355]
[-1.972225713323411, -0.4551998474090357, -0.4943579246612597, 0.1395959840584493, 1.0801280118785204, -1.8377290896222398]
[-2.0217913883437073, -0.4555473473616686, -0.5074733111310078, 0.06799042184207726, 1.02995966740743, -1.951878610694244]
[-2.0713570633640033, -0.4558948473143014, -0.5205886976007559, -0.003615140374294493, 0.9797913229363396, -2.0660281317662483]