[0.1545384072797038, -0.7991305385119247, -0.198281127982038, 0.0003833906080066285, 0.998508464245778, 0.1228959488044934]
[0.05091263188066886, -0.8270020571725724, -0.23392776335608956, 0.08338326309964389, 1.025799142306751, 0.11606055783768618]
[-0.05271314351836609, -0.8548735758332201, -0.2695743987301411, 0.16638313559128115, 1.053089820367724, 0.10922516687087896]
[-0.15633891891740104, -0.8827450944938677, -0.30522103410419266, 0.24938300808291844, 1.0803804984286969, 0.10238977590407175]
[-0.259964694316436, -0.9106166131545154, -0.3408676694782442, 0.3323828805745557, 1.1076711764896698, 0.09555438493726454]
[-0.36359046971547093, -0.9384881318151631, -0.37651430485229576, 0.415382753066193, 1.1349618545506428, 0.08871899397045732]
[-0.4672162451145059, -0.9663596504758107, -0.4121609402263473, 0.49838262555783025, 1.1622525326116158, 0.08188360300365011]
[-0.5506406750369126, -0.9290451565752776, -0.42181662774085255, 0.46706378271470794, 1.1483603640218956, -0.03555870059806762]
[-0.6340651049593193, -0.8917306626747447, -0.4314723152553578, 0.4357449398715856, 1.1344681954321754, -0.15300100419978535]
[-0.7174895348817262, -0.8544161687742116, -0.441128002769863, 0.40442609702846327, 1.1205760268424554, -0.2704433078015031]
[-0.8009139648041329, -0.8171016748736786, -0.45078369028436827, 0.37310725418534096, 1.1066838582527352, -0.3878856114032208]
[-0.8843383947265396, -0.7797871809731455, -0.46043937779887356, 0.34178841134221866, 1.092791689663015, -0.5053279150049386]
[-0.9677628246489465, -0.7424726870726124, -0.4700950653133788, 0.31046956849909635, 1.078899521073295, -0.6227702186066564]
[-1.0511872545713532, -0.7051581931720794, -0.47975075282788404, 0.279150725655974, 1.0650073524835748, -0.740212522208374]
[-1.13461168449376, -0.6678436992715463, -0.4894064403423893, 0.24783188281285168, 1.0511151838938546, -0.8576548258100918]
[-1.2180361144161667, -0.6305292053710132, -0.4990621278568945, 0.21651303996972937, 1.0372230153041344, -0.9750971294118096]
[-1.3014605443385734, -0.5932147114704802, -0.5087178153713998, 0.18519419712660706, 1.0233308467144142, -1.0925394330135272]
[-1.3848849742609803, -0.5559002175699471, -0.518373502885905, 0.1538753542834847, 1.0094386781246942, -1.209981736615245]
[-1.468309404183387, -0.518585723669414, -0.5280291904004103, 0.12255651144036239, 0.995546509534974, -1.3274240402169628]
[-1.5517338341057938, -0.48127122976888104, -0.5376848779149155, 0.09123766859724008, 0.9816543409452538, -1.4448663438186804]
[-1.6351582640282005, -0.44395673586834794, -0.5473405654294208, 0.05991882575411772, 0.9677621723555337, -1.5623086474203982]
[-1.7185826939506073, -0.40664224196781495, -0.5569962529439261, 0.028599982910995414, 0.9538700037658137, -1.6797509510221158]
[-1.802007123873014, -0.3693277480672818, -0.5666519404584313, -0.0027188599321268476, 0.9399778351760935, -1.7971932546238336]