[-0.09685677126148473, -0.1502454293445341, -0.5359438323278534, -0.0004762097400163867, 0.6871865520398952, -0.12790338911823085]
[-0.12848517604166454, -0.18793525679069575, -0.5410664420395043, 0.02369344802154617, 0.647669383985383, -0.06358269331261075]
[-0.16011358082184435, -0.2256250842368574, -0.5461890517511552, 0.04786310578310873, 0.6081522159308708, 0.0007380024930093432]
[-0.24978074791507543, -0.2792319622974591, -0.5526242354793429, 0.08417927370904342, 0.544244550494707, 0.05656351813396879]
[-0.3394479150083065, -0.33283884035806083, -0.5590594192075307, 0.1204954416349781, 0.48033688505854333, 0.11238903377492823]
[-0.42911508210153754, -0.3864457184186625, -0.5654946029357184, 0.1568116095609128, 0.41642921962237955, 0.16821454941588768]
[-0.5187822491947687, -0.4400525964792642, -0.5719297866639061, 0.1931277774868475, 0.35252155418621584, 0.22404006505684712]
[-0.6084494162879996, -0.493659474539866, -0.5783649703920938, 0.22944394541278224, 0.28861388875005206, 0.27986558069780665]
[-0.6981165833812307, -0.5472663526004676, -0.5848001541202815, 0.2657601133387169, 0.22470622331388834, 0.33569109633876604]
[-0.7877837504744618, -0.6008732306610693, -0.5912353378484693, 0.3020762812646516, 0.16079855787772462, 0.39151661197972554]
[-0.8774509175676929, -0.6544801087216711, -0.597670521576657, 0.33839244919058625, 0.0968908924415609, 0.4473421276206849]
[-0.967118084660924, -0.7080869867822728, -0.6041057053048448, 0.374708617116521, 0.032983227005397076, 0.5031676432616444]
[-1.0175694444725998, -0.6653093995282683, -0.5966495214889906, 0.35102301596805197, 0.06294799396921405, 0.3612475483130191]
[-1.0680208042842758, -0.6225318122742637, -0.5891933376731365, 0.327337414819583, 0.09291276093303102, 0.2193274533643937]
[-1.1184721640959516, -0.5797542250202592, -0.5817371538572825, 0.303651813671114, 0.12287752789684799, 0.07740735841576829]
[-1.1689235239076274, -0.5369766377662546, -0.5742809700414284, 0.27996621252264503, 0.15284229486066497, -0.06451273653285705]
[-1.2193748837193032, -0.4941990505122501, -0.5668247862255743, 0.256280611374176, 0.18280706182448192, -0.2064328314814824]
[-1.2698262435309793, -0.4514214632582456, -0.5593686024097202, 0.23259501022570703, 0.2127718287882989, -0.34835292643010785]
[-1.320277603342655, -0.40864387600424107, -0.5519124185938661, 0.20890940907723804, 0.24273659575211587, -0.4902730213787332]
[-1.3707289631543311, -0.3658662887502365, -0.544456234778012, 0.18522380792876905, 0.2727013627159328, -0.6321931163273585]
[-1.421180322966007, -0.323088701496232, -0.537000050962158, 0.16153820678030006, 0.3026661296797498, -0.774113211275984]
[-1.4716316827776827, -0.28031111424222743, -0.5295438671463039, 0.13785260563183108, 0.33263089664356676, -0.9160333062246092]
[-1.5220830425893586, -0.23753352698822294, -0.5220876833304497, 0.11416700448336209, 0.36259566360738377, -1.0579534011732346]
[-1.5725344024010346, -0.19475593973421845, -0.5146314995145956, 0.09048140333489307, 0.3925604305712007, -1.1998734961218602]
[-1.6229857622127104, -0.15197835248021385, -0.5071753156987415, 0.06679580218642411, 0.4225251975350177, -1.3417935910704855]
[-1.6734371220243864, -0.10920076522620936, -0.49971913188288747, 0.0431102010379551, 0.45248996449883466, -1.4837136860191107]
[-1.7238884818360622, -0.06642317797220476, -0.4922629480670334, 0.019424599889486138, 0.48245473146265166, -1.6256337809677364]
[-1.774339841647738, -0.023645590718200285, -0.4848067642511793, -0.0042610012589829015, 0.5124194984264686, -1.7675538759163614]