[0.02345173585798399, -0.5674706538473657, -0.30348425288810077, 0.00018978181285511653, 0.8719341063716319, -0.007511029590189011]
[-0.01121022391239896, -0.527731709542586, -0.3343499888156365, 0.04583010337524044, 0.8042586699259492, -0.08380249336004582]
[-0.04587218368278191, -0.48799276523780616, -0.36521572474317215, 0.09147042493762576, 0.7365832334802664, -0.16009395712990263]
[-0.08053414345316486, -0.44825382093302635, -0.3960814606707079, 0.13711074650001107, 0.6689077970345838, -0.23638542089975942]
[-0.11519610322354781, -0.4085148766282466, -0.42694719659824354, 0.1827510680623964, 0.601232360588901, -0.31267688466961624]
[-0.14985806299393076, -0.3687759323234668, -0.45781293252577926, 0.22839138962478173, 0.5335569241432183, -0.38896834843947303]
[-0.1845200227643137, -0.32903698801868697, -0.488678668453315, 0.274031711187167, 0.4658814876975356, -0.4652598122093298]
[-0.21918198253469665, -0.2892980437139072, -0.5195444043808506, 0.31967203274955236, 0.3982060512518529, -0.5415512759791866]
[-0.2538439423050796, -0.2495590994091274, -0.5504101403083863, 0.3653123543119377, 0.3305306148061701, -0.6178427397490435]
[-0.28850590207546256, -0.2098201551043476, -0.581275876235922, 0.41095267587432305, 0.26285517836048744, -0.6941342035189003]
[-0.3231678618458455, -0.17008121079956784, -0.6121416121634577, 0.45659299743670834, 0.1951797419148047, -0.770425667288757]
[-0.3578298216162285, -0.13034226649478803, -0.6430073480909935, 0.5022333189990937, 0.12750430546912195, -0.8467171310586139]
[-0.3924917813866114, -0.09060332219000827, -0.6738730840185292, 0.5478736405614789, 0.05982886902343931, -0.9230085948284706]
[-0.4271537411569944, -0.05086437788522846, -0.7047388199460649, 0.5935139621238643, -0.007846567422243544, -0.9993000585983275]
[-0.4618157009273773, -0.011125433580448707, -0.7356045558736005, 0.6391542836862496, -0.07552200386792618, -1.0755915223681842]
[-0.4964776606977602, 0.028613510724331048, -0.7664702918011362, 0.6847946052486349, -0.14319744031360893, -1.151882986138041]
[-0.5311396204681432, 0.06835245502911091, -0.797336027728672, 0.7304349268110203, -0.21087287675929178, -1.228174449907898]
[-0.5658015802385261, 0.10809139933389067, -0.8282017636562076, 0.7760752483734056, -0.2785483132049744, -1.3044659136777546]
[-0.6004635400089091, 0.14783034363867054, -0.8590674995837434, 0.821715569935791, -0.34622374965065705, -1.3807573774476116]
[-0.635125499779292, 0.18756928794345018, -0.889933235511279, 0.8673558914981762, -0.4138991860963397, -1.4570488412174682]
[-0.669787459549675, 0.22730823224823, -0.9207989714388147, 0.9129962130605616, -0.48157462254202255, -1.533340304987325]
[-0.7465206777200333, 0.20750377489301208, -0.88925724497564, 0.8439250366003862, -0.40811977243514885, -1.5377498269137189]
[-0.8232538958903916, 0.1876993175377942, -0.8577155185124652, 0.7748538601402108, -0.3346649223282751, -1.5421593488401129]
[-0.8999871140607498, 0.1678948601825763, -0.8261737920492904, 0.7057826836800354, -0.26121007222140136, -1.5465688707665066]
[-0.9762709363037727, 0.15052646224253585, -0.7893691985676436, 0.6270636196287356, -0.17799580049835728, -1.550380947283079]
[-1.0525547585467956, 0.1331580643024954, -0.752564605085997, 0.5483445555774357, -0.09478152877531318, -1.5541930237996513]
[-1.1288385807898185, 0.11578966636245498, -0.7157600116043502, 0.4696254915261358, -0.011567257052269103, -1.5580051003162236]
[-1.2051224030328413, 0.09842126842241454, -0.6789554181227035, 0.39090642747483595, 0.071647014670775, -1.561817176832796]
[-1.2814062252758645, 0.0810528704823741, -0.6421508246410568, 0.31218736342353604, 0.15486128639381908, -1.5656292533493685]
[-1.3576900475188873, 0.06368447254233367, -0.60534623115941, 0.23346829937223623, 0.23807555811686315, -1.5694413298659409]
[-1.4339738697619102, 0.046316074602293214, -0.5685416376777632, 0.15474923532093632, 0.3212898298399073, -1.5732534063825132]
[-1.510257692004933, 0.028947676662252786, -0.5317370441961167, 0.07603017126963652, 0.40450410156295136, -1.5770654828990855]
[-1.586541514247956, 0.011579278722212344, -0.49493245071446984, -0.002688892781663406, 0.48771837328599543, -1.5808775594156579]