[0.07928181042598403, -0.7163814295130102, -0.3327332040294433, 0.00021310192497825398, 1.050472572082903, 0.048165965701366]
[0.07167165118163693, -0.6567110593075886, -0.4516590931069188, -0.004514503788840787, 1.02069389255969, 0.11638759483989394]
[0.06406149193728983, -0.5970406891021669, -0.5705849821843944, -0.009242109502659829, 0.990915213036477, 0.1846092239784219]
[0.05645133269294271, -0.5373703188967452, -0.6895108712618698, -0.01396971521647887, 0.961136533513264, 0.25283085311694986]
[0.04884117344859561, -0.4776999486913236, -0.8084367603393454, -0.01869732093029791, 0.9313578539900511, 0.3210524822554778]
[-0.0753334442396571, -0.48009428457305237, -0.7905939215083386, -0.017723899261494373, 0.9383086367926514, 0.1801570361742719]
[-0.19950806192790982, -0.48248862045478114, -0.7727510826773318, -0.01675047759269083, 0.9452594195952517, 0.03926159009306601]
[-0.3236826796161625, -0.48488295633650985, -0.754908243846325, -0.01577705592388729, 0.9522102023978521, -0.1016338559881399]
[-0.4478572973044152, -0.4872772922182386, -0.7370654050153183, -0.014803634255083749, 0.9591609852004525, -0.24252930206934575]
[-0.5720319149926679, -0.4896716280999674, -0.7192225661843116, -0.01383021258628021, 0.9661117680030528, -0.3834247481505516]
[-0.6962065326809206, -0.4920659639816961, -0.7013797273533048, -0.012856790917476667, 0.9730625508056532, -0.5243201942317576]
[-0.8203811503691734, -0.4944602998634249, -0.683536888522298, -0.011883369248673128, 0.9800133336082535, -0.6652156403129634]
[-0.944555768057426, -0.49685463574515365, -0.6656940496912912, -0.010909947579869586, 0.9869641164108538, -0.8061110863941693]
[-1.0687303857456787, -0.4992489716268824, -0.6478512108602844, -0.009936525911066047, 0.9939148992134541, -0.9470065324753753]
[-1.1929050034339315, -0.5016433075086112, -0.6300083720292776, -0.008963104242262506, 1.0008656820160544, -1.087901978556581]
[-1.3170796211221842, -0.50403764339034, -0.6121655331982709, -0.007989682573458966, 1.0078164648186547, -1.2287974246377869]
[-1.4412542388104368, -0.5064319792720686, -0.5943226943672641, -0.007016260904655425, 1.014767247621255, -1.369692870718993]
[-1.5654288564986896, -0.5088263151537974, -0.5764798555362574, -0.006042839235851884, 1.0217180304238556, -1.5105883168001988]
[-1.6896034741869423, -0.5112206510355262, -0.5586370167052506, -0.005069417567048344, 1.0286688132264559, -1.6514837628814045]
[-1.813778091875195, -0.5136149869172549, -0.5407941778742438, -0.004095995898244803, 1.0356195960290562, -1.7923792089626107]
[-1.9379527095634477, -0.5160093227989837, -0.522951339043237, -0.003122574229441262, 1.0425703788316565, -1.9332746550438165]