[0.0008370373354456007, -0.3702640852045844, -0.1677802390820382, 0.0004366812198988157, 0.5391152874907634, -0.030644356066956036]
[-0.09550447161498506, -0.3932315802702285, -0.18285321824442385, 0.041024979180157205, 0.6133696336949486, -0.08513642012190573]
[-0.1918459805654157, -0.4161990753358726, -0.1979261974068095, 0.0816132771404156, 0.6876239798991338, -0.13962848417685542]
[-0.2881874895158464, -0.43916657040151663, -0.21299917656919515, 0.12220157510067398, 0.7618783261033191, -0.1941205482318051]
[-0.384528998466277, -0.4621340654671607, -0.2280721557315808, 0.16278987306093237, 0.8361326723075042, -0.24861261228675477]
[-0.48087050741670767, -0.48510156053280473, -0.2431451348939664, 0.20337817102119074, 0.9103870185116893, -0.30310467634170446]
[-0.5772120163671384, -0.5080690555984488, -0.2582181140563521, 0.24396646898144914, 0.9846413647158747, -0.3575967403966542]
[-0.673553525317569, -0.5310365506640929, -0.2732910932187377, 0.2845547669417075, 1.0588957109200599, -0.41208880445160384]
[-0.7698950342679997, -0.5540040457297369, -0.2883640723811234, 0.32514306490196593, 1.133150057124245, -0.4665808685065535]
[-0.8662365432184302, -0.576971540795381, -0.303437051543509, 0.3657313628622243, 1.2074044033284301, -0.5210729325615031]
[-0.9625780521688609, -0.599939035861025, -0.3185100307058946, 0.40631966082248266, 1.2816587495326153, -0.5755649966164529]
[-1.0589195611192914, -0.6229065309266691, -0.33358300986828027, 0.44690795878274103, 1.3559130957368004, -0.6300570606714025]
[-1.1552610700697223, -0.6458740259923132, -0.34865598903066597, 0.48749625674299946, 1.430167441940986, -0.6845491247263523]
[-1.251602579020153, -0.6688415210579574, -0.36372896819305156, 0.5280845547032579, 1.5044217881451711, -0.739041188781302]
[-1.3479440879705835, -0.6918090161236015, -0.3788019473554372, 0.5686728526635162, 1.5786761343493563, -0.7935332528362516]
[-1.4442855969210142, -0.7147765111892455, -0.39387492651782285, 0.6092611506237746, 1.6529304805535414, -0.8480253168912013]
[-1.4809485921084395, -0.6874492909067212, -0.41010888975081594, 0.5535915203313064, 1.592693464562693, -0.93843603118197]
[-1.5176115872958647, -0.6601220706241969, -0.42634285298380903, 0.4979218900388383, 1.5324564485718442, -1.0288467454727388]
[-1.55427458248329, -0.6327948503416727, -0.4425768162168021, 0.44225225974637017, 1.4722194325809954, -1.1192574597635074]
[-1.5909375776707153, -0.6054676300591485, -0.45881077944979526, 0.386582629453902, 1.411982416590147, -1.2096681740542763]
[-1.6276005728581406, -0.5781404097766243, -0.47504474268278835, 0.3309129991614338, 1.3517454005992984, -1.300078888345045]
[-1.6642635680455657, -0.5508131894941, -0.49127870591578143, 0.27524336886896567, 1.2915083846084496, -1.3904896026358138]
[-1.700926563232991, -0.5234859692115758, -0.5075126691487746, 0.21957373857649748, 1.231271368617601, -1.4809003169265824]
[-1.7375895584204164, -0.49615874892905154, -0.5237466323817677, 0.1639041082840293, 1.1710343526267524, -1.571311031217351]
[-1.7742525536078417, -0.4688315286465273, -0.5399805956147607, 0.10823447799156105, 1.1107973366359039, -1.6617217455081201]
[-1.8109155487952668, -0.44150430836400306, -0.5562145588477538, 0.052564847699092976, 1.0505603206450551, -1.7521324597988888]
[-1.8475785439826922, -0.4141770880814788, -0.5724485220807469, -0.0031047825933752443, 0.9903233046542065, -1.8425431740896574]