[-0.12591287350156222, -0.11471781221960509, -0.5822542050300994, 5.523946259611279e-05, 0.6980170006082504, -0.15702499985002394]
[-0.13965708236558083, -0.11161667774701264, -0.6655671869649362, -0.030270067089893382, 0.7814227836015799, -0.20531264816958]
[-0.15340129122959945, -0.10851554327442019, -0.748880168899773, -0.06059537364238288, 0.8648285665949093, -0.25360029648913607]
[-0.20867931203646187, -0.10787296082201504, -0.8183209278260433, -0.08513083411537191, 0.9362596489552174, -0.33584523386335263]
[-0.2639573328433243, -0.1072303783696099, -0.8877616867523134, -0.10966629458836094, 1.0076907313155254, -0.4180901712375692]
[-0.31923535365018674, -0.10658779591720476, -0.9572024456785835, -0.13420175506134996, 1.0791218136758336, -0.5003351086117858]
[-0.37451337445704913, -0.10594521346479963, -1.0266432046048537, -0.158737215534339, 1.1505528960361417, -0.5825800459860024]
[-0.4297913952639115, -0.10530263101239448, -1.096083963531124, -0.18327267600732805, 1.22198397839645, -0.6648249833602189]
[-0.485069416070774, -0.10466004855998934, -1.165524722457394, -0.20780813648031707, 1.2934150607567578, -0.7470699207344356]
[-0.5403474368776364, -0.1040174661075842, -1.2349654813836641, -0.2323435969533061, 1.364846143117066, -0.8293148581086521]
[-0.5956254576844988, -0.10337488365517905, -1.3044062403099344, -0.25687905742629513, 1.4362772254773741, -0.9115597954828687]
[-0.701152434210908, -0.11019407817341098, -1.2561650337916666, -0.2374000143061231, 1.392933084330295, -0.9923540926697445]
[-0.8066794107373172, -0.11701327269164291, -1.2079238272733985, -0.21792097118595102, 1.3495889431832155, -1.0731483898566203]
[-0.9122063872637263, -0.12383246720987484, -1.1596826207551307, -0.19844192806577898, 1.3062448020361364, -1.1539426870434961]
[-1.0177333637901356, -0.13065166172810677, -1.111441414236863, -0.17896288494560691, 1.262900660889057, -1.2347369842303717]
[-1.1232603403165446, -0.1374708562463387, -1.063200207718595, -0.15948384182543487, 1.2195565197419778, -1.3155312814172475]
[-1.2287873168429537, -0.14429005076457063, -1.0149590012003271, -0.14000479870526283, 1.1762123785948986, -1.3963255786041233]
[-1.334314293369363, -0.15110924528280256, -0.9667177946820593, -0.1205257555850908, 1.1328682374478192, -1.4771198757909991]
[-1.4398412698957723, -0.15792843980103452, -0.9184765881637914, -0.10104671246491873, 1.08952409630074, -1.557914172977875]
[-1.5453682464221812, -0.16474763431926645, -0.8702353816455235, -0.08156766934474668, 1.0461799551536606, -1.6387084701647505]
[-1.6508952229485905, -0.17156682883749838, -0.8219941751272557, -0.06208862622457462, 1.0028358140065814, -1.7195027673516265]
[-1.7564221994749996, -0.1783860233557303, -0.7737529686089878, -0.042609583104402576, 0.9594916728595022, -1.8002970645385021]
[-1.8619491760014089, -0.18520521787396224, -0.7255117620907199, -0.023130539984230508, 0.9161475317124229, -1.8810913617253782]
[-1.967476152527818, -0.19202441239219417, -0.6772705555724521, -0.0036514968640584456, 0.8728033905653436, -1.9618856589122537]