[-0.10232951326763828, -0.036418722987964, -0.5614138042857792, 0.0001432635961080564, 0.5988335442154957, -0.13346794361292869]
[-0.12078695367370688, -0.07464945901670234, -0.5488436436044102, -0.030618170665701293, 0.575469752858176, -0.30047908504470633]
[-0.13924439407977549, -0.11288019504544068, -0.5362734829230411, -0.06137960492751064, 0.5521059615008563, -0.467490226476484]
[-0.1577018344858441, -0.151110931074179, -0.523703322241672, -0.09214103918932, 0.5287421701435366, -0.6345013679082617]
[-0.1761592748919127, -0.18934166710291736, -0.511133161560303, -0.12290247345112934, 0.5053783787862169, -0.8015125093400394]
[-0.1946167152979813, -0.22757240313165572, -0.49856300087893396, -0.1536639077129387, 0.48201458742889725, -0.9685236507718171]
[-0.21307415570404992, -0.265803139160394, -0.4859928401975649, -0.18442534197474805, 0.45865079607157755, -1.1355347922035948]
[-0.23153159611011853, -0.3040338751891324, -0.4734226795161958, -0.2151867762365574, 0.43528700471425785, -1.3025459336353724]
[-0.24998903651618712, -0.3422646112178707, -0.46085251883482675, -0.24594821049836674, 0.41192321335693816, -1.46955707506715]
[-0.26844647692225576, -0.3804953472466091, -0.4482823581534577, -0.2767096447601761, 0.38855942199961846, -1.636568216498928]
[-0.2869039173283243, -0.41872608327534744, -0.43571219747208867, -0.30747107902198545, 0.36519563064229876, -1.8035793579307056]
[-0.305361357734393, -0.4569568193040857, -0.4231420367907196, -0.33823251328379483, 0.34183183928497907, -1.970590499362483]
[-0.32381879814046155, -0.49518755533282405, -0.41057187610935053, -0.36899394754560416, 0.31846804792765937, -2.137601640794261]
[-0.3422762385465302, -0.5334182913615624, -0.39800171542798146, -0.39975538180741355, 0.2951042565703397, -2.3046127822260387]
[-0.3607336789525988, -0.5716490273903008, -0.3854315547466124, -0.4305168160692229, 0.27174046521302, -2.471623923657816]
[-0.4889031730491389, -0.5554659642603833, -0.40708967619809244, -0.39767485872302644, 0.3301789558098794, -2.4370487378262364]
[-0.617072667145679, -0.5392829011304658, -0.42874779764957255, -0.36483290137683, 0.3886174464067388, -2.4024735519946567]
[-0.7452421612422191, -0.5230998380005484, -0.45040591910105265, -0.33199094403063356, 0.4470559370035982, -2.367898366163077]
[-0.8734116553387592, -0.5069167748706309, -0.4720640405525327, -0.2991489866844371, 0.5054944276004576, -2.3333231803314973]
[-1.0015811494352993, -0.4907337117407134, -0.49372216200401275, -0.2663070293382407, 0.563932918197317, -2.2987479944999176]
[-1.1297506435318394, -0.4745506486107959, -0.5153802834554928, -0.23346507199204428, 0.6223714087941764, -2.264172808668338]
[-1.2579201376283793, -0.4583675854808784, -0.537038404906973, -0.2006231146458479, 0.6808098993910358, -2.229597622836758]
[-1.3860896317249196, -0.44218452235096095, -0.558696526358453, -0.16778115729965143, 0.7392483899878952, -2.1950224370051785]
[-1.5142591258214595, -0.4260014592210435, -0.5803546478099331, -0.13493919995345505, 0.7976868805847546, -2.160447251173599]
[-1.6424286199179998, -0.409818396091126, -0.6020127692614132, -0.10209724260725855, 0.856125371181614, -2.125872065342019]
[-1.7705981140145397, -0.39363533296120856, -0.6236708907128932, -0.06925528526106217, 0.9145638617784734, -2.0912968795104394]
[-1.8987676081110798, -0.37745226983129104, -0.6453290121643733, -0.03641332791486568, 0.9730023523753328, -2.0567216936788597]
[-2.02693710220762, -0.3612692067013736, -0.6669871336158534, -0.0035713705686693025, 1.0314408429721922, -2.02214650784728]