[-0.20237829705294885, -0.6296114265999702, -0.3793784833372946, -0.0010363349205597672, 1.0098585716678352, -0.23250513811255047]
[-0.22791492341918979, -0.6349869158609024, -0.455782036191145, 0.07003959911565437, 0.9691478819583227, -0.31286659192472216]
[-0.2534515497854307, -0.6403624051218346, -0.5321855890449954, 0.1411155331518685, 0.9284371922488102, -0.39322804573689385]
[-0.2789881761516716, -0.645737894382767, -0.6085891418988457, 0.21219146718808263, 0.8877265025392976, -0.47358949954906554]
[-0.3045248025179126, -0.6511133836436992, -0.6849926947526961, 0.2832674012242968, 0.8470158128297851, -0.5539509533612372]
[-0.33006142888415346, -0.6564888729046314, -0.7613962476065465, 0.3543433352605109, 0.8063051231202727, -0.634312407173409]
[-0.3555980552503944, -0.6618643621655638, -0.8377998004603968, 0.425419269296725, 0.7655944334107602, -0.7146738609855806]
[-0.38113468161663533, -0.667239851426496, -0.9142033533142472, 0.4964952033329392, 0.7248837437012476, -0.7950353147977522]
[-0.40667130798287626, -0.6726153406874282, -0.9906069061680975, 0.5675711373691533, 0.6841730539917351, -0.875396768609924]
[-0.4322079343491172, -0.6779908299483605, -1.0670104590219478, 0.6386470714053675, 0.6434623642822226, -0.9557582224220957]
[-0.45774456071535813, -0.6833663192092927, -1.1434140118757983, 0.7097230054415816, 0.6027516745727101, -1.0361196762342675]
[-0.48328118708159906, -0.688741808470225, -1.2198175647296488, 0.7807989394777958, 0.5620409848631975, -1.116481130046439]
[-0.5088178134478399, -0.6941172977311573, -1.296221117583499, 0.8518748735140098, 0.5213302951536851, -1.1968425838586108]
[-0.5343544398140809, -0.6994927869920895, -1.3726246704373493, 0.922950807550224, 0.4806196054441726, -1.2772040376707825]
[-0.5598910661803218, -0.7048682762530218, -1.4490282232911997, 0.9940267415864381, 0.43990891573466007, -1.357565491482954]
[-0.5854276925465627, -0.7102437655139541, -1.5254317761450502, 1.0651026756226523, 0.39919822602514754, -1.4379269452951258]
[-0.6109643189128037, -0.7156192547748863, -1.6018353289989005, 1.1361786096588664, 0.35848753631563496, -1.5182883991072975]
[-0.6956024174396471, -0.6798703252474171, -1.5284223378476387, 1.0689421965043149, 0.3647572086133991, -1.549003326256664]
[-0.7802405159664907, -0.6441213957199479, -1.455009346696377, 1.0017057833497636, 0.37102688091116326, -1.5797182534060308]
[-0.8648786144933341, -0.6083724661924785, -1.381596355545115, 0.934469370195212, 0.37729655320892747, -1.6104331805553973]
[-0.9495167130201776, -0.5726235366650093, -1.3081833643938532, 0.8672329570406606, 0.3835662255066916, -1.641148107704764]
[-1.0341548115470212, -0.5368746071375401, -1.2347703732425914, 0.7999965438861092, 0.38983589780445577, -1.6718630348541306]
[-1.1187929100738647, -0.5011256776100708, -1.1613573820913297, 0.7327601307315577, 0.3961055701022199, -1.702577962003497]
[-1.203431008600708, -0.4653767480826016, -1.087944390940068, 0.6655237175770062, 0.4023752423999841, -1.7332928891528638]
[-1.2880691071275514, -0.4296278185551323, -1.014531399788806, 0.5982873044224548, 0.4086449146977483, -1.7640078163022304]
[-1.372707205654395, -0.3938788890276631, -0.9411184086375443, 0.5310508912679033, 0.4149145869955124, -1.794722743451597]
[-1.4573453041812385, -0.35812995950019383, -0.8677054174862824, 0.46381447811335186, 0.42118425929327663, -1.8254376706009636]
[-1.541983402708082, -0.32238102997272455, -0.7942924263350206, 0.3965780649588003, 0.4274539315910408, -1.8561525977503304]
[-1.6266215012349257, -0.28663210044525533, -0.7208794351837587, 0.3293416518042489, 0.43372360388880493, -1.886867524899697]
[-1.7112595997617688, -0.2508831709177861, -0.6474664440324971, 0.2621052386496976, 0.4399932761865691, -1.9175824520490634]
[-1.7958976982886123, -0.2151342413903169, -0.5740534528812353, 0.19486882549514606, 0.44626294848433323, -1.9482973791984302]
[-1.880535796815456, -0.17938531186284767, -0.5006404617299733, 0.12763241234059453, 0.45253262078209744, -1.9790123063477967]
[-1.9651738953422995, -0.14363638233537834, -0.4272274705787116, 0.060395999186043214, 0.4588022930798616, -2.009727233497163]
[-2.049811993869143, -0.10788745280790908, -0.3538144794274498, -0.006840413968508342, 0.46507196537762574, -2.04044216064653]