[-0.09295351442682342, -0.4807816746794149, -0.32591623797212144, 0.00013075212882540654, 0.8077963343204582, -0.1240883813529079]
[-0.1420854254041782, -0.4910419839442726, -0.34968728153417544, -0.06585696478939933, 0.7605128898023308, -0.20305297666549918]
[-0.191217336381533, -0.5013022932091303, -0.37345832509622945, -0.13184468170762406, 0.7132294452842034, -0.28201757197809046]
[-0.2403492473588878, -0.511562602473988, -0.39722936865828345, -0.1978323986258488, 0.665946000766076, -0.3609821672906818]
[-0.28948115833624255, -0.5218229117388457, -0.42100041222033746, -0.26382011554407353, 0.6186625562479486, -0.43994676260327303]
[-0.33861306931359736, -0.5320832210037034, -0.44477145578239147, -0.3298078324622983, 0.5713791117298213, -0.5189113579158644]
[-0.38774498029095217, -0.5423435302685611, -0.4685424993444455, -0.395795549380523, 0.5240956672116939, -0.5978759532284557]
[-0.4854955669434805, -0.5350214506247195, -0.4805856717527187, -0.42310792499390687, 0.49555913504287247, -0.7062552104557676]
[-0.5832461535960088, -0.5276993709808779, -0.4926288441609919, -0.4504203006072907, 0.46702260287405106, -0.8146344676830795]
[-0.6809967402485372, -0.5203772913370364, -0.5046720165692651, -0.4777326762206745, 0.43848607070522966, -0.9230137249103915]
[-0.7787473269010655, -0.5130552116931947, -0.5167151889775383, -0.5050450518340583, 0.40994953853640825, -1.0313929821377035]
[-0.8764979135535939, -0.5057331320493531, -0.5287583613858116, -0.5323574274474422, 0.38141300636758685, -1.1397722393650154]
[-0.9742485002061222, -0.49841105240551153, -0.5408015337940848, -0.559669803060826, 0.35287647419876544, -1.2481514965923273]
[-1.0767343510469642, -0.4683315511741757, -0.5249583461912462, -0.5042902474028239, 0.3759069588452878, -1.322414467087298]
[-1.1792202018878062, -0.4382520499428399, -0.5091151585884075, -0.44891069174482173, 0.39893744349181015, -1.3966774375822686]
[-1.2817060527286483, -0.40817254871150405, -0.4932719709855688, -0.39353113608681956, 0.4219679281383325, -1.4709404080772392]
[-1.3841919035694903, -0.37809304748016825, -0.4774287833827301, -0.33815158042881743, 0.4449984127848549, -1.54520337857221]
[-1.4866777544103322, -0.3480135462488324, -0.46158559577989144, -0.28277202477081526, 0.46802889743137727, -1.6194663490671806]
[-1.5891636052511744, -0.31793404501749656, -0.4457424081770528, -0.22739246911281313, 0.4910593820778996, -1.6937293195621512]
[-1.6916494560920163, -0.28785454378616077, -0.4298992205742141, -0.17201291345481096, 0.514089866724422, -1.7679922900571219]
[-1.7941353069328585, -0.2577750425548249, -0.4140560329713754, -0.11663335779680878, 0.5371203513709444, -1.8422552605520925]
[-1.8966211577737004, -0.22769554132348907, -0.39821284536853674, -0.0612538021388066, 0.5601508360174667, -1.9165182310470632]
[-1.9991070086145424, -0.1976160400921533, -0.3823696577656981, -0.005874246480804519, 0.5831813206639891, -1.9907812015420339]