[0.022341258574046563, -0.36993046212291336, -0.5830803123031982, 0.00022710868815245533, 0.95392853734905, -0.008452529757943417]
[-0.010602346356759093, -0.44012327533781614, -0.6668891426501532, -0.058058127997615075, 0.9630288073705262, -0.05444076722868921]
[-0.04354595128756475, -0.5103160885527189, -0.7506979729971082, -0.1163433646833826, 0.9721290773920024, -0.100429004699435]
[-0.07648955621837042, -0.5805089017676217, -0.8345068033440631, -0.17462860136915015, 0.9812293474134787, -0.1464172421701808]
[-0.10943316114917606, -0.6507017149825244, -0.9183156336910181, -0.23291383805491767, 0.9903296174349548, -0.19240547964092658]
[-0.14237676607998176, -0.7208945281974273, -1.0021244640379732, -0.29119907474068524, 0.999429887456431, -0.23839371711167237]
[-0.1753203710107874, -0.79108734141233, -1.085933294384928, -0.34948431142645275, 1.0085301574779073, -0.28438195458241816]
[-0.20826397594159307, -0.8612801546272327, -1.1697421247318829, -0.4077695481122203, 1.0176304274993835, -0.330370192053164]
[-0.24120758087239869, -0.9314729678421354, -1.253550955078838, -0.4660547847979878, 1.0267306975208597, -0.37635842952390974]
[-0.2741511858032044, -1.0016657810570382, -1.337359785425793, -0.5243400214837554, 1.0358309675423358, -0.4223466669946555]
[-0.3070947907340101, -1.0718585942719412, -1.421168615772748, -0.5826252581695229, 1.044931237563812, -0.4683349044654013]
[-0.3400383956648157, -1.1420514074868438, -1.5049774461197027, -0.6409104948552904, 1.0540315075852882, -0.5143231419361471]
[-0.37298200059562137, -1.2122442207017465, -1.5887862764666578, -0.699195731541058, 1.0631317776067646, -0.5603113794068929]
[-0.405925605526427, -1.2824370339166493, -1.6725951068136127, -0.7574809682268254, 1.0722320476282408, -0.6062996168776387]
[-0.4388692104572327, -1.352629847131552, -1.7564039371605678, -0.8157662049125931, 1.081332317649717, -0.6522878543483845]
[-0.4718128153880383, -1.4228226603464549, -1.8402127675075226, -0.8740514415983606, 1.090432587671193, -0.6982760918191303]
[-0.5047564203188439, -1.4930154735613574, -1.9240215978544777, -0.932336678284128, 1.0995328576926693, -0.7442643292898761]
[-0.5377000252496497, -1.5632082867762604, -2.0078304282014328, -0.9906219149698957, 1.1086331277141455, -0.7902525667606219]
[-0.5706436301804554, -1.633401099991163, -2.091639258548388, -1.0489071516556632, 1.1177333977356216, -0.8362408042313676]
[-0.603587235111261, -1.7035939132060658, -2.1754480888953425, -1.1071923883414307, 1.1268336677570978, -0.8822290417021134]
[-0.6365308400420667, -1.7737867264209688, -2.2592569192422975, -1.1654776250271983, 1.135933937778574, -0.9282172791728592]
[-0.6694744449728723, -1.8439795396358714, -2.3430657495892526, -1.2237628617129657, 1.1450342078000504, -0.974205516643605]
[-0.702418049903678, -1.9141723528507741, -2.4268745799362073, -1.2820480983987332, 1.1541344778215266, -1.0201937541143509]
[-0.7353616548344837, -1.984365166065677, -2.5106834102831623, -1.3403333350845008, 1.1632347478430027, -1.0661819915850967]
[-0.7683052597652893, -2.0545579792805797, -2.5944922406301174, -1.3986185717702684, 1.172335017864479, -1.1121702290558424]
[-0.8061159175815945, -1.9920966213641285, -2.488511729548884, -1.3350962127201977, 1.162122038999891, -1.1341878573364867]
[-0.8439265753978997, -1.9296352634476774, -2.38253121846765, -1.271573853670127, 1.151909060135303, -1.1562054856171313]
[-0.8817372332142049, -1.8671739055312262, -2.2765507073864164, -1.2080514946200567, 1.1416960812707153, -1.1782231138977757]
[-0.9195478910305102, -1.804712547614775, -2.1705701963051824, -1.144529135569986, 1.1314831024061274, -1.2002407421784203]
[-0.9573585488468153, -1.742251189698324, -2.064589685223949, -1.0810067765199154, 1.1212701235415394, -1.2222583704590646]
[-0.9951692066631205, -1.6797898317818727, -1.9586091741427152, -1.017484417469845, 1.1110571446769515, -1.244275998739709]
[-1.0329798644794257, -1.6173284738654217, -1.8526286630614814, -0.9539620584197742, 1.1008441658123638, -1.2662936270203535]
[-1.070790522295731, -1.5548671159489704, -1.7466481519802475, -0.8904396993697037, 1.0906311869477758, -1.2883112553009979]
[-1.1086011801120361, -1.4924057580325192, -1.640667640899014, -0.826917340319633, 1.080418208083188, -1.3103288835816425]
[-1.1464118379283414, -1.4299444001160682, -1.5346871298177802, -0.7633949812695625, 1.0702052292186, -1.3323465118622868]
[-1.1842224957446466, -1.367483042199617, -1.4287066187365465, -0.6998726222194919, 1.059992250354012, -1.3543641401429314]
[-1.2220331535609517, -1.3050216842831657, -1.322726107655313, -0.6363502631694213, 1.0497792714894243, -1.3763817684235757]
[-1.259843811377257, -1.2425603263667147, -1.216745596574079, -0.5728279041193507, 1.0395662926248364, -1.39839939670422]
[-1.2976544691935623, -1.1800989684502634, -1.1107650854928452, -0.50930554506928, 1.0293533137602484, -1.4204170249848647]
[-1.3354651270098672, -1.1176376105338124, -1.0047845744116117, -0.4457831860192095, 1.0191403348956607, -1.442434653265509]
[-1.3732757848261725, -1.0551762526173611, -0.8988040633303778, -0.382260826969139, 1.0089273560310728, -1.4644522815461536]
[-1.4110864426424778, -0.9927148947009099, -0.7928235522491442, -0.31873846791906835, 0.9987143771664848, -1.486469909826798]
[-1.4488971004587832, -0.9302535367844587, -0.6868430411679103, -0.2552161088689977, 0.9885013983018969, -1.5084875381074423]
[-1.486707758275088, -0.8677921788680076, -0.5808625300866765, -0.19169374981892706, 0.9782884194373089, -1.5305051663880869]
[-1.5245184160913934, -0.8053308209515564, -0.474882019005443, -0.12817139076885664, 0.9680754405727211, -1.5525227946687312]
[-1.5623290739076987, -0.7428694630351051, -0.36890150792420906, -0.064649031718786, 0.9578624617081333, -1.5745404229493758]
[-1.6001397317240038, -0.680408105118654, -0.26292099684297554, -0.0011266726687152537, 0.9476494828435453, -1.5965580512300201]