[-0.2798427070891556, -0.8683637816452956, -0.32180668784922517, -0.00017350317273301386, 1.191339266544201, -0.3106796117780686]
[-0.38263472203772786, -0.8559919654409581, -0.35008336876126966, 0.024605649149656093, 1.1361611634195474, -0.3850725704692445]
[-0.48542673698630007, -0.8436201492366208, -0.37836004967331416, 0.0493848014720452, 1.080983060294894, -0.4594655291604204]
[-0.5882187519348723, -0.8312483330322833, -0.40663673058535865, 0.0741639537944343, 1.0258049571702403, -0.5338584878515962]
[-0.6910107668834445, -0.8188765168279459, -0.43491341149740315, 0.09894310611682341, 0.9706268540455868, -0.6082514465427722]
[-0.7938027818320168, -0.8065047006236085, -0.46319009240944764, 0.12372225843921253, 0.9154487509209333, -0.682644405233948]
[-0.896594796780589, -0.794132884419271, -0.49146677332149213, 0.14850141076160162, 0.8602706477962796, -0.7570373639251239]
[-0.9993868117291612, -0.7817610682149336, -0.5197434542335366, 0.17328056308399073, 0.805092544671626, -0.8314303226162998]
[-1.1021788266777335, -0.7693892520105962, -0.5480201351455811, 0.19805971540637984, 0.7499144415469725, -0.9058232813074757]
[-1.2049708416263059, -0.7570174358062587, -0.5762968160576256, 0.22283886772876896, 0.694736338422319, -0.9802162399986516]
[-1.307762856574878, -0.7446456196019213, -0.6045734969696701, 0.24761802005115807, 0.6395582352976654, -1.0546091986898274]
[-1.4105548715234502, -0.7322738033975839, -0.6328501778817146, 0.27239717237354716, 0.5843801321730118, -1.1290021573810034]
[-1.5133468864720223, -0.7199019871932464, -0.6611268587937591, 0.29717632469593624, 0.5292020290483582, -1.2033951160721792]
[-1.6161389014205947, -0.707530170988909, -0.6894035397058036, 0.3219554770183254, 0.4740239259237047, -1.2777880747633552]
[-1.7189309163691668, -0.6951583547845716, -0.7176802206178481, 0.3467346293407145, 0.418845822799051, -1.352181033454531]
[-1.8217229313177392, -0.6827865385802341, -0.7459569015298926, 0.3715137816631036, 0.3636677196743975, -1.426573992145707]
[-1.9245149462663114, -0.6704147223758967, -0.7742335824419371, 0.3962929339854927, 0.3084896165497439, -1.5009669508368828]
[-1.9409994013553413, -0.6233774347299966, -0.7157348761566614, 0.34607344570374465, 0.3453871803188055, -1.5694259666240562]
[-1.9574838564443713, -0.5763401470840964, -0.6572361698713858, 0.29585395742199666, 0.38228474408786706, -1.6378849824112296]
[-1.973968311533401, -0.5293028594381963, -0.5987374635861102, 0.24563446914024864, 0.41918230785692867, -1.706343998198403]
[-1.990452766622431, -0.4822655717922961, -0.5402387573008346, 0.19541498085850062, 0.4560798716259903, -1.7748030139855766]
[-2.006937221711461, -0.435228284146396, -0.48174005101555895, 0.14519549257675257, 0.49297743539505184, -1.8432620297727498]
[-2.0234216768004907, -0.3881909965004959, -0.42324134473028335, 0.09497600429500458, 0.5298749991641134, -1.9117210455599234]
[-2.039906131889521, -0.3411537088545957, -0.36474263844500776, 0.044756516013256586, 0.566772562933175, -1.9801800613470968]
[-2.0563905869785506, -0.2941164212086956, -0.3062439321597321, -0.005462972268491458, 0.6036701267022366, -2.04863907713427]