[0.15168722517528188, -0.15793955138037763, -0.6901963017768811, 0.0004147005339314447, 0.8494664058536436, 0.12034294338941187]
[0.09112355180928552, -0.1897570948208594, -0.7602979586983659, 0.054716189112008665, 0.8497505759552044, 0.2120867558137854]
[0.030559878443289154, -0.2215746382613412, -0.8303996156198508, 0.10901767769008588, 0.8500347460567653, 0.3038305682381589]
[-0.030003794922707216, -0.253392181701823, -0.9005012725413357, 0.16331916626816312, 0.8503189161583262, 0.3955743806625324]
[-0.09056746828870357, -0.28520972514230475, -0.9706029294628206, 0.21762065484624032, 0.850603086259887, 0.48731819308690594]
[-0.15113114165469999, -0.31702726858278657, -1.0407045863843054, 0.2719221434243176, 0.8508872563614478, 0.5790620055112794]
[-0.21169481502069631, -0.34884481202326834, -1.1108062433057904, 0.3262236320023948, 0.8511714264630087, 0.670805817935653]
[-0.30646712652534347, -0.34938328703058646, -1.0739301151311176, 0.3078998653467887, 0.8488380181528101, 0.5273235354490562]
[-0.40123943802999057, -0.3499217620379046, -1.037053986956445, 0.28957609869118267, 0.8465046098426116, 0.3838412529624593]
[-0.49601174953463767, -0.3504602370452227, -1.0001778587817722, 0.2712523320355766, 0.844171201532413, 0.24035897047586247]
[-0.5907840610392848, -0.35099871205254085, -0.9633017306070996, 0.25292856537997055, 0.8418377932222145, 0.09687668798926563]
[-0.685556372543932, -0.3515371870598589, -0.9264256024324269, 0.23460479872436443, 0.839504384912016, -0.04660559449733126]
[-0.780328684048579, -0.35207566206717705, -0.8895494742577541, 0.21628103206875837, 0.8371709766018174, -0.19008787698392804]
[-0.8751009955532263, -0.3526141370744952, -0.8526733460830814, 0.1979572654131523, 0.8348375682916188, -0.33357015947052504]
[-0.9698733070578733, -0.3531526120818133, -0.8157972179084088, 0.17963349875754625, 0.8325041599814202, -0.4770524419571217]
[-1.0646456185625204, -0.35369108708913144, -0.778921089733736, 0.16130973210194016, 0.8301707516712218, -0.6205347244437186]
[-1.1594179300671676, -0.35422956209644957, -0.7420449615590633, 0.14298596544633407, 0.8278373433610232, -0.7640170069303155]
[-1.254190241571815, -0.3547680371037677, -0.7051688333843906, 0.12466219879072801, 0.8255039350508246, -0.9074992894169124]
[-1.3489625530764617, -0.3553065121110858, -0.668292705209718, 0.10633843213512195, 0.8231705267406261, -1.0509815719035092]
[-1.443734864581109, -0.35584498711840395, -0.6314165770350453, 0.08801466547951589, 0.8208371184304275, -1.194463854390106]
[-1.5385071760857563, -0.35638346212572203, -0.5945404488603725, 0.06969089882390983, 0.8185037101202289, -1.337946136876703]
[-1.6332794875904033, -0.35692193713304016, -0.5576643206856998, 0.05136713216830374, 0.8161703018100304, -1.4814284193632998]
[-1.7280517990950504, -0.3574604121403583, -0.5207881925110271, 0.03304336551269771, 0.8138368934998319, -1.6249107018498963]
[-1.8228241105996974, -0.3579988871476764, -0.48391206433635436, 0.01471959885709162, 0.8115034851896333, -1.7683929843364932]
[-1.9175964221043447, -0.35853736215499454, -0.4470359361616817, -0.003604167798514463, 0.8091700768794348, -1.9118752668230903]