[0.2251771245236922, -0.41256245282616977, -0.4965832466058524, 0.0005786333382609143, 0.9103263845993821, 0.1939722807003541]
[0.20911463083814805, -0.4218120041700584, -0.5990278245312936, -0.014257843525846043, 0.9748127780820772, 0.10099865884441792]
[0.19305213715260391, -0.4310615555139469, -0.7014724024567347, -0.029094320389953, 1.0392991715647724, 0.008025036988481726]
[0.17698964346705975, -0.44031110685783553, -0.803916980382176, -0.04393079725405996, 1.1037855650474675, -0.08494858486745449]
[0.16092714978151562, -0.44956065820172414, -0.9063615583076171, -0.058767274118166915, 1.1682719585301626, -0.17792220672339065]
[0.14486465609597143, -0.4588102095456127, -1.0088061362330585, -0.07360375098227388, 1.2327583520128578, -0.2708958285793269]
[0.1288021624104273, -0.4680597608895013, -1.1112507141584995, -0.08844022784638084, 1.297244745495553, -0.3638694504352631]
[0.005564265369822005, -0.4586127026106324, -1.0671722018234242, -0.08225566914025598, 1.2641611039194243, -0.4515806476868476]
[-0.11767363167078329, -0.44916564433176354, -1.0230936894883487, -0.07607111043413112, 1.2310774623432956, -0.5392918449384321]
[-0.24091152871138855, -0.43971858605289466, -0.9790151771532734, -0.06988655172800626, 1.197993820767167, -0.6270030421900166]
[-0.3641494257519939, -0.4302715277740258, -0.9349366648181979, -0.0637019930218814, 1.1649101791910381, -0.7147142394416011]
[-0.4873873227925992, -0.4208244694951569, -0.8908581524831225, -0.05751743431575653, 1.1318265376149095, -0.8024254366931857]
[-0.6106252198332044, -0.411377411216288, -0.8467796401480471, -0.05133287560963167, 1.0987428960387808, -0.8901366339447702]
[-0.7338631168738098, -0.4019303529374191, -0.8027011278129716, -0.04514831690350681, 1.0656592544626522, -0.9778478311963547]
[-0.8571010139144151, -0.39248329465855025, -0.7586226154778963, -0.03896375819738195, 1.0325756128865236, -1.065559028447939]
[-0.9803389109550206, -0.3830362363796813, -0.7145441031428208, -0.032779199491257086, 0.9994919713103947, -1.1532702256995238]
[-1.1035768079956259, -0.37358917810081244, -0.6704655908077455, -0.026594640785132226, 0.966408329734266, -1.2409814229511082]
[-1.2268147050362308, -0.36414211982194356, -0.62638707847267, -0.020410082079007366, 0.9333246881581374, -1.3286926202026925]
[-1.3500526020768362, -0.3546950615430747, -0.5823085661375946, -0.014225523372882506, 0.9002410465820088, -1.4164038174542772]
[-1.4732904991174416, -0.3452480032642058, -0.5382300538025192, -0.008040964666757647, 0.86715740500588, -1.5041150147058617]
[-1.596528396158047, -0.3358009449853369, -0.49415154146744383, -0.0018564059606327803, 0.8340737634297514, -1.5918262119574462]