[-0.026979185884957957, -0.4238675102793916, -0.08567380795404578, 0.00011903345970676327, 0.5107437431624957, -0.058146588754143025]
[-0.052911536790526015, -0.46030354905985993, -0.1401874608525324, -0.044187143448027356, 0.5556639810749792, -0.14095854178259598]
[-0.07884388769609407, -0.4967395878403282, -0.194701113751019, -0.08849332035576148, 0.6005842189874626, -0.22377049481104894]
[-0.10477623860166212, -0.5331756266207964, -0.24921476664950562, -0.1327994972634956, 0.6455044568999461, -0.3065824478395019]
[-0.1307085895072302, -0.5696116654012647, -0.30372841954799223, -0.17710567417122972, 0.6904246948124295, -0.38939440086795485]
[-0.15664094041279822, -0.606047704181733, -0.3582420724464789, -0.22141185107896383, 0.735344932724913, -0.4722063538964078]
[-0.18257329131836628, -0.6424837429622012, -0.41275572534496546, -0.26571802798669797, 0.7802651706373964, -0.5550183069248608]
[-0.20850564222393433, -0.6789197817426695, -0.46726937824345205, -0.31002420489443205, 0.8251854085498799, -0.6378302599533137]
[-0.2344379931295024, -0.7153558205231378, -0.5217830311419387, -0.3543303818021662, 0.8701056464623633, -0.7206422129817667]
[-0.3656263009560655, -0.6865343845251141, -0.5327598355079448, -0.32732280246393297, 0.8807604459033196, -0.8140465685397217]
[-0.49681460878262873, -0.6577129485270903, -0.5437366398739508, -0.30031522312569975, 0.8914152453442759, -0.9074509240976767]
[-0.6280029166091918, -0.6288915125290665, -0.5547134442399569, -0.2733076437874665, 0.9020700447852321, -1.0008552796556318]
[-0.759191224435755, -0.6000700765310427, -0.5656902486059631, -0.2463000644492333, 0.9127248442261884, -1.0942596352135867]
[-0.8903795322623181, -0.571248640533019, -0.5766670529719691, -0.21929248511100008, 0.9233796436671446, -1.1876639907715418]
[-1.0215678400888812, -0.5424272045349953, -0.5876438573379752, -0.19228490577276686, 0.9340344431081009, -1.281068346329497]
[-1.1527561479154442, -0.5136057685369715, -0.5986206617039813, -0.16527732643453363, 0.9446892425490572, -1.3744727018874519]
[-1.2839444557420077, -0.4847843325389477, -0.6095974660699874, -0.1382697470963004, 0.9553440419900134, -1.467877057445407]
[-1.4151327635685707, -0.455962896540924, -0.6205742704359934, -0.11126216775806719, 0.9659988414309697, -1.5612814130033619]
[-1.5463210713951339, -0.4271414605429002, -0.6315510748019996, -0.08425458841983396, 0.976653640871926, -1.654685768561317]
[-1.677509379221697, -0.3983200245448764, -0.6425278791680057, -0.05724700908160074, 0.9873084403128822, -1.7480901241192721]
[-1.8086976870482603, -0.36949858854685264, -0.6535046835340117, -0.03023942974336752, 0.9979632397538385, -1.8414944796772272]
[-1.9398859948748233, -0.3406771525488289, -0.6644814879000178, -0.003231850405134322, 1.0086180391947948, -1.9348988352351821]