[-0.0026929373633244325, -0.5834629383029393, -0.2902695610253909, 6.225821108518659e-05, 0.8747975325528632, -0.03358827130700792]
[0.03375431829407838, -0.6321029017036643, -0.4501683215748501, 0.008285272122406692, 0.8727738327320603, -0.05477553772615412]
[0.07020157395148119, -0.6807428651043894, -0.6100670821243093, 0.016508286033728198, 0.8707501329112575, -0.07596280414530032]
[0.10664882960888401, -0.7293828285051145, -0.7699658426737684, 0.024731299945049703, 0.8687264330904546, -0.09715007056444654]
[0.1430960852662868, -0.7780227919058396, -0.9298646032232276, 0.03295431385637121, 0.8667027332696517, -0.11833733698359274]
[0.17954334092368965, -0.8266627553065646, -1.0897633637726867, 0.041177327767692715, 0.8646790334488489, -0.13952460340273895]
[0.21599059658109246, -0.8753027187072897, -1.249662124322146, 0.04940034167901422, 0.862655333628046, -0.16071186982188515]
[0.10678236106314844, -0.8406837346160368, -1.1949282795668423, 0.0463175602921318, 0.8478127451034804, -0.24741108232111203]
[-0.0024258744547955846, -0.806064750524784, -1.1401944348115385, 0.043234778905249384, 0.8329701565789147, -0.3341102948203389]
[-0.11163410997273962, -0.7714457664335311, -1.0854605900562349, 0.04015199751836696, 0.818127568054349, -0.4208095073195658]
[-0.22084234549068363, -0.7368267823422783, -1.0307267453009312, 0.03706921613148455, 0.8032849795297834, -0.5075087198187926]
[-0.3300505810086277, -0.7022077982510254, -0.9759929005456274, 0.033986434744602126, 0.7884423910052177, -0.5942079323180195]
[-0.4392588165265717, -0.6675888141597726, -0.9212590557903236, 0.030903653357719704, 0.7735998024806521, -0.6809071448172463]
[-0.5484670520445156, -0.6329698300685197, -0.86652521103502, 0.027820871970837286, 0.7587572139560864, -0.7676063573164732]
[-0.6576752875624597, -0.5983508459772668, -0.8117913662797163, 0.024738090583954868, 0.7439146254315208, -0.8543055698157]
[-0.7668835230804038, -0.5637318618860139, -0.7570575215244125, 0.021655309197072446, 0.729072036906955, -0.941004782314927]
[-0.8760917585983479, -0.5291128777947611, -0.7023236767691088, 0.018572527810190028, 0.7142294483823893, -1.027703994814154]
[-0.9852999941162919, -0.49449389370350816, -0.647589832013805, 0.01548974642330761, 0.6993868598578237, -1.1144032073133807]
[-1.0945082296342359, -0.4598749096122553, -0.5928559872585013, 0.012406965036425188, 0.684544271333258, -1.2011024198126077]
[-1.2037164651521797, -0.4252559255210025, -0.5381221425031977, 0.009324183649542774, 0.6697016828086924, -1.2878016323118344]
[-1.3129247006701237, -0.39063694142974964, -0.48338829774789405, 0.006241402262660352, 0.6548590942841267, -1.3745008448110614]
[-1.422132936188068, -0.3560179573384967, -0.4286544529925903, 0.00315862087577793, 0.640016505759561, -1.4612000573102883]
[-1.531341171706012, -0.32139897324724387, -0.37392060823728657, 7.58394888955155e-05, 0.6251739172349954, -1.547899269809515]
[-1.640549407223956, -0.28677998915599107, -0.3191867634819828, -0.003006941897986909, 0.6103313287104297, -1.634598482308742]