[-0.09472681107017955, -0.08004945816662357, -0.5555935114866593, -9.537152809624416e-05, 0.6368409899400413, -0.12576113039057812]
[-0.16381578705877364, -0.028783823854443023, -0.6281835392314217, -0.07445265652757993, 0.6051270292544957, -0.13292115119225262]
[-0.2329047630473677, 0.02248181045773752, -0.7007735669761842, -0.14880994152706362, 0.57341306856895, -0.14008117199392714]
[-0.3019937390359617, 0.07374744476991804, -0.7733635947209466, -0.2231672265265473, 0.5416991078834045, -0.14724119279560166]
[-0.37108271502455586, 0.1250130790820986, -0.8459536224657092, -0.297524511526031, 0.5099851471978588, -0.15440121359727615]
[-0.4401716910131499, 0.17627871339427914, -0.9185436502104716, -0.3718817965255147, 0.47827118651231315, -0.16156123439895065]
[-0.5092606670017439, 0.22754434770645965, -0.991133677955234, -0.44623908152499836, 0.44655722582676755, -0.16872125520062517]
[-0.5783496429903381, 0.2788099820186402, -1.0637237056999966, -0.520596366524482, 0.41484326514122194, -0.1758812760022997]
[-0.6474386189789322, 0.3300756163308208, -1.136313733444759, -0.5949536515239657, 0.3831293044556763, -0.18304129680397419]
[-0.7165275949675262, 0.38134125064300134, -1.2089037611895215, -0.6693109365234494, 0.3514153437701306, -0.19020131760564868]
[-0.7856165709561203, 0.43260688495518185, -1.281493788934284, -0.7436682215229331, 0.319701383084585, -0.1973613384073232]
[-0.8822309106747225, 0.4556701942592137, -1.3056828020194255, -0.7777335596992646, 0.29678134773564263, -0.26432052421036734]
[-0.9788452503933247, 0.4787335035632455, -1.3298718151045674, -0.8117988978755961, 0.27386131238670025, -0.3312797100134115]
[-1.0341713878602046, 0.4433557687754452, -1.2664563873574528, -0.7614419272708849, 0.2821518661772035, -0.42653104078705273]
[-1.0894975253270844, 0.4079780339876449, -1.2030409596103382, -0.7110849566661737, 0.2904424199677068, -0.521782371560694]
[-1.1448236627939643, 0.37260029919984455, -1.1396255318632236, -0.6607279860614625, 0.29873297375821006, -0.6170337023343351]
[-1.2001498002608444, 0.33722256441204423, -1.076210104116109, -0.6103710154567512, 0.3070235275487133, -0.7122850331079763]
[-1.2554759377277243, 0.3018448296242439, -1.0127946763689943, -0.5600140448520401, 0.3153140813392166, -0.8075363638816175]
[-1.3108020751946041, 0.2664670948364436, -0.9493792486218796, -0.5096570742473289, 0.3236046351297199, -0.9027876946552587]
[-1.366128212661484, 0.23108936004864328, -0.885963820874765, -0.45930010364261764, 0.3318951889202232, -0.9980390254288999]
[-1.4214543501283639, 0.19571162526084296, -0.8225483931276504, -0.4089431330379064, 0.34018574271072644, -1.0932903562025411]
[-1.476780487595244, 0.16033389047304264, -0.7591329653805358, -0.3585861624331952, 0.3484762965012297, -1.1885416869761825]
[-1.5321066250621238, 0.12495615568524232, -0.6957175376334211, -0.30822919182848396, 0.356766850291733, -1.2837930177498236]
[-1.5874327625290037, 0.089578420897442, -0.6323021098863065, -0.25787222122377274, 0.36505740408223625, -1.3790443485234647]
[-1.6427588999958835, 0.05420068610964168, -0.5688866821391918, -0.20751525061906162, 0.37334795787273956, -1.4742956792971058]
[-1.6980850374627634, 0.018822951321841364, -0.5054712543920772, -0.1571582800143504, 0.3816385116632428, -1.5695470100707472]
[-1.7534111749296435, -0.016554783465958955, -0.44205582664496257, -0.10680130940963917, 0.38992906545374606, -1.6647983408443883]
[-1.8087373123965234, -0.05193251825375922, -0.37864039889784795, -0.05644433880492794, 0.3982196192442493, -1.7600496716180296]
[-1.8640634498634032, -0.08731025304155964, -0.31522497115073334, -0.006087368200216695, 0.4065101730347526, -1.8553010023916707]