[-0.06849535801188011, -0.36531180412775566, -0.4353884423225418, 0.00014361808825213984, 0.8018695634610244, -0.09950106498201894]
[-0.17918939519607927, -0.3483623863545823, -0.5133188270674994, -0.04510954625060434, 0.773185114962972, -0.08102169767407175]
[-0.2898834323802784, -0.33141296858140884, -0.591249211812457, -0.09036271058946083, 0.7445006664649196, -0.06254233036612455]
[-0.4005774695644776, -0.3144635508082354, -0.6691795965574147, -0.1356158749283173, 0.7158162179668673, -0.044062963058177376]
[-0.5112715067486767, -0.297514133035062, -0.7471099813023723, -0.1808690392671738, 0.6871317694688149, -0.025583595750230188]
[-0.6354535581203525, -0.27718902653087046, -0.7753156126581734, -0.198704096347721, 0.6601853273158679, -0.09747074634526896]
[-0.7596356094920284, -0.2568639200266789, -0.8035212440139744, -0.21653915342826818, 0.6332388851629208, -0.16935789694030776]
[-0.8838176608637042, -0.23653881352248732, -0.8317268753697755, -0.23437421050881538, 0.6062924430099738, -0.24124504753534656]
[-1.0079997122353799, -0.21621370701829576, -0.8599325067255766, -0.2522092675893626, 0.5793460008570267, -0.3131321981303853]
[-1.132181763607056, -0.19588860051410417, -0.8881381380813778, -0.2700443246699098, 0.5523995587040796, -0.38501934872542415]
[-1.2563638149787315, -0.1755634940099126, -0.9163437694371788, -0.28787938175045696, 0.5254531165511326, -0.4569064993204629]
[-1.3805458663504075, -0.15523838750572103, -0.9445494007929799, -0.3057144388310042, 0.4985066743981855, -0.5287936499155017]
[-1.5047279177220831, -0.1349132810015295, -0.9727550321487809, -0.32354949591155135, 0.47156023224523846, -0.6006808005105404]
[-1.6289099690937592, -0.11458817449733791, -1.000960663504582, -0.3413845529920986, 0.4446137900922914, -0.6725679511055793]
[-1.7530920204654348, -0.09426306799314632, -1.0291662948603832, -0.35921961007264575, 0.41766734793934435, -0.7444551017006181]
[-1.8772740718371108, -0.07393796148895479, -1.057371926216184, -0.3770546671531929, 0.3907209057863973, -0.8163422522956568]
[-2.0014561232087864, -0.05361285498476322, -1.0855775575719853, -0.39488972423374014, 0.36377446363345023, -0.8882294028906956]
[-1.9577324059729728, -0.05907168064871383, -0.9989308924614759, -0.3459490352111792, 0.38003999204989775, -0.9829052816903414]
[-1.914008688737159, -0.06453050631266444, -0.9122842273509665, -0.2970083461886182, 0.39630552046634526, -1.077581160489987]
[-1.8702849715013454, -0.06998933197661505, -0.825637562240457, -0.24806765716605728, 0.4125710488827927, -1.1722570392896328]
[-1.8265612542655316, -0.07544815764056567, -0.7389908971299477, -0.1991269681434963, 0.42883657729924024, -1.2669329180892785]
[-1.782837537029718, -0.08090698330451628, -0.6523442320194384, -0.15018627912093535, 0.44510210571568776, -1.3616087968889243]
[-1.7391138197939044, -0.08636580896846689, -0.5656975669089289, -0.10124559009837442, 0.4613676341321352, -1.4562846756885701]
[-1.6953901025580906, -0.0918246346324175, -0.47905090179841947, -0.052304901075813426, 0.47763316254858273, -1.5509605544882157]
[-1.651666385322277, -0.09728346029636811, -0.3924042366879102, -0.003364212053252502, 0.49389869096503025, -1.6456364332878615]