[0.2787060101787313, -0.6678217008228682, -0.34430929433214885, 0.0005598890760012409, 1.0129887270815994, 0.2473607375403608]
[0.16918282808562524, -0.6324422725234695, -0.404374344389216, 0.06515704486832834, 1.0323441418498762, 0.2406519413158491]
[0.059659645992519134, -0.5970628442240709, -0.4644393944462831, 0.12975420066065543, 1.0516995566181528, 0.23394314509133743]
[-0.04986353610058697, -0.5616834159246721, -0.5245044445033503, 0.19435135645298254, 1.0710549713864297, 0.22723434886682572]
[-0.15938671819369304, -0.5263039876252734, -0.5845694945604174, 0.2589485122453096, 1.0904103861547063, 0.22052555264231405]
[-0.2689099002867992, -0.49092455932587475, -0.6446345446174846, 0.32354566803763674, 1.1097658009229832, 0.21381675641780234]
[-0.37843308237990525, -0.45554513102647604, -0.7046995946745518, 0.38814282382996385, 1.1291212156912598, 0.20710796019329064]
[-0.4879562644730113, -0.4201657027270773, -0.7647646447316189, 0.4527399796222909, 1.1484766304595366, 0.20039916396877896]
[-0.5974794465661174, -0.38478627442767865, -0.824829694788686, 0.517337135414618, 1.1678320452278135, 0.1936903677442673]
[-0.7070026286592235, -0.34940684612828, -0.8848947448457531, 0.5819342912069451, 1.18718745999609, 0.18698157151975558]
[-0.8165258107523297, -0.3140274178288813, -0.9449597949028202, 0.6465314469992722, 1.206542874764367, 0.18027277529524388]
[-0.9260489928454358, -0.27864798952948255, -1.0050248449598875, 0.7111286027915994, 1.2258982895326436, 0.17356397907073218]
[-1.0355721749385418, -0.2432685612300839, -1.0650898950169547, 0.7757257585839265, 1.2452537043009204, 0.1668551828462205]
[-1.145095357031648, -0.20788913293068517, -1.125154945074022, 0.8403229143762536, 1.2646091190691973, 0.16014638662170882]
[-1.254618539124754, -0.1725097046312865, -1.1852199951310889, 0.9049200701685806, 1.2839645338374739, 0.15343759039719712]
[-1.3641417212178601, -0.1371302763318878, -1.245285045188156, 0.9695172259609077, 1.3033199486057507, 0.14672879417268542]
[-1.4736649033109661, -0.10175084803248913, -1.305350095245223, 1.0341143817532348, 1.3226753633740274, 0.14001999794817374]
[-1.5831880854040723, -0.06637141973309035, -1.3654151453022902, 1.098711537545562, 1.3420307781423042, 0.13331120172366204]
[-1.6927112674971783, -0.0309919914336918, -1.4254801953593574, 1.1633086933378889, 1.3613861929105808, 0.12660240549915036]
[-1.8022344495902847, 0.004387436865706959, -1.4855452454164246, 1.2279058491302162, 1.3807416076788577, 0.11989360927463864]
[-1.7873915930716062, -0.006307545599823822, -1.4221564901324708, 1.1555588871038365, 1.3342170884919669, 0.021972530249527555]
[-1.7725487365529278, -0.017002528065354603, -1.3587677348485168, 1.083211925077457, 1.287692569305076, -0.07594854877558353]
[-1.7577058800342493, -0.027697510530885386, -1.295378979564563, 1.0108649630510773, 1.2411680501181852, -0.1738696278006946]
[-1.7428630235155709, -0.038392492996416165, -1.231990224280609, 0.9385180010246976, 1.1946435309312944, -0.2717907068258057]
[-1.7280201669968924, -0.049087475461946944, -1.168601468996655, 0.866171038998318, 1.1481190117444036, -0.3697117858509168]
[-1.713177310478214, -0.05978245792747773, -1.1052127137127012, 0.7938240769719385, 1.1015944925575125, -0.46763286487602784]
[-1.6983344539595355, -0.0704774403930085, -1.0418239584287474, 0.7214771149455588, 1.055069973370622, -0.5655539439011389]
[-1.683491597440857, -0.08117242285853929, -0.9784352031447934, 0.6491301529191792, 1.0085454541837309, -0.66347502292625]
[-1.6686487409221784, -0.09186740532407006, -0.9150464478608396, 0.5767831908927995, 0.96202093499684, -0.7613961019513611]
[-1.6538058844035, -0.10256238778960085, -0.8516576925768856, 0.5044362288664199, 0.9154964158099492, -0.8593171809764723]
[-1.6389630278848215, -0.11325737025513163, -0.7882689372929317, 0.43208926684004023, 0.8689718966230584, -0.9572382600015833]
[-1.624120171366143, -0.12395235272066242, -0.7248801820089777, 0.35974230481366065, 0.8224473774361676, -1.0551593390266945]
[-1.6092773148474646, -0.13464733518619315, -0.6614914267250239, 0.28739534278728107, 0.7759228582492768, -1.1530804180518055]
[-1.5944344583287862, -0.14534231765172395, -0.59810267144107, 0.21504838076090138, 0.7293983390623859, -1.2510014970769165]
[-1.5795916018101077, -0.15603730011725475, -0.5347139161571162, 0.1427014187345219, 0.6828738198754951, -1.3489225761020276]
[-1.5647487452914293, -0.16673228258278555, -0.4713251608731621, 0.07035445670814222, 0.6363493006886042, -1.4468436551271389]
[-1.5499058887727508, -0.1774272650483163, -0.40793640558920835, -0.001992505318237384, 0.5898247815017134, -1.54476473415225]