[-0.032013826342690344, -0.4699758295461809, -0.3855139735582158, -7.54824493895967e-05, 0.8565800929406597, -0.06300148599418964]
[-0.04658180502614257, -0.4916712203970754, -0.41653730752601575, 0.03565144821412404, 0.8809235040737754, -0.10393533383051799]
[-0.0611497837095948, -0.5133666112479699, -0.4475606414938157, 0.07137837887763768, 0.9052669152068911, -0.14486918166684634]
[-0.1674333493021401, -0.5265806212251634, -0.46529843821444716, 0.08833061833247252, 0.9226948675665417, -0.2620681853784534]
[-0.2737169148946854, -0.5397946312023569, -0.48303623493507863, 0.10528285778730735, 0.9401228199261924, -0.37926718909006046]
[-0.3800004804872307, -0.5530086411795504, -0.5007740316557101, 0.1222350972421422, 0.9575507722858431, -0.4964661928016676]
[-0.486284046079776, -0.566222651156744, -0.5185118283763415, 0.13918733669697703, 0.9749787246454937, -0.6136651965132746]
[-0.5925676116723212, -0.5794366611339374, -0.5362496250969729, 0.15613957615181187, 0.9924066770051444, -0.7308642002248816]
[-0.6988511772648666, -0.592650671111131, -0.5539874218176044, 0.17309181560664672, 1.009834629364795, -0.8480632039364888]
[-0.8051347428574118, -0.6058646810883245, -0.5717252185382359, 0.19004405506148153, 1.0272625817244456, -0.9652622076480958]
[-0.9114183084499572, -0.6190786910655179, -0.5894630152588674, 0.20699629451631638, 1.0446905340840964, -1.0824612113597027]
[-1.0177018740425026, -0.6322927010427115, -0.6072008119794988, 0.22394853397115122, 1.062118486443747, -1.1996602150713098]
[-1.1239854396350477, -0.645506711019905, -0.6249386087001303, 0.24090077342598606, 1.0795464388033977, -1.316859218782917]
[-1.230269005227593, -0.6587207209970984, -0.6426764054207617, 0.25785301288082085, 1.0969743911630483, -1.434058222494524]
[-1.3365525708201385, -0.671934730974292, -0.6604142021413932, 0.2748052523356558, 1.114402343522699, -1.5512572262061313]
[-1.4428361364126838, -0.6851487409514855, -0.6781519988620246, 0.2917574917904906, 1.1318302958823496, -1.6684562299177381]
[-1.549119702005229, -0.698362750928679, -0.6958897955826561, 0.3087097312453254, 1.1492582482420004, -1.7856552336293452]
[-1.6554032675977743, -0.7115767609058725, -0.7136275923032875, 0.3256619707001603, 1.166686200601651, -1.9028542373409523]
[-1.7325080733703402, -0.6811280404514991, -0.6689310086255926, 0.2707098305748396, 1.1351364469383742, -1.937809531635178]
[-1.809612879142906, -0.6506793199971257, -0.6242344249478976, 0.21575769044951895, 1.1035866932750973, -1.972764825929404]
[-1.8867176849154719, -0.6202305995427524, -0.5795378412702027, 0.16080555032419827, 1.0720369396118206, -2.0077201202236297]
[-1.9638224906880377, -0.589781879088379, -0.5348412575925077, 0.10585341019887762, 1.0404871859485438, -2.0426754145178556]
[-2.0409272964606036, -0.5593331586340056, -0.49014467391481276, 0.05090127007355694, 1.008937432285267, -2.077630708812081]
[-2.1180321022331694, -0.5288844381796322, -0.4454480902371178, -0.004050870051763765, 0.9773876786219903, -2.112586003106307]