[0.133025823308361, -0.1398910915497602, -0.4899158827499033, 0.00047338843124133945, 0.631016368413043, 0.101735081779748]
[0.05971882580407145, -0.18139921954576652, -0.5014272931848133, -0.058485210878665844, 0.6205512184933323, -0.009975702300242723]
[-0.013588171700218088, -0.22290734754177283, -0.5129387036197234, -0.11744381018857303, 0.6100860685736215, -0.12168648638023344]
[-0.08689516920450763, -0.26441547553777917, -0.5244501140546334, -0.1764024094984802, 0.5996209186539108, -0.23339727046022418]
[-0.16020216670879717, -0.30592360353378545, -0.5359615244895435, -0.2353610088083874, 0.5891557687342001, -0.34510805454021487]
[-0.2335091642130867, -0.3474317315297918, -0.5474729349244535, -0.2943196081182946, 0.5786906188144892, -0.45681883862020556]
[-0.30681616171737625, -0.3889398595257981, -0.5589843453593635, -0.35327820742820176, 0.5682254688947785, -0.5685296227001964]
[-0.38012315922166584, -0.4304479875218044, -0.5704957557942736, -0.4122368067381089, 0.5577603189750678, -0.680240406780187]
[-0.4534301567259553, -0.47195611551781075, -0.5820071662291836, -0.47119540604801613, 0.5472951690553571, -0.7919511908601777]
[-0.5267371542302448, -0.513464243513817, -0.5935185766640936, -0.5301540053579233, 0.5368300191356463, -0.9036619749401684]
[-0.6000441517345344, -0.5549723715098234, -0.6050299870990037, -0.5891126046678306, 0.5263648692159356, -1.015372759020159]
[-0.673351149238824, -0.5964804995058297, -0.6165413975339137, -0.6480712039777377, 0.5158997192962249, -1.1270835431001498]
[-0.7466581467431135, -0.637988627501836, -0.6280528079688237, -0.7070298032876449, 0.5054345693765141, -1.2387943271801407]
[-0.819965144247403, -0.6794967554978424, -0.6395642184037338, -0.7659884025975521, 0.4949694194568034, -1.3505051112601314]
[-0.8932721417516927, -0.7210048834938486, -0.6510756288386438, -0.8249470019074592, 0.48450426953709264, -1.462215895340122]
[-0.9665791392559822, -0.762513011489855, -0.6625870392735538, -0.8839056012173664, 0.4740391196173819, -1.5739266794201128]
[-1.0398861367602716, -0.8040211394858613, -0.6740984497084639, -0.9428642005272736, 0.4635739696976712, -1.6856374635001035]
[-1.0990237022280767, -0.7552742089757908, -0.6643294991854444, -0.8382649780801252, 0.518252354074527, -1.672596064872171]
[-1.1581612676958817, -0.7065272784657202, -0.6545605486624249, -0.7336657556329768, 0.5729307384513828, -1.6595546662442386]
[-1.2172988331636867, -0.6577803479556497, -0.6447915981394053, -0.6290665331858283, 0.6276091228282386, -1.6465132676163061]
[-1.2764363986314917, -0.6090334174455792, -0.6350226476163858, -0.5244673107386799, 0.6822875072050942, -1.6334718689883738]
[-1.3355739640992967, -0.5602864869355085, -0.6252536970933662, -0.41986808829153144, 0.7369658915819501, -1.6204304703604413]
[-1.3947115295671018, -0.511539556425438, -0.6154847465703467, -0.3152688658443831, 0.7916442759588058, -1.607389071732509]
[-1.4538490950349068, -0.4627926259153674, -0.6057157960473272, -0.2106696433972346, 0.8463226603356617, -1.5943476731045765]
[-1.5129866605027118, -0.4140456954052969, -0.5959468455243077, -0.10607042095008623, 0.9010010447125174, -1.5813062744766442]
[-1.5721242259705168, -0.36529876489522634, -0.5861778950012881, -0.001471198502937798, 0.9556794290893732, -1.5682648758487117]