[0.22241324989522493, -0.8876636147481642, -0.19969502062488864, 0.0008150823398862528, 1.0888264979104827, 0.1905078786363834]
[0.15520196406755132, -0.8374260552798117, -0.24227270412621943, -0.033195803455293195, 1.0433888940771745, 0.13104448329992657]
[0.08799067823987775, -0.7871884958114591, -0.2848503876275502, -0.06720668925047264, 0.9979512902438663, 0.07158108796346975]
[0.020779392412204167, -0.7369509363431066, -0.32742807112888106, -0.1012175750456521, 0.9525136864105581, 0.0121176926270129]
[-0.04643189341546944, -0.6867133768747541, -0.37000575463021185, -0.13522846084083154, 0.90707608257725, -0.04734570270944391]
[-0.11364317924314299, -0.6364758174064016, -0.41258343813154263, -0.16923934663601098, 0.8616384787439418, -0.10680909804590072]
[-0.1808544650708166, -0.586238257938049, -0.4551611216328734, -0.20325023243119045, 0.8162008749106336, -0.1662724933823576]
[-0.2480657508984902, -0.5360006984696963, -0.4977388051342042, -0.2372611182263699, 0.7707632710773256, -0.2257358887188144]
[-0.3152770367261638, -0.4857631390013439, -0.540316488635535, -0.27127200402154933, 0.7253256672440174, -0.28519928405527123]
[-0.38248832255383736, -0.4355255795329913, -0.5828941721368659, -0.3052828898167288, 0.6798880634107092, -0.344662679391728]
[-0.4496996083815109, -0.3852880200646388, -0.6254718556381966, -0.3392937756119082, 0.634450459577401, -0.40412607472818485]
[-0.5169108942091845, -0.3350504605962863, -0.6680495391395274, -0.3733046614070877, 0.5890128557440928, -0.4635894700646417]
[-0.5841221800368581, -0.28481290112793367, -0.7106272226408582, -0.40731554720226715, 0.5435752519107846, -0.5230528654010986]
[-0.6513334658645318, -0.23457534165958105, -0.753204906142189, -0.4413264329974466, 0.4981376480774764, -0.5825162607375554]
[-0.7185447516922053, -0.18433778219122854, -0.7957825896435198, -0.47533731879262603, 0.4527000442441683, -0.6419796560740122]
[-0.7857560375198788, -0.13410022272287597, -0.8383602731448506, -0.5093482045878055, 0.4072624404108601, -0.701443051410469]
[-0.8821629259738499, -0.09124035596613488, -0.8448508696013306, -0.49841377139981596, 0.3835771080726569, -0.7980577301226945]
[-0.9785698144278212, -0.04838048920939377, -0.8513414660578105, -0.48747933821182643, 0.35989177573445363, -0.89467240883492]
[-1.0755864913950421, -0.022512354268970323, -0.8255886111361445, -0.4411464046355207, 0.3605978934349116, -0.9985987282393571]
[-1.172603168362263, 0.003355780671453125, -0.7998357562144786, -0.39481347105921494, 0.36130401113536953, -1.1025250476437942]
[-1.269619845329484, 0.029223915611876573, -0.7740829012928125, -0.34848053748290914, 0.3620101288358275, -1.2064513670482313]
[-1.3518421323354546, 0.042375032872814744, -0.7358320087628287, -0.29122373393401413, 0.3750932334380844, -1.2979449693784684]
[-1.4340644193414251, 0.05552615013375292, -0.6975811162328449, -0.2339669303851191, 0.38817633804034124, -1.3894385717087054]
[-1.5162867063473957, 0.0686772673946911, -0.6593302237028611, -0.17671012683622406, 0.40125944264259816, -1.4809321740389425]
[-1.5985089933533665, 0.08182838465562926, -0.6210793311728773, -0.11945332328732905, 0.41434254724485503, -1.5724257763691794]
[-1.680731280359337, 0.09497950191656745, -0.5828284386428935, -0.062196519738433986, 0.4274256518471119, -1.6639193786994164]
[-1.7629535673653076, 0.10813061917750562, -0.5445775461129096, -0.00493971618953899, 0.44050875644936877, -1.7554129810296535]