[0.15151302737778405, -0.7078692717661026, -0.06579327071482055, 0.0004995198004609236, 0.7750057600961204, 0.12014251099185991]
[0.09899315888320093, -0.7178068152333488, -0.09410833909473111, 0.022671918473206498, 0.7253077196714208, 0.001569119490735002]
[0.04647329038861779, -0.727744358700595, -0.12242340747464167, 0.04484431714595207, 0.6756096792467212, -0.1170042720103899]
[-0.0060465781059653445, -0.7376819021678411, -0.15073847585455222, 0.06701671581869764, 0.6259116388220216, -0.23557766351151482]
[-0.058566446600548466, -0.7476194456350873, -0.1790535442344628, 0.08918911449144322, 0.576213598397322, -0.3541510550126397]
[-0.11108631509513162, -0.7575569891023335, -0.20736861261437334, 0.11136151316418881, 0.5265155579726224, -0.47272444651376466]
[-0.16360618358971474, -0.7674945325695797, -0.23568368099428388, 0.13353391183693436, 0.4768175175479229, -0.5912978380148896]
[-0.21612605208429791, -0.7774320760368258, -0.26399874937419443, 0.15570631050967995, 0.42711947712322323, -0.7098712295160146]
[-0.268645920578881, -0.787369619504072, -0.29231381775410503, 0.17787870918242552, 0.3774214366985237, -0.8284446210171393]
[-0.32116578907346416, -0.7973071629713182, -0.3206288861340156, 0.2000511078551711, 0.3277233962738241, -0.9470180125182643]
[-0.4322647879466369, -0.7606327805086425, -0.34542684463576023, 0.18447291238856794, 0.37693241003393746, -1.0096300699346785]
[-0.5433637868198096, -0.7239583980459668, -0.3702248031375049, 0.1688947169219648, 0.42614142379405084, -1.0722421273510927]
[-0.6544627856929823, -0.6872840155832911, -0.39502276163924954, 0.15331652145536165, 0.4753504375541642, -1.1348541847675069]
[-0.7655617845661551, -0.6506096331206155, -0.41982072014099425, 0.13773832598875851, 0.5245594513142776, -1.1974662421839213]
[-0.8766607834393279, -0.6139352506579397, -0.4446186786427389, 0.12216013052215535, 0.5737684650743909, -1.2600782996003355]
[-0.9877597823125005, -0.577260868195264, -0.46941663714448356, 0.1065819350555522, 0.6229774788345044, -1.3226903570167496]
[-1.0988587811856734, -0.5405864857325884, -0.4942145956462282, 0.09100373958894907, 0.6721864925946177, -1.3853024144331638]
[-1.2099577800588461, -0.5039121032699126, -0.5190125541479729, 0.07542554412234591, 0.721395506354731, -1.447914471849578]
[-1.3210567789320187, -0.467237720807237, -0.5438105126497176, 0.05984734865574276, 0.7706045201148444, -1.5105265292659924]
[-1.4321557778051917, -0.4305633383445613, -0.5686084711514623, 0.0442691531891396, 0.8198135338749578, -1.5731385866824064]
[-1.543254776678364, -0.3938889558818856, -0.5934064296532069, 0.028690957722536464, 0.8690225476350711, -1.6357506440988208]
[-1.6543537755515367, -0.3572145734192099, -0.6182043881549515, 0.013112762255933302, 0.9182315613951846, -1.698362701515235]
[-1.7654527744247097, -0.32054019095653424, -0.6430023466566962, -0.002465433210669821, 0.9674405751552979, -1.7609747589316491]