[0.12446566513216872, -0.8013297916380617, -0.1793941150726308, 0.00031291883372475127, 0.9816960725279982, 0.09333934235831176]
[0.16896851333869461, -0.788933536362657, -0.22622989812024058, -0.05048921105278966, 0.9584341630220302, -0.031313832661227406]
[0.2134713615452205, -0.7765372810872523, -0.27306568116785035, -0.10129134093930407, 0.9351722535160621, -0.15596700768076657]
[0.25797420975174645, -0.7641410258118475, -0.31990146421546006, -0.1520934708258185, 0.9119103440100942, -0.28062018270030575]
[0.3024770579582723, -0.7517447705364428, -0.3667372472630699, -0.2028956007123329, 0.8886484345041261, -0.4052733577198449]
[0.34697990616479824, -0.7393485152610381, -0.4135730303106796, -0.2536977305988473, 0.8653865249981582, -0.5299265327393841]
[0.3914827543713241, -0.7269522599856334, -0.46040881335828937, -0.30449986048536176, 0.8421246154921902, -0.6545797077589233]
[0.43598560257784996, -0.7145560047102286, -0.5072445964058991, -0.3553019903718761, 0.8188627059862221, -0.7792328827784623]
[0.4804884507843759, -0.702159749434824, -0.554080379453509, -0.40610412025839054, 0.7956007964802542, -0.9038860577980016]
[0.5249912989909018, -0.6897634941594192, -0.6009161625011186, -0.45690625014490494, 0.7723388869742862, -1.0285392328175407]
[0.5694941471974277, -0.6773672388840144, -0.6477519455487284, -0.5077083800314194, 0.7490769774683181, -1.1531924078370799]
[0.6139969954039536, -0.6649709836086097, -0.6945877285963381, -0.5585105099179338, 0.7258150679623502, -1.2778455828566189]
[0.6584998436104795, -0.6525747283332051, -0.7414235116439479, -0.6093126398044483, 0.7025531584563821, -1.4024987578761583]
[0.7030026918170054, -0.6401784730578003, -0.7882592946915576, -0.6601147696909626, 0.6792912489504142, -1.5271519328956973]
[0.5257900690135995, -0.6128166263303803, -0.7741071007306232, -0.6094681340460378, 0.6957364284216542, -1.53247633560361]
[0.34857744621019365, -0.5854547796029602, -0.7599549067696886, -0.558821498401113, 0.7121816078928942, -1.5378007383115226]
[0.17136482340678783, -0.5580929328755403, -0.7458027128087541, -0.5081748627561882, 0.7286267873641343, -1.5431251410194353]
[-0.005847799396618059, -0.5307310861481203, -0.7316505188478196, -0.4575282271112633, 0.7450719668353744, -1.5484495437273482]
[-0.18306042220002383, -0.5033692394207002, -0.717498324886885, -0.4068815914663385, 0.7615171463066144, -1.553773946435261]
[-0.3602730450034297, -0.4760073926932802, -0.7033461309259506, -0.3562349558214137, 0.7779623257778544, -1.5590983491431736]
[-0.5374856678068354, -0.44864554596586026, -0.6891939369650161, -0.3055883201764889, 0.7944075052490945, -1.5644227518510863]
[-0.7146982906102415, -0.4212836992384402, -0.6750417430040816, -0.254941684531564, 0.8108526847203346, -1.569747154558999]
[-0.8919109134136471, -0.3939218525110202, -0.660889549043147, -0.20429504888663924, 0.8272978641915746, -1.5750715572669116]
[-1.069123536217053, -0.36656000578360015, -0.6467373550822125, -0.1536484132417144, 0.8437430436628146, -1.5803959599748245]
[-1.2463361590204587, -0.33919815905618017, -0.632585161121278, -0.10300177759678963, 0.8601882231340547, -1.5857203626827372]
[-1.4235487818238648, -0.31183631232876013, -0.6184329671603435, -0.05235514195186475, 0.8766334026052948, -1.5910447653906499]
[-1.6007614046272702, -0.28447446560134015, -0.604280773199409, -0.001708506306939968, 0.8930785820765348, -1.5963691680985626]