[0.06981480535831253, 0.012608965667380012, -0.6173831848352158, 0.00040876117851329496, 0.6058250270713401, 0.03840009274795797]
[0.005941917342317055, 0.028848586526232654, -0.6580867098140939, 0.008779856050145468, 0.4927663497151936, 0.09206831744257446]
[-0.05793097067367842, 0.045088207385085295, -0.6987902347929719, 0.017150950921777642, 0.3797076723590471, 0.14573654213719095]
[-0.12180385868967389, 0.06132782824393793, -0.73949375977185, 0.025522045793409817, 0.26664899500290057, 0.1994047668318074]
[-0.18567674670566936, 0.07756744910279058, -0.780197284750728, 0.03389314066504199, 0.15359031764675407, 0.25307299152642393]
[-0.24954963472166486, 0.09380706996164323, -0.820900809729606, 0.04226423553667417, 0.04053164029060752, 0.3067412162210404]
[-0.3134225227376603, 0.11004669082049585, -0.8616043347084841, 0.05063533040830634, -0.07252703706553898, 0.36040944091565685]
[-0.3772954107536558, 0.1262863116793485, -0.9023078596873622, 0.05900642527993852, -0.18558571442168542, 0.41407766561027337]
[-0.49365908980533935, 0.09113524552468526, -0.8776398450414122, 0.0510558916209612, -0.15919716990105978, 0.31577740473160343]
[-0.6100227688570229, 0.05598417937002201, -0.8529718303954623, 0.04310535796198388, -0.13280862538043414, 0.21747714385293354]
[-0.7263864479087064, 0.02083311321535876, -0.8283038157495124, 0.03515482430300655, -0.10642008085980847, 0.1191768829742636]
[-0.84275012696039, -0.01431795293930449, -0.8036358011035625, 0.02720429064402924, -0.08003153633918283, 0.02087662209559371]
[-0.9591138060120735, -0.04946901909396775, -0.7789677864576126, 0.019253756985051912, -0.05364299181855717, -0.07742363878307629]
[-1.075477485063757, -0.08462008524863099, -0.7542997718116626, 0.011303223326074592, -0.027254447297931528, -0.17572389966174617]
[-1.1918411641154405, -0.11977115140329425, -0.7296317571657126, 0.0033526896670972653, -0.0008659027773058603, -0.2740241605404161]
[-1.308204843167124, -0.1549222175579575, -0.7049637425197628, -0.004597843991880041, 0.02552264174331975, -0.37232442141908595]
[-1.4245685222188076, -0.19007328371262072, -0.6802957278738128, -0.012548377650857367, 0.05191118626394542, -0.470624682297756]
[-1.5409322012704911, -0.225224349867284, -0.6556277132278628, -0.020498911309834694, 0.07829973078457109, -0.568924943176426]
[-1.6572958803221747, -0.2603754160219472, -0.6309596985819129, -0.028449444968812007, 0.1046882753051967, -0.6672252040550957]
[-1.7736595593738584, -0.2955264821766105, -0.606291683935963, -0.036399978627789334, 0.1310768198258224, -0.7655254649337657]
[-1.734851691504855, -0.28134448190847433, -0.5812558811058567, -0.03059265724388678, 0.2210550779780776, -0.8940084465857641]
[-1.6960438236358515, -0.2671624816403382, -0.5562200782757504, -0.024785335859984232, 0.3110333361303328, -1.0224914282377622]
[-1.657235955766848, -0.25298048137220197, -0.5311842754456441, -0.01897801447608168, 0.40101159428258804, -1.1509744098897605]
[-1.6184280878978445, -0.23879848110406585, -0.5061484726155377, -0.01317069309217913, 0.4909898524348433, -1.2794573915417589]
[-1.5796202200288412, -0.22461648083592967, -0.4811126697854314, -0.007363371708276573, 0.5809681105870985, -1.4079403731937572]
[-1.5408123521598376, -0.2104344805677935, -0.45607686695532507, -0.001556050324374027, 0.6709463687393538, -1.5364233548457555]