[-0.2912949579422399, -0.7719466973299411, -0.1972984073489803, -0.0004563812391698008, 0.9703042539716211, -0.32174573073852564]
[-0.215587194107041, -0.715450155429827, -0.21166805242808323, -0.08856634003421557, 1.0176116954108876, -0.2983037221872544]
[-0.13987943027184208, -0.6589536135297129, -0.22603769750718616, -0.17667629882926134, 1.0649191368501543, -0.27486171363598316]
[-0.06417166643664313, -0.6024570716295987, -0.2404073425862891, -0.2647862576243071, 1.1122265782894207, -0.2514197050847119]
[0.011536097398555767, -0.5459605297294846, -0.25477698766539203, -0.35289621641935287, 1.1595340197286874, -0.2279776965334407]
[0.08724386123375472, -0.4894639878293705, -0.26914663274449496, -0.4410061752143986, 1.2068414611679539, -0.20453568798216945]
[0.16295162506895366, -0.4329674459292564, -0.2835162778235979, -0.5291161340094443, 1.2541489026072206, -0.1810936794308982]
[0.2386593889041525, -0.3764709040291423, -0.2978859229027008, -0.6172260928044901, 1.301456344046487, -0.157651670879627]
[0.31436715273935145, -0.31997436212902813, -0.31225556798180376, -0.7053360515995359, 1.3487637854857537, -0.13420966232835574]
[0.3900749165745504, -0.2634778202289141, -0.32662521306090664, -0.7934460103945816, 1.3960712269250202, -0.11076765377708453]
[0.46578268040974935, -0.20698127832879987, -0.3409948581400096, -0.8815559691896274, 1.4433786683642869, -0.08732564522581326]
[0.5414904442449482, -0.15048473642868576, -0.3553645032191125, -0.9696659279846732, 1.4906861098035533, -0.06388363667454205]
[0.6171982080801472, -0.09398819452857166, -0.36973414829821544, -1.057775886779719, 1.53799355124282, -0.04044162812327079]
[0.6929059719153461, -0.03749165262845751, -0.38410379337731837, -1.1458858455747647, 1.5853009926820865, -0.016999619571999566]
[0.589701840438063, -0.03902607174777402, -0.45650241696962335, -1.1490296612854178, 1.5984641391591117, -0.09335707652974191]
[0.4864977089607798, -0.04056049086709053, -0.5289010405619283, -1.152173476996071, 1.6116272856361367, -0.16971453348748428]
[0.3832935774834967, -0.04209490998640704, -0.6012996641542333, -1.1553172927067241, 1.6247904321131619, -0.24607199044522665]
[0.28008944600621355, -0.04362932910572355, -0.6736982877465383, -1.1584611084173773, 1.637953578590187, -0.32242944740296897]
[0.17688531452893042, -0.04516374822504006, -0.7460969113388433, -1.1616049241280304, 1.651116725067212, -0.3987869043607114]
[0.07368118305164728, -0.04669816734435657, -0.8184955349311482, -1.1647487398386835, 1.6642798715442373, -0.4751443613184537]
[-0.028898467259896143, -0.06690860284647193, -0.8154079734060523, -1.1010066403200116, 1.6268165024720336, -0.5426788354551442]
[-0.13147811757143957, -0.0871190383485873, -0.8123204118809564, -1.0372645408013395, 1.5893531333998299, -0.6102133095918346]
[-0.234057767882983, -0.10732947385070266, -0.8092328503558603, -0.9735224412826674, 1.5518897643276262, -0.6777477837285251]
[-0.3366374181945264, -0.127539909352818, -0.8061452888307644, -0.9097803417639954, 1.5144263952554224, -0.7452822578652154]
[-0.4392170685060699, -0.14775034485493338, -0.8030577273056685, -0.8460382422453233, 1.4769630261832187, -0.812816732001906]
[-0.5417967188176133, -0.16796078035704876, -0.7999701657805725, -0.7822961427266513, 1.439499657111015, -0.8803512061385963]
[-0.6443763691291566, -0.18817121585916408, -0.7968826042554765, -0.7185540432079792, 1.4020362880388113, -0.9478856802752867]
[-0.7469560194407001, -0.20838165136127948, -0.7937950427303806, -0.6548119436893072, 1.3645729189666076, -1.0154201544119772]
[-0.8303649109817026, -0.22437708514013888, -0.7713368539075088, -0.5894724739208654, 1.3222985366710827, -1.071613267155556]
[-0.913773802522705, -0.24037251891899825, -0.748878665084637, -0.5241330041524237, 1.2800241543755577, -1.127806379899135]
[-0.9971826940637074, -0.2563679526978576, -0.7264204762617652, -0.45879353438398207, 1.2377497720800328, -1.1839994926427138]
[-1.08059158560471, -0.27236338647671704, -0.7039622874388933, -0.39345406461554033, 1.1954753897845078, -1.2401926053862926]
[-1.1640004771457124, -0.2883588202555764, -0.6815040986160216, -0.32811459484709865, 1.153201007488983, -1.2963857181298715]
[-1.2474093686867147, -0.30435425403443583, -0.6590459097931498, -0.26277512507865697, 1.110926625193458, -1.3525788308734503]
[-1.3308182602277174, -0.3203496878132952, -0.6365877209702779, -0.19743565531021529, 1.068652242897933, -1.4087719436170292]
[-1.4142271517687197, -0.3363451215921546, -0.6141295321474062, -0.1320961855417735, 1.0263778606024079, -1.464965056360608]
[-1.4976360433097224, -0.35234055537101394, -0.5916713433245343, -0.06675671577333187, 0.9841034783068829, -1.5211581691041869]
[-1.5810449348507247, -0.36833598914987337, -0.5692131545016625, -0.0014172460048901133, 0.941829096011358, -1.5773512818477657]