[0.008708296145708339, -0.0707735283251818, -0.47368017921741323, 0.00036155325052078524, 0.5456357887828016, -0.02259376707401195]
[-0.04197010268642374, -0.13952201245675366, -0.5334226313139084, -0.039573444304374775, 0.5249633916381596, -0.05237182195785424]
[-0.09264850151855582, -0.20827049658832553, -0.5931650834104035, -0.07950844185927033, 0.5042909944935177, -0.08214987684169653]
[-0.1433269003506879, -0.2770189807198974, -0.6529075355068987, -0.1194434394141659, 0.48361859734887563, -0.11192793172553883]
[-0.19400529918281997, -0.34576746485146925, -0.7126499876033938, -0.15937843696906145, 0.46294620020423366, -0.1417059866093811]
[-0.2446836980149521, -0.4145159489830411, -0.7723924396998891, -0.19931343452395703, 0.44227380305959163, -0.17148404149322344]
[-0.29536209684708414, -0.483264433114613, -0.8321348917963842, -0.23924843207885257, 0.42160140591494966, -0.2012620963770657]
[-0.40277411283829845, -0.4818844853840728, -0.8052227390045729, -0.22454006010731264, 0.4493745709883868, -0.31420222380461016]
[-0.5101861288295128, -0.4805045376535327, -0.7783105862127615, -0.20983168813577271, 0.4771477360618239, -0.42714235123215455]
[-0.6175981448207271, -0.47912458992299256, -0.7513984334209501, -0.19512331616423279, 0.5049209011352611, -0.5400824786596989]
[-0.7250101608119414, -0.4777446421924524, -0.7244862806291388, -0.18041494419269283, 0.5326940662086982, -0.6530226060872434]
[-0.8324221768031557, -0.4763646944619122, -0.6975741278373274, -0.1657065722211529, 0.5604672312821353, -0.7659627335147878]
[-0.93983419279437, -0.4749847467313721, -0.6706619750455161, -0.15099820024961297, 0.5882403963555725, -0.8789028609423322]
[-1.0472462087855843, -0.47360479900083197, -0.6437498222537048, -0.136289828278073, 0.6160135614290096, -0.9918429883698766]
[-1.1546582247767985, -0.4722248512702918, -0.6168376694618933, -0.1215814563065331, 0.6437867265024467, -1.104783115797421]
[-1.2620702407680129, -0.4708449035397516, -0.5899255166700821, -0.10687308433499315, 0.6715598915758838, -1.2177232432249654]
[-1.3694822567592273, -0.4694649558092115, -0.5630133638782706, -0.09216471236345322, 0.699333056649321, -1.33066337065251]
[-1.4768942727504415, -0.46808500807867137, -0.5361012110864594, -0.07745634039191329, 0.7271062217227582, -1.4436034980800543]
[-1.5843062887416557, -0.4667050603481312, -0.509189058294648, -0.06274796842037336, 0.7548793867961953, -1.5565436255075986]
[-1.6917183047328699, -0.465325112617591, -0.48227690550283664, -0.04803959644883343, 0.7826525518696323, -1.6694837529351432]
[-1.7991303207240845, -0.4639451648870509, -0.4553647527110253, -0.033331224477293475, 0.8104257169430695, -1.7824238803626875]
[-1.9065423367152987, -0.4625652171565108, -0.4284525999192139, -0.018622852505753545, 0.8381988820165067, -1.895364007790232]
[-2.013954352706513, -0.4611852694259706, -0.40154044712740256, -0.003914480534213618, 0.8659720470899438, -2.0083041352177764]