[-0.09799362303782999, -0.14886728171008645, -0.37693406358056336, -4.8131384951410894e-05, 0.5268416354867655, -0.12888696323883053]
[-0.0719307540743012, -0.1816528698729479, -0.4164156869102738, 0.09088183750168628, 0.6049929205101019, -0.12335850957246089]
[-0.04586788511077241, -0.21443845803580935, -0.45589731023998425, 0.18181180638832398, 0.6831442055334381, -0.11783005590609125]
[-0.019805016147243615, -0.2472240461986708, -0.49537893356969476, 0.2727417752749617, 0.7612954905567745, -0.1123016022397216]
[0.006257852816285173, -0.28000963436153226, -0.5348605568994051, 0.36367174416159936, 0.8394467755801107, -0.10677314857335196]
[0.03232072177981399, -0.31279522252439373, -0.5743421802291158, 0.4546017130482371, 0.9175980606034471, -0.10124469490698232]
[0.05838359074334276, -0.34558081068725516, -0.6138238035588262, 0.5455316819348748, 0.9957493456267834, -0.09571624124061268]
[-0.054063513752654474, -0.34915551249621307, -0.627035079213728, 0.5675139235994033, 1.0086953028743115, -0.21504961617008364]
[-0.1665106182486517, -0.35273021430517104, -0.6402463548686299, 0.589496165263932, 1.0216412601218399, -0.3343829910995546]
[-0.2789577227446489, -0.35630491611412896, -0.6534576305235318, 0.6114784069284606, 1.034587217369368, -0.45371636602902554]
[-0.3914048272406462, -0.3598796179230869, -0.6666689061784337, 0.6334606485929892, 1.0475331746168963, -0.5730497409584965]
[-0.5038519317366433, -0.36345431973204484, -0.6798801818333355, 0.6554428902575178, 1.0604791318644244, -0.6923831158879674]
[-0.6162990362326406, -0.3670290215410028, -0.6930914574882374, 0.6774251319220463, 1.0734250891119528, -0.8117164908174384]
[-0.7287461407286379, -0.3706037233499607, -0.7063027331431394, 0.6994073735865749, 1.086371046359481, -0.9310498657469093]
[-0.8411932452246351, -0.3741784251589187, -0.7195140087980413, 0.7213896152511036, 1.0993170036070092, -1.0503832406763804]
[-0.9536403497206325, -0.3777531269678766, -0.7327252844529432, 0.7433718569156322, 1.1122629608545374, -1.1697166156058514]
[-1.0660874542166294, -0.3813278287768346, -0.745936560107845, 0.7653540985801608, 1.1252089181020657, -1.2890499905353223]
[-1.1785345587126268, -0.3849025305857925, -0.7591478357627469, 0.7873363402446893, 1.1381548753495938, -1.4083833654647933]
[-1.2508839581690763, -0.362365116534914, -0.7245647040442409, 0.7152285656060424, 1.081883061863679, -1.4590512896935646]
[-1.323233357625526, -0.33982770248403554, -0.689981572325735, 0.6431207909673954, 1.0256112483777642, -1.5097192139223359]
[-1.3955827570819754, -0.3172902884331571, -0.655398440607229, 0.5710130163287485, 0.9693394348918496, -1.5603871381511072]
[-1.4679321565384251, -0.2947528743822786, -0.620815308888723, 0.4989052416901014, 0.9130676214059348, -1.6110550623798785]
[-1.5402815559948746, -0.2722154603314001, -0.586232177170217, 0.4267974670514545, 0.85679580792002, -1.6617229866086498]
[-1.612630955451324, -0.24967804628052165, -0.5516490454517111, 0.3546896924128075, 0.8005239944341053, -1.7123909108374211]
[-1.6849803549077738, -0.22714063222964317, -0.5170659137332051, 0.28258191777416053, 0.7442521809481905, -1.7630588350661924]
[-1.7573297543642235, -0.2046032181787647, -0.48248278201469913, 0.2104741431355135, 0.6879803674622758, -1.8137267592949637]
[-1.8296791538206731, -0.18206580412788623, -0.44789965029619316, 0.13836636849686657, 0.6317085539763609, -1.864394683523735]
[-1.9020285532771224, -0.15952839007700775, -0.4133165185776872, 0.06625859385821964, 0.5754367404904462, -1.9150626077525064]
[-1.974377952733572, -0.13699097602612928, -0.37873338685918123, -0.005849180780427368, 0.5191649270045314, -1.9657305319812777]