[0.020994984072759237, -0.7897501492164656, -0.344513461645505, 0.00018057494520906658, 1.1354386478615304, -0.010093563154805807]
[-0.07126450211625948, -0.8118276137268431, -0.35897481946223087, -0.06795609973059333, 1.0848059185537433, 0.043522183939041476]
[-0.1635239883052782, -0.8339050782372206, -0.3734361772789567, -0.13609277440639572, 1.0341731892459562, 0.09713793103288876]
[-0.25578347449429695, -0.8559825427475981, -0.3878975350956826, -0.20422944908219814, 0.983540459938169, 0.15075367812673604]
[-0.34804296068331564, -0.8780600072579756, -0.4023588929124085, -0.2723661237580005, 0.9329077306303819, 0.20436942522058332]
[-0.44030244687233444, -0.9001374717683531, -0.41682025072913437, -0.340502798433803, 0.8822750013225948, 0.25798517231443063]
[-0.5325619330613531, -0.9222149362787306, -0.43128160854586023, -0.40863947310960536, 0.8316422720148077, 0.3116009194082779]
[-0.6087192599870381, -0.8700905620760068, -0.44083019849851457, -0.3862018873423607, 0.818262150442726, 0.1889437283731731]
[-0.6848765869127231, -0.8179661878732829, -0.4503787884511689, -0.3637643015751161, 0.8048820288706442, 0.06628653733806833]
[-0.761033913838408, -0.765841813670559, -0.45992737840382325, -0.3413267158078715, 0.7915019072985625, -0.05637065369703648]
[-0.837191240764093, -0.7137174394678352, -0.4694759683564776, -0.31888913004062686, 0.7781217857264808, -0.17902784473214123]
[-0.913348567689778, -0.6615930652651113, -0.47902455830913193, -0.2964515442733822, 0.7647416641543991, -0.3016850357672461]
[-0.9895058946154629, -0.6094686910623874, -0.48857314826178627, -0.27401395850613763, 0.7513615425823174, -0.42434222680235084]
[-1.065663221541148, -0.5573443168596636, -0.4981217382144406, -0.251576372738893, 0.7379814210102357, -0.5469994178374555]
[-1.141820548466833, -0.5052199426569397, -0.507670328167095, -0.22913878697164836, 0.724601299438154, -0.6696566088725604]
[-1.217977875392518, -0.45309556845421584, -0.5172189181197493, -0.20670120120440372, 0.7112211778660722, -0.7923137999076653]
[-1.294135202318203, -0.40097119425149197, -0.5267675080724037, -0.18426361543715908, 0.6978410562939905, -0.9149709909427701]
[-1.370292529243888, -0.3488468200487681, -0.536316098025058, -0.16182602966991444, 0.6844609347219088, -1.037628181977875]
[-1.446449856169573, -0.29672244584604424, -0.5458646879777124, -0.13938844390266986, 0.6710808131498271, -1.1602853730129796]
[-1.5226071830952579, -0.24459807164332037, -0.5554132779303667, -0.11695085813542522, 0.6577006915777455, -1.2829425640480845]
[-1.5987645100209429, -0.1924736974405965, -0.564961867883021, -0.09451327236818058, 0.6443205700056637, -1.4055997550831891]
[-1.6749218369466279, -0.14034932323787264, -0.5745104578356754, -0.07207568660093594, 0.630940448433582, -1.528256946118294]
[-1.7510791638723127, -0.08822494903514877, -0.5840590477883297, -0.049638100833691357, 0.6175603268615003, -1.6509141371533986]
[-1.8272364907979977, -0.0361005748324249, -0.593607637740984, -0.027200515066446718, 0.6041802052894185, -1.7735713281885035]
[-1.9033938177236827, 0.016023799370298995, -0.6031562276936384, -0.0047629292992020875, 0.5908000837173368, -1.8962285192236084]