[0.054472519611007186, -0.3690541562354692, -0.6369789446681215, 0.00023946799540475183, 1.0069999695828882, 0.023284761171486146]
[-0.039097202936234074, -0.403628138025499, -0.6663248814153085, 0.06344039084582583, 0.9742293468168657, -0.028420365708176]
[-0.13266692548347533, -0.43820211981552876, -0.6956708181624954, 0.1266413136962469, 0.9414587240508433, -0.08012549258783815]
[-0.22623664803071658, -0.47277610160555855, -0.7250167549096824, 0.18984223654666796, 0.9086881012848208, -0.13183061946750027]
[-0.31980637057795785, -0.5073500833955883, -0.7543626916568693, 0.25304315939708905, 0.8759174785187984, -0.18353574634716244]
[-0.4133760931251991, -0.5419240651856181, -0.7837086284040563, 0.3162440822475101, 0.8431468557527759, -0.23524087322682458]
[-0.5069458156724403, -0.5764980469756479, -0.8130545651512433, 0.37944500509793117, 0.8103762329867534, -0.2869460001064867]
[-0.6005155382196815, -0.6110720287656777, -0.8424005018984302, 0.4426459279483522, 0.777605610220731, -0.33865112698614885]
[-0.6940852607669229, -0.6456460105557074, -0.8717464386456172, 0.5058468507987733, 0.7448349874547086, -0.390356253865811]
[-0.7876549833141641, -0.6802199923457373, -0.9010923753928042, 0.5690477736491945, 0.7120643646886862, -0.4420613807454732]
[-0.8812247058614053, -0.714793974135767, -0.9304383121399911, 0.6322486964996155, 0.6792937419226637, -0.4937665076251353]
[-0.9444653474413363, -0.6657418202680991, -0.890308567442549, 0.5833281272208736, 0.6647315688130083, -0.5863154935131855]
[-1.0077059890212672, -0.6166896664004312, -0.850178822745107, 0.5344075579421317, 0.6501693957033531, -0.6788644794012355]
[-1.0709466306011983, -0.5676375125327634, -0.810049078047665, 0.4854869886633898, 0.6356072225936977, -0.7714134652892857]
[-1.1341872721811292, -0.5185853586650955, -0.769919333350223, 0.43656641938464785, 0.6210450494840425, -0.8639624511773358]
[-1.1974279137610602, -0.46953320479742766, -0.7297895886527811, 0.38764585010590596, 0.6064828763743871, -0.956511437065386]
[-1.2606685553409913, -0.4204810509297598, -0.6896598439553391, 0.3387252808271641, 0.5919207032647318, -1.0490604229534362]
[-1.3239091969209222, -0.371428897062092, -0.6495300992578971, 0.2898047115484222, 0.5773585301550765, -1.1416094088414863]
[-1.3871498385008532, -0.32237674319442405, -0.609400354560455, 0.24088414226968025, 0.5627963570454212, -1.2341583947295365]
[-1.450390480080784, -0.27332458932675624, -0.5692706098630131, 0.1919635729909384, 0.548234183935766, -1.3267073806175864]
[-1.513631121660715, -0.22427243545908837, -0.5291408651655711, 0.14304300371219647, 0.5336720108261106, -1.4192563665056366]
[-1.576871763240646, -0.17522028159142056, -0.48901112046812906, 0.09412243443345458, 0.5191098377164554, -1.5118053523936865]
[-1.640112404820577, -0.12616812772375263, -0.44888137577068704, 0.045201865154712695, 0.5045476646068, -1.6043543382817367]
[-1.703353046400508, -0.07711597385608485, -0.4087516310732451, -0.003718704124029217, 0.4899854914971447, -1.696903324169787]