[0.06725532784052479, -0.22838205357314312, -0.3140018049593456, 0.0002533535076878479, 0.5438031469857743, 0.03599191623146858]
[0.13636545848715004, -0.25014421465058906, -0.35166461473430594, 0.04217263619820148, 0.4863754393671435, -0.04028347093984461]
[0.2054755891337753, -0.27190637572803494, -0.3893274245092663, 0.08409191888871512, 0.42894773174851275, -0.11655885811115779]
[0.2745857197804006, -0.2936685368054809, -0.42699023428422667, 0.12601120157922874, 0.371520024129882, -0.19283424528247098]
[0.34369585042702583, -0.31543069788292677, -0.46465304405918695, 0.16793048426974239, 0.31409231651125125, -0.26910963245378416]
[0.41280598107365113, -0.33719285896037277, -0.5023158538341473, 0.20984976696025603, 0.25666460889262044, -0.3453850196250974]
[0.4819161117202764, -0.35895502003781865, -0.5399786636091077, 0.2517690496507696, 0.19923690127398974, -0.42166040679641054]
[0.5510262423669017, -0.38071718111526454, -0.577641473384068, 0.29368833234128333, 0.14180919365535893, -0.4979357939677238]
[0.6201363730135269, -0.4024793421927105, -0.6153042831590283, 0.3356076150317969, 0.08438148603672824, -0.5742111811390369]
[0.6892465036601522, -0.4242415032701564, -0.6529670929339888, 0.3775268977223106, 0.02695377841809743, -0.6504865683103501]
[0.7583566343067775, -0.44600366434760236, -0.6906299027089491, 0.4194461804128242, -0.03047392920053338, -0.7267619554816633]
[0.8274667649534028, -0.4677658254250483, -0.7282927124839095, 0.46136546310333787, -0.08790163681916419, -0.8030373426529765]
[0.896576895600028, -0.4895279865024942, -0.7659555222588698, 0.5032847457938514, -0.14532934443779477, -0.8793127298242897]
[0.9656870262466533, -0.5112901475799401, -0.8036183320338302, 0.5452040284843651, -0.20275705205642558, -0.9555881169956029]
[1.0347971568932786, -0.533052308657386, -0.8412811418087905, 0.5871233111748788, -0.2601847596750564, -1.0318635041669162]
[1.1039072875399039, -0.554814469734832, -0.8789439515837508, 0.6290425938653924, -0.3176124672936872, -1.1081388913382293]
[1.173017418186529, -0.5765766308122778, -0.9166067613587111, 0.670961876555906, -0.3750401749123178, -1.1844142785095424]
[1.2421275488331542, -0.5983387918897238, -0.9542695711336715, 0.7128811592464196, -0.4324678825309486, -1.2606896656808555]
[1.3112376794797795, -0.6201009529671697, -0.9919323809086319, 0.7548004419369333, -0.4898955901495794, -1.3369650528521688]
[1.1644785297477518, -0.6138552953726328, -0.9642538814686483, 0.7187577072901694, -0.42353530694945973, -1.35743721459425]
[1.0177193800157238, -0.607609637778096, -0.9365753820286647, 0.6827149726434055, -0.35717502374934007, -1.377909376336331]
[0.8709602302836962, -0.6013639801835591, -0.9088968825886812, 0.6466722379966416, -0.2908147405492204, -1.3983815380784121]
[0.7242010805516683, -0.5951183225890222, -0.8812183831486976, 0.6106295033498779, -0.22445445734910074, -1.418853699820493]
[0.5774419308196406, -0.5888726649944853, -0.853539883708714, 0.5745867687031139, -0.15809417414898108, -1.4393258615625741]
[0.4306827810876128, -0.5826270073999484, -0.8258613842687306, 0.5385440340563501, -0.09173389094886142, -1.4597980233046552]
[0.28392363135558507, -0.5763813498054116, -0.798182884828747, 0.5025012994095862, -0.025373607748741756, -1.4802701850467364]
[0.1371644816235571, -0.5701356922108746, -0.7705043853887634, 0.4664585647628223, 0.04098667545137791, -1.5007423467888175]
[-0.00959466810847065, -0.5638900346163377, -0.7428258859487799, 0.43041583011605844, 0.10734695865149757, -1.5212145085308986]
[-0.1563538178404984, -0.5576443770218008, -0.7151473865087963, 0.39437309546929455, 0.17370724185161723, -1.5416866702729797]
[-0.30311296757252637, -0.5513987194272639, -0.6874688870688127, 0.35833036082253067, 0.240067525051737, -1.5621588320150606]
[-0.4498721173045539, -0.545153061832727, -0.6597903876288291, 0.32228762617576684, 0.30642780825185656, -1.5826309937571417]
[-0.5966312670365819, -0.5389074042381902, -0.6321118881888456, 0.2862448915290029, 0.37278809145197633, -1.6031031554992228]
[-0.7433904167686094, -0.5326617466436533, -0.604433388748862, 0.2502021568822391, 0.4391483746520959, -1.6235753172413039]
[-0.8901495665006374, -0.5264160890491164, -0.5767548893088785, 0.21415942223547513, 0.5055086578522157, -1.644047478983385]
[-1.0369087162326653, -0.5201704314545795, -0.5490763898688948, 0.17811668758871135, 0.5718689410523352, -1.664519640725466]
[-1.1836678659646933, -0.5139247738600426, -0.5213978904289114, 0.14207395294194747, 0.638229224252455, -1.6849918024675472]
[-1.3304270156967208, -0.5076791162655058, -0.4937193909889278, 0.10603121829518358, 0.7045895074525745, -1.705463964209628]
[-1.4771861654287488, -0.5014334586709689, -0.46604089154894424, 0.0699884836484197, 0.7709497906526943, -1.7259361259517092]
[-1.6239453151607763, -0.49518780107643195, -0.43836239210896066, 0.03394574900165581, 0.8373100738528139, -1.7464082876937903]
[-1.7707044648928043, -0.4889421434818951, -0.4106838926689771, -0.0020969856451080954, 0.9036703570529337, -1.7668804494358714]