[-0.17064206856566688, -0.510135931444851, -0.4864155127775316, -0.0002782417384148417, 0.9981996218986584, -0.20150485905831506]
[-0.23039932880576716, -0.509883822520829, -0.5483688008309024, 0.01053108431746308, 0.9794462905308695, -0.3561937871919707]
[-0.29015658904586744, -0.509631713596807, -0.6103220888842733, 0.021340410373341, 0.9606929591630806, -0.5108827153256263]
[-0.3499138492859677, -0.509379604672785, -0.672275376937644, 0.03214973642921892, 0.9419396277952918, -0.665571643459282]
[-0.409671109526068, -0.509127495748763, -0.7342286649910149, 0.042959062485096844, 0.9231862964275029, -0.8202605715929376]
[-0.4694283697661683, -0.508875386824741, -0.7961819530443858, 0.053768388540974765, 0.904432965059714, -0.9749494997265933]
[-0.5291856300062685, -0.5086232779007189, -0.8581352410977565, 0.06457771459685269, 0.8856796336919251, -1.129638427860249]
[-0.5889428902463689, -0.508371168976697, -0.9200885291511274, 0.07538704065273061, 0.8669263023241363, -1.2843273559939046]
[-0.6487001504864691, -0.5081190600526749, -0.9820418172044982, 0.08619636670860853, 0.8481729709563475, -1.4390162841275602]
[-0.7084574107265694, -0.507866951128653, -1.043995105257869, 0.09700569276448645, 0.8294196395885586, -1.5937052122612159]
[-0.7682146709666697, -0.5076148422046309, -1.10594839331124, 0.10781501882036437, 0.8106663082207697, -1.7483941403948715]
[-0.8935297921898608, -0.46892274439241877, -1.0371816575872943, 0.09644884596728528, 0.7838472792065996, -1.7748869528280533]
[-1.018844913413052, -0.4302306465802066, -0.9684149218633487, 0.0850826731142062, 0.7570282501924296, -1.801379765261235]
[-1.144160034636243, -0.39153854876799443, -0.899648186139403, 0.07371650026112711, 0.7302092211782595, -1.827872577694417]
[-1.2694751558594342, -0.35284645095578226, -0.8308814504154574, 0.06235032740804803, 0.7033901921640894, -1.8543653901275987]
[-1.3947902770826253, -0.3141543531435701, -0.7621147146915117, 0.05098415455496895, 0.6765711631499194, -1.8808582025607805]
[-1.5201053983058164, -0.27546225533135793, -0.6933479789675661, 0.03961798170188986, 0.6497521341357493, -1.9073510149939623]
[-1.6454205195290075, -0.23677015751914576, -0.6245812432436204, 0.02825180884881079, 0.6229331051215792, -1.9338438274271441]
[-1.7707356407521986, -0.1980780597069336, -0.5558145075196746, 0.016885635995731688, 0.5961140761074091, -1.960336639860326]
[-1.8960507619753897, -0.15938596189472143, -0.487047771795729, 0.005519463142652614, 0.5692950470932391, -1.9868294522935077]
[-2.021365883198581, -0.12069386408250923, -0.41828103607178335, -0.005846709710426474, 0.542476018079069, -2.0133222647266895]