[0.01707134052674153, -0.6719249180366047, -0.1197523673229206, 0.00012035007514210605, 0.7928240443805459, -0.01418814007275504]
[-0.019954041838069668, -0.6453886526629554, -0.18862947870947927, 0.03911843491873827, 0.7736520160740221, -0.12465488147670807]
[-0.056979424202880866, -0.618852387289306, -0.25750659009603794, 0.07811651976233443, 0.7544799877674985, -0.2351216228806611]
[-0.09400480656769207, -0.5923161219156567, -0.32638370148259654, 0.11711460460593058, 0.7353079594609747, -0.3455883642846141]
[-0.13103018893250326, -0.5657798565420075, -0.3952608128691552, 0.15611268944952675, 0.7161359311544511, -0.45605510568856716]
[-0.16805557129731447, -0.5392435911683582, -0.4641379242557139, 0.1951107742931229, 0.6969639028479273, -0.5665218470925202]
[-0.20508095366212567, -0.5127073257947088, -0.5330150356422725, 0.23410885913671906, 0.6777918745414035, -0.6769885884964731]
[-0.24210633602693687, -0.4861710604210595, -0.6018921470288312, 0.2731069439803152, 0.6586198462348799, -0.7874553299004262]
[-0.27913171839174805, -0.45963479504741017, -0.6707692584153898, 0.3121050288239114, 0.6394478179283561, -0.8979220713043793]
[-0.3161571007565593, -0.43309852967376083, -0.7396463698019485, 0.35110311366750757, 0.6202757896218325, -1.0083888127083322]
[-0.35318248312137046, -0.40656226430011155, -0.8085234811885071, 0.3901011985111037, 0.6011037613153087, -1.1188555541122853]
[-0.4856164000054632, -0.41556059905044884, -0.779828853162953, 0.35980592155288676, 0.6288767202074989, -1.1919624245810698]
[-0.6180503168895559, -0.42455893380078613, -0.751134225137399, 0.3295106445946698, 0.656649679099689, -1.2650692950498543]
[-0.7504842337736486, -0.4335572685511234, -0.7224395971118449, 0.29921536763645284, 0.6844226379918791, -1.3381761655186388]
[-0.8829181506577414, -0.44255560330146065, -0.6937449690862909, 0.26892009067823586, 0.7121955968840692, -1.4112830359874233]
[-1.0153520675418342, -0.45155393805179794, -0.6650503410607368, 0.23862481372001892, 0.7399685557762592, -1.484389906456208]
[-1.1477859844259268, -0.46055227280213523, -0.6363557130351827, 0.20832953676180196, 0.7677415146684493, -1.5574967769249923]
[-1.2802199013100195, -0.4695506075524725, -0.6076610850096287, 0.17803425980358503, 0.7955144735606394, -1.630603647393777]
[-1.4126538181941122, -0.4785489423028098, -0.5789664569840746, 0.14773898284536804, 0.8232874324528295, -1.7037105178625616]
[-1.545087735078205, -0.48754727705314704, -0.5502718289585204, 0.11744370588715114, 0.8510603913450197, -1.776817388331346]
[-1.677521651962298, -0.49654561180348433, -0.5215772009329664, 0.08714842892893415, 0.8788333502372097, -1.8499242588001306]
[-1.8099555688463904, -0.5055439465538216, -0.4928825729074124, 0.05685315197071722, 0.9066063091293999, -1.923031129268915]
[-1.9423894857304833, -0.5145422813041589, -0.46418794488185827, 0.02655787501250023, 0.9343792680215899, -1.9961379997376996]
[-2.0748234026145758, -0.5235406160544962, -0.4354933168563042, -0.0037374019457166972, 0.96215222691378, -2.069244870206484]