[-0.07399640813359998, -0.7788563240627333, -0.15553702724164875, -0.00010639669124579143, 0.9354206124085529, -0.10502245294683377]
[-0.1449680009144808, -0.7553564319438278, -0.22735991716812048, 0.045276719729360156, 0.9046331708777354, -0.16703881193310335]
[-0.21593959369536161, -0.7318565398249224, -0.2991828070945922, 0.0906598361499661, 0.8738457293469178, -0.22905517091937294]
[-0.2869111864762424, -0.7083566477060168, -0.3710056970210639, 0.13604295257057203, 0.8430582878161004, -0.29107152990564256]
[-0.35788277925712325, -0.6848567555871113, -0.44282858694753563, 0.181426068991178, 0.8122708462852829, -0.3530878888919121]
[-0.4288543720380041, -0.6613568634682059, -0.5146514768740074, 0.22680918541178394, 0.7814834047544654, -0.41510424787818173]
[-0.49982596481888486, -0.6378569713493004, -0.586474366800479, 0.27219230183238985, 0.7506959632236478, -0.4771206068644513]
[-0.5707975575997657, -0.614357079230395, -0.6582972567269507, 0.31757541825299584, 0.7199085216928304, -0.5391369658507209]
[-0.6417691503806465, -0.5908571871114894, -0.7301201466534225, 0.3629585346736018, 0.6891210801620129, -0.6011533248369905]
[-0.7127407431615275, -0.5673572949925839, -0.8019430365798943, 0.4083416510942077, 0.6583336386311953, -0.6631696838232601]
[-0.7837123359424082, -0.5438574028736785, -0.8737659265063659, 0.45372476751481366, 0.6275461971003778, -0.7251860428095297]
[-0.854683928723289, -0.520357510754773, -0.9455888164328377, 0.4991078839354196, 0.5967587555695604, -0.7872024017957993]
[-0.9256555215041697, -0.4968576186358675, -1.0174117063593093, 0.5444910003560255, 0.5659713140387428, -0.8492187607820688]
[-0.9966271142850507, -0.473357726516962, -1.089234596285781, 0.5898741167766315, 0.5351838725079252, -0.9112351197683385]
[-1.0675987070659314, -0.44985783439805654, -1.1610574862122527, 0.6352572331972375, 0.5043964309771078, -0.973251478754608]
[-1.1385702998468121, -0.4263579422791511, -1.2328803761387244, 0.6806403496178434, 0.4736089894462903, -1.0352678377408775]
[-1.209541892627693, -0.40285805016024556, -1.3047032660651963, 0.7260234660384494, 0.4428215479154728, -1.0972841967271472]
[-1.280513485408574, -0.3793581580413401, -1.376526155991668, 0.7714065824590552, 0.4120341063846553, -1.1593005557134168]
[-1.351485078189455, -0.3558582659224346, -1.4483490459181398, 0.8167896988796612, 0.38124666485383774, -1.2213169146996865]
[-1.4224566709703357, -0.3323583738035291, -1.5201719358446115, 0.8621728153002671, 0.35045922332302026, -1.283333273685956]
[-1.4934282637512164, -0.30885848168462365, -1.591994825771083, 0.9075559317208731, 0.3196717817922028, -1.3453496326722256]
[-1.5643998565320973, -0.28535858956571813, -1.6638177156975549, 0.9529390481414791, 0.2888843402613852, -1.4073659916584953]
[-1.635371449312978, -0.26185869744681267, -1.7356406056240266, 0.998322164562085, 0.25809689873056774, -1.4693823506447647]
[-1.661302169307954, -0.26295519754222096, -1.648972992878321, 0.9148547349006291, 0.31776600513024006, -1.5087224452678314]
[-1.6872328893029298, -0.26405169763762926, -1.5623053801326152, 0.8313873052391733, 0.3774351115299123, -1.548062539890898]
[-1.713163609297906, -0.2651481977330375, -1.4756377673869094, 0.7479198755777174, 0.43710421792958465, -1.5874026345139647]
[-1.7390943292928818, -0.2662446978284458, -1.3889701546412039, 0.6644524459162615, 0.4967733243292569, -1.6267427291370313]
[-1.7650250492878576, -0.2673411979238541, -1.3023025418954983, 0.5809850162548056, 0.5564424307289293, -1.666082823760098]
[-1.7909557692828337, -0.2684376980192623, -1.2156349291497925, 0.49751758659334977, 0.6161115371286016, -1.7054229183831646]
[-1.8168864892778096, -0.2695341981146706, -1.1289673164040868, 0.41405015693189384, 0.6757806435282738, -1.744763013006231]
[-1.8428172092727855, -0.2706306982100789, -1.0422997036583812, 0.330582727270438, 0.7354497499279462, -1.7841031076292977]
[-1.8687479292677613, -0.2717271983054872, -0.9556320909126755, 0.2471152976089821, 0.7951188563276185, -1.8234432022523643]
[-1.8946786492627372, -0.2728236984008955, -0.8689644781669699, 0.16364786794752628, 0.8547879627272909, -1.862783296875431]
[-1.9206093692577133, -0.2739201984963037, -0.7822968654212642, 0.08018043828607047, 0.914457069126963, -1.9021233914984976]
[-1.9465400892526892, -0.275016698591712, -0.6956292526755585, -0.003286991375385524, 0.9741261755266354, -1.9414634861215643]