[-0.1663203016130348, 0.08398509638710472, -0.6051077584458016, -6.398916921135367e-05, 0.5219884752096364, -0.197387275198051]
[-0.16092052590814315, 0.05267655234315866, -0.6700059304347055, 0.04187773064231876, 0.4523361262032953, -0.2581625783080127]
[-0.15552075020325148, 0.021368008299212607, -0.7349041024236095, 0.08381945045384888, 0.3826837771969541, -0.3189378814179744]
[-0.15012097449835984, -0.009940535744733456, -0.7998022744125135, 0.125761170265379, 0.313031428190613, -0.3797131845279361]
[-0.1447211987934682, -0.041249079788679505, -0.8647004464014174, 0.1677028900769091, 0.24337907918427187, -0.4404884876378979]
[-0.13932142308857653, -0.07255762383262557, -0.9295986183903214, 0.20964460988843925, 0.17372673017793072, -0.5012637907478596]
[-0.1339216473836849, -0.10386616787657163, -0.9944967903792253, 0.25158632969996936, 0.10407438117158962, -0.5620390938578212]
[-0.12852187167879325, -0.1351747119205177, -1.0593949623681294, 0.29352804951149947, 0.03442203216524849, -0.6228143969677831]
[-0.22814950484247914, -0.15991107169058302, -1.0135472780235466, 0.2760893522329502, 0.08175543233743005, -0.6930619221100905]
[-0.32777713800616504, -0.18464743146064835, -0.9676995936789636, 0.258650654954401, 0.1290888325096116, -0.763309447252398]
[-0.42740477116985093, -0.2093837912307137, -0.9218519093343809, 0.2412119576758517, 0.17642223268179313, -0.8335569723947054]
[-0.5270324043335368, -0.23412015100077904, -0.876004224989798, 0.22377326039730244, 0.2237556328539747, -0.9038044975370129]
[-0.6266600374972227, -0.2588565107708444, -0.8301565406452152, 0.2063345631187532, 0.2710890330261563, -0.9740520226793203]
[-0.7262876706609086, -0.2835928705409097, -0.7843088563006323, 0.18889586584020396, 0.3184224331983378, -1.0442995478216277]
[-0.8259153038245944, -0.30832923031097503, -0.7384611719560494, 0.17145716856165472, 0.3657558333705193, -1.114547072963935]
[-0.9255429369882804, -0.33306559008104036, -0.6926134876114667, 0.15401847128310545, 0.4130892335427009, -1.1847945981062427]
[-1.0251705701519662, -0.3578019498511057, -0.6467658032668837, 0.1365797740045562, 0.46042263371488246, -1.25504212324855]
[-1.124798203315652, -0.382538309621171, -0.600918118922301, 0.11914107672600693, 0.507756033887064, -1.3252896483908576]
[-1.2244258364793381, -0.40727466939123635, -0.5550704345777181, 0.10170237944745769, 0.5550894340592456, -1.395537173533165]
[-1.324053469643024, -0.43201102916130174, -0.5092227502331352, 0.08426368216890842, 0.6024228342314272, -1.4657846986754723]
[-1.4236811028067098, -0.456747388931367, -0.4633750658885525, 0.06682498489035921, 0.6497562344036086, -1.53603222381778]
[-1.5233087359703956, -0.4814837487014324, -0.4175273815439696, 0.04938628761180994, 0.6970896345757902, -1.606279748960087]
[-1.6229363691340815, -0.5062201084714977, -0.37167969719938676, 0.03194759033326067, 0.7444230347479718, -1.6765272741023947]
[-1.7225640022977675, -0.5309564682415631, -0.3258320128548039, 0.014508893054711425, 0.7917564349201534, -1.7467747992447022]
[-1.8221916354614534, -0.5556928280116283, -0.2799843285102211, -0.0029298042238378205, 0.8390898350923349, -1.8170223243870096]