[0.02734796040636489, -0.7816006636255528, -0.3540411035349509, 6.318996888499129e-05, 1.1367589287251594, -0.003639923848740345]
[-0.013421485060228333, -0.7251629672083526, -0.40009230703123616, 0.018368732946533347, 1.0986797001354252, -0.10116728524859615]
[-0.05419093052682156, -0.6687252707911524, -0.44614351052752144, 0.0366742759241817, 1.0606004715456907, -0.19869464664845196]
[-0.09496037599341478, -0.6122875743739523, -0.4921947140238067, 0.054979818901830055, 1.0225212429559565, -0.29622200804830773]
[-0.135729821460008, -0.5558498779567521, -0.538245917520092, 0.07328536187947841, 0.9844420143662221, -0.3937493694481636]
[-0.17649926692660123, -0.4994121815395519, -0.5842971210163772, 0.09159090485712677, 0.9463627857764879, -0.49127673084801937]
[-0.21726871239319445, -0.44297448512235177, -0.6303483245126625, 0.10989644783477512, 0.9082835571867536, -0.5888040922478751]
[-0.2580381578597877, -0.38653678870515157, -0.6763995280089479, 0.12820199081242348, 0.8702043285970193, -0.686331453647731]
[-0.2988076033263809, -0.3300990922879514, -0.7224507315052331, 0.14650753379007184, 0.8321251000072849, -0.7838588150475868]
[-0.3395770487929741, -0.2736613958707512, -0.7685019350015183, 0.1648130767677202, 0.7940458714175507, -0.8813861764474425]
[-0.38034649425956735, -0.21722369945355102, -0.8145531384978036, 0.18311861974536855, 0.7559666428278164, -0.9789135378472984]
[-0.42111593972616057, -0.16078600303635082, -0.860604341994089, 0.20142416272301691, 0.717887414238082, -1.0764408992471544]
[-0.4618853851927538, -0.10434830661915073, -0.9066555454903742, 0.21972970570066525, 0.6798081856483478, -1.1739682606470099]
[-0.502654830659347, -0.04791061020195053, -0.9527067489866595, 0.23803524867831363, 0.6417289570586134, -1.2714956220468658]
[-0.5434242761259402, 0.008527086215249668, -0.9987579524829447, 0.25634079165596196, 0.6036497284688792, -1.3690229834467216]
[-0.5841937215925335, 0.06496478263244987, -1.04480915597923, 0.2746463346336103, 0.5655704998791449, -1.4665503448465775]
[-0.6249631670591267, 0.12140247904964996, -1.0908603594755153, 0.2929518776112587, 0.5274912712894105, -1.5640777062464333]
[-0.6657326125257199, 0.17784017546685016, -1.1369115629718007, 0.31125742058890704, 0.4894120426996762, -1.661605067646289]
[-0.7065020579923131, 0.23427787188405036, -1.1829627664680857, 0.3295629635665554, 0.45133281410994197, -1.7591324290461448]
[-0.7472715034589064, 0.2907155683012505, -1.2290139699643712, 0.34786850654420376, 0.41325358552020763, -1.8566597904460007]
[-0.8516386708986339, 0.24597148652961892, -1.1539371507652896, 0.31263656677812984, 0.41579380838064633, -1.8494449851876376]
[-0.9560058383383614, 0.20122740475798737, -1.078860331566208, 0.2774046270120559, 0.41833403124108504, -1.8422301799292744]
[-1.0388432816198776, 0.15592231286114147, -0.9998547730668214, 0.24651381926285568, 0.43472051539018247, -1.8269336115813226]
[-1.1216807249013936, 0.11061722096429559, -0.9208492145674347, 0.21562301151365543, 0.4511069995392799, -1.8116370432333708]
[-1.2045181681829098, 0.06531212906744971, -0.841843656068048, 0.1847322037644552, 0.46749348368837734, -1.7963404748854193]
[-1.287355611464426, 0.020007037170603814, -0.7628380975686614, 0.15384139601525496, 0.4838799678374748, -1.7810439065374675]
[-1.3712791036435124, -0.026477569136060558, -0.6813996290795069, 0.12240359043835983, 0.5015706126061168, -1.765067646508536]
[-1.4552025958225987, -0.07296217544272493, -0.5999611605903523, 0.09096578486146469, 0.5192612573747587, -1.7490913864796045]
[-1.539126088001685, -0.1194467817493893, -0.5185226921011978, 0.05952797928456956, 0.5369519021434007, -1.7331151264506732]
[-1.6230495801807714, -0.16593138805605367, -0.4370842236120433, 0.028090173707674415, 0.5546425469120426, -1.7171388664217417]
[-1.7069730723598577, -0.21241599436271805, -0.3556457551228888, -0.0033476318692207113, 0.5723331916806846, -1.7011626063928103]