[0.17494259555326774, -0.243874763507816, -0.774282638171937, 0.00025282755120592526, 1.0192665009584818, 0.144129756714638]
[0.11500580224803887, -0.24831829261591537, -0.8119482074884915, -0.13321783442996007, 1.0134738985285636, 0.20878939221369747]
[0.05506900894281, -0.25276182172401473, -0.8496137768050461, -0.2666884964111261, 1.0076812960986457, 0.2734490277127569]
[-0.004867784362418859, -0.25720535083211404, -0.8872793461216006, -0.40015915839229205, 1.0018886936687275, 0.3381086632118164]
[-0.06480457766764774, -0.2616488799402134, -0.9249449154381553, -0.5336298203734581, 0.9960960912388094, 0.4027682987108758]
[-0.12474137097287658, -0.2660924090483128, -0.9626104847547098, -0.667100482354624, 0.9903034888088913, 0.4674279342099353]
[-0.18467816427810546, -0.27053593815641214, -1.0002760540712643, -0.80057114433579, 0.9845108863789731, 0.5320875697089947]
[-0.24461495758333435, -0.2749794672645115, -1.037941623387819, -0.9340418063169561, 0.978718283949055, 0.5967472052080542]
[-0.30455175088856323, -0.27942299637261087, -1.0756071927043735, -1.067512468298122, 0.9729256815191369, 0.6614068407071136]
[-0.3644885441937922, -0.2838665254807102, -1.1132727620209282, -1.2009831302792882, 0.9671330790892188, 0.7260664762061732]
[-0.4244253374990209, -0.28831005458880954, -1.1509383313374826, -1.334453792260454, 0.9613404766593007, 0.7907261117052325]
[-0.4843621308042498, -0.2927535836969089, -1.1886039006540372, -1.46792445424162, 0.9555478742293826, 0.8553857472042921]
[-0.537680536053005, -0.2850883882778633, -1.1561271109624005, -1.3946198701767187, 0.9419204546336084, 0.7353141193336336]
[-0.5909989413017602, -0.2774231928588177, -1.1236503212707638, -1.3213152861118171, 0.9282930350378343, 0.615242491462975]
[-0.6443173465505154, -0.26975799743977213, -1.0911735315791273, -1.2480107020469158, 0.9146656154420602, 0.4951708635923166]
[-0.6976357517992707, -0.2620928020207266, -1.0586967418874906, -1.1747061179820144, 0.901038195846286, 0.3750992357216581]
[-0.7509541570480259, -0.254427606601681, -1.026219952195854, -1.101401533917113, 0.8874107762505119, 0.25502760785099965]
[-0.8042725622967811, -0.24676241118263542, -0.9937431625042172, -1.0280969498522117, 0.8737833566547377, 0.13495597998034115]
[-0.8575909675455364, -0.23909721576358983, -0.9612663728125805, -0.9547923657873102, 0.8601559370589635, 0.014884352109682752]
[-0.9109093727942916, -0.23143202034454424, -0.9287895831209438, -0.8814877817224087, 0.8465285174631894, -0.10518727576097586]
[-0.9642277780430468, -0.22376682492549865, -0.8963127934293073, -0.8081831976575072, 0.8329010978674153, -0.22525890363163437]
[-1.017546183291802, -0.21610162950645306, -0.8638360037376707, -0.7348786135926059, 0.8192736782716411, -0.34533053150229276]
[-1.0708645885405574, -0.20843643408740747, -0.831359214046034, -0.6615740295277044, 0.8056462586758669, -0.4654021593729514]
[-1.1241829937893124, -0.2007712386683619, -0.7988824243543973, -0.588269445462803, 0.7920188390800929, -0.5854737872436098]
[-1.1775013990380678, -0.19310604324931632, -0.7664056346627606, -0.5149648613979015, 0.7783914194843187, -0.7055454151142682]
[-1.230819804286823, -0.18544084783027076, -0.733928844971124, -0.4416602773330003, 0.7647639998885445, -0.8256170429849266]
[-1.2841382095355782, -0.17777565241122517, -0.7014520552794873, -0.3683556932680987, 0.7511365802927703, -0.9456886708555852]
[-1.3374566147843334, -0.17011045699217958, -0.6689752655878506, -0.2950511092031973, 0.7375091606969962, -1.0657602987262438]
[-1.3907750200330886, -0.162445261573134, -0.636498475896214, -0.22174652513829596, 0.723881741101222, -1.185831926596902]
[-1.444093425281844, -0.1547800661540884, -0.6040216862045773, -0.14844194107339437, 0.7102543215054479, -1.3059035544675608]
[-1.4974118305305992, -0.14711487073504284, -0.5715448965129407, -0.07513735700849322, 0.6966269019096738, -1.4259751823382192]
[-1.5507302357793544, -0.13944967531599725, -0.539068106821304, -0.0018327729435916069, 0.6829994823138996, -1.5460468102088774]