[-0.1099280193144958, -0.43163067269598, -0.5677206063586189, 8.980003002534431e-05, 1.000460378470982, -0.14083005651473535]
[-0.14915108366806223, -0.4890369638351904, -0.5954468104745653, -0.07291178655599842, 1.0528045011923473, -0.10224145232800638]
[-0.1883741480216287, -0.5464432549744008, -0.6231730145905117, -0.14591337314202218, 1.1051486239137125, -0.0636528481412774]
[-0.22759721237519515, -0.6038495461136113, -0.6508992187064581, -0.21891495972804595, 1.157492746635078, -0.025064243954548426]
[-0.2668202767287616, -0.6612558372528217, -0.6786254228224045, -0.2919165463140697, 1.2098368693564432, 0.013524360232180538]
[-0.306043341082328, -0.718662128392032, -0.7063516269383509, -0.36491813290009345, 1.2621809920778084, 0.0521129644189095]
[-0.3452664054358945, -0.7760684195312425, -0.7340778310542972, -0.43791971948611724, 1.3145251147991739, 0.0907015686056385]
[-0.3844894697894609, -0.833474710670453, -0.7618040351702436, -0.510921306072141, 1.3668692375205391, 0.12929017279236743]
[-0.42371253414302734, -0.8908810018096633, -0.78953023928619, -0.5839228926581648, 1.4192133602419044, 0.16787877697909642]
[-0.4911322211173111, -0.8515254831700886, -0.7707753616433749, -0.5533618646822204, 1.3750729176099508, 0.069625016203468]
[-0.5585519080915948, -0.8121699645305137, -0.7520204840005598, -0.5228008367062761, 1.330932474977997, -0.028628744572160414]
[-0.6259715950658786, -0.772814445890939, -0.7332656063577445, -0.4922398087303317, 1.2867920323460433, -0.12688250534778883]
[-0.6933912820401623, -0.7334589272513641, -0.7145107287149294, -0.46167878075438734, 1.2426515897140897, -0.22513626612341725]
[-0.760810969014446, -0.6941034086117893, -0.6957558510721142, -0.431117752778443, 1.198511147082136, -0.3233900268990457]
[-0.8282306559887298, -0.6547478899722146, -0.6770009734292991, -0.4005567248024986, 1.1543707044501823, -0.4216437876746741]
[-0.8956503429630136, -0.6153923713326397, -0.658246095786484, -0.3699956968265543, 1.1102302618182287, -0.5198975484503026]
[-0.9630700299372973, -0.5760368526930649, -0.6394912181436687, -0.3394346688506099, 1.0660898191862749, -0.618151309225931]
[-1.030489716911581, -0.5366813340534902, -0.6207363405008536, -0.30887364087466557, 1.0219493765543213, -0.7164050700015594]
[-1.0979094038858648, -0.49732581541391535, -0.6019814628580384, -0.2783126128987212, 0.9778089339223677, -0.8146588307771878]
[-1.1653290908601486, -0.45797029677434054, -0.5832265852152232, -0.24775158492277682, 0.9336684912904138, -0.9129125915528165]
[-1.2327487778344324, -0.4186147781347658, -0.564471707572408, -0.21719055694683248, 0.8895280486584602, -1.0111663523284447]
[-1.3001684648087162, -0.3792592594951909, -0.5457168299295929, -0.18662952897088808, 0.8453876060265065, -1.1094201131040733]
[-1.367588151783, -0.33990374085561614, -0.5269619522867778, -0.1560685009949438, 0.8012471633945529, -1.2076738738797015]
[-1.4350078387572838, -0.30054822221604127, -0.5082070746439626, -0.1255074730189994, 0.7571067207625992, -1.3059276346553301]
[-1.5024275257315671, -0.2611927035764665, -0.48945219700114745, -0.09494644504305505, 0.7129662781306455, -1.4041813954309583]
[-1.569847212705851, -0.22183718493689175, -0.47069731935833226, -0.06438541706711065, 0.6688258354986918, -1.502435156206587]
[-1.6372668996801347, -0.182481666297317, -0.4519424417155171, -0.03382438909116636, 0.6246853928667382, -1.6006889169822154]
[-1.7046865866544185, -0.14312614765774218, -0.4331875640727019, -0.003263361115221982, 0.5805449502347845, -1.6989426777578438]