[-0.06475694694552736, -0.9361354341387722, -0.2455278343632532, -6.215245454388452e-05, 1.182712755358958, -0.09582161443038029]
[-0.13215295311892283, -0.899672824247227, -0.3034807240892076, -0.06296162635281294, 1.1538850172979032, -0.14364797638581706]
[-0.19954895929231833, -0.863210214355682, -0.361433613815162, -0.125861100251082, 1.1250572792368483, -0.19147433834125385]
[-0.26694496546571383, -0.8267476044641369, -0.4193865035411164, -0.18876057414935105, 1.0962295411757934, -0.23930070029669065]
[-0.3343409716391093, -0.7902849945725918, -0.47733939326707076, -0.2516600480476201, 1.0674018031147385, -0.2871270622521274]
[-0.40173697781250484, -0.7538223846810467, -0.5352922829930252, -0.31455952194588915, 1.0385740650536834, -0.33495342420756424]
[-0.4691329839859003, -0.7173597747895015, -0.5932451727189796, -0.3774589958441582, 1.0097463269926286, -0.382779786163001]
[-0.5365289901592958, -0.6808971648979565, -0.6511980624449341, -0.4403584697424273, 0.9809185889315737, -0.43060614811843784]
[-0.6039249963326913, -0.6444345550064114, -0.7091509521708883, -0.5032579436406963, 0.9520908508705188, -0.47843251007387455]
[-0.6713210025060867, -0.6079719451148663, -0.7671038418968428, -0.5661574175389654, 0.9232631128094639, -0.5262588720293113]
[-0.7387170086794823, -0.5715093352233211, -0.8250567316227972, -0.6290568914372344, 0.8944353747484091, -0.5740852339847482]
[-0.8061130148528778, -0.5350467253317761, -0.8830096213487515, -0.6919563653355034, 0.8656076366873542, -0.621911595940185]
[-0.8735090210262733, -0.49858411544023096, -0.940962511074706, -0.7548558392337725, 0.8367798986262992, -0.6697379578956217]
[-0.9435746392199308, -0.4795015326833934, -0.893254046676837, -0.7049111377259534, 0.8104110147833475, -0.7528296954702135]
[-1.0136402574135883, -0.46041894992655585, -0.8455455822789681, -0.6549664362181342, 0.7840421309403958, -0.8359214330448052]
[-1.0837058756072457, -0.44133636716971836, -0.7978371178810991, -0.605021734710315, 0.7576732470974441, -0.9190131706193969]
[-1.1537714938009032, -0.4222537844128808, -0.7501286534832302, -0.5550770332024958, 0.7313043632544923, -1.0021049081939886]
[-1.2238371119945608, -0.40317120165604325, -0.7024201890853613, -0.5051323316946766, 0.7049354794115407, -1.0851966457685802]
[-1.2939027301882184, -0.3840886188992057, -0.6547117246874923, -0.45518763018685743, 0.6785665955685889, -1.168288383343172]
[-1.3639683483818759, -0.36500603614236815, -0.6070032602896234, -0.4052429286790382, 0.6521977117256372, -1.251380120917764]
[-1.4340339665755333, -0.34592345338553065, -0.5592947958917545, -0.35529822717121906, 0.6258288278826855, -1.3344718584923556]
[-1.504099584769191, -0.3268408706286931, -0.5115863314938855, -0.30535352566339985, 0.5994599440397338, -1.4175635960669473]
[-1.5741652029628483, -0.30775828787185555, -0.46387786709601664, -0.2554088241555807, 0.573091060196782, -1.500655333641539]
[-1.6442308211565058, -0.28867570511501806, -0.41616940269814773, -0.20546412264776148, 0.5467221763538304, -1.5837470712161306]
[-1.7142964393501634, -0.26959312235818045, -0.3684609383002787, -0.15551942113994233, 0.5203532925108786, -1.6668388087907224]
[-1.784362057543821, -0.25051053960134295, -0.3207524739024098, -0.10557471963212306, 0.4939844086679269, -1.749930546365314]
[-1.8544276757374782, -0.2314279568445054, -0.2730440095045409, -0.055630018124303904, 0.4676155248249752, -1.833022283939906]
[-1.9244932939311359, -0.21234537408766782, -0.22533554510667198, -0.005685316616484748, 0.4412466409820235, -1.9161140215144976]