[-0.13573371707570292, -0.15783774854547072, -0.3199942472153676, -0.00013870876665311727, 0.47880052185643773, -0.16634519103279377]
[-0.07990039728404927, -0.16825123604876704, -0.3757805432889116, 0.003040855866148575, 0.5103598436768125, -0.26398490679886527]
[-0.024067077492395603, -0.1786647235520634, -0.4315668393624555, 0.006220420498950267, 0.5419191654971874, -0.36162462256493677]
[0.03176624229925807, -0.1890782110553597, -0.48735313543599945, 0.00939998513175196, 0.5734784873175622, -0.45926433833100827]
[-0.04115094143080015, -0.19002182873495793, -0.5307390244548049, 0.010688647993309049, 0.6015760649906066, -0.6027234391589555]
[-0.11406812516085837, -0.19096544641455618, -0.5741249134736104, 0.011977310854866138, 0.6296736426636509, -0.7461825399869029]
[-0.18698530889091658, -0.1919090640941544, -0.6175108024924159, 0.013265973716423227, 0.6577712203366952, -0.8896416408148502]
[-0.2599024926209748, -0.19285268177375262, -0.6608966915112213, 0.014554636577980316, 0.6858687980097395, -1.0331007416427975]
[-0.332819676351033, -0.19379629945335083, -0.7042825805300268, 0.015843299439537405, 0.7139663756827839, -1.1765598424707449]
[-0.4057368600810912, -0.19473991713294908, -0.7476684695488323, 0.017131962301094494, 0.7420639533558282, -1.3200189432986922]
[-0.4786540438111494, -0.1956835348125473, -0.7910543585676377, 0.018420625162651583, 0.7701615310288725, -1.4634780441266395]
[-0.5515712275412077, -0.19662715249214552, -0.8344402475864432, 0.01970928802420867, 0.7982591087019169, -1.6069371449545868]
[-0.624488411271266, -0.19757077017174374, -0.8778261366052487, 0.02099795088576576, 0.8263566863749612, -1.7503962457825342]
[-0.697405595001324, -0.19851438785134198, -0.9212120256240541, 0.02228661374732285, 0.8544542640480055, -1.8938553466104815]
[-0.7703227787313823, -0.1994580055309402, -0.9645979146428596, 0.02357527660887994, 0.8825518417210498, -2.037314447438429]
[-0.934555999019312, -0.18329249237801143, -0.9161483041844449, 0.019638877167342035, 0.8586683037678025, -2.0196773482917707]
[-1.0987892193072417, -0.16712697922508268, -0.8676986937260301, 0.01570247772580413, 0.8347847658145551, -2.0020402491451126]
[-1.2630224395951712, -0.15096146607215394, -0.8192490832676155, 0.011766078284266224, 0.8109012278613077, -1.9844031499984545]
[-1.4272556598831008, -0.13479595291922516, -0.7707994728092007, 0.00782967884272832, 0.7870176899080604, -1.9667660508517963]
[-1.5914888801710307, -0.11863043976629639, -0.722349862350786, 0.0038932794011904137, 0.763134151954813, -1.9491289517051382]
[-1.7557221004589603, -0.10246492661336765, -0.6739002518923713, -4.3120040347489896e-05, 0.7392506140015657, -1.93149185255848]
[-1.9199553207468898, -0.08629941346043887, -0.6254506414339566, -0.003979519481885398, 0.7153670760483183, -1.913854753411822]