[-0.14422496467213541, -0.2850830349082605, -0.6525174688217668, -7.262169420663156e-05, 0.9386937660124195, -0.17527622584069036]
[-0.19254518426775405, -0.3134222199657668, -0.6876047587235882, 0.11413815253592402, 0.9139787457282373, -0.1902942917083904]
[-0.24086540386337268, -0.34176140502327307, -0.7226920486254096, 0.22834892676605467, 0.8892637254440553, -0.20531235757609045]
[-0.28918562345899135, -0.37010059008077933, -0.7577793385272309, 0.3425597009961853, 0.8645487051598733, -0.2203304234437905]
[-0.33750584305460996, -0.39843977513828566, -0.7928666284290523, 0.456770475226316, 0.8398336848756911, -0.23534848931149055]
[-0.4467321229857512, -0.4083800238640057, -0.770132922314007, 0.4304205794004466, 0.8475227597601455, -0.34931558981010075]
[-0.5559584029168925, -0.4183202725897257, -0.7473992161989618, 0.4040706835745772, 0.8552118346445997, -0.46328269030871094]
[-0.6651846828480337, -0.42826052131544573, -0.7246655100839164, 0.3777207877487078, 0.8629009095290541, -0.5772497908073211]
[-0.7744109627791751, -0.43820077004116575, -0.7019318039688711, 0.35137089192283844, 0.8705899844135083, -0.6912168913059313]
[-0.8836372427103163, -0.4481410187668857, -0.6791980978538258, 0.325020996096969, 0.8782790592979627, -0.8051839918045416]
[-0.9928635226414575, -0.45808126749260575, -0.6564643917387806, 0.29867110027109967, 0.8859681341824169, -0.9191510923031517]
[-1.102089802572599, -0.4680215162183258, -0.6337306856237352, 0.2723212044452302, 0.8936572090668713, -1.033118192801762]
[-1.2113160825037401, -0.4779617649440458, -0.6109969795086899, 0.24597130861936084, 0.9013462839513255, -1.1470852933003721]
[-1.3205423624348813, -0.4879020136697658, -0.5882632733936446, 0.21962141279349146, 0.9090353588357799, -1.2610523937989826]
[-1.4297686423660227, -0.49784226239548585, -0.5655295672785994, 0.19327151696762207, 0.9167244337202342, -1.3750194942975926]
[-1.5389949222971637, -0.5077825111212059, -0.542795861163554, 0.16692162114175266, 0.9244135086046885, -1.4889865947962029]
[-1.5728246804727264, -0.4963778626421401, -0.508437097630831, 0.08258982660723188, 0.9438098693393452, -1.5457026685369502]
[-1.6066544386482893, -0.48497321416307443, -0.474078334098108, -0.0017419679272888827, 0.9632062300740019, -1.6024187422776974]