[0.05800469870948177, -0.4559009262688152, -0.44059946863563226, -0.00024382571165126876, 0.8975276585799516, 0.027166567144232268]
[-0.03790596378410886, -0.4761463883226604, -0.4499937010329535, -0.06597063297342536, 0.8858730783355931, -0.07063540957637622]
[-0.1338166262776995, -0.4963918503765056, -0.45938793343027473, -0.13169744023519944, 0.8742184980912346, -0.1684373862969847]
[-0.22972728877129012, -0.5166373124303507, -0.468782165827596, -0.19742424749697352, 0.8625639178468761, -0.2662393630175932]
[-0.32563795126488077, -0.536882774484196, -0.47817639822491725, -0.2631510547587476, 0.8509093376025176, -0.3640413397382017]
[-0.4215486137584714, -0.5571282365380411, -0.4875706306222385, -0.32887786202052166, 0.8392547573581591, -0.4618433164588102]
[-0.517459276252062, -0.5773736985918863, -0.4969648630195598, -0.39460466928229576, 0.8276001771138006, -0.5596452931794187]
[-0.6133699387456526, -0.5976191606457315, -0.506359095416881, -0.4603314765440698, 0.8159455968694422, -0.6574472699000271]
[-0.7092806012392433, -0.6178646226995766, -0.5157533278142022, -0.526058283805844, 0.8042910166250837, -0.7552492466206356]
[-0.8051912637328339, -0.6381100847534218, -0.5251475602115234, -0.591785091067618, 0.7926364363807252, -0.8530512233412441]
[-0.9011019262264246, -0.658355546807267, -0.5345417926088447, -0.657511898329392, 0.7809818561363667, -0.9508532000618527]
[-0.9970125887200152, -0.6786010088611122, -0.543936025006166, -0.7232387055911661, 0.7693272758920082, -1.048655176782461]
[-1.0929232512136058, -0.6988464709149574, -0.5533302574034873, -0.7889655128529403, 0.7576726956476497, -1.1464571535030696]
[-1.1888339137071964, -0.7190919329688026, -0.5627244898008085, -0.8546923201147143, 0.7460181154032912, -1.244259130223678]
[-1.2551477250274137, -0.6616550555296153, -0.5462312280124789, -0.7696462717909729, 0.726068973829649, -1.304340357015643]
[-1.3214615363476307, -0.6042181780904281, -0.5297379662241494, -0.6846002234672314, 0.7061198322560066, -1.3644215838076081]
[-1.387775347667848, -0.546781300651241, -0.5132447044358198, -0.5995541751434899, 0.6861706906823644, -1.424502810599573]
[-1.4540891589880651, -0.48934442321205374, -0.4967514426474903, -0.5145081268197484, 0.666221549108722, -1.484584037391538]
[-1.5204029703082824, -0.43190754577286655, -0.4802581808591608, -0.429462078496007, 0.6462724075350798, -1.544665264183503]
[-1.5867167816284997, -0.37447066833367937, -0.4637649190708312, -0.3444160301722655, 0.6263232659614375, -1.604746490975468]
[-1.6530305929487168, -0.3170337908944922, -0.44727165728250173, -0.2593699818485241, 0.6063741243877951, -1.6648277177674329]
[-1.719344404268934, -0.2595969134553049, -0.4307783954941722, -0.1743239335247826, 0.5864249828141529, -1.724908944559398]
[-1.7856582155891512, -0.20216003601611776, -0.41428513370584263, -0.08927788520104107, 0.5664758412405105, -1.784990171351363]
[-1.8519720269093685, -0.14472315857693055, -0.3977918719175131, -0.004231836877299701, 0.5465266996668683, -1.845071398143328]