[0.0745342625244323, -0.21011441011421006, -0.5175845068796336, -5.318715271229735e-05, 0.7285452996622146, 0.04336445447523296]
[0.03687317275329723, -0.23871537467457443, -0.5143351275205144, -0.07864766228427432, 0.6989387794001629, -0.057191545593400825]
[-0.0007879170178378275, -0.2673163392349388, -0.5110857481613951, -0.15724213741583634, 0.6693322591381111, -0.1577475456620346]
[-0.038449006788972895, -0.2959173037953032, -0.5078363688022758, -0.23583661254739835, 0.6397257388760594, -0.2583035457306684]
[-0.07611009656010795, -0.32451826835566755, -0.5045869894431566, -0.3144310876789604, 0.6101192186140078, -0.3588595457993022]
[-0.11377118633124303, -0.353119232916032, -0.5013376100840373, -0.3930255628105224, 0.580512698351956, -0.459415545867936]
[-0.15143227610237808, -0.3817201974763963, -0.49808823072491804, -0.4716200379420844, 0.5509061780899043, -0.5599715459365697]
[-0.18909336587351316, -0.4103211620367607, -0.49483885136579875, -0.5502145130736464, 0.5212996578278526, -0.6605275460052036]
[-0.27488858997794663, -0.440796575118697, -0.4912067989884398, -0.5930395758740478, 0.5183669183888815, -0.779293385358405]
[-0.36068381408238015, -0.4712719882006334, -0.48757474661108074, -0.6358646386744491, 0.5154341789499104, -0.8980592247116063]
[-0.44647903818681356, -0.5017474012825697, -0.4839426942337217, -0.6786897014748505, 0.5125014395109392, -1.0168250640648075]
[-0.5322742622912471, -0.532222814364506, -0.48031064185636274, -0.7215147642752519, 0.5095687000719681, -1.135590903418009]
[-0.6180694863956806, -0.5626982274464423, -0.47667858947900377, -0.7643398270756532, 0.506635960632997, -1.2543567427712103]
[-0.7038647105001139, -0.5931736405283786, -0.47304653710164474, -0.8071648898760545, 0.5037032211940258, -1.3731225821244115]
[-0.7896599346045474, -0.623649053610315, -0.4694144847242857, -0.8499899526764558, 0.5007704817550547, -1.4918884214776127]
[-0.8754551587089809, -0.6541244666922513, -0.46578243234692673, -0.8928150154768573, 0.4978377423160836, -1.6106542608308143]
[-0.9612503828134145, -0.6845998797741877, -0.46215037996956776, -0.9356400782772586, 0.4949050028771125, -1.7294201001840155]
[-1.047045606917848, -0.7150752928561239, -0.45851832759220873, -0.9784651410776599, 0.4919722634381413, -1.8481859395372169]
[-1.1269584720609063, -0.7056825888118092, -0.4592373749866179, -0.8699834231257306, 0.5595083372607131, -1.8386518122363509]
[-1.2068713372039643, -0.6962898847674944, -0.459956422381027, -0.7615017051738013, 0.6270444110832849, -1.8291176849354849]
[-1.2867842023470226, -0.6868971807231797, -0.4606754697754362, -0.653019987221872, 0.6945804849058567, -1.8195835576346187]
[-1.366697067490081, -0.677504476678865, -0.46139451716984536, -0.5445382692699428, 0.7621165587284284, -1.8100494303337527]
[-1.4466099326331392, -0.6681117726345502, -0.4621135645642545, -0.43605655131801335, 0.8296526325510002, -1.8005153030328866]
[-1.5265227977761975, -0.6587190685902355, -0.46283261195866365, -0.32757483336608406, 0.897188706373572, -1.7909811757320206]
[-1.6064356629192558, -0.6493263645459209, -0.46355165935307285, -0.21909311541415466, 0.9647247801961438, -1.7814470484311544]
[-1.6863485280623138, -0.639933660501606, -0.464270706747482, -0.11061139746222548, 1.0322608540187155, -1.7719129211302884]
[-1.7662613932053721, -0.6305409564572914, -0.46498975414189114, -0.0021296795102960643, 1.0997969278412874, -1.7623787938294224]