[0.18802747371932593, -0.14880918138893406, -0.5086283179052851, 0.0006126846455254409, 0.6582927326412022, 0.15663460561243703]
[0.15994384860037764, -0.1963585311566623, -0.5948385928303779, -0.08302075080184548, 0.6056266739288296, 0.16768949980523593]
[0.13186022348142934, -0.24390788092439056, -0.6810488677554706, -0.1666541862492164, 0.552960615216457, 0.17874439399803482]
[0.10377659836248106, -0.2914572306921188, -0.7672591426805633, -0.2502876216965873, 0.5002945565040845, 0.18979928819083375]
[0.07569297324353276, -0.33900658045984705, -0.8534694176056561, -0.33392105714395826, 0.4476284977917119, 0.20085418238363265]
[0.04760934812458448, -0.3865559302275753, -0.9396796925307489, -0.41755449259132915, 0.3949624390793393, 0.21190907657643154]
[0.01952572300563618, -0.4341052799953035, -1.0258899674558415, -0.5011879280387, 0.34229638036696675, 0.22296397076923044]
[-0.008557902113312088, -0.48165462976303175, -1.1121002423809343, -0.5848213634860709, 0.2896303216545942, 0.23401886496202934]
[-0.03664152723226041, -0.52920397953076, -1.1983105173060271, -0.668454798933442, 0.2369642629422215, 0.24507375915482826]
[-0.06472515235120868, -0.5767533292984883, -1.28452079223112, -0.7520882343808128, 0.18429820422984894, 0.25612865334762713]
[-0.09280877747015698, -0.6243026790662165, -1.3707310671562127, -0.8357216698281837, 0.13163214551747637, 0.26718354754042606]
[-0.16674647925230618, -0.6090111042245737, -1.3123469212726269, -0.7940529254015114, 0.15133991652144488, 0.17551559174678116]
[-0.24068418103445538, -0.5937195293829309, -1.253962775389041, -0.752384180974839, 0.17104768752541338, 0.08384763595313627]
[-0.3146218828166046, -0.5784279545412881, -1.195578629505455, -0.7107154365481665, 0.19075545852938192, -0.007820319840508572]
[-0.3885595845987538, -0.5631363796996454, -1.137194483621869, -0.6690466921214941, 0.21046322953335042, -0.09948827563415352]
[-0.462497286380903, -0.5478448048580026, -1.0788103377382832, -0.6273779476948218, 0.23017100053731893, -0.19115623142779836]
[-0.5364349881630521, -0.5325532300163598, -1.020426191854697, -0.5857092032681493, 0.24987877154128743, -0.2828241872214432]
[-0.6103726899452013, -0.517261655174717, -0.9620420459711112, -0.5440404588414769, 0.26958654254525594, -0.37449214301508804]
[-0.6843103917273505, -0.5019700803330742, -0.9036579000875253, -0.5023717144148045, 0.28929431354922447, -0.4661600988087331]
[-0.7582480935094997, -0.48667850549143143, -0.8452737542039394, -0.46070296998813215, 0.309002084553193, -0.5578280546023779]
[-0.8321857952916489, -0.47138693064978865, -0.7868896083203535, -0.41903422556145975, 0.3287098555571615, -0.6494960103960228]
[-0.9061234970737984, -0.45609535580814586, -0.7285054624367675, -0.3773654811347873, 0.34841762656113, -0.7411639661896678]
[-0.9800611988559473, -0.4408037809665031, -0.6701213165531816, -0.33569673670811495, 0.3681253975650985, -0.8328319219833125]
[-1.0539989006380965, -0.4255122061248603, -0.6117371706695957, -0.2940279922814425, 0.387833168569067, -0.9244998777769575]
[-1.1279366024202457, -0.41022063128321756, -0.5533530247860098, -0.25235924785477015, 0.4075409395730355, -1.0161678335706021]
[-1.201874304202395, -0.3949290564415748, -0.4949688789024238, -0.2106905034280977, 0.42724871057700403, -1.1078357893642472]
[-1.2758120059845441, -0.37963748159993194, -0.43658473301883793, -0.16902175900142535, 0.44695648158097256, -1.1995037451578923]
[-1.3497497077666933, -0.3643459067582892, -0.37820058713525206, -0.127353014574753, 0.46666425258494104, -1.2911717009515369]
[-1.4236874095488425, -0.3490543319166464, -0.319816441251666, -0.08568427014808055, 0.4863720235889096, -1.382839656745182]
[-1.4976251113309917, -0.33376275707500364, -0.2614322953680801, -0.04401552572140821, 0.5060797945928781, -1.4745076125388266]
[-1.571562813113141, -0.31847118223336085, -0.2030481494844943, -0.0023467812947357003, 0.5257875655968466, -1.5661755683324716]