[0.11106002284311511, -0.3677601716127743, -0.23834787177649197, 0.00043596739650286764, 0.6073058052179761, 0.07972648198905041]
[-0.06593898229665787, -0.38032011763354706, -0.24020270478501393, -0.02597396707590734, 0.6920571490422862, 0.07848031187504655]
[-0.24293798743643086, -0.3928800636543198, -0.2420575377935359, -0.05238390154831755, 0.7768084928665964, 0.07723414176104267]
[-0.41993699257620376, -0.4054400096750926, -0.24391237080205785, -0.07879383602072774, 0.8615598366909065, 0.0759879716470388]
[-0.5969359977159768, -0.41799995569586534, -0.24576720381057982, -0.10520377049313796, 0.9463111805152168, 0.07474180153303492]
[-0.7739350028557498, -0.43055990171663805, -0.24762203681910178, -0.13161370496554817, 1.0310625243395268, 0.07349563141903105]
[-0.9509340079955226, -0.4431198477374108, -0.24947686982762374, -0.15802363943795836, 1.115813868163837, 0.07224946130502718]
[-1.1279330131352956, -0.45567979375818357, -0.2513317028361457, -0.18443357391036858, 1.2005652119881471, 0.0710032911910233]
[-1.3049320182750688, -0.46823973977895633, -0.25318653584466766, -0.2108435083827788, 1.2853165558124575, 0.06975712107701944]
[-1.4819310234148417, -0.4807996857997291, -0.2550413688531896, -0.237253442855189, 1.3700678996367677, 0.06851095096301556]
[-1.6589300285546147, -0.49335963182050185, -0.2568962018617116, -0.2636633773275992, 1.4548192434610778, 0.06726478084901169]
[-1.668038264243234, -0.4721463349625863, -0.27307762941060365, -0.24196597602150083, 1.3914229760990577, -0.08522361929218947]
[-1.6771464999318535, -0.45093303810467067, -0.2892590569594957, -0.22026857471540245, 1.3280267087370377, -0.23771201943339063]
[-1.686254735620473, -0.4297197412467551, -0.3054404845083878, -0.19857117340930408, 1.2646304413750176, -0.39020041957459184]
[-1.6953629713090923, -0.40850644438883954, -0.3216219120572798, -0.1768737721032057, 1.2012341740129977, -0.542688819715793]
[-1.7044712069977117, -0.3872931475309239, -0.33780333960617187, -0.15517637079710733, 1.1378379066509776, -0.6951772198569942]
[-1.713579442686331, -0.36607985067300836, -0.35398476715506394, -0.13347896949100896, 1.0744416392889575, -0.8476656199981953]
[-1.7226876783749503, -0.3448665538150928, -0.370166194703956, -0.11178156818491058, 1.0110453719269374, -1.0001540201393966]
[-1.7317959140635697, -0.32365325695717717, -0.386347622252848, -0.09008416687881221, 0.9476491045649174, -1.1526424202805976]
[-1.740904149752189, -0.3024399600992616, -0.4025290498017401, -0.06838676557271384, 0.8842528372028973, -1.3051308204217988]
[-1.7500123854408085, -0.28122666324134604, -0.41871047735063216, -0.04668936426661546, 0.8208565698408772, -1.457619220563]
[-1.759120621129428, -0.2600133663834304, -0.43489190489952423, -0.02499196296051709, 0.7574603024788572, -1.610107620704201]
[-1.7682288568180473, -0.23880006952551483, -0.4510733324484163, -0.003294561654418703, 0.6940640351168371, -1.7625960208454023]