[0.12055333147222846, -0.40309299288193756, -0.1827397198901135, 0.0001074334731256954, 0.5869651175657822, 0.08909673222575343]
[0.032554990797505026, -0.40973692838373194, -0.2441744883980126, 0.03373156722218232, 0.4860454625282281, 0.08315187838014247]
[-0.05544334987721841, -0.4163808638855263, -0.3056092569059117, 0.06735570097123894, 0.38512580749067404, 0.07720702453453152]
[-0.14344169055194184, -0.4230247993873207, -0.36704402541381076, 0.10097983472029556, 0.2842061524531199, 0.07126217068892057]
[-0.2314400312266653, -0.429668734889115, -0.4284787939217099, 0.1346039684693522, 0.18328649741556585, 0.06531731684330962]
[-0.31943837190138874, -0.4363126703909094, -0.48991356242960904, 0.16822810221840884, 0.08236684237801173, 0.05937246299769866]
[-0.40743671257611214, -0.44295660589270375, -0.551348330937508, 0.20185223596746543, -0.01855281265954234, 0.053427609152087704]
[-0.4954350532508356, -0.4496005413944981, -0.6127830994454072, 0.23547636971652208, -0.11947246769709641, 0.04748275530647675]
[-0.583433393925559, -0.4562444768962925, -0.6742178679533063, 0.2691005034655787, -0.22039212273465048, 0.0415379014608658]
[-0.6714317346002825, -0.46288841239808687, -0.7356526364612055, 0.3027246372146354, -0.32131177777220465, 0.035593047615254836]
[-0.759430075275006, -0.4695323478998812, -0.7970874049691046, 0.336348770963692, -0.4222314328097587, 0.029648193769643887]
[-0.8474284159497293, -0.4761762834016756, -0.8585221734770035, 0.3699729047127486, -0.5231510878473127, 0.023703339924032937]
[-0.9354267566244527, -0.48282021890346993, -0.9199569419849026, 0.40359703846180517, -0.6240707428848669, 0.01775848607842198]
[-1.0234250972991763, -0.4894641544052643, -0.9813917104928018, 0.4372211722108619, -0.724990397922421, 0.011813632232811025]
[-1.1114234379738996, -0.4961080899070587, -1.042826479000701, 0.47084530595991847, -0.8259100529599749, 0.005868778387200069]
[-1.147281995209077, -0.48637256572696896, -0.9966132931885646, 0.44295194136922006, -0.7425113637091654, -0.09536228223431185]
[-1.1831405524442542, -0.4766370415468792, -0.9504001073764283, 0.41505857677852165, -0.6591126744583559, -0.19659334285582378]
[-1.2189991096794317, -0.4669015173667895, -0.904186921564292, 0.3871652121878232, -0.5757139852075464, -0.2978244034773357]
[-1.254857666914609, -0.45716599318669976, -0.8579737357521557, 0.35927184759712477, -0.4923152959567369, -0.3990554640988476]
[-1.2907162241497863, -0.44743046900661, -0.8117605499400194, 0.33137848300642636, -0.40891660670592744, -0.5002865247203596]
[-1.3265747813849635, -0.43769494482652027, -0.7655473641278832, 0.3034851184157279, -0.32551791745511793, -0.6015175853418715]
[-1.3624333386201408, -0.42795942064643056, -0.719334178315747, 0.27559175382502954, -0.24211922820430842, -0.7027486459633834]
[-1.3982918958553183, -0.4182238964663408, -0.6731209925036106, 0.2476983892343311, -0.1587205389534989, -0.8039797065848953]
[-1.4341504530904956, -0.40848837228625107, -0.6269078066914744, 0.21980502464363266, -0.07532184970268951, -0.9052107672064071]
[-1.4700090103256729, -0.3987528481061613, -0.580694620879338, 0.19191166005293425, 0.008076839548119996, -1.0064418278279192]
[-1.5058675675608502, -0.3890173239260716, -0.5344814350672017, 0.16401829546223584, 0.0914755287989295, -1.1076728884494311]
[-1.5417261247960274, -0.37928179974598186, -0.4882682492550654, 0.13612493087153738, 0.17487421804973902, -1.208903949070943]
[-1.5775846820312047, -0.36954627556589215, -0.4420550634429292, 0.10823156628083902, 0.2582729073005484, -1.3101350096924549]
[-1.613443239266382, -0.3598107513858024, -0.3958418776307929, 0.08033820169014061, 0.34167159655135804, -1.4113660703139668]
[-1.6493017965015593, -0.35007522720571266, -0.34962869181865663, 0.0524448370994422, 0.42507028580216744, -1.5125971309354787]
[-1.6851603537367368, -0.3403397030256229, -0.30341550600652034, 0.024551472508743732, 0.5084689750529771, -1.6138281915569908]
[-1.721018910971914, -0.33060417884553317, -0.257202320194384, -0.0033418920819546886, 0.5918676643037866, -1.7150592521785026]