[0.19376048584753658, -0.5362622464301934, -0.3873248779903493, 0.0004807415170411389, 0.9247026247732402, 0.16251831122769467]
[0.1123287761839252, -0.5524106739803791, -0.39074350530965635, 0.06171878521512617, 0.8774520023979051, 0.07660800764759318]
[0.03089706652031382, -0.568559101530565, -0.39416213262896344, 0.1229568289132112, 0.83020138002257, -0.009302295932508309]
[-0.05053464314329753, -0.5847075290807507, -0.39758075994827047, 0.18419487261129622, 0.7829507576472351, -0.0952125995126098]
[-0.13196635280690894, -0.6008559566309365, -0.4009993872675775, 0.24543291630938127, 0.7357001352719, -0.18112290309271128]
[-0.2133980624705203, -0.6170043841811224, -0.40441801458688453, 0.3066709600074663, 0.6884495128965651, -0.2670332066728128]
[-0.29482977213413164, -0.6331528117313081, -0.4078366419061916, 0.3679090037055513, 0.64119889052123, -0.35294351025291426]
[-0.376261481797743, -0.6493012392814939, -0.41125526922549865, 0.42914704740363635, 0.593948268145895, -0.4388538138330157]
[-0.45769319146135445, -0.6654496668316796, -0.4146738965448057, 0.4903850911017214, 0.5466976457705599, -0.5247641174131172]
[-0.5391249011249658, -0.6815980943818655, -0.4180925238641128, 0.5516231347998064, 0.4994470233952249, -0.6106744209932188]
[-0.6205566107885772, -0.6977465219320512, -0.4215111511834198, 0.6128611784978915, 0.4521964010198899, -0.6965847245733202]
[-0.7171467213750427, -0.6804671920649211, -0.42821093588584674, 0.5688556048725283, 0.4895130161016076, -0.7873915459459331]
[-0.8137368319615081, -0.6631878621977909, -0.4349107205882737, 0.5248500312471651, 0.5268296311833253, -0.8781983673185461]
[-0.9103269425479736, -0.6459085323306608, -0.44161050529070056, 0.4808444576218019, 0.5641462462650431, -0.9690051886911589]
[-1.0069170531344391, -0.6286292024635307, -0.4483102899931275, 0.43683888399643866, 0.6014628613467607, -1.0598120100637718]
[-1.1035071637209046, -0.6113498725964005, -0.45501007469555443, 0.3928333103710755, 0.6387794764284784, -1.1506188314363848]
[-1.2000972743073701, -0.5940705427292704, -0.46170985939798137, 0.3488277367457123, 0.6760960915101961, -1.2414256528089975]
[-1.2966873848938354, -0.5767912128621403, -0.4684096441004083, 0.3048221631203491, 0.7134127065919138, -1.3322324741816107]
[-1.3932774954803009, -0.5595118829950101, -0.4751094288028352, 0.26081658949498593, 0.7507293216736315, -1.4230392955542235]
[-1.4898676060667664, -0.54223255312788, -0.4818092135052621, 0.2168110158696227, 0.7880459367553493, -1.5138461169268365]
[-1.586457716653232, -0.5249532232607499, -0.48850899820768906, 0.17280544224425953, 0.825362551837067, -1.6046529382994494]
[-1.6830478272396974, -0.5076738933936198, -0.49520878291011594, 0.1287998686188963, 0.8626791669187848, -1.6954597596720622]
[-1.7796379378261629, -0.4903945635264896, -0.5019085676125429, 0.08479429499353319, 0.8999957820005025, -1.786266581044675]
[-1.8762280484126284, -0.4731152336593595, -0.5086083523149698, 0.04078872136816991, 0.9373123970822201, -1.8770734024172882]
[-1.9728181589990939, -0.4558359037922293, -0.5153081370173968, -0.003216852257193296, 0.9746290121639378, -1.9678802237899011]