[0.20511653944388186, -0.3148425194438138, -0.7133890444312225, 0.0006766797815993542, 1.0294217047139451, 0.17346114125646128]
[0.12128737367307686, -0.3123775048505282, -0.7566522425079296, 0.06014698510515054, 0.9892449498838334, 0.09851603671227156]
[0.03745820790227186, -0.30991249025724255, -0.7999154405846368, 0.11961729042870173, 0.9490681950537216, 0.023570932168081843]
[-0.046370957868533125, -0.3074474756639569, -0.8431786386613439, 0.17908759575225291, 0.90889144022361, -0.05137417237610789]
[-0.13020012363933814, -0.3049824610706713, -0.8864418367380511, 0.2385579010758041, 0.8687146853934983, -0.1263192769202976]
[-0.2140292894101431, -0.30251744647738565, -0.9297050348147582, 0.2980282063993553, 0.8285379305633866, -0.20126438146448733]
[-0.2978584551809481, -0.30005243188409997, -0.9729682328914653, 0.3574985117229065, 0.7883611757332749, -0.27620948600867706]
[-0.381687620951753, -0.29758741729081434, -1.0162314309681724, 0.41696881704645766, 0.7481844209031632, -0.3511545905528668]
[-0.46551678672255814, -0.2951224026975287, -1.0594946290448797, 0.47643912237000885, 0.7080076660730514, -0.4260996950970565]
[-0.549345952493363, -0.2926573881042431, -1.1027578271215868, 0.5359094276935601, 0.6678309112429397, -0.5010447996412463]
[-0.6331751182641681, -0.29019237351095745, -1.1460210251982939, 0.5953797330171112, 0.6276541564128281, -0.5759899041854359]
[-0.7094251650317356, -0.3019700262175348, -1.092290231304256, 0.5494448695890576, 0.6482384939938558, -0.656309666862643]
[-0.7856752117993031, -0.3137476789241122, -1.0385594374102178, 0.5035100061610039, 0.6688228315748835, -0.73662942953985]
[-0.8619252585668706, -0.3255253316306896, -0.9848286435161799, 0.45757514273295036, 0.6894071691559114, -0.8169491922170571]
[-0.9381753053344382, -0.33730298433726696, -0.9310978496221419, 0.4116402793048967, 0.7099915067369391, -0.8972689548942641]
[-1.0144253521020057, -0.34908063704384434, -0.8773670557281039, 0.36570541587684313, 0.7305758443179668, -0.9775887175714713]
[-1.0906753988695732, -0.3608582897504217, -0.8236362618340659, 0.3197705524487895, 0.7511601818989946, -1.0579084802486782]
[-1.1669254456371407, -0.3726359424569991, -0.769905467940028, 0.27383568902073585, 0.7717445194800223, -1.1382282429258852]
[-1.2431754924047083, -0.3844135951635765, -0.71617467404599, 0.2279008255926822, 0.79232885706105, -1.2185480056030924]
[-1.3194255391722758, -0.39619124787015386, -0.662443880151952, 0.18196596216462863, 0.8129131946420778, -1.2988677682802994]
[-1.3956755859398433, -0.40796890057673124, -0.608713086257914, 0.13603109873657498, 0.8334975322231056, -1.3791875309575063]
[-1.4719256327074108, -0.4197465532833086, -0.5549822923638761, 0.0900962353085214, 0.8540818698041334, -1.4595072936347133]
[-1.5481756794749784, -0.431524205989886, -0.501251498469838, 0.04416137188046776, 0.8746662073851611, -1.5398270563119205]
[-1.6244257262425459, -0.4433018586964634, -0.4475207045758001, -0.0017734915475859114, 0.8952505449661888, -1.6201468189891275]