[-0.01606854186008988, -0.508999464350131, -0.43482123159679364, -5.734947277513669e-05, 0.9450179033310837, -0.0471779224120068]
[-0.0809247720551183, -0.48863772117404, -0.49800372454750924, 0.03652559631236566, 0.9700584943864119, -0.1352880330675062]
[-0.14578100225014673, -0.468275977997949, -0.5611862174982248, 0.07310854209750646, 0.9950990854417401, -0.22339814372300557]
[-0.21063723244517515, -0.447914234821858, -0.6243687104489405, 0.10969148788264725, 1.0201396764970683, -0.31150825437850493]
[-0.2754934626402036, -0.42755249164576703, -0.687551203399656, 0.14627443366778806, 1.0451802675523965, -0.39961836503400433]
[-0.34034969283523203, -0.407190748469676, -0.7507336963503717, 0.18285737945292885, 1.0702208586077246, -0.48772847568950367]
[-0.40520592303026043, -0.386829005293585, -0.8139161893010873, 0.21944032523806964, 1.0952614496630528, -0.5758385863450031]
[-0.4700621532252889, -0.36646726211749403, -0.877098682251803, 0.25602327102321043, 1.1203020407183812, -0.6639486970005024]
[-0.5349183834203173, -0.346105518941403, -0.9402811752025185, 0.29260621680835125, 1.1453426317737094, -0.7520588076560019]
[-0.5997746136153458, -0.325743775765312, -1.003463668153234, 0.32918916259349207, 1.1703832228290376, -0.8401689183115013]
[-0.6646308438103742, -0.30538203258922103, -1.0666461611039497, 0.36577210837863283, 1.1954238138843658, -0.9282790289670005]
[-0.7294870740054026, -0.28502028941313, -1.1298286540546654, 0.40235505416377365, 1.220464404939694, -1.0163891396225]
[-0.8105222122991205, -0.28545893943917555, -1.0647962456943358, 0.3685763425954379, 1.1724219217799279, -1.0730440527174134]
[-0.8915573505928384, -0.2858975894652211, -0.9997638373340061, 0.33479763102710214, 1.1243794386201618, -1.129698965812327]
[-0.9725924888865563, -0.28633623949126663, -0.9347314289736766, 0.3010189194587664, 1.0763369554603959, -1.1863538789072405]
[-1.053627627180274, -0.2867748895173122, -0.8696990206133469, 0.2672402078904307, 1.0282944723006298, -1.2430087920021542]
[-1.134662765473992, -0.28721353954335777, -0.8046666122530173, 0.2334614963220949, 0.9802519891408636, -1.2996637050970676]
[-1.2156979037677098, -0.2876521895694033, -0.7396342038926876, 0.19968278475375917, 0.9322095059810975, -1.356318618191981]
[-1.2967330420614278, -0.28809083959544884, -0.674601795532358, 0.1659040731854234, 0.8841670228213314, -1.4129735312868947]
[-1.3777681803551456, -0.2885294896214944, -0.6095693871720285, 0.1321253616170877, 0.8361245396615655, -1.4696284443818082]
[-1.4588033186488634, -0.28896813964754, -0.5445369788116987, 0.09834665004875193, 0.7880820565017994, -1.5262833574767218]
[-1.5398384569425814, -0.2894067896735855, -0.47950457045136907, 0.06456793848041614, 0.7400395733420333, -1.5829382705716353]
[-1.6208735952362994, -0.28984543969963106, -0.41447216209103954, 0.03078922691208047, 0.6919970901822673, -1.6395931836665487]
[-1.7019087335300171, -0.2902840897256766, -0.34943975373070985, -0.0029894846562552916, 0.6439546070225012, -1.6962480967614624]