[-0.07833853229164767, -0.22514462340592, -0.5474657909576877, 0.0002466033705390558, 0.7735742833339412, -0.10937291827357942]
[-0.04781801106420333, -0.2731781588991605, -0.5993235030237073, 0.04725909885338464, 0.7236007096991514, -0.10607075171835405]
[-0.017297489836758995, -0.32121169439240094, -0.6511812150897268, 0.09427159433623022, 0.6736271360643615, -0.10276858516312869]
[0.013223031390685341, -0.36924522988564146, -0.7030389271557465, 0.1412840898190758, 0.6236535624295717, -0.09946641860790331]
[-0.12858892786663728, -0.3708326125727168, -0.7074765862193403, 0.1414802809062027, 0.6286212799057463, -0.23837365487519482]
[-0.27040088712395993, -0.3724199952597922, -0.711914245282934, 0.14167647199332964, 0.633588997381921, -0.3772808911424863]
[-0.4122128463812825, -0.3740073779468675, -0.7163519043465278, 0.14187266308045654, 0.6385567148580955, -0.5161881274097778]
[-0.5540248056386051, -0.37559476063394287, -0.7207895634101216, 0.14206885416758347, 0.6435244323342701, -0.6550953636770693]
[-0.6958367648959277, -0.37718214332101824, -0.7252272224737154, 0.14226504525471037, 0.6484921498104448, -0.7940025999443608]
[-0.8376487241532503, -0.3787695260080936, -0.7296648815373092, 0.14246123634183727, 0.6534598672866194, -0.9329098362116524]
[-0.9794606834105729, -0.38035690869516897, -0.734102540600903, 0.1426574274289642, 0.6584275847627941, -1.0718170724789438]
[-1.1212726426678956, -0.3819442913822443, -0.7385401996644968, 0.1428536185160911, 0.6633953022389686, -1.2107243087462354]
[-1.2630846019252182, -0.38353167406931965, -0.7429778587280905, 0.14304980960321803, 0.6683630197151432, -1.349631545013527]
[-1.4048965611825408, -0.385119056756395, -0.7474155177916844, 0.14324600069034493, 0.6733307371913179, -1.4885387812808184]
[-1.4762861006866737, -0.34841428047646195, -0.7086973208582896, 0.10686955316185576, 0.7137459527538925, -1.5378571261001217]
[-1.5476756401908067, -0.31170950419652893, -0.6699791239248948, 0.07049310563336658, 0.7541611683164673, -1.587175470919425]
[-1.6190651796949398, -0.2750047279165959, -0.6312609269914999, 0.034116658104877406, 0.7945763838790421, -1.6364938157387283]
[-1.6904547191990726, -0.23829995163666284, -0.5925427300581052, -0.002259789423611781, 0.8349915994416167, -1.6858121605580316]