[-0.27328351641003845, -0.610553488157664, -0.11080285983056459, -0.0004118850357350823, 0.7224226492470649, -0.3040982512554642]
[-0.3472125023123799, -0.6115277235913958, -0.18953515253523184, 0.057636965990557044, 0.7955700044319076, -0.28495561804759023]
[-0.42114148821472136, -0.6125019590251277, -0.2682674452398991, 0.11568581701684917, 0.8687173596167503, -0.26581298483971627]
[-0.49507047411706284, -0.6134761944588596, -0.3469997379445664, 0.1737346680431413, 0.9418647148015931, -0.24667035163184234]
[-0.5689994600194043, -0.6144504298925915, -0.42573203064923365, 0.23178351906943342, 1.0150120699864358, -0.22752771842396838]
[-0.6429284459217457, -0.6154246653263233, -0.5044643233539009, 0.28983237009572554, 1.0881594251712785, -0.20838508521609442]
[-0.7168574318240872, -0.6163989007600552, -0.5831966160585682, 0.3478812211220177, 1.1613067803561212, -0.18924245200822049]
[-0.7907864177264287, -0.6173731361937871, -0.6619289087632354, 0.4059300721483098, 1.234454135540964, -0.17009981880034653]
[-0.8647154036287701, -0.618347371627519, -0.7406612014679027, 0.46397892317460193, 1.3076014907258067, -0.15095718559247256]
[-0.9312779846098752, -0.5892756450006627, -0.7337242764141053, 0.42166471676796113, 1.2766400154255608, -0.28202203741451604]
[-0.9978405655909803, -0.5602039183738062, -0.7267873513603078, 0.3793505103613203, 1.245678540125315, -0.41308688923655945]
[-1.0644031465720853, -0.5311321917469499, -0.7198504263065104, 0.3370363039546795, 1.214717064825069, -0.5441517410586029]
[-1.1309657275531906, -0.5020604651200935, -0.7129135012527129, 0.29472209754803863, 1.183755589524823, -0.6752165928806464]
[-1.1975283085342956, -0.4729887384932372, -0.7059765761989155, 0.25240789114139783, 1.1527941142245772, -0.8062814447026898]
[-1.2640908895154008, -0.4439170118663809, -0.699039651145118, 0.21009368473475704, 1.1218326389243314, -0.9373462965247332]
[-1.3306534704965058, -0.4148452852395245, -0.6921027260913206, 0.16777947832811618, 1.0908711636240853, -1.0684111483467766]
[-1.3972160514776109, -0.38577355861266815, -0.6851658010375231, 0.12546527192147533, 1.0599096883238395, -1.19947600016882]
[-1.463778632458716, -0.3567018319858118, -0.6782288759837257, 0.08315106551483448, 1.0289482130235936, -1.3305408519908635]
[-1.5303412134398213, -0.3276301053589555, -0.6712919509299282, 0.040836859108193735, 0.9979867377233478, -1.4616057038129069]
[-1.5969037944209263, -0.2985583787320991, -0.6643550258761308, -0.0014773472984471391, 0.9670252624231018, -1.5926705556349503]