[-0.21148617026040384, -0.8243274476011706, -0.24587183093806697, -0.0001947614135007214, 1.071416460884591, -0.24248503626551354]
[-0.2874219777007262, -0.8261542497251159, -0.2957790060563658, -0.08322335544142617, 1.060774351501479, -0.3126036182734003]
[-0.36335778514104855, -0.8279810518490611, -0.34568618117466465, -0.16625194946935162, 1.0501322421183668, -0.382722200281287]
[-0.4392935925813709, -0.8298078539730064, -0.39559335629296355, -0.2492805434972771, 1.0394901327352546, -0.45284078228917374]
[-0.5152294000216933, -0.8316346560969516, -0.44550053141126233, -0.3323091375252025, 1.0288480233521424, -0.5229593642970605]
[-0.5911652074620156, -0.8334614582208969, -0.49540770652956123, -0.41533773155312803, 1.01820591396903, -0.5930779463049471]
[-0.667101014902338, -0.8352882603448422, -0.5453148816478601, -0.4983663255810535, 1.0075638045859179, -0.6631965283128339]
[-0.7430368223426603, -0.8371150624687875, -0.595222056766159, -0.5813949196089789, 0.9969216952028057, -0.7333151103207207]
[-0.8189726297829827, -0.8389418645927328, -0.6451292318844577, -0.6644235136369043, 0.9862795858196935, -0.8034336923286074]
[-0.894908437223305, -0.840768666716678, -0.6950364070027566, -0.7474521076648298, 0.9756374764365814, -0.8735522743364941]
[-0.9708442446636274, -0.8425954688406233, -0.7449435821210555, -0.8304807016927553, 0.9649953670534692, -0.9436708563443809]
[-1.0467800521039496, -0.8444222709645686, -0.7948507572393543, -0.9135092957206807, 0.954353257670357, -1.0137894383522674]
[-1.122715859544272, -0.8462490730885138, -0.8447579323576532, -0.9965378897486062, 0.9437111482872448, -1.0839080203601543]
[-1.1623672688013718, -0.7885469047511064, -0.8062568852764916, -0.9061169998615187, 0.9158429072911765, -1.1266303502574584]
[-1.2020186780584714, -0.730844736413699, -0.76775583819533, -0.8156961099744311, 0.8879746662951082, -1.1693526801547625]
[-1.241670087315571, -0.6731425680762916, -0.7292547911141685, -0.7252752200873436, 0.8601064252990399, -1.2120750100520665]
[-1.2813214965726707, -0.6154403997388842, -0.6907537440330069, -0.6348543302002561, 0.8322381843029716, -1.2547973399493706]
[-1.3209729058297701, -0.5577382314014767, -0.6522526969518453, -0.5444334403131685, 0.8043699433069034, -1.2975196698466747]
[-1.3606243150868698, -0.5000360630640694, -0.6137516498706838, -0.4540125504260809, 0.776501702310835, -1.340241999743979]
[-1.4002757243439694, -0.44233389472666196, -0.5752506027895221, -0.3635916605389934, 0.7486334613147667, -1.382964329641283]
[-1.439927133601069, -0.3846317263892545, -0.5367495557083606, -0.27317077065190576, 0.7207652203186985, -1.425686659538587]
[-1.4795785428581687, -0.3269295580518471, -0.498248508627199, -0.18274988076481813, 0.6928969793226302, -1.4684089894358912]
[-1.5192299521152683, -0.2692273897144397, -0.45974746154603746, -0.09232899087773072, 0.6650287383265618, -1.5111313193331952]
[-1.558881361372368, -0.2115252213770323, -0.4212464144648759, -0.0019081009906430789, 0.6371604973304936, -1.5538536492304993]