[0.2561447034619624, -0.514427582309561, -0.42849703977718256, 0.0003664387224899812, 0.9443393332431897, 0.22517673734859578]
[0.1604213530173157, -0.5266436275590608, -0.42844771081921884, 0.02555812463682115, 0.8844677239826696, 0.12912326526799747]
[0.06469800257266903, -0.5388596728085606, -0.4283983818612551, 0.05074981055115232, 0.8245961147221494, 0.033069793187399166]
[-0.031025347871977638, -0.5510757180580605, -0.42834905290329134, 0.0759414964654835, 0.7647245054616292, -0.06298367889319911]
[-0.12674869831662433, -0.5632917633075604, -0.4282997239453276, 0.10113318237981465, 0.704852896201109, -0.15903715097379745]
[-0.22247204876127102, -0.5755078085570602, -0.4282503949873639, 0.12632486829414583, 0.6449812869405889, -0.2550906230543957]
[-0.31819539920591766, -0.58772385380656, -0.42820106602940017, 0.151516554208477, 0.5851096776800686, -0.351144095134994]
[-0.4139187496505643, -0.5999398990560599, -0.4281517370714364, 0.17670824012280814, 0.5252380684195486, -0.44719756721559234]
[-0.509642100095211, -0.6121559443055598, -0.42810240811347267, 0.20189992603713933, 0.4653664591590283, -0.5432510392961907]
[-0.6053654505398577, -0.6243719895550596, -0.42805307915550894, 0.22709161195147048, 0.40549484989850815, -0.6393045113767889]
[-0.7010888009845044, -0.6365880348045594, -0.4280037501975452, 0.25228329786580167, 0.3456232406379879, -0.7353579834573872]
[-0.7968121514291511, -0.6488040800540593, -0.42795442123958144, 0.27747498378013286, 0.28575163137746784, -0.8314114555379855]
[-0.8925355018737977, -0.6610201253035591, -0.4279050922816177, 0.30266666969446404, 0.22588002211694758, -0.9274649276185838]
[-0.9882588523184442, -0.673236170553059, -0.427855763323654, 0.32785835560879517, 0.16600841285642737, -1.0235183996991821]
[-1.0594310684328205, -0.6114827146123178, -0.4380027338269075, 0.2912443331775983, 0.21875681126241858, -1.0902592128342434]
[-1.1306032845471967, -0.5497292586715766, -0.448149704330161, 0.2546303107464014, 0.2715052096684098, -1.1570000259693045]
[-1.201775500661573, -0.4879758027308355, -0.4582966748334145, 0.21801628831520448, 0.32425360807440096, -1.2237408391043658]
[-1.272947716775949, -0.4262223467900944, -0.46844364533666805, 0.1814022658840076, 0.37700200648039217, -1.2904816522394271]
[-1.3441199328903255, -0.3644688908493532, -0.4785906158399215, 0.14478824345281066, 0.42975040488638344, -1.3572224653744884]
[-1.4152921490047017, -0.3027154349086121, -0.48873758634317505, 0.10817422102161378, 0.4824988032923746, -1.4239632785095495]
[-1.4864643651190779, -0.24096197896787092, -0.4988845568464286, 0.0715601985904169, 0.5352472016983658, -1.4907040916446108]
[-1.5576365812334543, -0.1792085230271298, -0.509031527349682, 0.03494617615922002, 0.587995600104357, -1.557444904779672]
[-1.6288087973478305, -0.11745506708638863, -0.5191784978529356, -0.0016678462719769394, 0.6407439985103482, -1.6241857179147332]