[0.09063609397367589, -0.4172886401636742, -0.42019997350727945, 0.00014145856835412474, 0.8385999444344314, 0.05931806907165438]
[-0.03643510113018528, -0.4722600977765363, -0.4632860405247409, -0.018944120006828373, 0.8949162907733497, 0.05448206276284991]
[-0.16350629623404644, -0.5272315553893985, -0.5063721075422024, -0.03802969858201087, 0.9512326371122678, 0.04964605645404545]
[-0.2905774913379076, -0.5822030130022606, -0.5494581745596638, -0.05711527715719337, 1.007548983451186, 0.04481005014524098]
[-0.4176486864417688, -0.6371744706151229, -0.5925442415771254, -0.07620085573237587, 1.0638653297901042, 0.03997404383643652]
[-0.54471988154563, -0.692145928227985, -0.6356303085945869, -0.09528643430755837, 1.1201816761290224, 0.035138037527632046]
[-0.6717910766494911, -0.7471173858408472, -0.6787163756120483, -0.11437201288274086, 1.1764980224679404, 0.030302031218827585]
[-0.7988622717533523, -0.8020888434537095, -0.7218024426295099, -0.13345759145792338, 1.2328143688068587, 0.025466024910023116]
[-0.9259334668572134, -0.8570603010665716, -0.7648885096469713, -0.15254317003310586, 1.289130715145777, 0.02063001860121865]
[-1.0530046619610747, -0.9120317586794338, -0.8079745766644328, -0.17162874860828836, 1.3454470614846952, 0.01579401229241419]
[-1.11237955020839, -0.8769622664511583, -0.7764511990504743, -0.16120247116300465, 1.3024794890665259, -0.10993827903181737]
[-1.171754438455705, -0.8418927742228828, -0.7449278214365158, -0.15077619371772097, 1.2595119166483568, -0.2356705703560489]
[-1.2311293267030203, -0.8068232819946073, -0.7134044438225573, -0.14034991627243726, 1.2165443442301875, -0.36140286168028046]
[-1.2905042149503356, -0.7717537897663318, -0.6818810662085988, -0.12992363882715355, 1.1735767718120185, -0.48713515300451204]
[-1.349879103197651, -0.7366842975380563, -0.6503576885946403, -0.11949736138186985, 1.1306091993938492, -0.6128674443287436]
[-1.409253991444966, -0.7016148053097809, -0.6188343109806818, -0.10907108393658616, 1.08764162697568, -0.7385997356529751]
[-1.4686288796922813, -0.6665453130815054, -0.5873109333667232, -0.09864480649130244, 1.0446740545575106, -0.8643320269772067]
[-1.5280037679395964, -0.63147582085323, -0.5557875557527647, -0.08821852904601875, 1.0017064821393415, -0.9900643183014383]
[-1.5873786561869117, -0.5964063286249545, -0.5242641781388062, -0.07779225160073505, 0.9587389097211724, -1.1157966096256697]
[-1.646753544434227, -0.561336836396679, -0.49274080052484776, -0.06736597415545134, 0.9157713373030032, -1.2415289009499013]
[-1.7061284326815422, -0.5262673441684036, -0.46121742291088924, -0.056939696710167645, 0.8728037648848339, -1.367261192274133]
[-1.7655033209288573, -0.49119785194012805, -0.4296940452969308, -0.04651341926488395, 0.8298361924666647, -1.4929934835983643]
[-1.8248782091761726, -0.45612835971185256, -0.39817066768297227, -0.03608714181960024, 0.7868686200484956, -1.6187257749225958]
[-1.8842530974234877, -0.4210588674835771, -0.36664729006901375, -0.025660864374316528, 0.7439010476303263, -1.7444580662468274]
[-1.943627985670803, -0.38598937525530164, -0.33512391245505524, -0.015234586929032845, 0.7009334752121571, -1.870190357571059]
[-2.0030028739181183, -0.3509198830270261, -0.3036005348410967, -0.004808309483749146, 0.6579659027939879, -1.9959226488952908]