[-0.04485901370173373, -0.17723218595237622, -0.572308525071378, 0.00011015000069924952, 0.7507373729796365, -0.07574536189790138]
[-0.10737566679863486, -0.23215268190721972, -0.5855596268618861, 0.0728750307958548, 0.7418363878276499, -0.13723172262332203]
[-0.169892319895536, -0.2870731778620632, -0.5988107286523942, 0.14563991159101036, 0.7329354026756634, -0.1987180833487427]
[-0.23240897299243712, -0.3419936738169067, -0.6120618304429022, 0.21840479238616592, 0.7240344175236769, -0.2602044440741633]
[-0.29492562608933826, -0.3969141697717502, -0.6253129322334103, 0.2911696731813215, 0.7151334323716904, -0.321690804799584]
[-0.3574422791862394, -0.4518346657265937, -0.6385640340239185, 0.363934553976477, 0.7062324472197038, -0.3831771655250047]
[-0.4199589322831405, -0.5067551616814372, -0.6518151358144265, 0.4366994347716326, 0.6973314620677173, -0.4446635262504253]
[-0.48247558538004165, -0.5616756576362807, -0.6650662376049346, 0.5094643155667882, 0.6884304769157308, -0.506149886975846]
[-0.5449922384769428, -0.6165961535911242, -0.6783173393954427, 0.5822291963619437, 0.6795294917637442, -0.5676362477012666]
[-0.6463591097883544, -0.5915122243520637, -0.6757168016301061, 0.5372092594772978, 0.6994794445113495, -0.6668817623238769]
[-0.747725981099766, -0.5664282951130033, -0.6731162638647694, 0.492189322592652, 0.7194293972589547, -0.7661272769464871]
[-0.8490928524111776, -0.5413443658739429, -0.6705157260994328, 0.44716938570800613, 0.73937935000656, -0.8653727915690972]
[-0.9504597237225891, -0.5162604366348824, -0.6679151883340961, 0.4021494488233603, 0.7593293027541651, -0.9646183061917075]
[-1.0518265950340009, -0.4911765073958219, -0.6653146505687595, 0.35712951193871445, 0.7792792555017704, -1.0638638208143176]
[-1.1531934663454124, -0.4660925781567615, -0.6627141128034229, 0.31210957505406856, 0.7992292082493756, -1.163109335436928]
[-1.254560337656824, -0.44100864891770103, -0.6601135750380863, 0.26708963816942277, 0.8191791609969808, -1.262354850059538]
[-1.3559272089682355, -0.41592471967864053, -0.6575130372727497, 0.22206970128477688, 0.8391291137445861, -1.3616003646821482]
[-1.457294080279647, -0.3908407904395801, -0.654912499507413, 0.17704976440013104, 0.8590790664921912, -1.4608458793047583]
[-1.5586609515910588, -0.36575686120051965, -0.6523119617420764, 0.13202982751548514, 0.8790290192397965, -1.5600913939273686]
[-1.6600278229024703, -0.3406729319614592, -0.6497114239767398, 0.08700989063083936, 0.8989789719874017, -1.6593369085499787]
[-1.761394694213882, -0.31558900272239876, -0.6471108862114031, 0.04198995374619341, 0.918928924735007, -1.758582423172589]
[-1.8627615655252936, -0.2905050734833383, -0.6445103484460665, -0.0030299831384523255, 0.9388788774826122, -1.8578279377951992]