[-0.20398074775124897, -0.5405732850361948, -0.08511047270584715, -0.00016356748892221162, 0.6267871796519717, -0.23491450925768564]
[-0.1724460050332227, -0.5555538027572333, -0.16340450973121956, -0.04617808034984245, 0.6171095065468825, -0.3415148484327363]
[-0.1409112623151964, -0.5705343204782717, -0.24169854675659197, -0.09219259321076269, 0.6074318334417931, -0.4481151876077869]
[-0.1093765195971701, -0.58551483819931, -0.3199925837819644, -0.13820710607168293, 0.5977541603367038, -0.5547155267828376]
[-0.07784177687914381, -0.6004953559203485, -0.3982866208073368, -0.18422161893260317, 0.5880764872316144, -0.6613158659578882]
[-0.046307034161117505, -0.615475873641387, -0.4765806578327092, -0.23023613179352342, 0.5783988141265252, -0.7679162051329389]
[-0.014772291443091223, -0.6304563913624254, -0.5548746948580816, -0.27625064465444366, 0.5687211410214359, -0.8745165443079895]
[0.016762451274935086, -0.6454369090834637, -0.633168731883454, -0.32226515751536394, 0.5590434679163465, -0.9811168834830403]
[0.04829719399296134, -0.6604174268045022, -0.7114627689088264, -0.3682796703762841, 0.5493657948112572, -1.0877172226580907]
[0.07983193671098765, -0.6753979445255407, -0.7897568059341988, -0.41429418323720435, 0.5396881217061679, -1.1943175618331414]
[0.11136667942901396, -0.6903784622465791, -0.8680508429595712, -0.46030869609812464, 0.5300104486010786, -1.3009179010081922]
[0.1429014221470402, -0.7053589799676174, -0.9463448799849437, -0.5063232089590448, 0.5203327754959892, -1.4075182401832427]
[0.17443616486506652, -0.7203394976886559, -1.024638917010316, -0.5523377218199651, 0.5106551023909, -1.5141185793582934]
[0.026256974047542597, -0.6652242879301075, -0.9829258634345676, -0.5101763485420451, 0.5090729004931701, -1.5318915967615414]
[-0.12192221676998133, -0.610109078171559, -0.941212809858819, -0.46801497526412505, 0.5074906985954402, -1.5496646141647896]
[-0.2701014075875052, -0.5549938684130106, -0.8994997562830706, -0.42585360198620503, 0.5059084966977103, -1.5674376315680376]
[-0.4182805984050292, -0.4998786586544621, -0.857786702707322, -0.383692228708285, 0.5043262947999805, -1.5852106489712858]
[-0.566459789222553, -0.4447634488959137, -0.8160736491315734, -0.341530855430365, 0.5027440929022505, -1.6029836663745338]
[-0.714638980040077, -0.38964823913736524, -0.774360595555825, -0.299369482152445, 0.5011618910045207, -1.620756683777782]
[-0.8628181708576008, -0.3345330293788168, -0.7326475419800764, -0.257208108874525, 0.4995796891067908, -1.63852970118103]
[-1.0109973616751249, -0.27941781962026835, -0.6909344884043279, -0.21504673559660498, 0.4979974872090609, -1.6563027185842782]
[-1.1591765524926487, -0.2243026098617199, -0.6492214348285794, -0.172885362318685, 0.49641528531133106, -1.6740757359875262]
[-1.3073557433101726, -0.16918740010317146, -0.6075083812528309, -0.13072398904076493, 0.49483308341360116, -1.6918487533907745]
[-1.4555349341276964, -0.11407219034462301, -0.5657953276770824, -0.08856261576284497, 0.49325088151587126, -1.7096217707940224]
[-1.6037141249452205, -0.05895698058607457, -0.5240822741013339, -0.04640124248492494, 0.4916686796181414, -1.7273947881972707]
[-1.7518933157627443, -0.0038417708275260897, -0.48236922052558534, -0.004239869207004934, 0.49008647772041153, -1.7451678056005187]