[-0.050519437416756574, -0.06195358689764063, -0.5827833961953504, 0.00014181429183768302, 0.6458325955686242, -0.08154536161644099]
[-0.15055100528109477, -0.09226772451337165, -0.6329240296249282, 0.007419756281731788, 0.6174157804220708, -0.15934545527494287]
[-0.250582573145433, -0.12258186212910266, -0.683064663054506, 0.014697698271625892, 0.5889989652755174, -0.23714554893344472]
[-0.3506141410097712, -0.15289599974483367, -0.7332052964840838, 0.021975640261519998, 0.5605821501289641, -0.3149456425919466]
[-0.4506457088741093, -0.18321013736056468, -0.7833459299136617, 0.0292535822514141, 0.5321653349824107, -0.39274573625044845]
[-0.5506772767384476, -0.2135242749762957, -0.8334865633432396, 0.036531524241308205, 0.5037485198358573, -0.47054582990895033]
[-0.6507088446027858, -0.2438384125920267, -0.8836271967728173, 0.04380946623120231, 0.47533170468930397, -0.5483459235674522]
[-0.7507404124671239, -0.2741525502077577, -0.9337678302023952, 0.05108740822109641, 0.44691488954275066, -0.6261460172259541]
[-0.8507719803314621, -0.30446668782348874, -0.983908463631973, 0.05836535021099052, 0.4184980743961973, -0.7039461108844559]
[-0.9508035481958003, -0.3347808254392197, -1.0340490970615508, 0.06564329220088462, 0.39008125924964393, -0.7817462045429578]
[-1.0508351160601386, -0.36509496305495076, -1.0841897304911288, 0.07292123419077873, 0.36166444410309057, -0.8595462982014597]
[-1.1508666839244768, -0.39540910067068175, -1.1343303639207065, 0.08019917618067283, 0.3332476289565372, -0.9373463918599616]
[-1.250898251788815, -0.4257232382864128, -1.1844709973502843, 0.08747711817056694, 0.30483081380998384, -1.0151464855184633]
[-1.350929819653153, -0.45603737590214377, -1.2346116307798622, 0.09475506016046104, 0.2764139986634305, -1.0929465791769652]
[-1.4509613875174912, -0.48635151351787476, -1.28475226420944, 0.10203300215035514, 0.24799718351687716, -1.1707466728354672]
[-1.5509929553818294, -0.5166656511336059, -1.3348928976390178, 0.10931094414024925, 0.2195803683703238, -1.248546766493969]
[-1.6510245232461676, -0.5469797887493368, -1.3850335310685957, 0.11658888613014336, 0.19116355322377043, -1.3263468601524708]
[-1.7510560911105058, -0.5772939263650678, -1.4351741644981735, 0.12386682812003746, 0.16274673807721704, -1.4041469538109728]
[-1.7669923013998807, -0.5310620865865119, -1.3252435886084581, 0.10961512706816272, 0.21250957720587407, -1.4578590546540457]
[-1.7829285116892557, -0.484830246807956, -1.2153130127187428, 0.09536342601628799, 0.26227241633453113, -1.5115711554971187]
[-1.7988647219786305, -0.4385984070294001, -1.1053824368290273, 0.08111172496441324, 0.3120352554631881, -1.565283256340192]
[-1.8148009322680054, -0.3923665672508442, -0.995451860939312, 0.06686002391253851, 0.3617980945918452, -1.618995357183265]
[-1.8307371425573804, -0.34613472747228824, -0.8855212850495966, 0.05260832286066375, 0.4115609337205023, -1.672707458026338]
[-1.8466733528467554, -0.29990288769373236, -0.7755907091598813, 0.038356621808789015, 0.46132377284915926, -1.726419558869411]
[-1.8626095631361301, -0.2536710479151764, -0.6656601332701659, 0.02410492075691427, 0.5110866119778164, -1.780131659712484]
[-1.878545773425505, -0.20743920813662053, -0.5557295573804506, 0.009853219705039537, 0.5608494511064733, -1.833843760555557]
[-1.89448198371488, -0.16120736835806457, -0.44579898149073516, -0.004398481346835197, 0.6106122902351304, -1.88755586139863]