[0.06724849665525134, -0.5680174403017828, -0.1501501777964105, 0.0001939268535675609, 0.7193401742757803, 0.036141338676724644]
[0.0716055857563388, -0.55717089474406, -0.24506871717884354, 0.03103984109009894, 0.7978934240213318, 0.12195325060321219]
[0.07596267485742624, -0.5463243491863373, -0.3399872565612766, 0.06188575532663032, 0.8764466737668831, 0.20776516252969973]
[0.08031976395851369, -0.5354778036286145, -0.43490579594370965, 0.0927316695631617, 0.9549999235124346, 0.29357707445618725]
[0.08467685305960113, -0.5246312580708917, -0.5298243353261427, 0.12357758379969308, 1.033553173257986, 0.3793889863826748]
[0.08903394216068858, -0.5137847125131689, -0.6247428747085757, 0.15442349803622446, 1.1121064230035373, 0.46520089830916234]
[0.09339103126177603, -0.5029381669554462, -0.7196614140910088, 0.18526941227275584, 1.1906596727490888, 0.5510128102356499]
[0.09774812036286348, -0.49209162139772344, -0.8145799534734419, 0.21611532650928722, 1.2692129224946402, 0.6368247221621374]
[0.10210520946395092, -0.48124507584000065, -0.909498492855875, 0.2469612407458186, 1.3477661722401915, 0.722636634088625]
[0.10646229856503837, -0.4703985302822779, -1.0044170322383081, 0.27780715498235, 1.4263194219857431, 0.8084485460151125]
[0.11081938766612581, -0.45955198472455516, -1.099335571620741, 0.30865306921888136, 1.5048726717312944, 0.8942604579416]
[0.11517647676721326, -0.44870543916683236, -1.1942541110031741, 0.33949898345541274, 1.5834259214768458, 0.9800723698680875]
[0.030879027389232372, -0.4434055974369007, -1.1633864872798305, 0.3232419223552821, 1.550296937902933, 0.8547982596447253]
[-0.05341842198874852, -0.43810575570696914, -1.1325188635564871, 0.3069848612551515, 1.51716795432902, 0.7295241494213631]
[-0.13771587136672941, -0.4328059139770375, -1.1016512398331435, 0.29072780015502087, 1.4840389707551072, 0.6042500391980009]
[-0.2220133207447103, -0.4275060722471059, -1.0707836161097999, 0.2744707390548903, 1.4509099871811943, 0.4789759289746387]
[-0.30631077012269126, -0.42220623051717426, -1.0399159923864565, 0.25821367795475964, 1.4177810036072813, 0.3537018187512765]
[-0.3906082195006721, -0.4169063887872427, -1.0090483686631129, 0.241956616854629, 1.3846520200333685, 0.22842770852791427]
[-0.474905668878653, -0.41160654705731103, -0.9781807449397694, 0.22569955575449838, 1.3515230364594557, 0.10315359830455195]
[-0.5592031182566339, -0.40630670532737945, -0.9473131212164259, 0.20944249465436776, 1.3183940528855427, -0.02212051191881015]
[-0.6435005676346148, -0.4010068635974478, -0.9164454974930822, 0.19318543355423712, 1.2852650693116299, -0.14739462214217247]
[-0.7277980170125957, -0.39570702186751616, -0.8855778737697387, 0.1769283724541065, 1.252136085737717, -0.27266873236553457]
[-0.8120954663905766, -0.3904071801375846, -0.8547102500463951, 0.16067131135397586, 1.219007102163804, -0.3979428425888971]
[-0.8963929157685575, -0.38510733840765293, -0.8238426263230516, 0.14441425025384524, 1.1858781185898912, -0.523216952812259]
[-0.9806903651465386, -0.3798074966777213, -0.792975002599708, 0.1281571891537146, 1.1527491350159784, -0.6484910630356215]
[-1.0649878145245193, -0.3745076549477897, -0.7621073788763646, 0.11190012805358401, 1.1196201514420654, -0.7737651732589836]
[-1.1492852639025004, -0.3692078132178581, -0.731239755153021, 0.09564306695345337, 1.0864911678681526, -0.899039283482346]
[-1.233582713280481, -0.3639079714879265, -0.7003721314296775, 0.07938600585332278, 1.0533621842942398, -1.0243133937057078]
[-1.3178801626584622, -0.35860812975799483, -0.6695045077063339, 0.06312894475319214, 1.0202332007203267, -1.1495875039290704]
[-1.4021776120364429, -0.35330828802806324, -0.6386368839829903, 0.0468718836530615, 0.9871042171464139, -1.2748616141524325]
[-1.486475061414424, -0.3480084462981316, -0.6077692602596468, 0.030614822552930854, 0.953975233572501, -1.4001357243757946]
[-1.5707725107924049, -0.3427086045682, -0.5769016365363033, 0.014357761452800266, 0.9208462499985882, -1.5254098345991567]
[-1.6550699601703858, -0.3374087628382684, -0.5460340128129597, -0.001899299647330389, 0.8877172664246753, -1.6506839448225192]