[-0.2130090779299456, -0.73095354126934, -0.159304708616685, -8.323043112934414e-05, 0.891257052555348, -0.2439827361481237]
[-0.2398542440241131, -0.6609831147798273, -0.24567393557003675, 0.02945857123272285, 0.8696950674029343, -0.20307574171509393]
[-0.2666994101182806, -0.5910126882903146, -0.3320431625233885, 0.059000372896575046, 0.8481330822505206, -0.16216874728206415]
[-0.29354457621244806, -0.5210422618008019, -0.4184123894767403, 0.08854217456042725, 0.8265710970981069, -0.12126175284903434]
[-0.32038974230661554, -0.4510718353112892, -0.504781616430092, 0.11808397622427944, 0.8050091119456932, -0.08035475841600456]
[-0.3472349084007831, -0.38110140882177646, -0.5911508433834438, 0.14762577788813164, 0.7834471267932794, -0.039447763982974754]
[-0.3740800744949505, -0.31113098233226383, -0.6775200703367956, 0.17716757955198384, 0.7618851416408657, 0.0014592304500550268]
[-0.40092524058911805, -0.2411605558427511, -0.7638892972901474, 0.20670938121583604, 0.740323156488452, 0.042366224883084856]
[-0.4948923434427742, -0.2010038190058298, -0.8355673243948089, 0.22447042054658634, 0.7385790758335629, -0.006084648094526857]
[-0.5888594462964304, -0.1608470821689085, -0.9072453514994703, 0.24223145987733663, 0.7368349951786737, -0.05453552107213857]
[-0.6828265491500867, -0.1206903453319872, -0.9789233786041317, 0.2599924992080869, 0.7350909145237844, -0.10298639404975027]
[-0.7767936520037428, -0.08053360849506591, -1.0506014057087931, 0.2777535385388372, 0.7333468338688952, -0.151437267027362]
[-0.870760754857399, -0.04037687165814463, -1.1222794328134547, 0.29551457786958757, 0.731602753214006, -0.1998881400049737]
[-0.9647278577110552, -0.00022013482122332229, -1.193957459918116, 0.31327561720033786, 0.7298586725591167, -0.2483390129825854]
[-1.0586949605647114, 0.039936602015697986, -1.2656354870227773, 0.33103665653108816, 0.7281145919042276, -0.2967898859601972]
[-1.1526620634183675, 0.08009333885261927, -1.3373135141274388, 0.34879769586183845, 0.7263705112493384, -0.34524075893780887]
[-1.1823655689821964, 0.046787975224587726, -1.2462739242751242, 0.32179334026421114, 0.7098009849048391, -0.4366448685323926]
[-1.2120690745460254, 0.013482611596556185, -1.1552343344228098, 0.29478898466658376, 0.6932314585603399, -0.5280489781269764]
[-1.2417725801098543, -0.019822752031475363, -1.0641947445704951, 0.2677846290689564, 0.6766619322158405, -0.61945308772156]
[-1.2714760856736833, -0.0531281156595069, -0.9731551547181806, 0.24078027347132908, 0.6600924058713412, -0.7108571973161437]
[-1.3011795912375121, -0.08643347928753845, -0.8821155648658661, 0.21377591787370173, 0.643522879526842, -0.8022613069107275]
[-1.330883096801341, -0.11973884291556999, -0.7910759750135514, 0.1867715622760744, 0.6269533531823427, -0.8936654165053113]
[-1.36058660236517, -0.15304420654360149, -0.700036385161237, 0.15976720667844707, 0.6103838268378434, -0.985069526099895]
[-1.3902901079289989, -0.18634957017163306, -0.6089967953089224, 0.1327628510808197, 0.5938143004933442, -1.0764736356944786]
[-1.419993613492828, -0.21965493379966455, -0.5179572054566078, 0.10575849548319238, 0.5772447741488449, -1.1678777452890623]
[-1.4496971190566568, -0.25296029742769616, -0.4269176156042932, 0.07875413988556501, 0.5606752478043455, -1.2592818548836462]
[-1.4794006246204856, -0.28626566105572765, -0.33587802575197867, 0.051749784287937695, 0.5441057214598463, -1.3506859644782296]
[-1.5091041301843147, -0.31957102468375925, -0.24483843589966403, 0.024745428690310323, 0.527536195115347, -1.4420900740728135]
[-1.5388076357481435, -0.35287638831179075, -0.15379884604734953, -0.002258926907316978, 0.5109666687708477, -1.5334941836673972]