[-0.20808318123540914, -0.45632995356477934, -0.25953760876597265, -0.00016830800393652368, 0.7170652779807334, -0.23895510588167213]
[-0.2520985939677155, -0.5321587629928335, -0.33528483352328914, -0.05897724472963126, 0.7133898717777805, -0.2652029395159757]
[-0.2961140067000218, -0.6079875724208877, -0.41103205828060563, -0.117786181455326, 0.7097144655748275, -0.29145077315027923]
[-0.3401294194323281, -0.6838163818489419, -0.4867792830379222, -0.17659511818102072, 0.7060390593718746, -0.31769860678458284]
[-0.38414483216463446, -0.7596451912769961, -0.5625265077952386, -0.23540405490671548, 0.7023636531689217, -0.3439464404188864]
[-0.4281602448969408, -0.8354740007050503, -0.6382737325525552, -0.2942129916324102, 0.6986882469659688, -0.37019427405318994]
[-0.5332975774899466, -0.7994329637183197, -0.6127239361620223, -0.27350844710307687, 0.6927181176285393, -0.47897590703024207]
[-0.6384349100829523, -0.7633919267315892, -0.5871741397714894, -0.2528039025737436, 0.6867479882911097, -0.5877575400072943]
[-0.7435722426759579, -0.7273508897448586, -0.5616243433809566, -0.23209935804441026, 0.6807778589536803, -0.6965391729843464]
[-0.8487095752689636, -0.6913098527581282, -0.5360745469904237, -0.21139481351507694, 0.6748077296162507, -0.8053208059613985]
[-0.9538469078619694, -0.6552688157713976, -0.5105247505998908, -0.1906902689857436, 0.6688376002788212, -0.9141024389384508]
[-1.0589842404549752, -0.6192277787846671, -0.4849749542093579, -0.1699857244564103, 0.6628674709413916, -1.0228840719155028]
[-1.1641215730479808, -0.5831867417979365, -0.45942515781882504, -0.14928117992707696, 0.6568973416039622, -1.131665704892555]
[-1.2692589056409864, -0.5471457048112061, -0.4338753614282922, -0.12857663539774364, 0.6509272122665327, -1.240447337869607]
[-1.3743962382339923, -0.5111046678244754, -0.4083255650377593, -0.10787209086841029, 0.6449570829291031, -1.3492289708466594]
[-1.4795335708269979, -0.4750636308377449, -0.3827757686472264, -0.08716754633907697, 0.6389869535916737, -1.4580106038237117]
[-1.5846709034200037, -0.43902259385101433, -0.35722597225669356, -0.06646300180974368, 0.6330168242542441, -1.5667922368007634]
[-1.6898082360130093, -0.40298155686428383, -0.33167617586616066, -0.045758457280410364, 0.6270466949168146, -1.6755738697778155]
[-1.7949455686060152, -0.3669405198775532, -0.30612637947562776, -0.02505391275107699, 0.6210765655793851, -1.784355502754868]
[-1.9000829011990208, -0.3308994828908227, -0.2805765830850949, -0.004349368221743686, 0.6151064362419556, -1.8931371357319202]