[-0.03566468227107489, -0.20647754693546894, -0.4127310898892951, -5.112272853935451e-05, 0.6206228171668906, -0.06695406204684495]
[-0.0629616963659787, -0.22980382644200356, -0.4795889495789662, 0.06236693156257951, 0.5827509730597491, 0.0069520019854944215]
[-0.09025871046088252, -0.2531301059485382, -0.5464468092686373, 0.12478498585369838, 0.5448791289526076, 0.0808580660178338]
[-0.11755572455578632, -0.2764563854550728, -0.6133046689583084, 0.18720304014481723, 0.5070072848454662, 0.15476413005017314]
[-0.14485273865069015, -0.29978266496160744, -0.6801625286479795, 0.2496210944359361, 0.4691354407383247, 0.22867019408251255]
[-0.17214975274559394, -0.3231089444681421, -0.7470203883376506, 0.31203914872705496, 0.43126359663118324, 0.3025762581148519]
[-0.19944676684049775, -0.3464352239746767, -0.8138782480273217, 0.3744572030181738, 0.3933917525240418, 0.37648232214719124]
[-0.22674378093540154, -0.3697615034812113, -0.8807361077169928, 0.43687525730929266, 0.35551990841690034, 0.4503883861795306]
[-0.2540407950303054, -0.39308778298774594, -0.9475939674066639, 0.49929331160041157, 0.3176480643097588, 0.52429445021187]
[-0.28133780912520917, -0.4164140624942806, -1.0144518270963352, 0.5617113658915305, 0.27977622020261733, 0.5982005142442094]
[-0.308634823220113, -0.4397403420008152, -1.0813096867860061, 0.6241294201826493, 0.24190437609547588, 0.6721065782765487]
[-0.3774930264506201, -0.4353861901412873, -1.0581904851628359, 0.5893888622827986, 0.28574107812891514, 0.5489795495803391]
[-0.44635122968112717, -0.43103203828175946, -1.0350712835396658, 0.5546483043829479, 0.3295777801623544, 0.4258525208841295]
[-0.5152094329116343, -0.4266778864222316, -1.0119520819164955, 0.5199077464830972, 0.37341448219579365, 0.3027254921879199]
[-0.5840676361421414, -0.4223237345627037, -0.9888328802933253, 0.48516718858324653, 0.4172511842292329, 0.17959846349171027]
[-0.6529258393726486, -0.41796958270317586, -0.9657136786701551, 0.45042663068339583, 0.46108788626267216, 0.05647143479550065]
[-0.7217840426031557, -0.413615430843648, -0.942594477046985, 0.4156860727835452, 0.5049245882961113, -0.06665559390070896]
[-0.7906422458336628, -0.4092612789841201, -0.9194752754238147, 0.38094551488369444, 0.5487612903295507, -0.18978262259691858]
[-0.8595004490641698, -0.40490712712459226, -0.8963560738006444, 0.3462049569838438, 0.5925979923629898, -0.3129096512931282]
[-0.928358652294677, -0.4005529752650644, -0.8732368721774743, 0.3114643990839931, 0.6364346943964292, -0.4360366799893378]
[-0.9972168555251841, -0.39619882340553647, -0.8501176705543041, 0.2767238411841424, 0.6802713964298683, -0.5591637086855474]
[-1.0660750587556913, -0.3918446715460086, -0.8269984689311338, 0.2419832832842917, 0.7241080984633077, -0.682290737381757]
[-1.1349332619861983, -0.38749051968648074, -0.8038792673079637, 0.20724272538444105, 0.7679448004967468, -0.8054177660779667]
[-1.2037914652167054, -0.3831363678269529, -0.7807600656847935, 0.17250216748459035, 0.8117815025301861, -0.9285447947741763]
[-1.2726496684472126, -0.378782215967425, -0.7576408640616232, 0.13776160958473965, 0.8556182045636254, -1.051671823470386]
[-1.3415078716777198, -0.37442806410789714, -0.734521662438453, 0.10302105168488895, 0.8994549065970646, -1.1747988521665955]
[-1.4103660749082267, -0.3700739122483693, -0.7114024608152828, 0.06828049378503831, 0.9432916086305039, -1.2979258808628051]
[-1.479224278138734, -0.3657197603888414, -0.6882832591921126, 0.033539935885187666, 0.9871283106639431, -1.4210529095590148]
[-1.548082481369241, -0.36136560852931354, -0.6651640575689424, -0.0012006220146630346, 1.0309650126973824, -1.5441799382552246]