[-0.2067448482392571, -0.9033429439269636, -0.24932162952046166, -0.00011051640508696892, 1.1537733910354602, -0.23765829116201242]
[-0.24618365367368536, -0.866269238398032, -0.31871150029491335, -0.02184747208791239, 1.1326801659806043, -0.12851877664157846]
[-0.2856224591081136, -0.8291955328691005, -0.388101371069365, -0.04358442777073781, 1.1115869409257486, -0.019379262121144464]
[-0.3250612645425419, -0.7921218273401691, -0.4574912418438166, -0.06532138345356323, 1.0904937158708927, 0.08976025239928948]
[-0.36450006997697015, -0.7550481218112376, -0.5268811126182683, -0.08705833913638865, 1.069400490816037, 0.1988997669197235]
[-0.40393887541139845, -0.7179744162823061, -0.59627098339272, -0.10879529481921406, 1.0483072657611812, 0.30803928144015746]
[-0.44337768084582674, -0.6809007107533745, -0.6656608541671716, -0.13053225050203948, 1.0272140407063253, 0.4171787959605914]
[-0.482816486280255, -0.643827005224443, -0.7350507249416232, -0.1522692061848649, 1.0061208156514696, 0.5263183104810254]
[-0.5222552917146832, -0.6067532996955116, -0.804440595716075, -0.17400616186769033, 0.9850275905966137, 0.6354578250014594]
[-0.5616940971491116, -0.56967959416658, -0.8738304664905265, -0.19574311755051574, 0.9639343655417579, 0.7445973395218934]
[-0.6011329025835398, -0.5326058886376486, -0.9432203372649782, -0.21748007323334115, 0.9428411404869022, 0.8537368540423274]
[-0.6652437003328755, -0.5235548446169709, -0.901473325746971, -0.20402137926982788, 0.9256039415825414, 0.6990076133763364]
[-0.7293544980822113, -0.5145038005962933, -0.8597263142289637, -0.19056268530631462, 0.9083667426781807, 0.5442783727103455]
[-0.793465295831547, -0.5054527565756156, -0.8179793027109565, -0.17710399134280136, 0.8911295437738201, 0.3895491320443546]
[-0.8575760935808827, -0.49640171255493803, -0.7762322911929493, -0.1636452973792881, 0.8738923448694594, 0.23481989137836368]
[-0.9216868913302184, -0.4873506685342604, -0.734485279674942, -0.15018660341577483, 0.8566551459650987, 0.08009065071237276]
[-0.9857976890795541, -0.47829962451358277, -0.6927382681569348, -0.1367279094522616, 0.8394179470607381, -0.07463858995361816]
[-1.04990848682889, -0.4692485804929051, -0.6509912566389275, -0.12326921548874832, 0.8221807481563774, -0.2293678306196092]
[-1.1140192845782257, -0.4601975364722275, -0.6092442451209203, -0.10981052152523506, 0.8049435492520167, -0.3840970712856]
[-1.1781300823275613, -0.4511464924515498, -0.5674972336029132, -0.0963518275617218, 0.787706350347656, -0.5388263119515908]
[-1.242240880076897, -0.44209544843087223, -0.5257502220849058, -0.08289313359820855, 0.7704691514432953, -0.6935555526175818]
[-1.3063516778262327, -0.43304440441019454, -0.48400321056689866, -0.06943443963469528, 0.7532319525389347, -0.8482847932835729]
[-1.3704624755755686, -0.4239933603895169, -0.44225619904889146, -0.05597574567118202, 0.735994753634574, -1.0030140339495637]
[-1.4345732733249044, -0.41494231636883927, -0.40050918753088416, -0.04251705170766876, 0.7187575547302133, -1.1577432746155545]
[-1.4986840710742402, -0.40589127234816164, -0.35876217601287697, -0.029058357744155494, 0.7015203558258527, -1.3124725152815457]
[-1.5627948688235758, -0.396840228327484, -0.31701516449486966, -0.015599663780642231, 0.684283156921492, -1.4672017559475365]
[-1.6269056665729114, -0.38778918430680637, -0.27526815297686247, -0.00214096981712896, 0.6670459580171313, -1.6219309966135274]