[0.17653163740968925, -0.14880379235612917, -0.49394013142464743, 0.00048541063331875023, 0.6438570803057537, 0.1451375329857063]
[0.13303673610964192, -0.1840426740751318, -0.5404638926130515, 0.07468060077960546, 0.6970460723632511, 0.18270171548983916]
[0.0895418348095946, -0.21928155579413447, -0.5869876538014556, 0.14887579092589218, 0.7502350644207484, 0.22026589799397198]
[0.04604693350954728, -0.25452043751313713, -0.6335114149898595, 0.22307098107217888, 0.8034240564782458, 0.2578300804981048]
[0.002552032209499955, -0.28975931923213977, -0.6800351761782636, 0.2972661712184656, 0.856613048535743, 0.29539426300223764]
[-0.04094286909054737, -0.3249982009511424, -0.7265589373666677, 0.37146136136475233, 0.9098020405932404, 0.3329584455063705]
[-0.08443777039059469, -0.3602370826701451, -0.7730826985550716, 0.445656551511039, 0.9629910326507378, 0.3705226280105033]
[-0.12793267169064204, -0.3954759643891477, -0.8196064597434757, 0.5198517416573257, 1.016180024708235, 0.40808681051463613]
[-0.17142757299068934, -0.43071484610815036, -0.8661302209318797, 0.5940469318036125, 1.0693690167657324, 0.445650993018769]
[-0.21492247429073663, -0.465953727827153, -0.9126539821202838, 0.6682421219498992, 1.1225580088232299, 0.48321517552290183]
[-0.258417375590784, -0.5011926095461556, -0.9591777433086879, 0.7424373120961859, 1.1757470008807271, 0.5207793580270347]
[-0.30191227689083133, -0.5364314912651583, -1.0057015044970918, 0.8166325022424726, 1.2289359929382244, 0.5583435405311674]
[-0.3454071781908786, -0.571670372984161, -1.0522252656854958, 0.8908276923887593, 1.282124984995722, 0.5959077230353003]
[-0.3889020794909259, -0.6069092547031636, -1.0987490268739, 0.965022882535046, 1.3353139770532192, 0.6334719055394331]
[-0.43239698079097333, -0.6421481364221663, -1.145272788062304, 1.0392180726813327, 1.3885029691107165, 0.671036088043566]
[-0.4758918820910206, -0.6773870181411689, -1.191796549250708, 1.1134132628276194, 1.441691961168214, 0.7086002705476988]
[-0.5193867833910679, -0.7126258998601716, -1.238320310439112, 1.1876084529739062, 1.4948809532257112, 0.7461644530518317]
[-0.5807377044387445, -0.6938024175238914, -1.204696713046645, 1.1398948123427128, 1.4608101808264906, 0.6344826682413356]
[-0.6420886254864211, -0.6749789351876112, -1.171073115654178, 1.0921811717115193, 1.4267394084272702, 0.5228008834308395]
[-0.7034395465340977, -0.656155452851331, -1.137449518261711, 1.044467531080326, 1.3926686360280498, 0.4111190986203435]
[-0.7647904675817743, -0.6373319705150507, -1.103825920869244, 0.9967538904491327, 1.3585978636288292, 0.29943731380984745]
[-0.8261413886294509, -0.6185084881787706, -1.070202323476777, 0.9490402498179392, 1.3245270912296085, 0.18775552899935144]
[-0.8874923096771274, -0.5996850058424904, -1.03657872608431, 0.9013266091867458, 1.2904563188303881, 0.07607374418885537]
[-0.9488432307248041, -0.5808615235062102, -1.002955128691843, 0.8536129685555525, 1.2563855464311675, -0.0356080406216408]
[-1.0101941517724806, -0.5620380411699301, -0.969331531299376, 0.8058993279243591, 1.222314774031947, -0.14728982543213676]
[-1.0715450728201574, -0.5432145588336499, -0.935707933906909, 0.7581856872931657, 1.1882440016327265, -0.2589716102426327]
[-1.1328959938678338, -0.5243910764973696, -0.9020843365144419, 0.7104720466619723, 1.154173229233506, -0.3706533950531288]
[-1.1942469149155106, -0.5055675941610894, -0.8684607391219749, 0.662758406030779, 1.1201024568342857, -0.48233517986362484]
[-1.255597835963187, -0.48674411182480926, -0.8348371417295078, 0.6150447653995855, 1.086031684435065, -0.5940169646741209]
[-1.3169487570108638, -0.4679206294885291, -0.8012135443370408, 0.5673311247683922, 1.0519609120358444, -0.705698749484617]
[-1.3782996780585404, -0.44909714715224885, -0.7675899469445737, 0.5196174841371988, 1.017890139636624, -0.8173805342951133]
[-1.439650599106217, -0.4302736648159687, -0.7339663495521068, 0.47190384350600545, 0.9838193672374035, -0.9290623191056091]
[-1.5010015201538933, -0.4114501824796885, -0.7003427521596398, 0.424190202874812, 0.949748594838183, -1.0407441039161052]
[-1.5623524412015701, -0.3926267001434083, -0.6667191547671727, 0.3764765622436186, 0.9156778224389625, -1.1524258887266012]
[-1.6237033622492467, -0.3738032178071281, -0.6330955573747058, 0.32876292161242526, 0.8816070500397419, -1.264107673537097]
[-1.6850542832969233, -0.35497973547084793, -0.5994719599822387, 0.28104928098123183, 0.8475362776405214, -1.3757894583475931]
[-1.7464052043446, -0.3361562531345677, -0.5658483625897717, 0.2333356403500384, 0.8134655052413009, -1.4874712431580892]
[-1.8077561253922765, -0.3173327707982876, -0.5322247651973048, 0.18562199971884508, 0.7793947328420804, -1.5991530279685853]
[-1.869107046439953, -0.29850928846200736, -0.49860116780483765, 0.13790835908765176, 0.7453239604428599, -1.7108348127790813]
[-1.9304579674876297, -0.27968580612572713, -0.46497757041237064, 0.09019471845645821, 0.7112531880436394, -1.8225165975895774]
[-1.9918088885353062, -0.260862323789447, -0.43135397301990364, 0.04248107782526489, 0.6771824156444188, -1.9341983824000735]
[-2.053159809582983, -0.24203884145316676, -0.3977303756274367, -0.0052325628059283966, 0.6431116432451983, -2.0458801672105693]