[0.09473868531634633, -0.24123888172981545, -0.434429677055606, 0.00040898217624008026, 0.6768542373294295, 0.06356788656828538]
[-0.05610632944262439, -0.3045777978751625, -0.4588651677997377, -0.005310168420345629, 0.638727374077994, 0.03701782439314797]
[-0.2069513442015951, -0.3679167140205095, -0.4833006585438694, -0.011029319016931338, 0.6006005108265584, 0.01046776221801056]
[-0.35779635896056583, -0.4312556301658566, -0.507736149288001, -0.016748469613517045, 0.5624736475751229, -0.016082299957126844]
[-0.5086413737195365, -0.49459454631120364, -0.5321716400321328, -0.022467620210102755, 0.5243467843236873, -0.04263236213226426]
[-0.6442809193629724, -0.4796956215588826, -0.5408117833692833, -0.031665028341907264, 0.5353303061226745, -0.14469406691838532]
[-0.7799204650064082, -0.46479669680656166, -0.5494519267064337, -0.040862436473711766, 0.5463138279216617, -0.2467557717045064]
[-0.915560010649844, -0.44989777205424064, -0.5580920700435841, -0.05005984460551627, 0.5572973497206489, -0.34881747649062744]
[-1.0511995562932799, -0.4349988473019196, -0.5667322133807345, -0.05925725273732078, 0.5682808715196361, -0.45087918127674853]
[-1.1868391019367155, -0.4200999225495986, -0.575372356717885, -0.06845466086912527, 0.5792643933186233, -0.5529408860628696]
[-1.3224786475801515, -0.40520099779727764, -0.5840125000550355, -0.07765206900092977, 0.5902479151176105, -0.6550025908489907]
[-1.4581181932235872, -0.3903020730449566, -0.5926526433921859, -0.08684947713273428, 0.6012314369165978, -0.7570642956351117]
[-1.593757738867023, -0.3754031482926356, -0.6012927867293363, -0.0960468852645388, 0.612214958715585, -0.8591260004212329]
[-1.7293972845104588, -0.36050422354031464, -0.6099329300664867, -0.10524429339634331, 0.6231984805145722, -0.9611877052073539]
[-1.8650368301538947, -0.3456052987879936, -0.6185730734036372, -0.1144417015281478, 0.6341820023135594, -1.0632494099934748]
[-1.8928023905885647, -0.34295908974234707, -0.6206834917950866, -0.09226766841717396, 0.7003202342022191, -1.2503661192140105]
[-1.9205679510232345, -0.34031288069670046, -0.6227939101865361, -0.07009363530620011, 0.7664584660908789, -1.4374828284345464]
[-1.9483335114579046, -0.3376666716510539, -0.6249043285779854, -0.04791960219522627, 0.8325966979795387, -1.6245995376550821]
[-1.9760990718925744, -0.3350204626054073, -0.6270147469694348, -0.02574556908425242, 0.8987349298681985, -1.8117162468756178]
[-2.0038646323272444, -0.33237425355976075, -0.6291251653608843, -0.00357153597327858, 0.9648731617568582, -1.9988329560961535]