[0.1475536379497564, -0.15414019800187795, -0.6822771519956516, 0.0004364520543767014, 0.837333105735877, 0.1164492505336483]
[0.09212494321191489, -0.15548590051202013, -0.6845986203763897, 0.09807663179876099, 0.783308041525118, 0.021796170584697253]
[0.03669624847407339, -0.15683160302216234, -0.686920088757128, 0.19571681154314527, 0.729282977314359, -0.07285690936425379]
[-0.018732446263768104, -0.15817730553230452, -0.6892415571378661, 0.29335699128752957, 0.6752579131036, -0.16750998931320488]
[-0.07416114100160962, -0.15952300804244673, -0.6915630255186043, 0.39099717103191384, 0.6212328488928409, -0.2621630692621559]
[-0.12958983573945115, -0.16086871055258892, -0.6938844938993424, 0.48863735077629816, 0.5672077846820819, -0.35681614921110694]
[-0.1850185304772926, -0.16221441306273113, -0.6962059622800806, 0.5862775305206824, 0.5131827204713229, -0.45146922916005805]
[-0.24044722521513412, -0.1635601155728733, -0.6985274306608187, 0.6839177102650666, 0.4591576562605639, -0.5461223091090089]
[-0.29587591995297563, -0.16490581808301552, -0.7008488990415569, 0.781557890009451, 0.40513259204980484, -0.64077538905796]
[-0.3513046146908171, -0.1662515205931577, -0.703170367422295, 0.8791980697538352, 0.35110752783904586, -0.7354284690069111]
[-0.4067333094286587, -0.1675972231032999, -0.7054918358030332, 0.9768382494982196, 0.2970824636282867, -0.8300815489558622]
[-0.4621620041665001, -0.1689429256134421, -0.7078133041837713, 1.0744784292426037, 0.2430573994175278, -0.9247346289048133]
[-0.5175906989043416, -0.1702886281235843, -0.7101347725645095, 1.1721186089869882, 0.18903233520676876, -1.0193877088537644]
[-0.5730193936421831, -0.1716343306337265, -0.7124562409452476, 1.2697587887313724, 0.1350072709960097, -1.1140407888027153]
[-0.6953721158271747, -0.174482273197914, -0.6918226130268932, 1.2716378358660856, 0.11603578380240506, -1.2350929620015378]
[-0.8177248380121664, -0.17733021576210153, -0.6711889851085387, 1.2735168830007986, 0.09706429660880042, -1.3561451352003606]
[-0.940077560197158, -0.18017815832628906, -0.6505553571901843, 1.2753959301355118, 0.07809280941519578, -1.4771973083991832]
[-1.0302660360059277, -0.18223291799629177, -0.6259635619328043, 1.1989642927693824, 0.10063451930983272, -1.5344163316235098]
[-1.1204545118146974, -0.18428767766629445, -0.6013717666754245, 1.1225326554032529, 0.12317622920446968, -1.5916353548478361]
[-1.210642987623467, -0.18634243733629716, -0.5767799714180445, 1.0461010180371235, 0.14571793909910663, -1.6488543780721627]
[-1.3008314634322367, -0.18839719700629987, -0.5521881761606646, 0.969669380670994, 0.16825964899374357, -1.7060734012964893]
[-1.3910199392410063, -0.19045195667630258, -0.5275963809032846, 0.8932377433048646, 0.1908013588883805, -1.7632924245208157]
[-1.481208415049776, -0.19250671634630526, -0.5030045856459047, 0.8168061059387351, 0.21334306878301745, -1.8205114477451423]
[-1.5713968908585456, -0.19456147601630797, -0.47841279038852474, 0.7403744685726057, 0.23588477867765442, -1.8777304709694689]
[-1.6459993293116189, -0.19622694221249945, -0.4506916285286776, 0.6159851197202096, 0.2832449367057599, -1.8998910253105785]
[-1.7206017677646919, -0.1978924084086909, -0.4229704666688305, 0.49159577086781353, 0.33060509473386546, -1.9220515796516882]
[-1.795204206217765, -0.1995578746048824, -0.39524930480898335, 0.3672064220154174, 0.3779652527619709, -1.9442121339927978]
[-1.8698066446708381, -0.20122334080107387, -0.36752814294913627, 0.24281707316302137, 0.42532541079007646, -1.9663726883339074]
[-1.9444090831239116, -0.20288880699726533, -0.3398069810892891, 0.1184277243106252, 0.4726855688181819, -1.988533242675017]
[-2.0190115215769846, -0.20455427319345681, -0.312085819229442, -0.005961624541770853, 0.5200457268462875, -2.0106937970161267]