[-0.01801946526694742, -0.3721084111130466, -0.4361174644579169, 0.00027407857381600564, 0.8090162197893891, -0.04939185525445566]
[-0.05814180687941148, -0.3575405584576295, -0.550230280207821, 0.02771281795651992, 0.8678636994408145, -0.01636889789755258]
[-0.09826414849187554, -0.3429727058022124, -0.6643430959577251, 0.05515155733922383, 0.9267111790922401, 0.0166540594593505]
[-0.1383864901043396, -0.32840485314679535, -0.7784559117076293, 0.08259029672192775, 0.9855586587436655, 0.0496770168162536]
[-0.17850883171680365, -0.31383700049137825, -0.8925687274575334, 0.11002903610463166, 1.044406138395091, 0.08269997417315667]
[-0.2186311733292677, -0.29926914783596115, -1.0066815432074376, 0.13746777548733558, 1.1032536180465167, 0.11572293153005977]
[-0.25875351494173177, -0.28470129518054405, -1.1207943589573417, 0.1649065148700395, 1.162101097697942, 0.14874588888696286]
[-0.351858720156104, -0.2963743868214367, -1.0736853256293275, 0.15301945579010862, 1.1443658653136033, 0.026832710505371574]
[-0.44496392537047613, -0.30804747846232927, -1.0265762923013133, 0.14113239671017774, 1.1266306329292646, -0.09508046787621971]
[-0.5380691305848483, -0.3197205701032219, -0.979467258973299, 0.1292453376302469, 1.108895400544926, -0.216993646257811]
[-0.6311743357992206, -0.3313936617441145, -0.9323582256452848, 0.11735827855031603, 1.0911601681605874, -0.33890682463940225]
[-0.7242795410135927, -0.34306675338500714, -0.8852491923172705, 0.10547121947038515, 1.0734249357762486, -0.4608200030209937]
[-0.8173847462279649, -0.3547398450258997, -0.8381401589892563, 0.0935841603904543, 1.0556897033919102, -0.5827331814025849]
[-0.910489951442337, -0.36641293666679237, -0.7910311256612421, 0.08169710131052342, 1.0379544710075714, -0.7046463597841762]
[-1.0035951566567092, -0.378086028307685, -0.7439220923332279, 0.06981004223059256, 1.0202192386232327, -0.8265595381657674]
[-1.0967003618710816, -0.3897591199485776, -0.6968130590052135, 0.057922983150661675, 1.002484006238894, -0.948472716547359]
[-1.1898055670854537, -0.40143221158947023, -0.6497040256771993, 0.046035924070730816, 0.9847487738545554, -1.0703858949289502]
[-1.2829107722998256, -0.4131053032303628, -0.6025949923491851, 0.03414886499079994, 0.9670135414702168, -1.1922990733105414]
[-1.3760159775141978, -0.42477839487125546, -0.5554859590211709, 0.022261805910869098, 0.9492783090858781, -1.3142122516921326]
[-1.4691211827285702, -0.43645148651214805, -0.5083769256931566, 0.010374746830938225, 0.9315430767015394, -1.436125430073724]
[-1.5622263879429423, -0.4481245781530407, -0.46126789236514243, -0.0015123122489926512, 0.9138078443172007, -1.5580386084553153]