[-0.030998469849017773, -0.26666170086956953, -0.41173914606884576, 0.00019372720829480272, 0.6794601525523873, -0.06210209896722585]
[-0.05661083474484584, -0.29335285829201485, -0.4376036096141045, -0.08106058550361965, 0.7062386689823913, -0.18433339562881448]
[-0.0822231996406739, -0.3200440157144602, -0.4634680731593632, -0.1623148982155341, 0.7330171854123952, -0.3065646922904031]
[-0.10783556453650196, -0.3467351731369055, -0.48933253670462196, -0.24356921092744857, 0.7597957018423992, -0.4287959889519917]
[-0.13344792943233003, -0.3734263305593508, -0.5151970002498807, -0.324823523639363, 0.7865742182724031, -0.5510272856135804]
[-0.15906029432815808, -0.40011748798179614, -0.5410614637951394, -0.4060778363512775, 0.8133527347024072, -0.673258582275169]
[-0.18467265922398615, -0.42680864540424146, -0.5669259273403982, -0.48733214906319194, 0.840131251132411, -0.7954898789367576]
[-0.21028502411981417, -0.4534998028266868, -0.5927903908856569, -0.5685864617751063, 0.8669097675624151, -0.9177211755983462]
[-0.23589738901564225, -0.4801909602491321, -0.6186548544309156, -0.6498407744870208, 0.8936882839924191, -1.039952472259935]
[-0.2615097539114703, -0.5068821176715774, -0.6445193179761743, -0.7310950871989352, 0.920466800422423, -1.1621837689215235]
[-0.2871221188072984, -0.5335732750940227, -0.6703837815214331, -0.8123493999108498, 0.947245316852427, -1.2844150655831121]
[-0.31273448370312645, -0.5602644325164681, -0.6962482450666918, -0.8936037126227642, 0.9740238332824309, -1.4066463622447007]
[-0.33834684859895453, -0.5869555899389134, -0.7221127086119505, -0.9748580253346787, 1.0008023497124348, -1.5288776589062893]
[-0.36395921349478255, -0.6136467473613587, -0.7479771721572093, -1.056112338046593, 1.0275808661424388, -1.651108955567878]
[-0.5085795735231594, -0.5938778836297988, -0.7349611731100165, -0.9603941248244263, 1.0254730525824385, -1.6782792105472757]
[-0.6531999335515362, -0.5741090198982387, -0.7219451740628239, -0.8646759116022597, 1.0233652390224384, -1.7054494655266736]
[-0.797820293579913, -0.5543401561666788, -0.7089291750156311, -0.768957698380093, 1.021257425462438, -1.7326197205060714]
[-0.9424406536082899, -0.5345712924351187, -0.6959131759684384, -0.6732394851579262, 1.019149611902438, -1.7597899754854691]
[-1.0870610136366667, -0.5148024287035587, -0.6828971769212456, -0.5775212719357594, 1.0170417983424376, -1.7869602304648669]
[-1.2316813736650434, -0.49503356497199874, -0.669881177874053, -0.48180305871359275, 1.0149339847824375, -1.8141304854442648]
[-1.3763017336934205, -0.47526470124043874, -0.6568651788268602, -0.38608484549142597, 1.0128261712224371, -1.8413007404236625]
[-1.520922093721797, -0.4554958375088787, -0.6438491797796675, -0.2903666322692592, 1.010718357662437, -1.8684709954030603]
[-1.6655424537501742, -0.4357269737773187, -0.6308331807324747, -0.1946484190470924, 1.0086105441024367, -1.8956412503824582]
[-1.8101628137785508, -0.4159581100457587, -0.6178171816852821, -0.09893020582492573, 1.0065027305424366, -1.922811505361856]
[-1.9547831738069277, -0.3961892463141987, -0.6048011826380894, -0.003211992602758875, 1.0043949169824362, -1.9499817603412537]