[0.012529428585317248, -0.6766582851935894, -0.19812973552119217, 0.00023091580821343882, 0.8758697161937992, -0.01847430633119984]
[0.02900275707772045, -0.6515756161921116, -0.262453128825488, -0.07963009502514519, 0.830765065598473, -0.08181816094133955]
[0.04547608557012365, -0.6264929471906339, -0.3267765221297838, -0.15949110585850382, 0.7856604150031469, -0.14516201555147926]
[0.06194941406252685, -0.601410278189156, -0.39109991543407957, -0.23935211669186246, 0.7405557644078207, -0.20850587016161895]
[0.07842274255493005, -0.5763276091876783, -0.4554233087383754, -0.3192131275252211, 0.6954511138124946, -0.27184972477175867]
[0.09489607104733326, -0.5512449401862005, -0.5197467020426711, -0.3990741383585798, 0.6503464632171684, -0.33519357938189837]
[0.11136939953973646, -0.5261622711847227, -0.584070095346967, -0.47893514919193836, 0.6052418126218423, -0.39853743399203806]
[0.12784272803213964, -0.501079602183245, -0.6483934886512628, -0.5587961600252971, 0.5601371620265161, -0.4618812886021778]
[0.14431605652454285, -0.47599693318176717, -0.7127168819555586, -0.6386571708586556, 0.51503251143119, -0.5252251432123175]
[0.16078938501694606, -0.4509142641802894, -0.7770402752598544, -0.7185181816920143, 0.4699278608358638, -0.5885689978224572]
[0.028194623592912388, -0.4286199533493722, -0.7650748444885374, -0.6944541435160543, 0.46160702801213677, -0.6943020408406763]
[-0.10440013783112129, -0.40632564251845493, -0.7531094137172203, -0.6703901053400942, 0.4532861951884098, -0.8000350838588953]
[-0.23699489925515488, -0.3840313316875377, -0.7411439829459031, -0.6463260671641343, 0.44496536236468276, -0.9057681268771144]
[-0.36958966067918864, -0.36173702085662046, -0.729178552174586, -0.6222620289881743, 0.4366445295409558, -1.0115011698953333]
[-0.5021844221032222, -0.33944271002570325, -0.717213121403269, -0.5981979908122143, 0.42832369671722875, -1.1172342129135524]
[-0.6347791835272558, -0.317148399194786, -0.7052476906319519, -0.5741339526362542, 0.4200028638935017, -1.2229672559317715]
[-0.7673739449512895, -0.29485408836386884, -0.6932822598606349, -0.5500699144602943, 0.41168203106977475, -1.3287002989499905]
[-0.8999687063753233, -0.2725597775329516, -0.6813168290893177, -0.5260058762843343, 0.4033611982460477, -1.4344333419682096]
[-1.0325634677993567, -0.2502654667020343, -0.6693513983180006, -0.5019418381083742, 0.3950403654223207, -1.5401663849864287]
[-1.1651582292233904, -0.2279711558711171, -0.6573859675466835, -0.4778777999324142, 0.3867195325985937, -1.6458994280046477]
[-1.280894544924169, -0.22225958950307628, -0.6159225606115083, -0.4189234004092184, 0.40222874796274716, -1.7004215038941315]
[-1.3966308606249478, -0.21654802313503546, -0.5744591536763332, -0.3599690008860226, 0.4177379633269006, -1.7549435797836153]
[-1.5123671763257263, -0.2108364567669946, -0.5329957467411579, -0.3010146013628268, 0.4332471786910541, -1.8094656556730988]
[-1.628103492026505, -0.2051248903989538, -0.4915323398059827, -0.24206020183963103, 0.44875639405520756, -1.8639877315625826]
[-1.7438398077272836, -0.19941332403091297, -0.4500689328708075, -0.18310580231643525, 0.464265609419361, -1.9185098074520663]
[-1.8595761234280621, -0.19370175766287212, -0.40860552593563226, -0.12415140279323944, 0.4797748247835145, -1.9730318833415499]
[-1.9753124391288408, -0.1879901912948313, -0.36714211900045707, -0.06519700327004369, 0.49528404014766797, -2.027553959231034]
[-2.0910487548296195, -0.18227862492679048, -0.3256787120652819, -0.006242603746847866, 0.5107932555118214, -2.0820760351205174]