[-0.0826623847639043, -0.9155013019897451, -0.30819222465203744, 6.516690289437577e-05, 1.224996786442576, -0.11369651222006283]
[-0.15999993891043843, -0.8758599060808697, -0.34089130583997834, -0.03746754496699958, 1.1809902795162923, -0.18655708847950822]
[-0.23733749305697255, -0.8362185101719943, -0.37359038702791925, -0.07500025683689354, 1.1369837725900087, -0.2594176647389536]
[-0.3146750472035067, -0.796577114263119, -0.40628946821586015, -0.1125329687067875, 1.092977265663725, -0.332278240998399]
[-0.3920126013500408, -0.7569357183542436, -0.43898854940380105, -0.15006568057668146, 1.0489707587374415, -0.4051388172578444]
[-0.469350155496575, -0.7172943224453681, -0.47168763059174196, -0.18759839244657542, 1.004964251811158, -0.4779993935172898]
[-0.5466877096431091, -0.6776529265364927, -0.5043867117796829, -0.22513110431646938, 0.9609577448848743, -0.5508599697767351]
[-0.6240252637896433, -0.6380115306276173, -0.5370857929676238, -0.26266381618636336, 0.9169512379585907, -0.6237205460361807]
[-0.7013628179361773, -0.5983701347187419, -0.5697848741555647, -0.3001965280562573, 0.8729447310323071, -0.696581122295626]
[-0.7787003720827115, -0.5587287388098665, -0.6024839553435055, -0.3377292399261512, 0.8289382241060235, -0.7694416985550714]
[-0.8560379262292457, -0.519087342900991, -0.6351830365314465, -0.3752619517960452, 0.7849317171797399, -0.8423022748145168]
[-0.9333754803757797, -0.47944594699211573, -0.6678821177193874, -0.41279466366593914, 0.7409252102534563, -0.9151628510739621]
[-1.0107130345223139, -0.4398045510832403, -0.7005811989073283, -0.45032737553583313, 0.6969187033271727, -0.9880234273334075]
[-1.108848418666527, -0.4218720391797815, -0.7046907263496398, -0.40563496280674705, 0.727776193434758, -1.0879261812838417]
[-1.2069838028107405, -0.4039395272763227, -0.7088002537919514, -0.3609425500776609, 0.7586336835423433, -1.187828935234276]
[-1.3051191869549537, -0.3860070153728639, -0.712909781234263, -0.3162501373485748, 0.7894911736499286, -1.2877316891847101]
[-1.4032545710991668, -0.3680745034694051, -0.7170193086765745, -0.2715577246194887, 0.8203486637575139, -1.3876344431351444]
[-1.50138995524338, -0.3501419915659464, -0.7211288361188861, -0.2268653118904026, 0.8512061538650992, -1.4875371970855786]
[-1.5995253393875934, -0.3322094796624876, -0.7252383635611976, -0.18217289916131651, 0.8820636439726846, -1.5874399510360129]
[-1.6976607235318066, -0.3142769677590288, -0.7293478910035092, -0.13748048643223043, 0.9129211340802699, -1.6873427049864471]
[-1.7957961076760198, -0.29634445585557, -0.7334574184458207, -0.09278807370314424, 0.9437786241878552, -1.7872454589368814]
[-1.8939314918202332, -0.2784119439521112, -0.7375669458881323, -0.04809566097405815, 0.9746361142954405, -1.8871482128873154]
[-1.9920668759644464, -0.2604794320486524, -0.7416764733304438, -0.0034032482449720676, 1.0054936044030258, -1.9870509668377496]