[0.20350346390646568, -0.26604933739984826, -0.5826091217588578, 0.0004417276469528275, 0.8497002920912005, 0.17208687839677506]
[0.2416771221877746, -0.28885570181918757, -0.6259318358874817, -0.06163806671930954, 0.8253073158653255, 0.0862471347582942]
[0.2798507804690835, -0.3116620662385269, -0.6692545500161057, -0.12371786108557191, 0.8009143396394505, 0.00040739111981333287]
[0.3180244387503924, -0.33446843065786613, -0.7125772641447295, -0.18579765545183427, 0.7765213634135755, -0.08543235251866754]
[0.3561980970317013, -0.3572747950772055, -0.7558999782733535, -0.24787744981809665, 0.7521283871877005, -0.1712720961571484]
[0.3943717553130102, -0.38008115949654475, -0.7992226924019774, -0.30995724418435905, 0.7277354109618254, -0.2571118397956293]
[0.4325454135943191, -0.40288752391588406, -0.8425454065306013, -0.37203703855062137, 0.7033424347359505, -0.34295158343411014]
[0.47071907187562806, -0.42569388833522337, -0.8858681206592253, -0.43411683291688374, 0.6789494585100754, -0.42879132707259104]
[0.5088927301569369, -0.4485002527545627, -0.9291908347878493, -0.4961966272831461, 0.6545564822842004, -0.5146310707110718]
[0.5470663884382458, -0.471306617173902, -0.9725135489164731, -0.5582764216494085, 0.6301635060583254, -0.6004708143495527]
[0.4045306826833408, -0.4636812874856305, -0.9403110640697945, -0.5235512131240734, 0.6414360870504358, -0.6709806935352018]
[0.26199497692843576, -0.456055957797359, -0.9081085792231158, -0.48882600459873815, 0.652708668042546, -0.7414905727208508]
[0.11945927117353072, -0.4484306281090875, -0.8759060943764372, -0.45410079607340303, 0.6639812490346564, -0.8120004519064998]
[-0.023076434581374317, -0.44080529842081606, -0.8437036095297585, -0.41937558754806786, 0.6752538300267668, -0.8825103310921489]
[-0.16561214033627936, -0.43317996873254455, -0.8115011246830799, -0.3846503790227327, 0.6865264110188771, -0.953020210277798]
[-0.3081478460911844, -0.4255546390442731, -0.7792986398364014, -0.3499251704973976, 0.6977989920109875, -1.023530089463447]
[-0.45068355184608944, -0.4179293093560016, -0.7470961549897227, -0.3151999619720624, 0.7090715730030978, -1.094039968649096]
[-0.5932192576009945, -0.41030397966773013, -0.7148936701430441, -0.28047475344672723, 0.7203441539952081, -1.1645498478347451]
[-0.7357549633558995, -0.4026786499794586, -0.6826911852963654, -0.24574954492139206, 0.7316167349873185, -1.2350597270203942]
[-0.8782906691108046, -0.3950533202911871, -0.6504887004496868, -0.2110243363960569, 0.7428893159794288, -1.3055696062060433]
[-1.0208263748657096, -0.38742799060291566, -0.6182862156030082, -0.17629912787072177, 0.7541618969715391, -1.3760794853916922]
[-1.1633620806206146, -0.37980266091464415, -0.5860837307563296, -0.1415739193453866, 0.7654344779636495, -1.4465893645773413]
[-1.3058977863755197, -0.3721773312263727, -0.5538812459096509, -0.10684871082005143, 0.7767070589557599, -1.5170992437629904]
[-1.4484334921304247, -0.3645520015381012, -0.5216787610629723, -0.07212350229471631, 0.7879796399478702, -1.5876091229486393]
[-1.59096919788533, -0.35692667184982974, -0.48947627621629364, -0.037398293769381086, 0.7992522209399805, -1.6581190021342884]
[-1.7335049036402348, -0.3493013421615582, -0.45727379136961505, -0.0026730852440459804, 0.8105248019320909, -1.7286288813199375]