[0.15572925542643823, 0.09394447575281983, -0.5826093314945764, 0.00016442576284081412, 0.48964269660575255, 0.12460308424831457]
[0.0645692060769767, 0.1290102851088688, -0.649897935222749, 0.011709480533770298, 0.46621817650234765, 0.15512572069215977]
[-0.026590843272484815, 0.16407609446491778, -0.7171865389509215, 0.023254535304699783, 0.44279365639894275, 0.18564835713600497]
[-0.11775089262194632, 0.19914190382096675, -0.784475142679094, 0.034799590075629265, 0.41936913629553785, 0.21617099357985015]
[-0.20891094197140786, 0.23420771317701572, -0.8517637464072667, 0.04634464484655875, 0.39594461619213295, 0.24669363002369538]
[-0.30007099132086934, 0.2692735225330647, -0.9190523501354392, 0.05788969961748823, 0.37252009608872805, 0.27721626646754055]
[-0.4303895957908472, 0.3077161542746424, -0.9966858808633347, 0.07138025986841844, 0.34645464974086493, 0.2900880243278788]
[-0.560708200260825, 0.34615878601622013, -1.07431941159123, 0.08487082011934866, 0.3203892033930018, 0.30295978218821706]
[-0.6910268047308028, 0.3846014177577979, -1.1519529423191255, 0.09836138037027886, 0.29432375704513875, 0.3158315400485553]
[-0.8213454092007807, 0.4230440494993756, -1.229586473047021, 0.11185194062120907, 0.2682583106972756, 0.3287032979088935]
[-0.8879340686590057, 0.3893457989928653, -1.184561600151787, 0.1049930252062531, 0.28880270893681276, 0.19489173950935498]
[-0.9545227281172308, 0.35564754848635505, -1.1395367272565529, 0.09813410979129714, 0.3093471071763499, 0.061080181109816445]
[-1.0211113875754558, 0.3219492979798448, -1.0945118543613188, 0.09127519437634118, 0.32989150541588697, -0.07273137728972218]
[-1.0877000470336808, 0.2882510474733345, -1.0494869814660848, 0.08441627896138522, 0.3504359036554241, -0.20654293568926063]
[-1.154288706491906, 0.25455279696682426, -1.0044621085708505, 0.07755736354642925, 0.37098030189496123, -0.34035449408879925]
[-1.220877365950131, 0.220854546460314, -0.9594372356756165, 0.07069844813147329, 0.39152470013449836, -0.4741660524883379]
[-1.287466025408356, 0.18715629595380376, -0.9144123627803824, 0.06383953271651734, 0.4120690983740355, -0.6079776108878763]
[-1.354054684866581, 0.15345804544729352, -0.8693874898851484, 0.05698061730156137, 0.4326134966135726, -0.7417891692874148]
[-1.420643344324806, 0.1197597949407832, -0.8243626169899143, 0.050121701886605405, 0.45315789485310976, -0.8756007276869535]
[-1.4872320037830313, 0.08606154443427294, -0.7793377440946803, 0.04326278647164944, 0.4737022930926469, -1.009412286086492]
[-1.5538206632412561, 0.05236329392776268, -0.7343128711994461, 0.036403871056693474, 0.494246691332184, -1.1432238444860305]
[-1.6204093226994813, 0.018665043421252414, -0.6892879983042121, 0.029544955641737508, 0.5147910895717211, -1.2770354028855693]
[-1.6869979821577061, -0.015033207085257794, -0.644263125408978, 0.022686040226781556, 0.5353354878112582, -1.4108469612851076]
[-1.7535866416159314, -0.04873145759176806, -0.599238252513744, 0.015827124811825605, 0.5558798860507953, -1.544658519684646]
[-1.8201753010741564, -0.08242970809827832, -0.5542133796185099, 0.00896820939686964, 0.5764242842903324, -1.6784700780841848]
[-1.8867639605323814, -0.11612795860478853, -0.5091885067232758, 0.0021092939819136736, 0.5969686825298696, -1.812281636483723]
[-1.9533526199906066, -0.14982620911129885, -0.46416363382804177, -0.004749621433042289, 0.6175130807694067, -1.9460931948832618]