[0.18078058729941393, -0.6185951668917014, -0.2716735508102497, 0.0003740933265090618, 0.8913049377498883, 0.1495541807787264]
[0.08849794786070903, -0.6641666745322627, -0.2948753550396825, -0.02801098257073426, 0.848654588182857, 0.1239808590814404]
[-0.00378469157799588, -0.7097381821728241, -0.31807715926911534, -0.05639605846797758, 0.8060042386158257, 0.09840753738415439]
[-0.09606733101670079, -0.7553096898133855, -0.34127896349854814, -0.0847811343652209, 0.7633538890487944, 0.07283421568686838]
[-0.23387330246084811, -0.7559492054391875, -0.34289928061880276, -0.09156722434884772, 0.7400478520532345, -0.047408022213457315]
[-0.37167927390499544, -0.7565887210649895, -0.3445195977390574, -0.09835331433247453, 0.7167418150576746, -0.167650260113783]
[-0.5094852453491427, -0.7572282366907915, -0.34613991485931206, -0.10513940431610133, 0.6934357780621148, -0.2878924980141087]
[-0.64729121679329, -0.7578677523165936, -0.3477602319795667, -0.11192549429972815, 0.6701297410665549, -0.4081347359144344]
[-0.7850971882374373, -0.7585072679423956, -0.3493805490998213, -0.11871158428335496, 0.646823704070995, -0.5283769738147601]
[-0.9229031596815847, -0.7591467835681976, -0.3510008662200759, -0.12549767426698177, 0.623517667075435, -0.6486192117150857]
[-1.060709131125732, -0.7597862991939996, -0.3526211833403306, -0.13228376425060856, 0.6002116300798752, -0.7688614496154114]
[-1.1985151025698795, -0.7604258148198016, -0.3542415004605852, -0.1390698542342354, 0.5769055930843152, -0.8891036875157372]
[-1.3363210740140268, -0.7610653304456036, -0.35586181758083985, -0.1458559442178622, 0.5535995560887553, -1.0093459254160628]
[-1.474127045458174, -0.7617048460714058, -0.35748213470109447, -0.15264203420148903, 0.5302935190931954, -1.1295881633163884]
[-1.6119330169023214, -0.7623443616972078, -0.35910245182134914, -0.15942812418511582, 0.5069874820976356, -1.249830401216714]
[-1.7497389883464687, -0.7629838773230098, -0.36072276894160377, -0.16621421416874266, 0.48368144510207567, -1.37007263911704]
[-1.887544959790616, -0.7636233929488118, -0.3623430860618584, -0.17300030415236944, 0.4603754081065158, -1.4903148770173655]
[-1.8753401431707086, -0.6845660631724482, -0.32349527220729346, -0.130678018814456, 0.5097653131036306, -1.5758239884391345]
[-1.8631353265508013, -0.6055087333960847, -0.28464745835272853, -0.08835573347654259, 0.5591552181007455, -1.6613330998609035]
[-1.8509305099308941, -0.5264514036197211, -0.24579964449816366, -0.04603344813862917, 0.6085451230978605, -1.7468422112826727]
[-1.8387256933109868, -0.44739407384335755, -0.20695183064359873, -0.003711162800715732, 0.6579350280949753, -1.8323513227044417]