[0.06839324713257433, -0.5091792966341524, -0.5575866665131599, 0.0001489327005126384, 1.0679957258796646, 0.03741626241851659]
[-0.01489181271601124, -0.4838170912431208, -0.6009026063808744, 0.015265321270609963, 1.1153876323048613, -0.04191949291452211]
[-0.09817687256459681, -0.45845488585208916, -0.644218546248589, 0.03038170984070729, 1.1627795387300581, -0.12125524824756082]
[-0.18146193241318237, -0.43309268046105753, -0.6875344861163035, 0.04549809841080461, 1.2101714451552548, -0.2005910035805995]
[-0.26474699226176795, -0.4077304750700259, -0.7308504259840181, 0.06061448698090194, 1.2575633515804514, -0.2799267589136382]
[-0.34803205211035354, -0.3823682696789943, -0.7741663658517327, 0.07573087555099928, 1.3049552580056483, -0.35926251424667693]
[-0.43131711195893907, -0.35700606428796267, -0.8174823057194471, 0.09084726412109659, 1.352347164430845, -0.4385982695797156]
[-0.5146021718075247, -0.331643858896931, -0.8607982455871618, 0.10596365269119393, 1.3997390708560415, -0.5179340249127543]
[-0.5978872316561102, -0.3062816535058994, -0.9041141854548762, 0.12108004126129124, 1.4471309772812382, -0.597269780245793]
[-0.6811722915046958, -0.28091944811486774, -0.9474301253225909, 0.13619642983138858, 1.494522883706435, -0.6766055355788317]
[-0.7644573513532814, -0.2555572427238361, -0.9907460651903055, 0.15131281840148592, 1.541914790131632, -0.7559412909118705]
[-0.847742411201867, -0.23019503733280444, -1.03406200505802, 0.16642920697158325, 1.5893066965568285, -0.8352770462449092]
[-0.9310274710504525, -0.20483283194177287, -1.0773779449257344, 0.18154559554168054, 1.6366986029820252, -0.9146128015779478]
[-1.0143125308990382, -0.17947062655074125, -1.120693884793449, 0.19666198411177788, 1.684090509407222, -0.9939485569109865]
[-1.0975975907476236, -0.15410842115970957, -1.1640098246611637, 0.21177837268187522, 1.7314824158324185, -1.0732843122440252]
[-1.1808826505962093, -0.12874621576867795, -1.2073257645288782, 0.22689476125197255, 1.7788743222576153, -1.152620067577064]
[-1.2641677104447948, -0.10338401037764638, -1.2506417043965925, 0.24201114982206984, 1.826266228682812, -1.2319558229101026]
[-1.3474527702933803, -0.0780218049866147, -1.2939576442643073, 0.2571275383921672, 1.8736581351080086, -1.3112915782431414]
[-1.430737830141966, -0.052659599595583084, -1.3372735841320218, 0.2722439269622645, 1.9210500415332055, -1.39062733357618]
[-1.478112221810791, -0.07017265332254863, -1.2729875978198884, 0.24717816265771, 1.8263178743462531, -1.4411244024896233]
[-1.5254866134796161, -0.08768570704951416, -1.208701611507755, 0.2221123983531555, 1.7315857071593008, -1.4916214714030664]
[-1.572861005148441, -0.10519876077647969, -1.1444156251956215, 0.19704663404860095, 1.6368535399723487, -1.5421185403165094]
[-1.6202353968172662, -0.12271181450344523, -1.080129638883488, 0.17198086974404644, 1.5421213727853964, -1.5926156092299526]
[-1.6676097884860912, -0.14022486823041075, -1.0158436525713546, 0.14691510543949193, 1.4473892055984443, -1.6431126781433958]
[-1.7149841801549162, -0.1577379219573763, -0.9515576662592211, 0.12184934113493742, 1.352657038411492, -1.693609747056839]
[-1.7623585718237411, -0.17525097568434184, -0.8872716799470877, 0.09678357683038288, 1.2579248712245397, -1.7441068159702822]
[-1.8097329634925663, -0.19276402941130738, -0.8229856936349542, 0.07171781252582837, 1.1631927040375873, -1.7946038848837254]
[-1.8571073551613915, -0.21027708313827292, -0.7586997073228208, 0.046652048221273834, 1.068460536850635, -1.8451009537971683]
[-1.9044817468302164, -0.22779013686523844, -0.6944137210106873, 0.02158628391671935, 0.9737283696636829, -1.8955980227106115]
[-1.9518561384990414, -0.24530319059220398, -0.6301277346985539, -0.0034794803878351634, 0.8789962024767306, -1.9460950916240547]