[-0.19477703941397806, -0.49283756150419045, -0.46276937179078903, -0.00023508245891079582, 0.9569539926716759, -0.2256799170598507]
[-0.26556784653619375, -0.47984111317612355, -0.5234791632662731, 0.07274626900323128, 0.9335117120731129, -0.2866889069454726]
[-0.33635865365840945, -0.4668446648480567, -0.5841889547417571, 0.14572762046537335, 0.9100694314745498, -0.34769789683109453]
[-0.40714946078062514, -0.4538482165199898, -0.6448987462172412, 0.21870897192751543, 0.8866271508759868, -0.4087068867167165]
[-0.47794026790284083, -0.44085176819192295, -0.7056085376927252, 0.2916903233896575, 0.8631848702774237, -0.46971587660233843]
[-0.5487310750250565, -0.42785531986385605, -0.7663183291682093, 0.3646716748517996, 0.8397425896788606, -0.5307248664879604]
[-0.6195218821472722, -0.4148588715357892, -0.8270281206436934, 0.43765302631394165, 0.8163003090802976, -0.5917338563735823]
[-0.6903126892694879, -0.4018624232077223, -0.8877379121191773, 0.5106343777760837, 0.7928580284817346, -0.6527428462592042]
[-0.7611034963917036, -0.38886597487965546, -0.9484477035946615, 0.5836157292382258, 0.7694157478831716, -0.7137518361448262]
[-0.8318943035139192, -0.37586952655158856, -1.0091574950701454, 0.6565970807003678, 0.7459734672846084, -0.774760826030448]
[-0.902685110636135, -0.36287307822352166, -1.0698672865456296, 0.72957843216251, 0.7225311866860454, -0.83576981591607]
[-0.9734759177583506, -0.3498766298954548, -1.1305770780211135, 0.802559783624652, 0.6990889060874823, -0.896778805801692]
[-1.0442667248805664, -0.33688018156738797, -1.1912868694965977, 0.8755411350867941, 0.6756466254889193, -0.957787795687314]
[-1.115057532002782, -0.32388373323932107, -1.2519966609720816, 0.9485224865489361, 0.6522043448903563, -1.0187967855729358]
[-1.1797964055229042, -0.3143679041573079, -1.1884698521813692, 0.8691446946025343, 0.656441146694868, -1.091037878909074]
[-1.2445352790430264, -0.30485207507529477, -1.1249430433906569, 0.7897669026561325, 0.6606779484993796, -1.1632789722452124]
[-1.3092741525631486, -0.2953362459932816, -1.0614162345999443, 0.7103891107097307, 0.6649147503038912, -1.2355200655813505]
[-1.3740130260832708, -0.28582041691126847, -0.9978894258092319, 0.6310113187633288, 0.6691515521084029, -1.3077611589174887]
[-1.4387518996033932, -0.2763045878292553, -0.9343626170185195, 0.551633526816927, 0.6733883539129145, -1.380002252253627]
[-1.5034907731235154, -0.26678875874724217, -0.870835808227807, 0.47225573487052525, 0.6776251557174262, -1.4522433455897654]
[-1.5682296466436376, -0.257272929665229, -0.8073089994370946, 0.39287794292412337, 0.6818619575219379, -1.5244844389259036]
[-1.6329685201637598, -0.24775710058321587, -0.7437821906463822, 0.31350015097772166, 0.6860987593264495, -1.5967255322620417]
[-1.6977073936838822, -0.2382412715012027, -0.6802553818556698, 0.23412235903131984, 0.6903355611309612, -1.66896662559818]
[-1.7624462672040044, -0.22872544241918955, -0.6167285730649573, 0.15474456708491802, 0.6945723629354729, -1.7412077189343185]
[-1.8271851407241266, -0.2192096133371764, -0.553201764274245, 0.0753667751385162, 0.6988091647399844, -1.8134488122704564]
[-1.8919240142442488, -0.20969378425516325, -0.48967495548353246, -0.00401101680788564, 0.7030459665444961, -1.8856899056065948]