[0.14941151230820537, -0.14900406196340654, -0.5225377751322151, 0.0003579444610668503, 0.6725970204353882, 0.11795590629680408]
[0.18166555845070564, -0.1834983152412572, -0.6215173597356918, -0.001746843320056697, 0.6836921253398944, 0.0017530258337901533]
[0.21391960459320591, -0.21799256851910787, -0.7204969443391684, -0.003851631101180244, 0.6947872302444006, -0.11444985462922377]
[0.2461736507357062, -0.2524868217969585, -0.8194765289426451, -0.005956418882303792, 0.7058823351489069, -0.23065273509223772]
[0.27842769687820645, -0.2869810750748092, -0.9184561135461218, -0.008061206663427339, 0.7169774400534131, -0.34685561555525163]
[0.3106817430207068, -0.32147532835265985, -1.0174356981495984, -0.010165994444550889, 0.7280725449579193, -0.46305849601826565]
[0.34293578916320705, -0.3559695816305105, -1.1164152827530751, -0.012270782225674435, 0.7391676498624256, -0.5792613764812795]
[0.3751898353057074, -0.39046383490836123, -1.215394867356552, -0.014375570006797983, 0.7502627547669318, -0.6954642569442935]
[0.4074438814482076, -0.42495808818621184, -1.3143744519600284, -0.016480357787921528, 0.761357859671438, -0.8116671374073073]
[0.4396979275907079, -0.4594523414640625, -1.4133540365635053, -0.01858514556904508, 0.7724529645759443, -0.9278700178703212]
[0.4719519737332082, -0.49394659474191316, -1.512333621166982, -0.020689933350168627, 0.7835480694804505, -1.0440728983333354]
[0.5042060198757085, -0.5284408480197638, -1.6113132057704587, -0.022794721131292172, 0.7946431743849567, -1.1602757787963491]
[0.5364600660182087, -0.5629351012976145, -1.7102927903739353, -0.02489950891241572, 0.805738279289463, -1.276478659259363]
[0.38323375231616374, -0.5406945334852403, -1.6322923931000866, -0.0234338780410484, 0.8036045389173179, -1.3084862494374507]
[0.2300074386141187, -0.5184539656728662, -1.5542919958262376, -0.021968247169681078, 0.8014707985451727, -1.3404938396155384]
[0.07678112491207367, -0.496213397860492, -1.4762915985523888, -0.02050261629831376, 0.7993370581730276, -1.372501429793626]
[-0.07644518878997131, -0.47397283004811785, -1.3982912012785398, -0.01903698542694644, 0.7972033178008825, -1.4045090199717136]
[-0.2296715024920163, -0.45173226223574375, -1.320290804004691, -0.017571354555579122, 0.7950695774287374, -1.4365166101498013]
[-0.3828978161940614, -0.42949169442336954, -1.242290406730842, -0.0161057236842118, 0.7929358370565922, -1.4685242003278889]
[-0.5361241298961065, -0.40725112661099544, -1.1642900094569932, -0.01464009281284448, 0.7908020966844471, -1.5005317905059767]
[-0.6893504435981513, -0.3850105587986213, -1.0862896121831445, -0.013174461941477159, 0.788668356312302, -1.5325393806840641]
[-0.8425767573001964, -0.3627699909862472, -1.0082892149092955, -0.01170883107010984, 0.786534615940157, -1.564546970862152]
[-0.9958030710022413, -0.340529423173873, -0.9302888176354466, -0.01024320019874252, 0.7844008755680117, -1.5965545610402394]
[-1.1490293847042863, -0.31828885536149887, -0.8522884203615977, -0.008777569327375199, 0.7822671351958667, -1.6285621512183273]
[-1.3022556984063316, -0.29604828754912466, -0.7742880230877487, -0.007311938456007878, 0.7801333948237216, -1.6605697413964149]
[-1.4554820121083765, -0.27380771973675055, -0.6962876258138999, -0.005846307584640557, 0.7779996544515765, -1.6925773315745025]
[-1.6087083258104218, -0.2515671519243764, -0.6182872285400509, -0.004380676713273239, 0.7758659140794313, -1.7245849217525901]
[-1.7619346395124666, -0.22932658411200227, -0.5402868312662021, -0.0029150458419059198, 0.7737321737072862, -1.7565925119306778]