[0.17194919188057511, -0.6638696968742188, -0.09100032995473573, 0.0006576255132078046, 0.7560933812747876, 0.1401313204425474]
[0.1332937790819687, -0.6867208828224167, -0.18308321498854413, 0.0720316413579215, 0.7356523716525678, 0.08812203022296013]
[0.0946383662833623, -0.7095720687706145, -0.27516610002235253, 0.1434056572026352, 0.715211362030348, 0.03611274000337286]
[0.05598295348475589, -0.7324232547188124, -0.36724898505616094, 0.2147796730473489, 0.6947703524081281, -0.01589655021621439]
[0.017327540686149473, -0.7552744406670103, -0.45933187008996934, 0.2861536888920626, 0.6743293427859083, -0.06790584043580167]
[-0.02132787211245693, -0.7781256266152081, -0.5514147551237778, 0.3575277047367763, 0.6538883331636884, -0.11991513065538895]
[-0.059983284911063334, -0.800976812563406, -0.6434976401575861, 0.42890172058149, 0.6334473235414686, -0.17192442087497617]
[-0.09863869770966976, -0.8238279985116039, -0.7355805251913946, 0.5002757364262037, 0.6130063139192488, -0.2239337110945635]
[-0.13729411050827617, -0.8466791844598017, -0.827663410225203, 0.5716497522709174, 0.5925653042970289, -0.2759430013141507]
[-0.17594952330688257, -0.8695303704079996, -0.9197462952590114, 0.6430237681156311, 0.5721242946748091, -0.327952291533738]
[-0.2708176698048469, -0.8315545039068287, -0.890151486892401, 0.6026712147422851, 0.5808802914366479, -0.4129931380652497]
[-0.3656858163028112, -0.7935786374056578, -0.8605566785257905, 0.5623186613689393, 0.5896362881984866, -0.4980339845967613]
[-0.46055396280077554, -0.7556027709044869, -0.8309618701591801, 0.5219661079955933, 0.5983922849603254, -0.583074831128273]
[-0.5554221092987399, -0.717626904403316, -0.8013670617925697, 0.4816135546222474, 0.6071482817221641, -0.6681156776597846]
[-0.6502902557967042, -0.6796510379021451, -0.7717722534259592, 0.44126100124890144, 0.6159042784840029, -0.7531565241912963]
[-0.7451584022946685, -0.6416751714009742, -0.7421774450593488, 0.4009084478755555, 0.6246602752458417, -0.8381973707228079]
[-0.8400265487926328, -0.6036993048998033, -0.7125826366927382, 0.3605558945022096, 0.6334162720076804, -0.9232382172543196]
[-0.9348946952905972, -0.5657234383986324, -0.6829878283261278, 0.32020334112886367, 0.6421722687695192, -1.0082790637858312]
[-1.0297628417885616, -0.5277475718974615, -0.6533930199595174, 0.27985078775551775, 0.650928265531358, -1.093319910317343]
[-1.1246309882865257, -0.48977170539629056, -0.6237982115929069, 0.23949823438217183, 0.6596842622931967, -1.1783607568488546]
[-1.2194991347844901, -0.45179583889511965, -0.5942034032262965, 0.1991456810088259, 0.6684402590550355, -1.2634016033803663]
[-1.3143672812824545, -0.41381997239394874, -0.5646085948596861, 0.15879312763547992, 0.6771962558168743, -1.348442449911878]
[-1.4092354277804189, -0.37584410589277784, -0.5350137864930756, 0.11844057426213406, 0.685952252578713, -1.4334832964433897]
[-1.504103574278383, -0.33786823939160693, -0.5054189781264651, 0.07808802088878808, 0.6947082493405518, -1.5185241429749012]
[-1.5989717207763474, -0.299892372890436, -0.4758241697598547, 0.03773546751544221, 0.7034642461023906, -1.603564989506413]
[-1.6938398672743118, -0.2619165063892651, -0.44622936139324426, -0.002617085857903797, 0.7122202428642292, -1.6886058360379246]