[-0.19410856989943692, -0.7733893026114256, -0.26273374340836053, -7.117281148438792e-05, 1.0374026613986524, -0.22517005185589678]
[-0.25690405054682036, -0.7683395075195938, -0.30716021283335015, 0.07441077517709001, 1.0009155623198636, -0.30558832770245703]
[-0.3196995311942038, -0.763289712427762, -0.3515866822583398, 0.1488927231656644, 0.9644284632410746, -0.38600660354901734]
[-0.38249501184158724, -0.7582399173359302, -0.39601315168332946, 0.2233746711542388, 0.9279413641622857, -0.46642487939557764]
[-0.4452904924889707, -0.7531901222440984, -0.4404396211083191, 0.2978566191428132, 0.8914542650834968, -0.5468431552421379]
[-0.5080859731363541, -0.7481403271522666, -0.48486609053330876, 0.37233856713138763, 0.8549671660047078, -0.6272614310886983]
[-0.5708814537837376, -0.7430905320604348, -0.5292925599582984, 0.446820515119962, 0.8184800669259189, -0.7076797069352585]
[-0.633676934431121, -0.738040736968603, -0.5737190293832881, 0.5213024631085365, 0.78199296784713, -0.7880979827818189]
[-0.6964724150785044, -0.7329909418767712, -0.6181454988082776, 0.5957844110971108, 0.7455058687683411, -0.868516258628379]
[-0.7592678957258878, -0.7279411467849394, -0.6625719682332674, 0.6702663590856852, 0.7090187696895521, -0.9489345344749394]
[-0.8220633763732713, -0.7228913516931076, -0.706998437658257, 0.7447483070742597, 0.6725316706107631, -1.0293528103214997]
[-0.8848588570206547, -0.7178415566012758, -0.7514249070832466, 0.819230255062834, 0.6360445715319742, -1.1097710861680599]
[-0.9476543376680382, -0.712791761509444, -0.7958513765082362, 0.8937122030514084, 0.5995574724531854, -1.1901893620146202]
[-1.0250369358060785, -0.6992533626431262, -0.7692706450019673, 0.8189972204991968, 0.6355121888974086, -1.246935192075549]
[-1.1024195339441187, -0.6857149637768085, -0.7426899134956984, 0.744282237946985, 0.6714669053416318, -1.3036810221364776]
[-1.179802132082159, -0.6721765649104907, -0.7161091819894294, 0.6695672553947734, 0.7074216217858551, -1.3604268521974061]
[-1.2571847302201993, -0.6586381660441729, -0.6895284504831605, 0.5948522728425616, 0.7433763382300782, -1.4171726822583348]
[-1.3345673283582395, -0.6450997671778552, -0.6629477189768915, 0.5201372902903499, 0.7793310546743015, -1.4739185123192635]
[-1.41194992649628, -0.6315613683115374, -0.6363669874706226, 0.44542230773813823, 0.8152857711185247, -1.530664342380192]
[-1.48933252463432, -0.6180229694452196, -0.6097862559643537, 0.37070732518592653, 0.851240487562748, -1.5874101724411207]
[-1.5667151227723606, -0.6044845705789019, -0.5832055244580847, 0.2959923426337149, 0.8871952040069712, -1.6441560025020494]
[-1.6440977209104009, -0.5909461717125841, -0.5566247929518158, 0.22127736008150312, 0.9231499204511944, -1.700901832562978]
[-1.7214803190484411, -0.5774077728462663, -0.5300440614455468, 0.14656237752929147, 0.9591046368954177, -1.7576476626239068]
[-1.7988629171864814, -0.5638693739799486, -0.5034633299392779, 0.07184739497707981, 0.9950593533396408, -1.8143934926848353]
[-1.8762455153245217, -0.5503309751136308, -0.47688259843300895, -0.0028675875751319625, 1.0310140697838641, -1.871139322745764]