[0.1938787211035944, -0.40279180372293055, -0.2202809129827923, 0.0005199496172227924, 0.6241149350655784, 0.1622932789281899]
[0.08924226738086859, -0.44948381385934666, -0.2793538056093391, 0.021719482443558737, 0.668688844362834, 0.17198487859413594]
[-0.015394186341857213, -0.4961758239957627, -0.3384266982358859, 0.04291901526989468, 0.7132627536600898, 0.18167647826008199]
[-0.12003064006458303, -0.5428678341321789, -0.3974995908624327, 0.06411854809623063, 0.7578366629573456, 0.19136807792602803]
[-0.2246670937873088, -0.5895598442685949, -0.4565724834889795, 0.08531808092256657, 0.8024105722546013, 0.20105967759197407]
[-0.32930354751003466, -0.636251854405011, -0.5156453761155263, 0.10651761374890253, 0.846984481551857, 0.21075127725792012]
[-0.43394000123276044, -0.6829438645414271, -0.5747182687420731, 0.12771714657523847, 0.8915583908491128, 0.22044287692386616]
[-0.5412102692225567, -0.6589712225789066, -0.575467156774296, 0.11767835994310341, 0.896794054680705, 0.06318201777761992]
[-0.6484805372123529, -0.6349985806163861, -0.5762160448065189, 0.10763957331096834, 0.9020297185122972, -0.09407884136862632]
[-0.7557508052021491, -0.6110259386538657, -0.5769649328387418, 0.09760078667883328, 0.9072653823438894, -0.2513397005148726]
[-0.8630210731919452, -0.5870532966913453, -0.5777138208709648, 0.0875620000466982, 0.9125010461754816, -0.4086005596611188]
[-0.9702913411817414, -0.5630806547288248, -0.5784627089031876, 0.07752321341456314, 0.9177367100070738, -0.5658614188073652]
[-1.0775616091715376, -0.5391080127663044, -0.5792115969354106, 0.06748442678242808, 0.9229723738386659, -0.7231222779536113]
[-1.1848318771613338, -0.515135370803784, -0.5799604849676335, 0.05744564015029302, 0.9282080376702582, -0.8803831370998574]
[-1.29210214515113, -0.4911627288412635, -0.5807093729998565, 0.047406853518157946, 0.9334437015018503, -1.0376439962461037]
[-1.3993724131409262, -0.4671900868787431, -0.5814582610320793, 0.037368066886022885, 0.9386793653334425, -1.1949048553923498]
[-1.5066426811307223, -0.4432174449162226, -0.5822071490643023, 0.027329280253887825, 0.9439150291650347, -1.3521657145385964]
[-1.6139129491205186, -0.41924480295370214, -0.5829560370965252, 0.017290493621752764, 0.9491506929966269, -1.5094265736848425]
[-1.721183217110315, -0.3952721609911817, -0.583704925128748, 0.00725170698961769, 0.9543863568282192, -1.6666874328310888]
[-1.8284534851001109, -0.37129951902866126, -0.584453813160971, -0.002787079642517369, 0.9596220206598113, -1.823948291977335]