[-0.06721682332532986, -0.4405456564747432, -0.501928052333195, 0.00011239677965857453, 0.9436019568262584, -0.09821579366585009]
[-0.1336415750934638, -0.4074778571423451, -0.5533304297767899, 0.020016621857692558, 0.9262085400680519, -0.19180903307412256]
[-0.20006632686159773, -0.37441005780994696, -0.6047328072203848, 0.03992084693572654, 0.9088151233098454, -0.285402272482395]
[-0.26649107862973165, -0.34134225847754884, -0.6561351846639797, 0.059825072013760514, 0.8914217065516389, -0.37899551189066744]
[-0.3329158303978656, -0.3082744591451507, -0.7075375621075746, 0.07972929709179451, 0.8740282897934324, -0.4725887512989399]
[-0.3993405821659995, -0.2752066598127526, -0.7589399395511696, 0.09963352216982847, 0.8566348730352259, -0.5661819907072123]
[-0.46576533393413344, -0.24213886048035452, -0.8103423169947643, 0.11953774724786245, 0.8392414562770194, -0.6597752301154848]
[-0.5321900857022674, -0.20907106114795637, -0.8617446944383593, 0.13944197232589645, 0.8218480395188128, -0.7533684695237572]
[-0.5986148374704013, -0.17600326181555825, -0.9131470718819542, 0.15934619740393044, 0.8044546227606063, -0.8469617089320297]
[-0.6650395892385353, -0.14293546248316014, -0.9645494493255491, 0.1792504224819644, 0.7870612060023998, -0.9405549483403023]
[-0.7314643410066691, -0.10986766315076202, -1.015951826769144, 0.19915464755999837, 0.7696677892441933, -1.0341481877485745]
[-0.7978890927748031, -0.0767998638183639, -1.0673542042127389, 0.21905887263803236, 0.7522743724859868, -1.127741427156847]
[-0.8789084718086007, -0.12510218406665274, -1.0079639334423638, 0.19461399615820757, 0.785216427905692, -1.1717276096495883]
[-0.9599278508423982, -0.17340450431494156, -0.9485736626719885, 0.17016911967838277, 0.8181584833253973, -1.2157137921423296]
[-1.0409472298761957, -0.22170682456323038, -0.8891833919016134, 0.14572424319855798, 0.8511005387451025, -1.2596999746350706]
[-1.1219666089099933, -0.2700091448115192, -0.8297931211312383, 0.12127936671873317, 0.8840425941648077, -1.3036861571278118]
[-1.202985987943791, -0.31831146505980806, -0.7704028503608631, 0.09683449023890835, 0.916984649584513, -1.347672339620553]
[-1.2840053669775884, -0.36661378530809685, -0.711012579590488, 0.07238961375908357, 0.9499267050042182, -1.391658522113294]
[-1.365024746011386, -0.41491610555638575, -0.6516223088201127, 0.04794473727925874, 0.9828687604239233, -1.4356447046060352]
[-1.4460441250451834, -0.46321842580467454, -0.5922320380497377, 0.023499860799433975, 1.0158108158436285, -1.4796308870987764]
[-1.527063504078981, -0.5115207460529634, -0.5328417672793625, -0.000945015680390849, 1.0487528712633338, -1.5236170695915177]