[0.08671081525809221, -0.8953271784891808, -0.2799980819853012, 0.00012986808486648016, 1.1765706153248372, 0.05549036278384811]
[0.09992961439682087, -0.8634757241674662, -0.3399772129530276, -0.049201184102352157, 1.1368587161411225, 0.04682519132805951]
[0.11314841353554952, -0.8316242698457518, -0.39995634392075397, -0.0985322362895708, 1.097146816957408, 0.038160019872270905]
[0.013166886898182337, -0.7987427623910679, -0.41849688910089705, -0.10770533508520524, 1.0704657909922735, -0.06379947499758237]
[-0.08681463973918485, -0.765861254936384, -0.4370374342810402, -0.1168784338808397, 1.043784765027139, -0.16575896986743566]
[-0.18679616637655203, -0.7329797474817001, -0.4555779794611833, -0.12605153267647415, 1.0171037390620046, -0.26771846473728894]
[-0.2867776930139192, -0.7000982400270161, -0.4741185246413264, -0.13522463147210861, 0.99042271309687, -0.3696779596071422]
[-0.38675921965128646, -0.6672167325723323, -0.4926590698214695, -0.14439773026774305, 0.9637416871317355, -0.47163745447699557]
[-0.4867407462886536, -0.6343352251176484, -0.5111996150016126, -0.1535708290633775, 0.937060661166601, -0.5735969493468488]
[-0.5867222729260207, -0.6014537176629645, -0.5297401601817557, -0.16274392785901196, 0.9103796352014666, -0.675556444216702]
[-0.686703799563388, -0.5685722102082806, -0.5482807053618988, -0.17191702665464642, 0.8836986092363321, -0.7775159390865554]
[-0.7866853262007552, -0.5356907027535968, -0.5668212505420419, -0.18109012545028086, 0.8570175832711976, -0.8794754339564086]
[-0.8866668528381224, -0.5028091952989129, -0.585361795722185, -0.1902632242459153, 0.8303365573060631, -0.981434928826262]
[-0.9866483794754896, -0.469927687844229, -0.6039023409023281, -0.19943632304154976, 0.8036555313409286, -1.083394423696115]
[-1.0866299061128566, -0.43704618038954507, -0.6224428860824713, -0.20860942183718423, 0.7769745053757942, -1.1853539185659685]
[-1.1866114327502237, -0.4041646729348612, -0.6409834312626144, -0.21778252063281867, 0.7502934794106597, -1.2873134134358217]
[-1.274179811363711, -0.4121624302268852, -0.5937585586895588, -0.17443599852593974, 0.7708814317298692, -1.3540893728649812]
[-1.3617481899771984, -0.42016018751890916, -0.5465336861165033, -0.13108947641906082, 0.7914693840490787, -1.4208653322941407]
[-1.4493165685906857, -0.42815794481093317, -0.4993088135434478, -0.08774295431218193, 0.8120573363682881, -1.4876412917233004]
[-1.536884947204173, -0.4361557021029571, -0.45208394097039223, -0.04439643220530298, 0.8326452886874977, -1.5544172511524599]
[-1.6244533258176603, -0.44415345939498113, -0.4048590683973367, -0.0010499100984240764, 0.8532332410067072, -1.6211932105816194]