[-0.007753147359776946, -0.3009043794777675, -0.4046333091299079, 0.00012539188442595162, 0.706637222197001, -0.039009440246902116]
[-0.038978990960147994, -0.34677484677235815, -0.4654943874551756, 0.03718325970692351, 0.6619699604898028, -0.11388072618166914]
[-0.07020483456051904, -0.3926453140669488, -0.5263554657804432, 0.07424112752942107, 0.6173026987826048, -0.18875201211643616]
[-0.10143067816089008, -0.43851578136153946, -0.5872165441057109, 0.11129899535191862, 0.5726354370754067, -0.26362329805120316]
[-0.13265652176126114, -0.4843862486561301, -0.6480776224309787, 0.14835686317441618, 0.5279681753682086, -0.3384945839859702]
[-0.16388236536163217, -0.5302567159507208, -0.7089387007562463, 0.18541473099691372, 0.48330091366101047, -0.4133658699207372]
[-0.1951082089620032, -0.5761271832453114, -0.769799779081514, 0.22247259881941128, 0.4386336519538124, -0.4882371558555042]
[-0.22633405256237427, -0.6219976505399021, -0.8306608574067816, 0.2595304666419088, 0.3939663902466143, -0.5631084417902712]
[-0.2575598961627453, -0.6678681178344927, -0.8915219357320494, 0.2965883344644064, 0.34929912853941614, -0.6379797277250383]
[-0.2887857397631164, -0.7137385851290834, -0.9523830140573171, 0.333646202286904, 0.30463186683221805, -0.7128510136598053]
[-0.3200115833634874, -0.759609052423674, -1.0132440923825847, 0.3707040701094015, 0.25996460512501995, -0.7877222995945723]
[-0.35123742696385846, -0.8054795197182647, -1.0741051707078524, 0.4077619379318991, 0.21529734341782186, -0.8625935855293393]
[-0.4549470983957974, -0.7790308794710935, -1.038860543817106, 0.3820566471695909, 0.2578286293384301, -0.9340188653484425]
[-0.5586567698277363, -0.7525822392239223, -1.0036159169263597, 0.35635135640728277, 0.3003599152590384, -1.0054441451675455]
[-0.6623664412596753, -0.7261335989767511, -0.9683712900356132, 0.3306460656449746, 0.3428912011796466, -1.0768694249866486]
[-0.7660761126916141, -0.6996849587295799, -0.9331266631448667, 0.30494077488266647, 0.38542248710025484, -1.148294704805752]
[-0.869785784123553, -0.6732363184824087, -0.8978820362541203, 0.27923548412035837, 0.42795377302086307, -1.219719984624855]
[-0.973495455555492, -0.6467876782352375, -0.862637409363374, 0.25353019335805016, 0.47048505894147136, -1.291145264443958]
[-1.077205126987431, -0.6203390379880663, -0.8273927824726275, 0.22782490259574203, 0.5130163448620796, -1.3625705442630611]
[-1.1809147984193697, -0.5938903977408951, -0.7921481555818811, 0.20211961183343388, 0.5555476307826879, -1.4339958240821642]
[-1.2846244698513087, -0.5674417574937239, -0.7569035286911348, 0.17641432107112573, 0.598078916703296, -1.5054211039012673]
[-1.3883341412832477, -0.5409931172465527, -0.7216589018003883, 0.1507090303088176, 0.6406102026239042, -1.5768463837203706]
[-1.4920438127151867, -0.5145444769993814, -0.6864142749096419, 0.12500373954650945, 0.6831414885445126, -1.6482716635394739]
[-1.5957534841471255, -0.4880958367522103, -0.6511696480188955, 0.0992984487842013, 0.7256727744651208, -1.719696943358577]
[-1.6994631555790645, -0.4616471965050391, -0.6159250211281491, 0.07359315802189315, 0.768204060385729, -1.79112222317768]
[-1.8031728270110035, -0.4351985562578679, -0.5806803942374027, 0.04788786725958499, 0.8107353463063374, -1.862547502996783]
[-1.9068824984429422, -0.4087499160106967, -0.5454357673466562, 0.02218257649727684, 0.8532666322269455, -1.9339727828158861]
[-2.010592169874881, -0.3823012757635255, -0.5101911404559099, -0.0035227142650312853, 0.8957979181475537, -2.005398062634989]