[0.0503639519755934, -0.3635259279677028, -0.17234208201547663, 0.00036134721875491493, 0.5369316676590277, 0.01911453482107195]
[0.03107551292581277, -0.34038260787182817, -0.2448753244120146, -0.0111672873331913, 0.509716579669794, -0.12402615038777351]
[0.011787073876032138, -0.31723928777595356, -0.31740856680855256, -0.022695921885137516, 0.4825014916805602, -0.26716683559661897]
[-0.007501365173748498, -0.29409596768007895, -0.38994180920509053, -0.034224556437083734, 0.4552864036913265, -0.41030752080546445]
[-0.026789804223529126, -0.27095264758420434, -0.4624750516016285, -0.04575319098902995, 0.4280713157020928, -0.5534482060143099]
[-0.04607824327330977, -0.2478093274883298, -0.5350082939981664, -0.05728182554097616, 0.40085622771285906, -0.6965888912231554]
[-0.0653666823230904, -0.22466600739245518, -0.6075415363947044, -0.06881046009292238, 0.37364113972362534, -0.8397295764320009]
[-0.08465512137287101, -0.20152268729658057, -0.6800747787912423, -0.08033909464486857, 0.34642605173439167, -0.9828702616408462]
[-0.10394356042265165, -0.17837936720070596, -0.7526080211877804, -0.09186772919681481, 0.3192109637451579, -1.1260109468496917]
[-0.12323199947243227, -0.15523604710483138, -0.8251412635843183, -0.10339636374876102, 0.29199587575592423, -1.269151632058537]
[-0.14252043852221294, -0.13209272700895677, -0.8976745059808563, -0.11492499830070724, 0.26478078776669045, -1.4122923172673827]
[-0.16180887757199355, -0.10894940691308219, -0.9702077483773942, -0.12645363285265343, 0.23756569977745678, -1.555433002476228]
[-0.1810973166217742, -0.08580608681720758, -1.0427409907739322, -0.13798226740459968, 0.21035061178822306, -1.6985736876850737]
[-0.2003857556715548, -0.06266276672133297, -1.1152742331704701, -0.14951090195654587, 0.18313552379898934, -1.841714372893919]
[-0.3275564257207057, -0.08902875755669386, -1.0544499137342287, -0.1390802637792215, 0.2203312938076258, -1.8505848037520225]
[-0.4547270957698566, -0.11539474839205474, -0.993625594297987, -0.12864962560189713, 0.2575270638162623, -1.859455234610126]
[-0.5818977658190074, -0.1417607392274156, -0.9328012748617455, -0.11821898742457276, 0.2947228338248987, -1.8683256654682296]
[-0.7090684358681584, -0.1681267300627765, -0.8719769554255039, -0.1077883492472484, 0.3319186038335352, -1.8771960963263332]
[-0.8362391059173092, -0.1944927208981374, -0.8111526359892623, -0.09735771106992402, 0.36911437384217166, -1.8860665271844368]
[-0.9634097759664602, -0.22085871173349828, -0.7503283165530208, -0.08692707289259967, 0.4063101438508081, -1.8949369580425404]
[-1.0905804460156112, -0.24722470256885914, -0.6895039971167792, -0.0764964347152753, 0.4435059138594446, -1.903807388900644]
[-1.217751116064762, -0.27359069340422004, -0.6286796776805377, -0.06606579653795093, 0.48070168386808104, -1.9126778197587475]
[-1.3595329970458065, -0.3045828593718331, -0.5560506680917507, -0.053671352838015635, 0.5241139537564312, -1.9142326467178374]
[-1.501314878026851, -0.33557502533944616, -0.4834216585029637, -0.04127690913808034, 0.5675262236447813, -1.9157874736769271]
[-1.6430967590078955, -0.3665671913070592, -0.4107926489141768, -0.028882465438145044, 0.6109384935331316, -1.917342300636017]
[-1.78487863998894, -0.3975593572746723, -0.3381636393253898, -0.016488021738209742, 0.6543507634214818, -1.9188971275951068]
[-1.9266605209699845, -0.42855152324228535, -0.26553462973660286, -0.004093578038274446, 0.6977630333098319, -1.9204519545541967]