[0.14290563530795364, -0.4199020339903017, -0.546018729688063, -0.00018454596361028308, 0.9670970033640272, 0.11201169667805377]
[0.04362647802856891, -0.3882643498536004, -0.5863068016452113, -0.0031364401832886654, 0.9343836227712636, 0.0236623998798033]
[-0.05565267925081582, -0.35662666571689916, -0.6265948736023597, -0.006088334402967048, 0.9016702421785002, -0.06468689691844717]
[-0.15493183653020054, -0.3249889815801979, -0.666882945559508, -0.00904022862264543, 0.8689568615857367, -0.1530361937166977]
[-0.2542109938095853, -0.29335129744349664, -0.7071710175166563, -0.011992122842323812, 0.8362434809929732, -0.24138549051494812]
[-0.35349015108897, -0.2617136133067954, -0.7474590894738046, -0.014944017062002194, 0.8035301004002098, -0.3297347873131986]
[-0.4527693083683547, -0.2300759291700941, -0.7877471614309529, -0.01789591128168058, 0.7708167198074463, -0.41808408411144915]
[-0.5520484656477395, -0.19843824503339283, -0.8280352333881013, -0.02084780550135896, 0.7381033392146827, -0.5064333809096996]
[-0.6513276229271242, -0.1668005608966916, -0.8683233053452496, -0.02379969972103734, 0.7053899586219192, -0.59478267770795]
[-0.750606780206509, -0.13516287675999034, -0.9086113773023978, -0.02675159394071572, 0.6726765780291558, -0.6831319745062004]
[-0.8498859374858936, -0.10352519262328908, -0.9488994492595462, -0.029703488160394104, 0.6399631974363923, -0.771481271304451]
[-0.9491650947652783, -0.07188750848658781, -0.9891875212166945, -0.032655382380072484, 0.6072498168436289, -0.8598305681027014]
[-1.048444252044663, -0.0402498243498865, -1.0294755931738429, -0.035607276599750874, 0.5745364362508654, -0.9481798649009521]
[-1.1477234093240478, -0.008612140213185238, -1.0697636651309912, -0.03855917081942925, 0.5418230556581018, -1.0365291616992025]
[-1.2470025666034326, 0.023025543923516023, -1.1100517370881395, -0.041511065039107634, 0.5091096750653383, -1.124878458497453]
[-1.3462817238828173, 0.05466322806021729, -1.1503398090452879, -0.04446295925878602, 0.47639629447257487, -1.2132277552957034]
[-1.4014801559385843, 0.01512981722968304, -1.0592359882118023, -0.03930844479816791, 0.5027795693391024, -1.2843318091977345]
[-1.4566785879943516, -0.02440359360085121, -0.9681321673783168, -0.03415393033754981, 0.5291628442056299, -1.3554358630997654]
[-1.5118770200501186, -0.06393700443138547, -0.8770283465448313, -0.02899941587693171, 0.5555461190721573, -1.4265399170017965]
[-1.5670754521058856, -0.10347041526191972, -0.7859245257113457, -0.023844901416313603, 0.5819293939386849, -1.4976439709038276]
[-1.6222738841616529, -0.14300382609245396, -0.6948207048778602, -0.018690386955695498, 0.6083126688052124, -1.5687480248058585]
[-1.6774723162174199, -0.18253723692298823, -0.6037168840443747, -0.013535872495077397, 0.6346959436717399, -1.6398520787078896]
[-1.7326707482731871, -0.22207064775352248, -0.5126130632108892, -0.008381358034459295, 0.6610792185382675, -1.7109561326099207]
[-1.7878691803289541, -0.2616040585840567, -0.42150924237740367, -0.003226843573841187, 0.6874624934047949, -1.7820601865119516]