[-0.067191977622854, -0.8178715497140692, -0.15052023128478975, 7.384680189836956e-05, 0.9695960120867388, -0.09835103050165817]
[-0.12536720610774757, -0.7604851546949571, -0.24651711048694103, 0.04013615908084429, 0.9926082976977384, -0.11689934086524037]
[-0.18354243459264113, -0.7030987596758451, -0.3425139896890923, 0.0801984713597902, 1.015620583308738, -0.13544765122882257]
[-0.2417176630775347, -0.645712364656733, -0.4385108688912435, 0.12026078363873613, 1.0386328689197375, -0.15399596159240475]
[-0.29989289156242827, -0.588325969637621, -0.5345077480933949, 0.16032309591768204, 1.061645154530737, -0.17254427195598698]
[-0.3580681200473218, -0.5309395746185089, -0.6305046272955461, 0.20038540819662795, 1.0846574401417368, -0.19109258231956916]
[-0.4162433485322154, -0.47355317959939686, -0.7265015064976973, 0.2404477204755739, 1.1076697257527364, -0.20964089268315136]
[-0.474418577017109, -0.4161667845802848, -0.8224983856998486, 0.2805100327545198, 1.130682011363736, -0.22818920304673357]
[-0.5325938055020025, -0.35878038956117275, -0.9184952649019998, 0.3205723450334657, 1.1536942969747355, -0.24673751341031577]
[-0.6236032040921903, -0.36634103647950456, -0.8783441026081608, 0.29572820151127355, 1.1309220004850582, -0.35935455526930776]
[-0.7146126026823781, -0.37390168339783636, -0.8381929403143217, 0.27088405798908133, 1.1081497039953812, -0.4719715971282997]
[-0.8056220012725659, -0.38146233031616816, -0.7980417780204826, 0.24603991446688916, 1.0853774075057039, -0.5845886389872917]
[-0.8966313998627538, -0.3890229772345, -0.7578906157266436, 0.221195770944697, 1.0626051110160266, -0.6972056808462838]
[-0.9876407984529415, -0.3965836241528318, -0.7177394534328045, 0.19635162742250484, 1.0398328145263493, -0.8098227227052758]
[-1.0786501970431295, -0.40414427107116363, -0.6775882911389655, 0.17150748390031265, 1.0170605180366723, -0.9224397645642677]
[-1.1696595956333171, -0.41170491798949543, -0.6374371288451264, 0.14666334037812048, 0.994288221546995, -1.0350568064232597]
[-1.2606689942235048, -0.41926556490782724, -0.5972859665512873, 0.12181919685592829, 0.9715159250573178, -1.1476738482822517]
[-1.3516783928136926, -0.42682621182615904, -0.5571348042574482, 0.09697505333373613, 0.9487436285676406, -1.2602908901412437]
[-1.4426877914038805, -0.4343868587444909, -0.5169836419636091, 0.07213090981154394, 0.9259713320779633, -1.3729079320002358]
[-1.5336971899940683, -0.4419475056628227, -0.4768324796697701, 0.0472867662893518, 0.9031990355882862, -1.4855249738592275]
[-1.6247065885842562, -0.4495081525811545, -0.436681317375931, 0.02244262276715958, 0.8804267390986089, -1.5981420157182196]
[-1.7157159871744438, -0.4570687994994863, -0.39653015508209205, -0.0024015207550325945, 0.8576544426089318, -1.7107590575772116]