[0.06730168772863276, -0.667398337929006, -0.09663622367877167, 0.0001882636542154259, 0.7648073662570649, 0.0360312881594993]
[-0.00010287637111532077, -0.625129729703404, -0.13106841032517946, 0.05630993689138167, 0.8336205493769754, 0.008949400828161345]
[-0.0675074404708634, -0.5828611214778019, -0.16550059697158725, 0.11243161012854791, 0.9024337324968859, -0.018132486503176608]
[-0.1349120045706115, -0.5405925132521998, -0.19993278361799505, 0.16855328336571412, 0.9712469156167963, -0.04521437383451456]
[-0.20231656867035958, -0.4983239050265978, -0.2343649702644028, 0.2246749566028804, 1.0400600987367068, -0.07229626116585251]
[-0.2697211327701077, -0.45605529680099577, -0.26879715691081063, 0.2807966298400466, 1.1088732818566172, -0.09937814849719045]
[-0.3371256968698558, -0.4137866885753937, -0.3032293435572184, 0.3369183030772128, 1.1776864649765277, -0.1264600358285284]
[-0.4045302609696038, -0.3715180803497916, -0.33766153020362616, 0.39303997631437904, 1.246499648096438, -0.15354192315986634]
[-0.4719348250693519, -0.32924947212418954, -0.37209371685003395, 0.44916164955154536, 1.3153128312163487, -0.18062381049120432]
[-0.5393393891691001, -0.2869808638985875, -0.40652590349644174, 0.5052833227887116, 1.384126014336259, -0.20770569782254225]
[-0.6067439532688481, -0.24471225567298543, -0.44095809014284953, 0.5614049960258778, 1.4529391974561696, -0.2347875851538802]
[-0.6741485173685963, -0.20244364744738336, -0.4753902767892573, 0.6175266692630441, 1.5217523805760802, -0.2618694724852182]
[-0.7415530814683443, -0.16017503922178133, -0.5098224634356652, 0.6736483425002102, 1.5905655636959906, -0.2889513598165561]
[-0.8089576455680924, -0.11790643099617926, -0.5442546500820729, 0.7297700157373765, 1.659378746815901, -0.31603324714789405]
[-0.8763622096678404, -0.07563782277057718, -0.5786868367284806, 0.7858916889745426, 1.7281919299358113, -0.343115134479232]
[-0.9437667737675886, -0.0333692145449751, -0.6131190233748884, 0.842013362211709, 1.797005113055722, -0.37019702181056996]
[-1.0111713378673366, 0.008899393680626977, -0.6475512100212962, 0.8981350354488753, 1.8658182961756324, -0.39727890914190794]
[-1.0785759019670846, 0.051168001906228944, -0.681983396667704, 0.9542567086860414, 1.9346314792955428, -0.42436079647324587]
[-1.145980466066833, 0.09343661013183102, -0.7164155833141118, 1.0103783819232077, 2.003444662415453, -0.4514426838045838]
[-1.213385030166581, 0.1357052183574331, -0.7508477699605196, 1.0665000551603738, 2.072257845535364, -0.47852457113592173]
[-1.280789594266329, 0.17797382658303518, -0.7852799566069274, 1.1226217283975402, 2.1410710286552743, -0.5056064584672597]
[-1.3647879043504698, 0.14950969996525837, -0.8194242436842138, 1.0963654043934294, 2.0924623817546593, -0.5319864617457937]
[-1.4487862144346109, 0.12104557334748156, -0.8535685307615004, 1.0701090803893187, 2.0438537348540446, -0.5583664650243275]
[-1.5094379930608475, 0.08810307053437369, -0.8557190566337703, 1.0170077996946938, 1.9738258992018907, -0.6223311679108495]
[-1.5700897716870839, 0.05516056772126582, -0.8578695825060403, 0.963906519000069, 1.9037980635497367, -0.6862958707973716]
[-1.6307415503133205, 0.022218064908157947, -0.8600201083783102, 0.910805238305444, 1.8337702278975827, -0.7502605736838937]
[-1.691393328939557, -0.010724437904949924, -0.8621706342505802, 0.8577039576108192, 1.7637423922454287, -0.8142252765704157]
[-1.7520451075657937, -0.04366694071805782, -0.8643211601228502, 0.8046026769161942, 1.693714556593275, -0.8781899794569378]
[-1.8126968861920303, -0.07660944353116567, -0.8664716859951201, 0.7515013962215693, 1.623686720941121, -0.9421546823434598]
[-1.8733486648182667, -0.10955194634427357, -0.8686222118673901, 0.6984001155269444, 1.553658885288967, -1.006119385229982]
[-1.9340004434445033, -0.1424944491573814, -0.87077273773966, 0.6452988348323195, 1.483631049636813, -1.070084088116504]
[-1.9946522220707399, -0.1754369519704893, -0.87292326361193, 0.5921975541376946, 1.413603213984659, -1.134048791003026]
[-1.9874972389469039, -0.19780749788796448, -0.8248908982503957, 0.5260056575257803, 1.3477706540270629, -1.221898824690177]
[-1.9803422558230677, -0.22017804380543965, -0.7768585328888616, 0.45981376091386594, 1.2819380940694667, -1.309748858377328]
[-1.9731872726992317, -0.24254858972291482, -0.7288261675273274, 0.3936218643019516, 1.2161055341118705, -1.397598892064479]
[-1.9660322895753957, -0.26491913564039, -0.6807938021657933, 0.3274299676900373, 1.1502729741542743, -1.4854489257516301]
[-1.9588773064515594, -0.28728968155786516, -0.6327614368042591, 0.2612380710781229, 1.084440414196678, -1.5732989594387814]
[-1.9517223233277234, -0.30966022747534033, -0.5847290714427249, 0.19504617446620864, 1.0186078542390817, -1.6611489931259324]
[-1.9445673402038874, -0.3320307733928155, -0.5366967060811907, 0.12885427785429426, 0.9527752942814856, -1.7489990268130835]
[-1.9374123570800512, -0.3544013193102907, -0.4886643407196566, 0.06266238124238, 0.8869427343238894, -1.8368490605002346]
[-1.9302573739562152, -0.37677186522776585, -0.4406319753581224, -0.0035295153695344018, 0.8211101743662931, -1.9246990941873856]