[-0.10353129282614759, -0.12350270431779542, -0.36522471235711773, 4.1538023128673274e-05, 0.48981978661398884, -0.13463360551360193]
[-0.11845523061406638, -0.07338364517938725, -0.47116571546069774, 0.028860663313137382, 0.489879103233526, -0.037237526802888554]
[-0.13337916840198516, -0.023264586040979085, -0.5771067185642778, 0.05767978860314609, 0.4899384198530632, 0.06015855190782482]
[-0.14830310618990394, 0.026854473097429055, -0.6830477216678579, 0.0864989138931548, 0.48999773647260036, 0.15755463061853814]
[-0.16322704397782276, 0.07697353223583725, -0.7889887247714379, 0.11531803918316351, 0.49005705309213754, 0.25495070932925157]
[-0.17815098176574154, 0.1270925913742454, -0.8949297278750179, 0.1441371644731722, 0.4901163697116747, 0.3523467880399649]
[-0.19307491955366032, 0.17721165051265353, -1.000870730978598, 0.17295628976318092, 0.49017568633121195, 0.4497428667506782]
[-0.2079988573415791, 0.22733070965106167, -1.106811734082178, 0.2017754150531896, 0.4902350029507491, 0.5471389454613915]
[-0.22292279512949792, 0.2774497687894699, -1.212752737185758, 0.23059454034319835, 0.4902943195702863, 0.6445350241721051]
[-0.2378467329174167, 0.32756882792787806, -1.318693740289338, 0.25941366563320706, 0.49035363618982347, 0.7419311028828184]
[-0.2527706707053355, 0.3776878870662862, -1.424634743392918, 0.28823279092321574, 0.49041295280936065, 0.8393271815935317]
[-0.3989592739851614, 0.4025959638860104, -1.448977437340616, 0.29080847003524424, 0.511989084769118, 0.7935639264501965]
[-0.5451478772649874, 0.42750404070573456, -1.4733201312883135, 0.2933841491472728, 0.5335652167288752, 0.7478006713068612]
[-0.6913364805448132, 0.45241211752545873, -1.4976628252360114, 0.2959598282593013, 0.5551413486886325, 0.702037416163526]
[-0.8375250838246391, 0.4773201943451829, -1.5220055191837092, 0.2985355073713298, 0.5767174806483899, 0.6562741610201908]
[-0.9837136871044652, 0.5022282711649071, -1.546348213131407, 0.3011111864833583, 0.5982936126081472, 0.6105109058768554]
[-1.129902290384291, 0.5271363479846313, -1.5706909070791046, 0.3036868655953868, 0.6198697445679044, 0.5647476507335203]
[-1.2760908936641169, 0.5520444248043554, -1.5950336010268025, 0.3062625447074153, 0.6414458765276618, 0.5189843955901849]
[-1.2972874404598016, 0.49878360059641746, -1.531609013687535, 0.2881297772021234, 0.6551471135612943, 0.39246430065352655]
[-1.3184839872554865, 0.44552277638847954, -1.4681844263482677, 0.26999700969683144, 0.6688483505949269, 0.2659442057168682]
[-1.3396805340511713, 0.39226195218054155, -1.4047598390090001, 0.25186424219153947, 0.6825495876285593, 0.13942411078020983]
[-1.3608770808468562, 0.3390011279726036, -1.3413352516697328, 0.23373147468624755, 0.6962508246621918, 0.012904015843551497]
[-1.382073627642541, 0.28574030376466564, -1.2779106643304654, 0.2155987071809556, 0.7099520616958244, -0.11361607909310689]
[-1.4032701744382257, 0.23247947955672765, -1.2144860769911978, 0.19746593967566367, 0.7236532987294568, -0.24013617402976528]
[-1.4244667212339106, 0.17921865534878978, -1.1510614896519304, 0.17933317217037176, 0.7373545357630893, -0.36665626896642356]
[-1.4456632680295953, 0.1259578311408518, -1.087636902312663, 0.16120040466507982, 0.7510557727967219, -0.49317636390308195]
[-1.4668598148252803, 0.07269700693291381, -1.0242123149733957, 0.14306763715978785, 0.7647570098303543, -0.6196964588397402]
[-1.488056361620965, 0.019436182724975826, -0.9607877276341282, 0.1249348696544959, 0.7784582468639869, -0.7462165537763987]
[-1.50925290841665, -0.03382464148296216, -0.8973631402948609, 0.10680210214920396, 0.7921594838976194, -0.872736648713057]
[-1.5304494552123347, -0.08708546569090014, -0.8339385529555934, 0.08866933464391202, 0.8058607209312518, -0.9992567436497155]
[-1.5516460020080194, -0.14034628989883802, -0.770513965616326, 0.07053656713862011, 0.8195619579648843, -1.1257768385863736]
[-1.5728425488037043, -0.1936071141067759, -0.7070893782770586, 0.052403799633328196, 0.8332631949985169, -1.252296933523032]
[-1.594039095599389, -0.24686793831471388, -0.6436647909377912, 0.03427103212803623, 0.8469644320321493, -1.3788170284596903]
[-1.6152356423950738, -0.30012876252265186, -0.5802402035985237, 0.016138264622744314, 0.8606656690657819, -1.5053371233963488]
[-1.6364321891907587, -0.3533895867305898, -0.5168156162592563, -0.0019945028825476387, 0.8743669060994144, -1.6318572183330073]