[-0.10696830381493072, -0.2507777933183011, -0.36815014835571613, -0.00022787936352930416, 0.620235908115295, -0.13794713838874095]
[-0.15462146180298716, -0.2865510487977018, -0.36996953435799046, 0.08130432885287256, 0.6809491101364927, -0.18737570973298395]
[-0.2022746197910436, -0.32232430427710257, -0.3717889203602648, 0.16283653706927442, 0.7416623121576905, -0.23680428107722692]
[-0.24992777777910008, -0.35809755975650326, -0.3736083063625391, 0.2443687452856763, 0.8023755141788882, -0.2862328524214699]
[-0.2975809357671565, -0.39387081523590406, -0.3754276923648135, 0.32590095350207815, 0.863088716200086, -0.3356614237657129]
[-0.34523409375521297, -0.42964407071530475, -0.3772470783670878, 0.40743316171848004, 0.9238019182212837, -0.3850899951099559]
[-0.39288725174326944, -0.4654173261947055, -0.37906646436936214, 0.4889653699348819, 0.9845151202424813, -0.4345185664541989]
[-0.4405404097313259, -0.5011905816741062, -0.38088585037163647, 0.5704975781512838, 1.0452283222636791, -0.4839471377984419]
[-0.5251769549452734, -0.5200201683679118, -0.39156661938410753, 0.6126423832012445, 1.0868138913385743, -0.568253007624023]
[-0.6098135001592208, -0.5388497550617173, -0.40224738839657853, 0.6547871882512054, 1.1283994604134697, -0.6525588774496041]
[-0.6944500453731681, -0.5576793417555228, -0.4129281574090496, 0.6969319933011662, 1.169985029488365, -0.736864747275185]
[-0.7790865905871156, -0.5765089284493283, -0.4236089264215206, 0.739076798351127, 1.2115705985632603, -0.8211706171007661]
[-0.8637231358010631, -0.5953385151431339, -0.43428969543399165, 0.7812216034010878, 1.2531561676381555, -0.9054764869263472]
[-0.9483596810150104, -0.6141681018369393, -0.44497046444646265, 0.8233664084510486, 1.294741736713051, -0.9897823567519282]
[-1.032996226228958, -0.6329976885307448, -0.4556512334589337, 0.8655112135010095, 1.3363273057879461, -1.0740882265775094]
[-1.1176327714429055, -0.6518272752245503, -0.4663320024714047, 0.9076560185509703, 1.3779128748628415, -1.1583940964030903]
[-1.202269316656853, -0.6706568619183558, -0.4770127714838758, 0.9498008236009312, 1.4194984439377367, -1.2426999662286713]
[-1.2869058618708002, -0.6894864486121614, -0.48769354049634683, 0.9919456286508919, 1.461084013012632, -1.3270058360542523]
[-1.3715424070847477, -0.7083160353059669, -0.49837430950881784, 1.0340904337008527, 1.5026695820875273, -1.4113117058798335]
[-1.413156978135912, -0.6675074591576649, -0.5119636763169366, 0.9398212354814334, 1.4489164002617518, -1.448873154424623]
[-1.454771549187076, -0.6266988830093628, -0.5255530431250554, 0.8455520372620141, 1.3951632184359766, -1.4864346029694122]
[-1.4963861202382402, -0.5858903068610608, -0.5391424099331741, 0.7512828390425947, 1.341410036610201, -1.5239960515142017]
[-1.5380006912894044, -0.5450817307127588, -0.5527317767412928, 0.6570136408231755, 1.2876568547844256, -1.5615575000589912]
[-1.5796152623405686, -0.5042731545644568, -0.5663211435494115, 0.5627444426037562, 1.2339036729586503, -1.5991189486037805]
[-1.621229833391733, -0.4634645784161548, -0.5799105103575303, 0.46847524438433685, 1.1801504911328748, -1.63668039714857]
[-1.6628444044428972, -0.42265600226785277, -0.593499877165649, 0.3742060461649175, 1.1263973093070994, -1.6742418456933592]
[-1.7044589754940613, -0.38184742611955075, -0.6070892439737677, 0.2799368479454981, 1.072644127481324, -1.7118032942381487]
[-1.7460735465452255, -0.34103884997124867, -0.6206786107818865, 0.18566764972607885, 1.0188909456555486, -1.7493647427829382]
[-1.7876881175963897, -0.3002302738229467, -0.6342679775900052, 0.0913984515066596, 0.9651377638297732, -1.7869261913277275]
[-1.8293026886475539, -0.2594216976746447, -0.6478573443981239, -0.0028707467127598203, 0.9113845820039977, -1.824487639872517]