[0.23005878950637637, -0.30715139514406964, -0.5071036083664895, 0.0001838003197391913, 0.8155241076126085, 0.19916988692002136]
[0.18838843361980526, -0.3306659902297162, -0.5020801344840379, -0.031033182114615004, 0.7602424093952725, 0.05356194098974287]
[0.14671807773323414, -0.3541805853153628, -0.4970566606015863, -0.0622501645489692, 0.7049607111779366, -0.09204600494053561]
[0.10504772184666303, -0.37769518040100936, -0.49203318671913476, -0.0934671469833234, 0.6496790129606007, -0.2376539508708141]
[0.06337736596009191, -0.40120977548665593, -0.4870097128366832, -0.12468412941767759, 0.5943973147432647, -0.38326189680109257]
[0.0217070100735208, -0.42472437057230256, -0.4819862389542316, -0.1559011118520318, 0.5391156165259288, -0.528869842731371]
[-0.019963345813050315, -0.44823896565794913, -0.47696276507178004, -0.18711809428638598, 0.48383391830859285, -0.6744777886616495]
[-0.06163370169962146, -0.47175356074359576, -0.4719392911893285, -0.21833507672074018, 0.4285522200912569, -0.8200857345919281]
[-0.10330405758619254, -0.4952681558292423, -0.46691581730687687, -0.24955205915509437, 0.37327052187392096, -0.9656936805222065]
[-0.14497441347276363, -0.5187827509148889, -0.4618923434244253, -0.2807690415894486, 0.317988823656585, -1.111301626452485]
[-0.18664476935933477, -0.5422973460005355, -0.45686886954197375, -0.31198602402380277, 0.262707125439249, -1.2569095723827635]
[-0.22831512524590586, -0.565811941086182, -0.45184539565952214, -0.34320300645815693, 0.20742542722191315, -1.4025175183130418]
[-0.269985481132477, -0.5893265361718286, -0.4468219217770706, -0.37441998889251116, 0.15214372900457718, -1.5481254642433204]
[-0.3971040844967257, -0.5667661753951678, -0.4623106532634336, -0.3371189547365395, 0.2339119684890081, -1.5470491155187023]
[-0.5242226878609744, -0.5442058146185069, -0.47779938474979666, -0.2998179205805679, 0.31568020797343904, -1.5459727667940841]
[-0.651341291225223, -0.5216454538418461, -0.49328811623615965, -0.2625168864245963, 0.39744844745786995, -1.544896418069466]
[-0.7784598945894717, -0.4990850930651852, -0.5087768477225227, -0.22521585226862464, 0.4792166869423009, -1.5438200693448478]
[-0.9055784979537204, -0.47652473228852443, -0.5242655792088857, -0.18791481811265304, 0.5609849264267318, -1.54274372062023]
[-1.0326971013179689, -0.45396437151186353, -0.5397543106952487, -0.15061378395668143, 0.6427531659111627, -1.5416673718956118]
[-1.1598157046822175, -0.43140401073520274, -0.5552430421816118, -0.11331274980070982, 0.7245214053955936, -1.5405910231709936]
[-1.2869343080464666, -0.40884364995854183, -0.5707317736679748, -0.07601171564473813, 0.8062896448800246, -1.5395146744463755]
[-1.4140529114107152, -0.38628328918188104, -0.5862205051543379, -0.03871068148876655, 0.8880578843644555, -1.5384383257217573]
[-1.5411715147749638, -0.3637229284052202, -0.6017092366407009, -0.0014096473327949092, 0.9698261238488864, -1.5373619769971392]