[0.20808518649681407, -0.3757117464622519, -0.4468886558372853, 0.00047698080326341596, 0.8237873069522426, 0.1766849566106794]
[0.10795463644490283, -0.41677753959308883, -0.48325156336002306, -0.05289026958472001, 0.8372185073055968, 0.13248012424054323]
[0.007824086392991592, -0.4578433327239258, -0.5196144708827608, -0.10625751997270344, 0.850649707658951, 0.08827529187040706]
[-0.09230646365891965, -0.49890912585476277, -0.5559773784054984, -0.15962477036068687, 0.8640809080123053, 0.04407045950027089]
[-0.19243701371083088, -0.5399749189855997, -0.5923402859282362, -0.2129920207486703, 0.8775121083656595, -0.00013437286986528463]
[-0.29256756376274207, -0.5810407121164366, -0.6287031934509739, -0.2663592711366537, 0.8909433087190137, -0.044339205240001456]
[-0.39269811381465336, -0.6221065052472736, -0.6650661009737115, -0.31972652152463715, 0.904374509072368, -0.08854403761013763]
[-0.49282866386656465, -0.6631722983781105, -0.7014290084964493, -0.3730937719126206, 0.9178057094257223, -0.1327488699802738]
[-0.5929592139184758, -0.7042380915089475, -0.737791916019187, -0.426461022300604, 0.9312369097790765, -0.17695370235040997]
[-0.6827730402614838, -0.6602026913319512, -0.7291912259301094, -0.398330805565542, 0.9129010193156355, -0.29404675332384994]
[-0.7725868666044918, -0.6161672911549548, -0.7205905358410317, -0.37020058883048, 0.8945651288521944, -0.4111398042972899]
[-0.8624006929474999, -0.5721318909779585, -0.7119898457519541, -0.3420703720954181, 0.8762292383887534, -0.5282328552707298]
[-0.9522145192905078, -0.5280964908009622, -0.7033891556628765, -0.3139401553603561, 0.8578933479253124, -0.6453259062441699]
[-1.0420283456335158, -0.4840610906239659, -0.6947884655737988, -0.28580993862529414, 0.8395574574618714, -0.7624189572176098]
[-1.131842171976524, -0.44002569044696954, -0.6861877754847212, -0.25767972189023214, 0.8212215669984303, -0.8795120081910498]
[-1.2216559983195316, -0.39599029026997323, -0.6775870853956436, -0.22954950515517014, 0.8028856765349893, -0.9966050591644897]
[-1.3114698246625398, -0.351954890092977, -0.6689863953065659, -0.20141928842010814, 0.7845497860715482, -1.1136981101379297]
[-1.4012836510055475, -0.30791948991598067, -0.6603857052174883, -0.1732890716850462, 0.7662138956081073, -1.2307911611113695]
[-1.4910974773485557, -0.26388408973898436, -0.6517850151284107, -0.1451588549499842, 0.7478780051446663, -1.3478842120848096]
[-1.5809113036915636, -0.21984868956198805, -0.643184325039333, -0.11702863821492221, 0.7295421146812252, -1.4649772630582496]
[-1.6707251300345718, -0.17581328938499163, -0.6345836349502554, -0.08889842147986021, 0.7112062242177841, -1.5820703140316896]
[-1.7605389563775797, -0.13177788920799538, -0.6259829448611778, -0.060768204744798215, 0.6928703337543431, -1.6991633650051297]
[-1.8503527827205877, -0.08774248903099902, -0.6173822547721001, -0.032637988009736274, 0.6745344432909022, -1.8162564159785695]
[-1.9401666090635956, -0.04370708885400271, -0.6087815646830225, -0.004507771274674261, 0.6561985528274611, -1.9333494669520095]