[0.009522405520157484, -0.2354613917592996, -0.4121647403490405, 9.03601197244086e-05, 0.6486368375980405, -0.02186747159532132]
[-0.03759933466211256, -0.24900694548287824, -0.4299492192520431, 0.06939564046981726, 0.5591232368245359, -0.006593665799555703]
[-0.0847210748443826, -0.2625524992064569, -0.4477336981550457, 0.13870092081991012, 0.4696096360510313, 0.008680139996209913]
[-0.13184281502665263, -0.2760980529300356, -0.4655181770580483, 0.20800620117000299, 0.3800960352775267, 0.023953945791975524]
[-0.17896455520892268, -0.2896436066536142, -0.48330265596105093, 0.2773114815200958, 0.2905824345040221, 0.039227751587741146]
[-0.2260862953911927, -0.3031891603771929, -0.5010871348640535, 0.3466167618701887, 0.20106883373051757, 0.05450155738350676]
[-0.34166437623362395, -0.3161664225676618, -0.5126670693440712, 0.3754785610301463, 0.17510541361040938, -0.03321527817331407]
[-0.4572424570760552, -0.3291436847581308, -0.524247003824089, 0.404340360190104, 0.14914199349030116, -0.1209321137301349]
[-0.5728205379184864, -0.34212094694859974, -0.5358269383041065, 0.4332021593500616, 0.12317857337019296, -0.2086489492869557]
[-0.6883986187609177, -0.35509820913906864, -0.5474068727841243, 0.46206395851001925, 0.09721515325008476, -0.29636578484377657]
[-0.8039766996033489, -0.36807547132953755, -0.558986807264142, 0.4909257576699769, 0.07125173312997654, -0.38408262040059743]
[-0.9195547804457802, -0.3810527335200065, -0.5705667417441596, 0.5197875568299346, 0.04528831300986835, -0.4717994559574182]
[-1.0351328612882114, -0.3940299957104755, -0.5821466762241773, 0.5486493559898922, 0.019324892889760165, -0.5595162915142391]
[-1.1507109421306427, -0.4070072579009444, -0.593726610704195, 0.5775111551498499, -0.006638527230348051, -0.6472331270710598]
[-1.2193008689292417, -0.4058374618979121, -0.5865601218430394, 0.5328125932167194, 0.06276972931568892, -0.7541408483023013]
[-1.287890795727841, -0.4046676658948798, -0.5793936329818838, 0.4881140312835889, 0.13217798586172588, -0.8610485695335429]
[-1.35648072252644, -0.4034978698918475, -0.5722271441207284, 0.4434154693504584, 0.20158624240776288, -0.9679562907647844]
[-1.425070649325039, -0.40232807388881525, -0.5650606552595728, 0.39871690741732785, 0.2709944989537998, -1.074864011996026]
[-1.4936605761236381, -0.40115827788578295, -0.5578941663984173, 0.35401834548419736, 0.3404027554998368, -1.1817717332272675]
[-1.5622505029222373, -0.39998848188275066, -0.5507276775372617, 0.3093197835510669, 0.4098110120458738, -1.288679454458509]
[-1.6308404297208363, -0.39881868587971836, -0.5435611886761063, 0.2646212216179364, 0.47921926859191066, -1.3955871756897504]
[-1.6994303565194353, -0.39764888987668606, -0.5363946998149507, 0.21992265968480584, 0.5486275251379477, -1.5024948969209921]
[-1.7680202833180343, -0.39647909387365377, -0.5292282109537951, 0.1752240977516754, 0.6180357816839847, -1.6094026181522336]
[-1.8366102101166335, -0.3953092978706215, -0.5220617220926396, 0.13052553581854487, 0.6874440382300216, -1.716310339383475]
[-1.9052001369152325, -0.3941395018675892, -0.514895233231484, 0.08582697388541438, 0.7568522947760585, -1.8232180606147166]
[-1.9737900637138317, -0.39296970586455693, -0.5077287443703286, 0.041128411952283894, 0.8262605513220956, -1.930125781845958]
[-2.0423799905124307, -0.39179990986152463, -0.500562255509173, -0.003570149980846542, 0.8956688078681325, -2.0370335030771995]