[0.21474823481949468, -0.1675345398715491, -0.4237471080825861, 0.0005738871161717896, 0.592391920302755, 0.18324457206477351]
[0.10515715636391733, -0.20724310391713288, -0.45928933481792233, 0.042456459802584744, 0.556905586990785, 0.14805093728822838]
[-0.00443392209166002, -0.24695166796271667, -0.4948315615532585, 0.0843390324889977, 0.5214192536788149, 0.11285730251168322]
[-0.11402500054723741, -0.28666023200830043, -0.5303737882885947, 0.12622160517541067, 0.4859329203668449, 0.07766366773513805]
[-0.22361607900281472, -0.32636879605388425, -0.565916015023931, 0.1681041778618236, 0.45044658705487484, 0.04247003295859292]
[-0.333207157458392, -0.366077360099468, -0.6014582417592671, 0.20998675054823657, 0.4149602537429048, 0.007276398182047783]
[-0.4427982359139695, -0.40578592414505177, -0.6370004684946033, 0.25186932323464956, 0.37947392043093475, -0.027917236594497408]
[-0.5523893143695467, -0.4454944881906356, -0.6725426952299396, 0.2937518959210625, 0.3439875871189647, -0.06311087137104254]
[-0.6619803928251241, -0.48520305223621935, -0.7080849219652758, 0.3356344686074754, 0.30850125380699467, -0.09830450614758768]
[-0.7715714712807014, -0.524911616281803, -0.7436271487006121, 0.37751704129388836, 0.2730149204950246, -0.1334981409241328]
[-0.8811625497362787, -0.5646201803273869, -0.7791693754359482, 0.41939961398030134, 0.23752858718305458, -0.16869177570067795]
[-0.9907536281918561, -0.6043287443729707, -0.8147116021712845, 0.4612821866667143, 0.20204225387108454, -0.20388541047722308]
[-1.1003447066474337, -0.6440373084185544, -0.8502538289066207, 0.5031647593531273, 0.1665559205591145, -0.23907904525376833]
[-1.2099357851030108, -0.6837458724641383, -0.8857960556419568, 0.5450473320395403, 0.13106958724714446, -0.27427268003031346]
[-1.3195268635585882, -0.7234544365097221, -0.9213382823772931, 0.5869299047259532, 0.09558325393517442, -0.3094663148068586]
[-1.4291179420141655, -0.7631630005553058, -0.9568805091126293, 0.6288124774123661, 0.06009692062320435, -0.3446599495834038]
[-1.453874691580745, -0.7280007702621569, -0.9333807475638222, 0.5837338342460763, 0.12027894932999089, -0.4465752479950824]
[-1.4786314411473247, -0.6928385399690081, -0.9098809860150151, 0.5386551910797864, 0.18046097803677746, -0.548490546406761]
[-1.5033881907139042, -0.6576763096758592, -0.8863812244662079, 0.4935765479134966, 0.240643006743564, -0.6504058448184395]
[-1.5281449402804836, -0.6225140793827104, -0.8628814629174009, 0.4484979047472067, 0.30082503545035055, -0.7523211432301182]
[-1.5529016898470631, -0.5873518490895615, -0.8393817013685937, 0.4034192615809168, 0.3610070641571371, -0.8542364416417969]
[-1.5776584394136428, -0.5521896187964127, -0.8158819398197865, 0.358340618414627, 0.4211890928639237, -0.9561517400534754]
[-1.6024151889802223, -0.5170273885032638, -0.7923821782709795, 0.3132619752483371, 0.48137112157071027, -1.058067038465154]
[-1.6271719385468018, -0.48186515821011494, -0.7688824167221723, 0.26818333208204725, 0.5415531502774967, -1.1599823368768325]
[-1.6519286881133814, -0.44670292791696603, -0.7453826551733651, 0.22310468891575735, 0.6017351789842834, -1.2618976352885112]
[-1.676685437679961, -0.4115406976238172, -0.721882893624558, 0.1780260457494675, 0.66191720769107, -1.3638129337001899]
[-1.7014421872465404, -0.3763784673306684, -0.6983831320757509, 0.13294740258317767, 0.7220992363978564, -1.4657282321118683]
[-1.7261989368131199, -0.3412162370375195, -0.6748833705269437, 0.08786875941688788, 0.782281265104643, -1.5676435305235468]
[-1.7509556863796996, -0.3060540067443706, -0.6513836089781366, 0.04279011625059792, 0.8424632938114296, -1.6695588289352257]
[-1.775712435946279, -0.27089177645122176, -0.6278838474293295, -0.002288526915691887, 0.9026453225182162, -1.7714741273469041]