[0.2081526083330827, -0.46017755306230423, -0.1261892203699606, -0.0004447871299113615, 0.5878460685543656, 0.17814335709573292]
[0.1612929883143306, -0.4819349613580805, -0.1621834505982867, 0.061065004892552864, 0.5181070672880838, 0.2298120470710923]
[0.11443336829557851, -0.5036923696538568, -0.1981776808266128, 0.12257479691501709, 0.4483680660218019, 0.28148073704645166]
[0.06757374827682644, -0.525449777949633, -0.23417191105493887, 0.1840845889374813, 0.37862906475552, 0.333149427021811]
[0.020714128258074338, -0.5472071862454093, -0.270166141283265, 0.24559438095994554, 0.30889006348923814, 0.3848181169971704]
[-0.026145491760677764, -0.5689645945411855, -0.30616037151159103, 0.3071041729824098, 0.23915106222295618, 0.43648680697252973]
[-0.07300511177942981, -0.5907220028369617, -0.34215460173991713, 0.368613965004874, 0.16941206095667438, 0.48815549694788907]
[-0.11986473179818197, -0.6124794111327381, -0.3781488319682432, 0.43012375702733824, 0.09967305969039247, 0.5398241869232485]
[-0.166724351816934, -0.6342368194285144, -0.4141430621965693, 0.49163354904980244, 0.029934058424110677, 0.5914928768986079]
[-0.21358397183568611, -0.6559942277242906, -0.4501372924248954, 0.5531433410722667, -0.03980494284217127, 0.6431615668739672]
[-0.3248797270959088, -0.6008561603551528, -0.4801486461915427, 0.589659106898972, -0.005524568550092507, 0.6188927918376229]
[-0.43617548235613146, -0.5457180929860148, -0.51015999995819, 0.6261748727256774, 0.02875580574198626, 0.5946240168012786]
[-0.5474712376163542, -0.4905800256168769, -0.5401713537248373, 0.6626906385523827, 0.06303618003406503, 0.5703552417649344]
[-0.6587669928765768, -0.435441958247739, -0.5701827074914846, 0.6992064043790881, 0.09731655432614379, 0.5460864667285901]
[-0.7700627481367995, -0.3803038908786011, -0.6001940612581318, 0.7357221702057934, 0.1315969286182226, 0.5218176916922458]
[-0.8813585033970222, -0.3251658235094632, -0.6302054150247791, 0.7722379360324988, 0.16587730291030134, 0.4975489166559015]
[-0.9926542586572449, -0.2700277561403253, -0.6602167687914264, 0.8087537018592041, 0.2001576772023801, 0.4732801416195572]
[-1.0440629361887106, -0.25500486624375374, -0.6455587994425218, 0.7579732681447425, 0.21633017883487257, 0.3306534847009054]
[-1.095471613720176, -0.23998197634718213, -0.6309008300936173, 0.7071928344302809, 0.23250268046736505, 0.1880268277822535]
[-1.1468802912516418, -0.22495908645061055, -0.6162428607447127, 0.6564124007158192, 0.24867518209985756, 0.0454001708636016]
[-1.1982889687831073, -0.20993619655403897, -0.6015848913958082, 0.6056319670013576, 0.26484768373235, -0.09722648605505024]
[-1.249697646314573, -0.19491330665746737, -0.5869269220469036, 0.554851533286896, 0.2810201853648425, -0.23985314297370208]
[-1.3011063238460387, -0.1798904167608958, -0.5722689526979989, 0.5040710995724342, 0.29719268699733503, -0.38247979989235403]
[-1.3525150013775042, -0.1648675268643242, -0.5576109833490944, 0.4532906658579726, 0.3133651886298275, -0.5251064568110059]
[-1.4039236789089697, -0.14984463696775263, -0.5429530140001898, 0.402510232143511, 0.32953769026231994, -0.6677331137296577]
[-1.4553323564404355, -0.13482174707118103, -0.5282950446512853, 0.3517297984290494, 0.34571019189481245, -0.8103597706483096]
[-1.5067410339719012, -0.11979885717460945, -0.5136370753023807, 0.3009493647145878, 0.36188269352730495, -0.9529864275669614]
[-1.5581497115033667, -0.10477596727803787, -0.4989791059534761, 0.25016893100012605, 0.3780551951597974, -1.0956130844856133]
[-1.6095583890348324, -0.08975307738146626, -0.48432113660457154, 0.19938849728566443, 0.3942276967922899, -1.2382397414042652]
[-1.6609670665662981, -0.07473018748489468, -0.4696631672556669, 0.14860806357120282, 0.41040019842478237, -1.380866398322917]
[-1.7123757440977636, -0.059707297588323105, -0.4550051979067624, 0.0978276298567411, 0.4265727000572749, -1.5234930552415689]
[-1.763784421629229, -0.0446844076917515, -0.4403472285578578, 0.04704719614227948, 0.4427452016897674, -1.6661197121602207]
[-1.8151930991606948, -0.029661517795179913, -0.42568925920895323, -0.003733237572182084, 0.45891770332225984, -1.8087463690788728]