[0.09296535026324104, 0.08103528694501794, -0.5707161836694832, -0.00027685257621445913, 0.49050525485230967, 0.06227215475219339]
[0.05459302714252327, -0.006041856239783039, -0.5524747242377311, -0.010194194159042866, 0.508718726588753, -0.0473965483958953]
[0.016220704021805504, -0.09311899942458401, -0.5342332648059791, -0.020111535741871273, 0.5269321983251962, -0.15706525154398399]
[-0.02215161909891225, -0.180196142609385, -0.5159918053742271, -0.03002887732469968, 0.5451456700616395, -0.2667339546920726]
[-0.060523942219630034, -0.26727328579418597, -0.497750345942475, -0.039946218907528086, 0.5633591417980828, -0.37640265784016136]
[-0.09889626534034779, -0.35435042897898694, -0.479508886510723, -0.04986356049035649, 0.581572613534526, -0.48607136098825]
[-0.13726858846106554, -0.4414275721637879, -0.46126742707897095, -0.0597809020731849, 0.5997860852709692, -0.5957400641363386]
[-0.1756409115817833, -0.5285047153485889, -0.4430259676472189, -0.0696982436560133, 0.6179995570074125, -0.7054087672844273]
[-0.2140132347025011, -0.6155818585333899, -0.42478450821546687, -0.07961558523884171, 0.6362130287438558, -0.8150774704325161]
[-0.25238555782321886, -0.7026590017181908, -0.40654304878371483, -0.08953292682167012, 0.654426500480299, -0.9247461735806047]
[-0.2907578809439366, -0.7897361449029918, -0.3883015893519628, -0.09945026840449853, 0.6726399722167423, -1.0344148767286934]
[-0.37128119502768, -0.8411360007934039, -0.3757790582114482, -0.10416058846111133, 0.6879958875645308, -1.1469499453578473]
[-0.45180450911142334, -0.892535856683816, -0.36325652707093364, -0.10887090851772414, 0.7033518029123192, -1.2594850139870015]
[-0.5323278231951667, -0.943935712574228, -0.35073399593041904, -0.11358122857433695, 0.7187077182601077, -1.3720200826161555]
[-0.61285113727891, -0.9953355684646401, -0.3382114647899045, -0.11829154863094975, 0.7340636336078962, -1.4845551512453097]
[-0.6933744513626534, -1.0467354243550522, -0.3256889336493899, -0.12300186868756256, 0.7494195489556846, -1.5970902198744636]
[-0.7738977654463968, -1.0981352802454643, -0.31316640250887534, -0.12771218874417536, 0.7647754643034731, -1.7096252885036178]
[-0.8544210795301401, -1.1495351361358763, -0.30064387136836074, -0.13242250880078818, 0.7801313796512616, -1.8221603571327718]
[-0.9349443936138835, -1.2009349920262884, -0.2881213402278462, -0.13713282885740097, 0.79548729499905, -1.9346954257619258]
[-1.0154677076976268, -1.2523348479167005, -0.2755988090873316, -0.14184314891401378, 0.8108432103468385, -2.04723049439108]
[-1.0860570240918577, -1.1373908406526274, -0.29600549951065847, -0.1263649903930138, 0.7964505220003498, -2.002609360244919]
[-1.1566463404860883, -1.0224468333885541, -0.3164121899339853, -0.11088683187201384, 0.7820578336538611, -1.9579882260987573]
[-1.227235656880319, -0.9075028261244811, -0.33681888035731217, -0.09540867335101387, 0.7676651453073724, -1.913367091952596]
[-1.2978249732745497, -0.7925588188604078, -0.357225570780639, -0.0799305148300139, 0.7532724569608836, -1.8687459578064347]
[-1.3684142896687805, -0.6776148115963346, -0.37763226120396587, -0.06445235630901391, 0.738879768614395, -1.8241248236602734]
[-1.4390036060630111, -0.5626708043322616, -0.39803895162729275, -0.04897419778801396, 0.7244870802679062, -1.779503689514112]
[-1.509592922457242, -0.4477267970681884, -0.4184456420506196, -0.03349603926701397, 0.7100943919214175, -1.7348825553679508]
[-1.5801822388514726, -0.33278278980411524, -0.43885233247394645, -0.018017880746014014, 0.6957017035749289, -1.6902614212217895]
[-1.6507715552457034, -0.21783878254004216, -0.45925902289727333, -0.002539722225014028, 0.6813090152284401, -1.6456402870756281]