[0.08880690937859814, -0.39275497781751145, -0.42669531459763643, 0.0003594144434710955, 0.8203730369386246, 0.05750549818048167]
[0.08269868850184449, -0.4046141607501157, -0.4670906219952686, -0.057430039242611704, 0.7612160659483935, -0.06394425244185153]
[0.07659046762509082, -0.41647334368271993, -0.5074859293929007, -0.1152194929286945, 0.7020590949581624, -0.18539400306418474]
[0.07048224674833717, -0.42833252661532417, -0.5478812367905328, -0.1730089466147773, 0.6429021239679313, -0.30684375368651795]
[0.06437402587158352, -0.44019170954792836, -0.588276544188165, -0.2307984003008601, 0.5837451529777002, -0.42829350430885116]
[0.05826580499482985, -0.4520508924805326, -0.6286718515857972, -0.2885878539869429, 0.524588181987469, -0.5497432549311844]
[0.052157584118076195, -0.46391007541313684, -0.6690671589834293, -0.3463773076730257, 0.46543121099723794, -0.6711930055535176]
[0.046049363241322534, -0.4757692583457411, -0.7094624663810614, -0.40416676135910856, 0.4062742400070068, -0.7926427561758508]
[0.03994114236456888, -0.48762844127834526, -0.7498577737786936, -0.4619562150451913, 0.34711726901677575, -0.914092506798184]
[0.03383292148781522, -0.4994876242109495, -0.7902530811763258, -0.5197456687312741, 0.28796029802654455, -1.0355422574205173]
[0.02772470061106156, -0.5113468071435537, -0.8306483885739578, -0.5775351224173569, 0.22880332703631345, -1.1569920080428504]
[0.021616479734307914, -0.523205990076158, -0.8710436959715899, -0.6353245761034397, 0.16964635604608236, -1.2784417586651835]
[0.015508258857554247, -0.5350651730087622, -0.9114390033692221, -0.6931140297895225, 0.11048938505585132, -1.3998915092875168]
[-0.10921666381177549, -0.5062645749270228, -0.8707350379560777, -0.6473096755785559, 0.1303180283192814, -1.429690089128567]
[-0.23394158648110522, -0.47746397684528336, -0.8300310725429333, -0.6015053213675892, 0.15014667158271153, -1.4594886689696176]
[-0.35866650915043496, -0.4486633787635439, -0.7893271071297888, -0.5557009671566224, 0.16997531484614165, -1.4892872488106679]
[-0.4833914318197647, -0.41986278068180444, -0.7486231417166445, -0.5098966129456558, 0.18980395810957174, -1.5190858286517182]
[-0.6081163544890944, -0.39106218260006503, -0.7079191763035, -0.4640922587346892, 0.20963260137300183, -1.5488844084927684]
[-0.7328412771584242, -0.3622615845183256, -0.6672152108903555, -0.41828790452372244, 0.22946124463643197, -1.578682988333819]
[-0.857566199827754, -0.33346098643658617, -0.6265112454772112, -0.37248355031275576, 0.24928988789986206, -1.6084815681748692]
[-0.9822911224970836, -0.30466038835484666, -0.5858072800640667, -0.32667919610178914, 0.26911853116329215, -1.6382801480159195]
[-1.1070160451664135, -0.27585979027310725, -0.5451033146509223, -0.28087484189082246, 0.28894717442672224, -1.6680787278569698]
[-1.231740967835743, -0.24705919219136785, -0.5043993492377778, -0.23507048767985578, 0.3087758176901524, -1.69787730769802]
[-1.3564658905050728, -0.2182585941096284, -0.46369538382463343, -0.1892661334688891, 0.3286044609535824, -1.7276758875390705]
[-1.4811908131744027, -0.18945799602788893, -0.42299141841148896, -0.14346177925792236, 0.34843310421701257, -1.7574744673801208]
[-1.6059157358437326, -0.16065739794614947, -0.38228745299834455, -0.09765742504695574, 0.3682617474804427, -1.7872730472211713]
[-1.730640658513062, -0.13185679986441007, -0.3415834875852002, -0.051853070835989, 0.3880903907438728, -1.8170716270622216]
[-1.855365581182392, -0.10305620178267064, -0.3008795221720557, -0.006048716625022398, 0.4079190340073029, -1.8468702069032719]