[-0.22658208776322208, -0.8619412866872356, -0.14538845951331858, -0.00023690976243884165, 1.0084319455569704, -0.2575732226239946]
[-0.14367443353759007, -0.8305027908789795, -0.21274955185529157, -0.09154652173766564, 0.9857396651769483, -0.26752186287070195]
[-0.060766779311958063, -0.7990642950707234, -0.28011064419726456, -0.18285613371289244, 0.9630473847969264, -0.27747050311740934]
[0.022140874913673947, -0.7676257992624673, -0.3474717365392376, -0.27416574568811924, 0.9403551044169044, -0.28741914336411667]
[-0.09161396768036639, -0.7380877437253551, -0.3770495724013649, -0.27933147335521624, 0.9374001846143906, -0.4035712892522686]
[-0.20536881027440673, -0.7085496881882429, -0.40662740826349214, -0.2844972010223133, 0.9344452648118767, -0.5197234351404205]
[-0.31912365286844707, -0.6790116326511307, -0.43620524412561945, -0.2896629286894103, 0.9314903450093629, -0.6358755810285726]
[-0.4328784954624874, -0.6494735771140185, -0.4657830799877467, -0.2948286563565073, 0.9285354252068491, -0.7520277269167245]
[-0.5466333380565278, -0.6199355215769065, -0.4953609158498741, -0.29999438402360434, 0.9255805054043351, -0.8681798728048765]
[-0.660388180650568, -0.5903974660397943, -0.5249387517120013, -0.30516011169070134, 0.9226255856018213, -0.9843320186930284]
[-0.7741430232446085, -0.5608594105026821, -0.5545165875741286, -0.31032583935779834, 0.9196706657993075, -1.1004841645811805]
[-0.8878978658386487, -0.5313213549655699, -0.584094423436256, -0.3154915670248954, 0.9167157459967936, -1.2166363104693323]
[-1.0016527084326892, -0.5017832994284577, -0.6136722592983832, -0.3206572946919924, 0.9137608261942798, -1.3327884563574843]
[-1.1338293360067262, -0.5003507290438144, -0.5928361773511136, -0.26763477959635046, 0.9257518868364402, -1.4090018352249987]
[-1.2660059635807632, -0.4989181586591711, -0.572000095403844, -0.21461226450070855, 0.9377429474786004, -1.485215214092513]
[-1.3981825911548003, -0.4974855882745278, -0.5511640134565744, -0.16158974940506662, 0.9497340081207608, -1.5614285929600271]
[-1.5303592187288373, -0.4960530178898846, -0.5303279315093048, -0.10856723430942472, 0.9617250687629212, -1.6376419718275415]
[-1.6625358463028743, -0.4946204475052413, -0.5094918495620352, -0.05554471921378279, 0.9737161294050815, -1.7138553506950558]
[-1.7947124738769114, -0.49318787712059803, -0.48865576761476565, -0.0025222041181408375, 0.9857071900472418, -1.7900687295625701]