[0.03849505039392476, -0.1303318581460351, -0.30695486584659104, 0.0004355030220928313, 0.4385171302571882, 0.006962813013568159]
[0.052394454467873976, -0.14513595712965421, -0.39505849307010976, 0.05305672129367816, 0.5356454400971364, -0.006467762438771986]
[0.0662938585418232, -0.15994005611327336, -0.4831621202936285, 0.10567793956526349, 0.6327737499370846, -0.01989833789111213]
[0.08019326261577242, -0.17474415509689248, -0.5712657475171472, 0.1582991578368488, 0.7299020597770327, -0.033328913343452275]
[0.09409266668972163, -0.18954825408051162, -0.6593693747406659, 0.21092037610843414, 0.827030369616981, -0.04675948879579242]
[0.10799207076367087, -0.20435235306413074, -0.7474730019641846, 0.2635415943800195, 0.9241586794569292, -0.06019006424813257]
[0.12189147483762008, -0.21915645204774986, -0.8355766291877034, 0.3161628126516048, 1.0212869892968772, -0.07362063970047271]
[0.13579087891156932, -0.233960551031369, -0.9236802564112221, 0.3687840309231901, 1.1184152991368257, -0.08705121515281286]
[0.1496902829855185, -0.24876465001498815, -1.0117838836347408, 0.42140524919477546, 1.2155436089767737, -0.100481790605153]
[0.16358968705946775, -0.26356874899860727, -1.0998875108582595, 0.4740264674663608, 1.312671918816722, -0.11391236605749315]
[0.056268809320785054, -0.28087658385885284, -1.0606055243302035, 0.44755169534183453, 1.2937497987510944, -0.20556029048879015]
[-0.05105206841789764, -0.2981844187190984, -1.0213235378021475, 0.4210769232173082, 1.274827678685467, -0.29720821492008714]
[-0.15837294615658032, -0.31549225357934396, -0.9820415512740913, 0.39460215109278196, 1.2559055586198395, -0.38885613935138413]
[-0.265693823895263, -0.3328000884395895, -0.9427595647460353, 0.36812737896825565, 1.2369834385542122, -0.4805040637826812]
[-0.3730147016339458, -0.3501079232998351, -0.9034775782179791, 0.3416526068437294, 1.2180613184885847, -0.5721519882139782]
[-0.4803355793726284, -0.36741575816008065, -0.8641955916899231, 0.31517783471920313, 1.1991391984229571, -0.663799912645275]
[-0.5876564571113111, -0.38472359302032627, -0.8249136051618671, 0.2887030625946768, 1.1802170783573298, -0.7554478370765721]
[-0.6949773348499938, -0.40203142788057183, -0.785631618633811, 0.26222829047015056, 1.1612949582917023, -0.8470957615078691]
[-0.8022982125886765, -0.4193392627408174, -0.7463496321057549, 0.23575351834562427, 1.1423728382260747, -0.9387436859391661]
[-0.9096190903273593, -0.43664709760106296, -0.7070676455776987, 0.209278746221098, 1.1234507181604474, -1.0303916103704631]
[-1.016939968066042, -0.4539549324613086, -0.6677856590496427, 0.18280397409657168, 1.1045285980948198, -1.1220395348017602]
[-1.1242608458047245, -0.4712627673215541, -0.6285036725215867, 0.15632920197204547, 1.0856064780291925, -1.213687459233057]
[-1.2315817235434072, -0.4885706021817997, -0.5892216859935306, 0.12985442984751916, 1.066684357963565, -1.3053353836643542]
[-1.33890260128209, -0.5058784370420453, -0.5499396994654745, 0.10337965772299285, 1.0477622378979374, -1.3969833080956513]
[-1.4462234790207726, -0.5231862719022908, -0.5106577129374185, 0.07690488559846659, 1.02884011783231, -1.4886312325269484]
[-1.5535443567594553, -0.5404941067625364, -0.4713757264093624, 0.05043011347394033, 1.0099179977666826, -1.5802791569582453]
[-1.660865234498138, -0.557801941622782, -0.4320937398813063, 0.023955341349414072, 0.9909958777010552, -1.6719270813895422]
[-1.7681861122368208, -0.5751097764830275, -0.39281175335325025, -0.0025194307751122418, 0.9720737576354277, -1.7635750058208393]