[-0.21727778056152047, -0.5414315690650096, -0.17320595632635438, -0.00024589852856315986, 0.7155443335489133, -0.2481610384333166]
[-0.22368736049743446, -0.5585083512783757, -0.3031466165367626, -0.02156738550331994, 0.7734022450753202, -0.27037715060373796]
[-0.23009694043334847, -0.575585133491742, -0.43308727674717085, -0.04288887247807672, 0.831260156601727, -0.29259326277415926]
[-0.23650652036926245, -0.5926619157051082, -0.5630279369575791, -0.0642103594528335, 0.8891180681281339, -0.3148093749445806]
[-0.33645548310011897, -0.5657109948530058, -0.6090650922565054, -0.06887137137308616, 0.8896226451830763, -0.41548189485312065]
[-0.43640444583097554, -0.5387600740009034, -0.6551022475554316, -0.07353238329333883, 0.8901272222380188, -0.5161544147616607]
[-0.536353408561832, -0.511809153148801, -0.7011394028543578, -0.07819339521359149, 0.8906317992929612, -0.6168269346702007]
[-0.6363023712926886, -0.4848582322966986, -0.747176558153284, -0.08285440713384415, 0.8911363763479038, -0.7174994545787408]
[-0.7362513340235453, -0.4579073114445962, -0.7932137134522103, -0.08751541905409682, 0.8916409534028462, -0.8181719744872807]
[-0.8362002967544017, -0.4309563905924938, -0.8392508687511364, -0.09217643097434947, 0.8921455304577887, -0.9188444943958207]
[-0.9361492594852583, -0.4040054697403914, -0.8852880240500627, -0.09683744289460214, 0.8926501075127311, -1.0195170143043608]
[-1.0163329433098134, -0.3684661666237863, -0.8283559060901755, -0.0850470217841442, 0.8503172549533056, -1.0886286197993558]
[-1.0965166271343685, -0.33292686350718115, -0.7714237881302883, -0.07325660067368625, 0.80798440239388, -1.1577402252943507]
[-1.1767003109589236, -0.297387560390576, -0.714491670170401, -0.06146617956322829, 0.7656515498344545, -1.2268518307893457]
[-1.256883994783479, -0.2618482572739709, -0.6575595522105139, -0.04967575845277035, 0.723318697275029, -1.2959634362843406]
[-1.337067678608034, -0.2263089541573657, -0.6006274342506267, -0.037885337342312406, 0.6809858447156034, -1.3650750417793356]
[-1.417251362432589, -0.19076965104076055, -0.5436953162907394, -0.026094916231854448, 0.6386529921561778, -1.4341866472743305]
[-1.4974350462571442, -0.1552303479241554, -0.48676319833085224, -0.014304495121396504, 0.5963201395967522, -1.5032982527693255]
[-1.5776187300816993, -0.11969104480755026, -0.42983108037096507, -0.0025140740109385637, 0.5539872870373267, -1.5724098582643204]