[-0.14839393002438328, -0.5276152657322699, -0.1983001178985777, -6.893465105850538e-05, 0.727094699091098, -0.17937571766833305]
[-0.1357746606543086, -0.5400455784582532, -0.2593126625177947, -0.06915256642769292, 0.779339959084464, -0.10743563205728299]
[-0.12315539128423393, -0.5524758911842365, -0.3203252071370118, -0.13823619820432734, 0.8315852190778299, -0.03549554644623293]
[-0.20839663007394568, -0.5528819960089273, -0.3870705675968335, -0.19565056870512182, 0.881300587606714, -0.06973125391886695]
[-0.29363786886365745, -0.553288100833618, -0.4538159280566552, -0.25306493920591633, 0.9310159561355981, -0.10396696139150095]
[-0.37887910765336913, -0.5536942056583088, -0.520561288516477, -0.3104793097067108, 0.9807313246644822, -0.13820266886413496]
[-0.4641203464430809, -0.5541003104829997, -0.5873066489762986, -0.3678936802075053, 1.0304466931933662, -0.17243837633676898]
[-0.5493615852327927, -0.5545064153076904, -0.6540520094361204, -0.4253080507082998, 1.0801620617222505, -0.20667408380940297]
[-0.6346028240225043, -0.5549125201323812, -0.720797369895942, -0.48272242120909425, 1.1298774302511345, -0.24090979128203696]
[-0.7198440628122161, -0.5553186249570721, -0.7875427303557637, -0.5401367917098887, 1.1795927987800185, -0.275145498754671]
[-0.8050853016019279, -0.5557247297817629, -0.8542880908155854, -0.5975511622106833, 1.2293081673089028, -0.30938120622730503]
[-0.8903265403916397, -0.5561308346064536, -0.9210334512754073, -0.6549655327114777, 1.2790235358377868, -0.343616913699939]
[-0.9755677791813514, -0.5565369394311445, -0.9877788117352289, -0.7123799032122722, 1.3287389043666709, -0.377852621172573]
[-1.0451729360426034, -0.5417188186326102, -0.9562934537644081, -0.6651611739133851, 1.2970392437285296, -0.4869175884698326]
[-1.1147780929038555, -0.5269006978340759, -0.9248080957935875, -0.6179424446144981, 1.2653395830903886, -0.5959825557670921]
[-1.1843832497651074, -0.5120825770355416, -0.8933227378227667, -0.5707237153156111, 1.2336399224522474, -0.7050475230643518]
[-1.2539884066263596, -0.4972644562370074, -0.8618373798519461, -0.523504986016724, 1.2019402618141062, -0.8141124903616113]
[-1.3235935634876115, -0.4824463354384731, -0.8303520218811253, -0.476286256717837, 1.1702406011759652, -0.9231774576588708]
[-1.3931987203488636, -0.4676282146399388, -0.7988666639103047, -0.4290675274189499, 1.138540940537824, -1.0322424249561304]
[-1.4628038772101157, -0.4528100938414045, -0.767381305939484, -0.38184879812006284, 1.1068412798996827, -1.14130739225339]
[-1.5324090340713679, -0.4379919730428703, -0.7358959479686633, -0.3346300688211758, 1.0751416192615415, -1.2503723595506495]
[-1.6020141909326198, -0.423173852244336, -0.7044105899978426, -0.28741133952228876, 1.0434419586234005, -1.359437326847909]
[-1.6716193477938717, -0.40835573144580173, -0.6729252320270219, -0.24019261022340171, 1.0117422979852593, -1.4685022941451686]
[-1.7412245046551238, -0.39353761064726744, -0.6414398740562013, -0.19297388092451473, 0.9800426373471182, -1.577567261442428]
[-1.810829661516376, -0.37871948984873316, -0.6099545160853805, -0.14575515162562758, 0.9483429767089769, -1.686632228739688]
[-1.880434818377628, -0.3639013690501989, -0.5784691581145598, -0.09853642232674054, 0.9166433160708358, -1.7956971960369474]
[-1.95003997523888, -0.3490832482516646, -0.546983800143739, -0.051317693027853495, 0.8849436554326946, -1.9047621633342071]
[-2.019645132100132, -0.33426512745313036, -0.5154984421729184, -0.00409896372896648, 0.8532439947945535, -2.0138271306314666]