[0.29448285724496426, -0.5503778008147959, -0.3045733705590328, 0.0010019077502958496, 0.8561944974415141, 0.26232359001617667]
[0.25994862754726766, -0.5589252531734235, -0.3705856918760415, 0.08552022173950054, 0.7774876974466611, 0.23761036478485825]
[0.22541439784957112, -0.567472705532051, -0.4365980131930503, 0.17003853572870523, 0.6987808974518082, 0.21289713955353984]
[0.19088016815187453, -0.5760201578906785, -0.5026103345100591, 0.2545568497179099, 0.6200740974569552, 0.1881839143222214]
[0.15634593845417796, -0.584567610249306, -0.5686226558270678, 0.3390751637071146, 0.5413672974621023, 0.16347068909090298]
[0.12181170875648137, -0.5931150626079336, -0.6346349771440767, 0.42359347769631933, 0.46266049746724935, 0.13875746385958454]
[0.0872774790587848, -0.6016625149665611, -0.7006472984610854, 0.508111791685524, 0.3839536974723964, 0.11404423862826613]
[0.052743249361088235, -0.6102099673251886, -0.7666596197780942, 0.5926301056747286, 0.3052468974775435, 0.08933101339694774]
[0.018209019663391668, -0.6187574196838161, -0.8326719410951029, 0.6771484196639334, 0.22654009748269055, 0.0646177881656293]
[-0.016325210034304927, -0.6273048720424437, -0.8986842624121116, 0.7616667336531381, 0.14783329748783758, 0.03990456293431088]
[-0.05085943973200152, -0.6358523244010712, -0.9646965837291205, 0.8461850476423428, 0.0691264974929846, 0.015191337702992441]
[-0.08539366942969806, -0.6443997767596987, -1.0307089050461293, 0.9307033616315475, -0.009580302501868365, -0.009521887528326]
[-0.11992789912739465, -0.6529472291183263, -1.096721226363138, 1.0152216756207522, -0.08828710249672134, -0.034235112759644415]
[-0.1544621288250912, -0.6614946814769538, -1.1627335476801468, 1.0997399896099567, -0.1669939024915741, -0.058948337990962774]
[-0.1889963585227878, -0.6700421338355813, -1.2287458689971555, 1.1842583035991614, -0.24570070248642706, -0.08366156322228119]
[-0.22353058822048433, -0.6785895861942088, -1.2947581903141643, 1.2687766175883661, -0.32440750248128003, -0.10837478845359966]
[-0.2580648179181809, -0.6871370385528364, -1.360770511631173, 1.3532949315775709, -0.403114302476133, -0.13308801368491807]
[-0.2925990476158775, -0.6956844909114639, -1.4267828329481818, 1.4378132455667756, -0.48182110247098586, -0.15780123891623649]
[-0.35575793241511106, -0.6777566641044687, -1.3839059061029153, 1.3777554603657602, -0.4339581269258232, -0.22631741981035616]
[-0.4189168172143446, -0.6598288372974733, -1.3410289792576486, 1.3176976751647447, -0.38609515138066053, -0.29483360070447584]
[-0.4820757020135781, -0.6419010104904781, -1.2981520524123822, 1.2576398899637293, -0.33823217583549786, -0.36334978159859554]
[-0.5452345868128117, -0.6239731836834828, -1.2552751255671155, 1.197582104762714, -0.2903692002903352, -0.4318659624927152]
[-0.6083934716120452, -0.6060453568764875, -1.212398198721849, 1.1375243195616984, -0.24250622474517253, -0.500382143386835]
[-0.6715523564112786, -0.5881175300694923, -1.1695212718765824, 1.077466534360683, -0.19464324920000986, -0.5688983242809547]
[-0.7347112412105122, -0.570189703262497, -1.126644345031316, 1.0174087491596677, -0.1467802736548472, -0.6374145051750744]
[-0.7978701260097457, -0.5522618764555017, -1.0837674181860493, 0.9573509639586524, -0.09891729810968453, -0.7059306860691938]
[-0.8610290108089793, -0.5343340496485064, -1.0408904913407828, 0.8972931787576369, -0.05105432256452186, -0.7744468669633136]
[-0.9241878956082128, -0.5164062228415112, -0.9980135644955161, 0.8372353935566215, -0.003191347019359192, -0.8429630478574335]
[-0.9873467804074463, -0.4984783960345159, -0.9551366376502497, 0.7771776083556061, 0.04467162852580342, -0.911479228751553]
[-1.0505056652066798, -0.4805505692275206, -0.9122597108049831, 0.7171198231545907, 0.09253460407096614, -0.9799954096456727]
[-1.1136645500059132, -0.46262274242052537, -0.8693827839597166, 0.6570620379535753, 0.14039757961612875, -1.0485115905397924]
[-1.176823434805147, -0.44469491561353003, -0.82650585711445, 0.5970042527525597, 0.18826055516129148, -1.117027771433912]
[-1.2399823196043804, -0.4267670888065348, -0.7836289302691835, 0.5369464675515444, 0.2361235307064541, -1.1855439523280318]
[-1.303141204403614, -0.4088392619995395, -0.740752003423917, 0.47688868235052906, 0.2839865062516168, -1.2540601332221513]
[-1.3663000892028476, -0.39091143519254423, -0.6978750765786503, 0.4168308971495136, 0.33184948179677953, -1.3225763141162712]
[-1.429458974002081, -0.37298360838554895, -0.6549981497333839, 0.35677311194849826, 0.37971245734194214, -1.3910924950103907]
[-1.4926178588013146, -0.35505578157855366, -0.6121212228881173, 0.2967153267474829, 0.42757543288710476, -1.4596086759045104]
[-1.555776743600548, -0.3371279547715584, -0.5692442960428507, 0.23665754154646734, 0.4754384084322675, -1.5281248567986303]
[-1.6189356283997816, -0.3192001279645631, -0.5263673691975842, 0.176599756345452, 0.5233013839774302, -1.5966410376927498]
[-1.682094513199015, -0.30127230115756787, -0.48349044235231764, 0.11654197114443665, 0.5711643595225927, -1.6651572185868695]
[-1.7452533979982487, -0.2833444743505726, -0.4406135155070511, 0.056484185943421084, 0.6190273350677554, -1.7336733994809892]
[-1.8084122827974822, -0.2654166475435773, -0.3977365886617846, -0.003573599257594315, 0.6668903106129181, -1.802189580375109]