[0.2519733284823964, -0.6771968200133154, -0.0577712682349425, 0.0005439866842102958, 0.7361464397734565, 0.22048622242953542]
[0.22317034898128849, -0.6862633768746498, -0.10508982203563687, 0.05003240024314387, 0.7898595168534106, 0.11849711522946818]
[0.19436736948018057, -0.6953299337359842, -0.15240837583633124, 0.09952081380207745, 0.8435725939333648, 0.016508008029400945]
[0.1655643899790727, -0.7043964905973186, -0.19972692963702562, 0.14900922736101102, 0.8972856710133189, -0.08548109917066632]
[0.13676141047796478, -0.713463047458653, -0.24704548343771998, 0.1984976409199446, 0.950998748093273, -0.18747020637073353]
[0.10795843097685687, -0.7225296043199874, -0.2943640372384144, 0.24798605447887817, 1.0047118251732272, -0.2894593135708008]
[0.07915545147574896, -0.7315961611813218, -0.34168259103910875, 0.29747446803781175, 1.0584249022531813, -0.39144842077086806]
[0.050352471974641044, -0.7406627180426562, -0.38900114483980314, 0.3469628815967453, 1.1121379793331354, -0.4934375279709353]
[0.02154949247353316, -0.7497292749039904, -0.43631969864049747, 0.3964512951556789, 1.1658510564130895, -0.5954266351710025]
[-0.007253487027574779, -0.7587958317653248, -0.48363825244119185, 0.44593970871461247, 1.2195641334930438, -0.6974157423710698]
[-0.03605646652868266, -0.7678623886266592, -0.5309568062418863, 0.49542812227354605, 1.273277210572998, -0.799404849571137]
[-0.06485944602979055, -0.7769289454879936, -0.5782753600425806, 0.5449165358324796, 1.326990287652952, -0.9013939567712042]
[-0.09366242553089849, -0.785995502349328, -0.625593913843275, 0.5944049493914132, 1.3807033647329061, -1.0033830639712715]
[-0.22414308183987103, -0.7709405328049896, -0.6061795479382153, 0.5402597197089183, 1.349469268163583, -1.0508151520806672]
[-0.35462373814884357, -0.7558855632606514, -0.5867651820331556, 0.4861144900264233, 1.3182351715942595, -1.098247240190063]
[-0.48510439445781606, -0.740830593716313, -0.5673508161280959, 0.43196926034392835, 1.2870010750249363, -1.1456793282994586]
[-0.6155850507667886, -0.7257756241719747, -0.5479364502230362, 0.37782403066143344, 1.2557669784556131, -1.1931114164088545]
[-0.746065707075761, -0.7107206546276363, -0.5285220843179764, 0.3236788009789385, 1.22453288188629, -1.2405435045182502]
[-0.8765463633847337, -0.6956656850832981, -0.5091077184129168, 0.26953357129644356, 1.1932987853169665, -1.287975592627646]
[-1.0070270196937061, -0.6806107155389597, -0.48969335250785706, 0.2153883416139486, 1.1620646887476433, -1.3354076807370416]
[-1.1375076760026788, -0.6655557459946214, -0.4702789866027973, 0.16124311193145363, 1.1308305921783202, -1.3828397688464373]
[-1.2679883323116512, -0.650500776450283, -0.4508646206977376, 0.10709788224895872, 1.099596495608997, -1.4302718569558333]
[-1.3984689886206236, -0.6354458069059448, -0.43145025479267796, 0.052952652566463754, 1.0683623990396736, -1.477703945065229]
[-1.5289496449295963, -0.6203908373616064, -0.4120358888876182, -0.001192577116031157, 1.0371283024703504, -1.5251360331746247]