[-0.06445008078787762, -0.024771200702700114, -0.6296134194820482, -8.475516354522483e-05, 0.6554364990393777, -0.09554225498185076]
[-0.09181526862428574, -0.052662117932191534, -0.6679401276190848, -0.026568430541582977, 0.6338166952988445, -0.24322817925921497]
[-0.11918045646069388, -0.08055303516168295, -0.7062668357561214, -0.05305210591962073, 0.6121968915583114, -0.3909141035365792]
[-0.146545644297102, -0.10844395239117438, -0.7445935438931579, -0.07953578129765848, 0.5905770878177783, -0.5386000278139433]
[-0.17391083213351013, -0.1363348696206658, -0.7829202520301946, -0.10601945667569623, 0.5689572840772451, -0.6862859520913076]
[-0.20127601996991829, -0.16422578685015723, -0.8212469601672312, -0.13250313205373399, 0.5473374803367119, -0.8339718763686719]
[-0.2286412078063264, -0.19211670407964865, -0.8595736683042677, -0.15898680743177174, 0.5257176765961787, -0.981657800646036]
[-0.25600639564273453, -0.2200076213091401, -0.8979003764413043, -0.1854704828098095, 0.5040978728556456, -1.1293437249234004]
[-0.28337158347914265, -0.24789853853863147, -0.9362270845783409, -0.21195415818784724, 0.48247806911511243, -1.2770296492007644]
[-0.3107367713155508, -0.2757894557681229, -0.9745537927153776, -0.238437833565885, 0.46085826537457925, -1.4247155734781287]
[-0.33810195915195895, -0.30368037299761436, -1.0128805008524142, -0.26492150894392275, 0.43923846163404606, -1.572401497755493]
[-0.3654671469883671, -0.33157129022710574, -1.0512072089894506, -0.2914051843219605, 0.41761865789351293, -1.720087422032857]
[-0.3928323348247752, -0.3594622074565972, -1.0895339171264873, -0.31788885969999825, 0.39599885415297975, -1.8677733463102213]
[-0.5096870763705788, -0.3392257486565965, -1.013564655608316, -0.2863574109231924, 0.4055288080558421, -1.8366014069425793]
[-0.6265418179163824, -0.3189892898565958, -0.9375953940901446, -0.2548259621463865, 0.4150587619587045, -1.8054294675749376]
[-0.7433965594621859, -0.2987528310565951, -0.8616261325719733, -0.22329451336958062, 0.4245887158615669, -1.7742575282072957]
[-0.8602513010079895, -0.2785163722565944, -0.7856568710538019, -0.19176306459277473, 0.43411866976442925, -1.743085588839654]
[-0.9771060425537931, -0.25827991345659373, -0.7096876095356306, -0.16023161581596887, 0.44364862366729163, -1.711913649472012]
[-1.0939607840995966, -0.23804345465659302, -0.6337183480174593, -0.128700167039163, 0.453178577570154, -1.68074171010437]
[-1.2108155256454003, -0.21780699585659233, -0.557749086499288, -0.09716871826235712, 0.4627085314730164, -1.6495697707367283]
[-1.3276702671912037, -0.1975705370565916, -0.4817798249811165, -0.06563726948555121, 0.47223848537587876, -1.6183978313690863]
[-1.4445250087370076, -0.17733407825659092, -0.4058105634629452, -0.03410582070874535, 0.48176843927874113, -1.5872258920014444]
[-1.561379750282811, -0.15709761945659023, -0.32984130194477385, -0.0025743719319395084, 0.4912983931816035, -1.5560539526338026]