[0.06805810543755086, -0.5153333106127551, -0.42871175695958996, 0.00011953062640124301, 0.9453511485870552, 0.03726814518080257]
[0.03318621337842852, -0.5488606178387299, -0.4187617632789477, 0.08391158527631118, 0.9945746280573569, -0.043681016149319574]
[-0.0016856786806938306, -0.5823879250647046, -0.4088117695983055, 0.16770363992622112, 1.0437981075276586, -0.12463017747944172]
[-0.036557570739816164, -0.6159152322906793, -0.39886177591766325, 0.2514956945761311, 1.0930215869979605, -0.20557933880956386]
[-0.07142946279893853, -0.6494425395166541, -0.38891178223702105, 0.335287749226041, 1.1422450664682622, -0.286528500139686]
[-0.10630135485806086, -0.6829698467426287, -0.3789617885563788, 0.41907980387595095, 1.1914685459385639, -0.36747766146980815]
[-0.1411732469171832, -0.7164971539686035, -0.36901179487573654, 0.5028718585258609, 1.2406920254088658, -0.4484268227999303]
[-0.17604513897630553, -0.7500244611945782, -0.35906180119509434, 0.5866639131757707, 1.2899155048791675, -0.5293759841300524]
[-0.21091703103542792, -0.783551768420553, -0.3491118075144521, 0.6704559678256807, 1.3391389843494692, -0.6103251454601746]
[-0.2457889230945502, -0.8170790756465276, -0.33916181383380983, 0.7542480224755906, 1.388362463819771, -0.6912743067902967]
[-0.2806608151536726, -0.8506063828725023, -0.32921182015316763, 0.8380400771255007, 1.4375859432900726, -0.7722234681204189]
[-0.3155327072127949, -0.8841336900984771, -0.3192618264725254, 0.9218321317754105, 1.4868094227603743, -0.853172629450541]
[-0.35040459927191725, -0.9176609973244518, -0.3093118327918831, 1.0056241864253206, 1.5360329022306762, -0.9341217907806632]
[-0.3852764913310396, -0.9511883045504266, -0.2993618391112409, 1.0894162410752304, 1.585256381700978, -1.0150709521107852]
[-0.4967729982180009, -0.9359986492751962, -0.3068425496953954, 1.0329972070966766, 1.5605317588490906, -1.0931301175925094]
[-0.6082695051049622, -0.9208089939999659, -0.3143232602795498, 0.976578173118123, 1.5358071359972032, -1.1711892830742339]
[-0.7197660119919236, -0.9056193387247355, -0.3218039708637043, 0.9201591391395694, 1.5110825131453158, -1.249248448555958]
[-0.8312625188788849, -0.8904296834495051, -0.3292846814478588, 0.8637401051610156, 1.4863578902934282, -1.3273076140376823]
[-0.9427590257658462, -0.8752400281742747, -0.3367653920320132, 0.807321071182462, 1.4616332674415409, -1.4053667795194067]
[-1.0542555326528076, -0.8600503728990444, -0.3442461026161677, 0.7509020372039084, 1.4369086445896535, -1.483425945001131]
[-1.165752039539769, -0.8448607176238141, -0.3517268132003222, 0.6944830032253546, 1.4121840217377661, -1.561485110482855]
[-1.2772485464267302, -0.8296710623485837, -0.3592075237844766, 0.638063969246801, 1.3874593988858788, -1.6395442759645795]
[-1.3544403521509811, -0.799366523321228, -0.37073607808059034, 0.5465471048777578, 1.3408885712805478, -1.664346743641248]
[-1.431632157875232, -0.7690619842938723, -0.38226463237670405, 0.4550302405087146, 1.294317743675217, -1.6891492113179163]
[-1.5088239635994831, -0.7387574452665167, -0.39379318667281776, 0.36351337613967144, 1.247746916069886, -1.7139516789945848]
[-1.586015769323734, -0.7084529062391609, -0.4053217409689315, 0.2719965117706282, 1.2011760884645553, -1.738754146671253]
[-1.663207575047985, -0.6781483672118053, -0.41685029526504525, 0.180479647401585, 1.1546052608592243, -1.7635566143479215]
[-1.740399380772236, -0.6478438281844496, -0.42837884956115896, 0.0889627830325419, 1.1080344332538934, -1.7883590820245898]
[-1.8175911864964869, -0.6175392891570939, -0.43990740385727267, -0.002554081336501386, 1.0614636056485625, -1.8131615497012583]