[0.11512216921755769, -0.20162681976161334, -0.7272042096890781, 0.0005128192947640997, 0.9298618187812222, 0.08418338078358545]
[0.009972871449491993, -0.2493142845183758, -0.7140177984488383, -0.05899180439845843, 0.9016762188234625, 0.03409088699757314]
[-0.0951764263185737, -0.2970017492751383, -0.7008313872085984, -0.11849642809168096, 0.8734906188657027, -0.016001606788439163]
[-0.2003257240866394, -0.3446892140319007, -0.6876449759683586, -0.17800105178490347, 0.845305018907943, -0.06609410057445145]
[-0.3054750218547051, -0.3923766787886632, -0.6744585647281188, -0.237505675478126, 0.8171194189501833, -0.11618659436046377]
[-0.4106243196227708, -0.44006414354542567, -0.6612721534878789, -0.2970102991713485, 0.7889338189924235, -0.16627908814647607]
[-0.5157736173908365, -0.4877516083021881, -0.6480857422476392, -0.35651492286457104, 0.7607482190346637, -0.21637158193248834]
[-0.6209229151589022, -0.5354390730589506, -0.6348993310073994, -0.41601954655779355, 0.732562619076904, -0.26646407571850067]
[-0.7260722129269679, -0.5831265378157131, -0.6217129197671595, -0.4755241702510161, 0.7043770191191443, -0.316556569504513]
[-0.8312215106950337, -0.6308140025724756, -0.6085265085269197, -0.5350287939442386, 0.6761914191613845, -0.3666490632905253]
[-0.9363708084630993, -0.678501467329238, -0.5953400972866798, -0.5945334176374611, 0.6480058192036249, -0.4167415570765376]
[-1.041520106231165, -0.7261889320860004, -0.58215368604644, -0.6540380413306837, 0.6198202192458651, -0.46683405086255]
[-1.1176074602263224, -0.6825159976723139, -0.5774988432081668, -0.6040888587607843, 0.6247030163743142, -0.586609161508387]
[-1.19369481422148, -0.6388430632586273, -0.5728440003698936, -0.5541396761908851, 0.6295858135027634, -0.7063842721542242]
[-1.2697821682166377, -0.5951701288449407, -0.5681891575316204, -0.5041904936209858, 0.6344686106312126, -0.8261593828000613]
[-1.3458695222117951, -0.5514971944312541, -0.5635343146933472, -0.45424131105108645, 0.6393514077596618, -0.9459344934458984]
[-1.4219568762069525, -0.5078242600175675, -0.558879471855074, -0.4042921284811872, 0.644234204888111, -1.0657096040917355]
[-1.4980442302021102, -0.46415132560388095, -0.5542246290168008, -0.35434294591128784, 0.6491170020165602, -1.1854847147375727]
[-1.5741315841972676, -0.42047839119019437, -0.5495697861785276, -0.3043937633413886, 0.6539997991450095, -1.3052598253834098]
[-1.6502189381924253, -0.3768054567765078, -0.5449149433402544, -0.2544445807714893, 0.6588825962734587, -1.425034936029247]
[-1.7263062921875827, -0.3331325223628212, -0.5402601005019811, -0.20449539820159002, 0.6637653934019079, -1.5448100466750838]
[-1.8023936461827403, -0.2894595879491346, -0.535605257663708, -0.1545462156316907, 0.6686481905303571, -1.6645851573209212]
[-1.8784810001778978, -0.24578665353544804, -0.5309504148254348, -0.10459703306179136, 0.6735309876588063, -1.784360267966758]
[-1.9545683541730554, -0.20211371912176146, -0.5262955719871616, -0.054647850491892025, 0.6784137847872554, -1.9041353786125952]
[-2.030655708168213, -0.15844078470807493, -0.5216407291488884, -0.004698667921992783, 0.6832965819157046, -2.0239104892584323]