[0.1557566002615225, -0.38509341099725436, -0.47771383030204007, 0.0004374158772044723, 0.8639804670297719, 0.12399268693503185]
[0.14129391932786872, -0.3886336491344329, -0.5131733158571312, 0.015616940709524954, 0.7802145024005231, 0.0017109831412073229]
[0.12683123839421495, -0.3921738872716114, -0.5486328014122224, 0.030796465541845435, 0.6964485377712745, -0.1205707206526172]
[0.11236855746056115, -0.3957141254087899, -0.5840922869673135, 0.045975990374165915, 0.6126825731420257, -0.24285242444644173]
[0.09790587652690738, -0.3992543635459684, -0.6195517725224046, 0.0611555152064864, 0.528916608512777, -0.36513412824026625]
[0.0834431955932536, -0.4027946016831469, -0.6550112580774957, 0.07633504003880688, 0.44515064388352815, -0.4874158320340908]
[0.06898051465959983, -0.4063348398203254, -0.6904707436325869, 0.09151456487112736, 0.3613846792542794, -0.6096975358279153]
[0.05451783372594604, -0.40987507795750394, -0.725930229187678, 0.10669408970344785, 0.2776187146250307, -0.7319792396217398]
[-0.09084368238307006, -0.4114075663805711, -0.7103475332705761, 0.09826988082214579, 0.3298668894521583, -0.8164615064811115]
[-0.23620519849208615, -0.4129400548036382, -0.6947648373534742, 0.08984567194084374, 0.38211506427928593, -0.900943773340483]
[-0.3815667146011022, -0.4144725432267054, -0.6791821414363722, 0.08142146305954168, 0.4343632391064135, -0.9854260401998547]
[-0.5269282307101184, -0.41600503164977254, -0.6635994455192703, 0.07299725417823963, 0.4866114139335411, -1.0699083070592263]
[-0.6722897468191344, -0.4175375200728397, -0.6480167496021684, 0.06457304529693757, 0.5388595887606688, -1.1543905739185978]
[-0.8176512629281505, -0.4190700084959068, -0.6324340536850663, 0.05614883641563551, 0.5911077635877964, -1.2388728407779694]
[-0.9630127790371665, -0.420602496918974, -0.6168513577679644, 0.047724627534333465, 0.643355938414924, -1.323355107637341]
[-1.1083742951461828, -0.42213498534204114, -0.6012686618508625, 0.039300418653031396, 0.6956041132420516, -1.4078373744967128]
[-1.2537358112551986, -0.42366747376510827, -0.5856859659337605, 0.03087620977172935, 0.7478522880691791, -1.4923196413560844]
[-1.3990973273642149, -0.4251999621881754, -0.5701032700166586, 0.022452000890427287, 0.8001004628963069, -1.5768019082154558]
[-1.544458843473231, -0.4267324506112426, -0.5545205740995567, 0.01402779200912524, 0.8523486377234344, -1.6612841750748275]
[-1.689820359582247, -0.42826493903430973, -0.5389378781824548, 0.005603583127823178, 0.9045968125505621, -1.7457664419341992]
[-1.835181875691263, -0.42979742745737687, -0.5233551822653528, -0.0028206257534788637, 0.9568449873776896, -1.8302487087935708]