[-0.21324029215575724, -0.3755277051916037, -0.3077459860597278, -6.535239092020362e-05, 0.68446442908263, -0.24385151050105502]
[-0.1741378601943991, -0.41695266243720297, -0.31171680849024375, 0.08335448927993977, 0.6196399825356058, -0.20569014128546054]
[-0.135035428233041, -0.4583776196828022, -0.31568763092075974, 0.16677433095079974, 0.5548155359885816, -0.16752877206986605]
[-0.09593299627168289, -0.49980257692840147, -0.3196584533512757, 0.25019417262165966, 0.48999108944155734, -0.12936740285427162]
[-0.05683056431032474, -0.5412275341740007, -0.3236292757817917, 0.3336140142925197, 0.42516664289453304, -0.0912060336386771]
[-0.017728132348966655, -0.5826524914196, -0.3276000982123076, 0.4170338559633796, 0.3603421963475088, -0.05304466442308263]
[-0.1373580369665408, -0.574199793682162, -0.3448711080864486, 0.40709903888815613, 0.38220397381847077, -0.17007420748357108]
[-0.2569879415841149, -0.565747095944724, -0.3621421179605896, 0.39716422181293265, 0.4040657512894328, -0.2871037505440595]
[-0.37661784620168903, -0.5572943982072861, -0.3794131278347306, 0.38722940473770917, 0.42592752876039475, -0.40413329360454797]
[-0.4962477508192632, -0.5488417004698481, -0.39668413770887156, 0.3772945876624857, 0.4477893062313567, -0.5211628366650364]
[-0.6158776554368374, -0.5403890027324101, -0.41395514758301255, 0.3673597705872622, 0.46965108370231873, -0.6381923797255249]
[-0.7355075600544114, -0.5319363049949721, -0.43122615745715354, 0.35742495351203873, 0.4915128611732807, -0.7552219227860133]
[-0.8551374646719857, -0.5234836072575342, -0.4484971673312946, 0.34749013643681526, 0.5133746386442427, -0.8722514658465018]
[-0.9747673692895598, -0.5150309095200962, -0.46576817720543556, 0.3375553193615918, 0.5352364161152047, -0.9892810089069902]
[-1.094397273907134, -0.5065782117826583, -0.48303918707957655, 0.3276205022863683, 0.5570981935861666, -1.1063105519674787]
[-1.1910112804621347, -0.48369625509042513, -0.4929951451591095, 0.28630332929174884, 0.5987067351955151, -1.200789062431476]
[-1.2876252870171354, -0.460814298398192, -0.5029511032386426, 0.24498615629712944, 0.6403152768048637, -1.2952675728954735]
[-1.3842392935721364, -0.43793234170595885, -0.5129070613181755, 0.20366898330251001, 0.6819238184142122, -1.3897460833594706]
[-1.4808533001271371, -0.4150503850137257, -0.5228630193977085, 0.1623518103078906, 0.7235323600235607, -1.484224593823468]
[-1.5774673066821379, -0.39216842832149257, -0.5328189774772415, 0.12103463731327116, 0.7651409016329092, -1.5787031042874653]
[-1.6740813132371386, -0.3692864716292594, -0.5427749355567745, 0.07971746431865173, 0.8067494432422577, -1.6731816147514627]
[-1.7706953197921393, -0.3464045149370263, -0.5527308936363075, 0.03840029132403233, 0.8483579848516063, -1.76766012521546]
[-1.86730932634714, -0.32352255824479315, -0.5626868517158404, -0.0029168816705871046, 0.8899665264609548, -1.8621386356794574]