[0.08406694982962648, -0.3134339918807072, -0.5140372677746248, 0.00027718542070687135, 0.8284242395580712, 0.05299914329603084]
[0.0368669071445893, -0.3399108993915012, -0.5537522102527304, -0.04346621758276801, 0.875166989768813, -0.017549397330548444]
[-0.010333135540447874, -0.36638780690229517, -0.593467152730836, -0.08720962058624289, 0.9219097399795547, -0.08809793795712773]
[-0.05753317822548504, -0.3928647144130891, -0.6331820952089415, -0.13095302358971778, 0.9686524901902964, -0.158646478583707]
[-0.10473322091052223, -0.41934162192388313, -0.6728970376870471, -0.17469642659319265, 1.0153952404010382, -0.2291950192102863]
[-0.15193326359555942, -0.44581852943467715, -0.7126119801651527, -0.21843982959666752, 1.06213799061178, -0.29974355983686557]
[-0.19913330628059656, -0.4722954369454711, -0.7523269226432582, -0.2621832326001424, 1.1088807408225216, -0.37029210046344485]
[-0.24633334896563375, -0.49877234445626506, -0.7920418651213638, -0.30592663560361727, 1.1556234910332635, -0.44084064109002413]
[-0.29353339165067094, -0.5252492519670591, -0.8317568075994693, -0.34967003860709217, 1.2023662412440053, -0.5113891817166034]
[-0.40486100743344405, -0.520430501054313, -0.8028752441281062, -0.3249316264933599, 1.179988702410417, -0.6067631712955432]
[-0.5161886232162172, -0.5156117501415669, -0.7739936806567429, -0.3001932143796276, 1.1576111635768287, -0.702137160874483]
[-0.6275162389989902, -0.5107929992288209, -0.7451121171853797, -0.2754548022658953, 1.1352336247432406, -0.7975111504534228]
[-0.7388438547817633, -0.5059742483160748, -0.7162305537140166, -0.250716390152163, 1.1128560859096523, -0.8928851400323625]
[-0.8501714705645365, -0.5011554974033288, -0.6873489902426534, -0.22597797803843073, 1.090478547076064, -0.9882591296113024]
[-0.9614990863473095, -0.49633674649058274, -0.6584674267712902, -0.20123956592469844, 1.0681010082424758, -1.0836331191902422]
[-1.0728267021300826, -0.4915179955778367, -0.6295858632999269, -0.17650115381096615, 1.0457234694088875, -1.179007108769182]
[-1.1841543179128557, -0.4866992446650906, -0.6007042998285638, -0.15176274169723386, 1.0233459305752994, -1.2743810983481216]
[-1.295481933695629, -0.48188049375234454, -0.5718227363572006, -0.12702432958350154, 1.000968391741711, -1.3697550879270617]
[-1.4068095494784019, -0.4770617428395985, -0.5429411728858373, -0.10228591746976928, 0.9785908529081229, -1.4651290775060013]
[-1.5181371652611753, -0.4722429919268525, -0.5140596094144743, -0.077547505356037, 0.9562133140745346, -1.5605030670849411]
[-1.6294647810439482, -0.4674242410141064, -0.485178045943111, -0.052809093242304705, 0.9338357752409463, -1.655877056663881]
[-1.7407923968267216, -0.4626054901013603, -0.45629648247174776, -0.028070681128572417, 0.911458236407358, -1.7512510462428208]
[-1.8521200126094945, -0.4577867391886143, -0.4274149190003846, -0.0033322690148401154, 0.8890806975737698, -1.8466250358217606]