[0.14444465632464443, -0.05049889393993556, -0.6346923990345985, 0.0004157577023073955, 0.6864161978903622, 0.11303694133056652]
[0.08919476573691354, -0.11758477857089152, -0.6117148231084977, 0.051825562120606385, 0.6246526347908211, 0.07194596631915712]
[0.033944875149182666, -0.18467066320184747, -0.5887372471823968, 0.10323536653890537, 0.56288907169128, 0.030854991307747714]
[-0.021305015438548208, -0.25175654783280343, -0.5657596712562959, 0.15464517095720434, 0.501125508591739, -0.010235983703661689]
[-0.0765549060262791, -0.3188424324637594, -0.5427820953301951, 0.20605497537550335, 0.43936194549219787, -0.05132695871507109]
[-0.13180479661400996, -0.3859283170947153, -0.5198045194040942, 0.25746477979380233, 0.37759838239265675, -0.0924179337264805]
[-0.18705468720174084, -0.45301420172567125, -0.49682694347799333, 0.3088745842121013, 0.3158348192931157, -0.1335089087378899]
[-0.24230457778947168, -0.5201000863566272, -0.47384936755189244, 0.3602843886304003, 0.25407125619357457, -0.1745998837492993]
[-0.2975544683772026, -0.5871859709875832, -0.4508717916257916, 0.4116941930486993, 0.19230769309403345, -0.2156908587607087]
[-0.35280435896493345, -0.6542718556185392, -0.42789421569969077, 0.4631039974669983, 0.13054412999449239, -0.2567818337721181]
[-0.40805424955266434, -0.7213577402494951, -0.4049166397735899, 0.5145138018852973, 0.06878056689495127, -0.2978728087835275]
[-0.4633041401403952, -0.788443624880451, -0.381939063847489, 0.5659236063035963, 0.007017003795410148, -0.33896378379493697]
[-0.5185540307281261, -0.8555295095114069, -0.35896148792138816, 0.6173334107218952, -0.05474655930413086, -0.3800547588063463]
[-0.573803921315857, -0.9226153941423629, -0.33598391199528727, 0.6687432151401943, -0.11651012240367209, -0.4211457338177558]
[-0.6290538119035878, -0.9897012787733188, -0.31300633606918643, 0.7201530195584932, -0.1782736855032131, -0.4622367088291651]
[-0.6843037024913188, -1.056787163404275, -0.29002876014308554, 0.7715628239767922, -0.24003724860275422, -0.5033276838405745]
[-0.7395535930790497, -1.1238730480352308, -0.2670511842169847, 0.8229726283950912, -0.30180081170229534, -0.5444186588519839]
[-0.7948034836667804, -1.1909589326661867, -0.24407360829088387, 0.8743824328133901, -0.36356437480183645, -0.5855096338633933]
[-0.8500533742545113, -1.2580448172971428, -0.22109603236478298, 0.9257922372316892, -0.42532793790137746, -0.6266006088748027]
[-0.9053032648422421, -1.3251307019280985, -0.19811845643868214, 0.9772020416499881, -0.48709150100091847, -0.6676915838862121]
[-0.9605531554299731, -1.3922165865590546, -0.17514088051258123, 1.0286118460682872, -0.5488550641004597, -0.7087825588976215]
[-1.0021099516531786, -1.322292422167249, -0.185632624871506, 0.9679647430540577, -0.4835582064238326, -0.7648334131098423]
[-1.0436667478763841, -1.2523682577754434, -0.19612436923043075, 0.9073176400398282, -0.41826134874720555, -0.8208842673220631]
[-1.0852235440995894, -1.1824440933836378, -0.20661611358935553, 0.8466705370255987, -0.3529644910705785, -0.8769351215342839]
[-1.126780340322795, -1.1125199289918322, -0.2171078579482803, 0.7860234340113692, -0.2876676333939514, -0.9329859757465047]
[-1.1683371365460005, -1.0425957646000268, -0.22759960230720505, 0.7253763309971397, -0.22237077571732433, -0.9890368299587255]
[-1.209893932769206, -0.9726716002082211, -0.23809134666612983, 0.6647292279829101, -0.15707391804069726, -1.0450876841709462]
[-1.2514507289924115, -0.9027474358164156, -0.2485830910250546, 0.6040821249686807, -0.09177706036407018, -1.101138538383167]
[-1.293007525215617, -0.83282327142461, -0.25907483538397935, 0.5434350219544511, -0.02648020268744311, -1.1571893925953878]
[-1.3345643214388225, -0.7628991070328044, -0.2695665797429041, 0.48278791894022166, 0.03881665498918396, -1.2132402468076087]
[-1.3761211176620278, -0.6929749426409988, -0.2800583241018289, 0.4221408159259922, 0.10411351266581104, -1.2692911010198293]
[-1.4176779138852333, -0.6230507782491932, -0.29055006846075365, 0.3614937129117626, 0.1694103703424381, -1.3253419552320502]
[-1.4592347101084389, -0.5531266138573876, -0.30104181281967846, 0.3008466098975331, 0.23470722801906518, -1.3813928094442711]
[-1.5007915063316442, -0.4832024494655822, -0.3115335571786032, 0.24019950688330372, 0.30000408569569215, -1.4374436636564916]
[-1.5423483025548497, -0.4132782850737766, -0.32202530153752795, 0.17955240386907423, 0.36530094337231933, -1.4934945178687125]
[-1.5839050987780552, -0.343354120681971, -0.3325170458964527, 0.11890530085484463, 0.4305978010489464, -1.5495453720809333]
[-1.6254618950012607, -0.2734299562901654, -0.34300879025537745, 0.058258197840615145, 0.4958946587255735, -1.6055962262931542]
[-1.6670186912244662, -0.20350579189835985, -0.35350053461430225, -0.002388905173614445, 0.5611915164022007, -1.661647080505375]