[-0.05850581117837983, -0.5171432192986902, -0.46908702231062804, -0.0002667277122387901, 0.9875357274579439, -0.08922226956313661]
[-0.14402356221736773, -0.4861092759302616, -0.5674598213571217, -0.03446021145926884, 1.0143141156045716, -0.07612819354079475]
[-0.22954131325635566, -0.45507533256183297, -0.6658326204036153, -0.0686536952062989, 1.0410925037511993, -0.06303411751845289]
[-0.3150590642953435, -0.42404138919340434, -0.7642054194501089, -0.10284717895332894, 1.067870891897827, -0.049940041496111025]
[-0.4005768153343315, -0.3930074458249757, -0.8625782184966027, -0.137040662700359, 1.0946492800444547, -0.03684596547376916]
[-0.4860945663733194, -0.3619735024565471, -0.9609510175430962, -0.17123414644738905, 1.1214276681910824, -0.023751889451427297]
[-0.5716123174123072, -0.33093955908811845, -1.0593238165895897, -0.2054276301944191, 1.1482060563377101, -0.010657813429085436]
[-0.6571300684512952, -0.2999056157196899, -1.1576966156360835, -0.2396211139414491, 1.1749844444843376, 0.0024362625932564247]
[-0.7426478194902831, -0.2688716723512612, -1.2560694146825773, -0.2738145976884792, 1.2017628326309655, 0.0155303386155983]
[-0.828165570529271, -0.23783772898283262, -1.3544422137290706, -0.30800808143550923, 1.228541220777593, 0.028624414637940146]
[-0.9136833215682589, -0.20680378561440393, -1.4528150127755644, -0.3422015651825393, 1.2553196089242207, 0.04171849066028202]
[-0.9992010726072468, -0.17576984224597536, -1.551187811822058, -0.3763950489295693, 1.2820979970708484, 0.05481256668262388]
[-1.0847188236462346, -0.14473589887754673, -1.6495606108685517, -0.4105885326765994, 1.308876385217476, 0.06790664270496574]
[-1.1702365746852226, -0.11370195550911809, -1.7479334099150452, -0.4447820164236294, 1.3356547733641038, 0.0810007187273076]
[-1.198118271609504, -0.11414387320497736, -1.6577991521232085, -0.41718461327766226, 1.2791033715760152, -0.02467796685608485]
[-1.2259999685337852, -0.11458579090083665, -1.567664894331372, -0.38958721013169506, 1.2225519697879268, -0.1303566524394773]
[-1.2538816654580667, -0.11502770859669592, -1.4775306365395355, -0.3619898069857279, 1.1660005679998382, -0.23603533802286977]
[-1.281763362382348, -0.1154696262925552, -1.3873963787476988, -0.33439240383976077, 1.1094491662117498, -0.34171402360626224]
[-1.3096450593066293, -0.11591154398841448, -1.2972621209558621, -0.3067950006937936, 1.0528977644236612, -0.4473927091896547]
[-1.3375267562309108, -0.11635346168427375, -1.2071278631640256, -0.2791975975478264, 0.9963463626355729, -0.5530713947730471]
[-1.365408453155192, -0.11679537938013303, -1.1169936053721892, -0.25160019440185927, 0.9397949608474843, -0.6587500803564396]
[-1.3932901500794734, -0.11723729707599231, -1.0268593475803525, -0.2240027912558921, 0.8832435590593959, -0.764428765939832]
[-1.4211718470037549, -0.11767921477185159, -0.9367250897885159, -0.19640538810992492, 0.8266921572713073, -0.8701074515232244]
[-1.449053543928036, -0.11812113246771086, -0.8465908319966793, -0.16880798496395777, 0.7701407554832188, -0.975786137106617]
[-1.4769352408523175, -0.11856305016357013, -0.7564565742048427, -0.14121058181799062, 0.7135893536951303, -1.0814648226900094]
[-1.504816937776599, -0.11900496785942942, -0.6663223164130061, -0.11361317867202342, 0.6570379519070418, -1.1871435082734019]
[-1.5326986347008802, -0.11944688555528869, -0.5761880586211694, -0.08601577552605627, 0.6004865501189534, -1.2928221938567943]
[-1.5605803316251616, -0.11988880325114797, -0.4860538008293329, -0.05841837238008912, 0.5439351483308649, -1.3985008794401868]
[-1.588462028549443, -0.12033072094700725, -0.39591954303749644, -0.03082096923412192, 0.4873837465427764, -1.5041795650235792]
[-1.6163437254737243, -0.12077263864286653, -0.3057852852456596, -0.0032235660881547775, 0.4308323447546879, -1.6098582506069716]