[-0.23549657184889217, -0.6811941746269339, -0.14632524028311789, -0.00035438266772658267, 0.8287442558026452, -0.2663965699887063]
[-0.21264889988348581, -0.6720403134444852, -0.19135966199126064, -0.07595229051273113, 0.7404089546375439, -0.3224536000396847]
[-0.18980122791807946, -0.6628864522620366, -0.2363940836994034, -0.15155019835773567, 0.6520736534724425, -0.37851063009066305]
[-0.1669535559526731, -0.653732591079588, -0.28142850540754616, -0.2271481062027402, 0.5637383523073412, -0.4345676601416414]
[-0.14410588398726676, -0.6445787298971394, -0.3264629271156889, -0.30274601404774476, 0.4754030511422398, -0.4906246901926198]
[-0.12125821202186039, -0.6354248687146907, -0.3714973488238317, -0.3783439218927493, 0.38706774997713844, -0.5466817202435981]
[-0.09841054005645405, -0.6262710075322421, -0.41653177053197443, -0.4539418297377538, 0.2987324488120371, -0.6027387502945765]
[-0.0755628680910477, -0.6171171463497934, -0.4615661922401172, -0.5295397375827583, 0.21039714764693573, -0.6587957803455549]
[-0.05271519612564132, -0.6079632851673449, -0.50660061394826, -0.6051376454277629, 0.12206184648183438, -0.7148528103965333]
[-0.02986752416023497, -0.5988094239848962, -0.5516350356564027, -0.6807355532727675, 0.033726545316733025, -0.7709098404475115]
[-0.007019852194828612, -0.5896555628024476, -0.5966694573645455, -0.756333461117772, -0.05460875584836833, -0.8269668704984899]
[-0.11571951921388915, -0.5802299605053706, -0.5970503594018316, -0.7092027201774729, 0.014164056409540313, -0.8841419142521599]
[-0.22441918623294968, -0.5708043582082936, -0.5974312614391177, -0.6620719792371738, 0.08293686866744895, -0.9413169580058298]
[-0.3331188532520102, -0.5613787559112164, -0.5978121634764039, -0.6149412382968746, 0.15170968092535758, -0.9984920017594998]
[-0.4418185202710707, -0.5519531536141394, -0.59819306551369, -0.5678104973565755, 0.22048249318326624, -1.0556670455131698]
[-0.5505181872901312, -0.5425275513170624, -0.5985739675509761, -0.5206797564162764, 0.2892553054411749, -1.1128420892668398]
[-0.6592178543091918, -0.5331019490199853, -0.5989548695882623, -0.4735490154759773, 0.3580281176990835, -1.1700171330205098]
[-0.7679175213282523, -0.5236763467229083, -0.5993357716255484, -0.42641827453567815, 0.42680092995699215, -1.2271921767741798]
[-0.8766171883473128, -0.5142507444258313, -0.5997166736628345, -0.37928753359537903, 0.4955737422149008, -1.2843672205278496]
[-0.9853168553663734, -0.5048251421287543, -0.6000975757001206, -0.3321567926550799, 0.5643465544728095, -1.3415422642815196]
[-1.094016522385434, -0.4953995398316772, -0.6004784777374067, -0.2850260517147808, 0.6331193667307181, -1.3987173080351896]
[-1.2027161894044944, -0.48597393753460016, -0.6008593797746928, -0.23789531077448167, 0.7018921789886268, -1.4558923517888596]
[-1.311415856423555, -0.47654833523752316, -0.601240281811979, -0.19076456983418255, 0.7706649912465353, -1.5130673955425293]
[-1.4201155234426155, -0.46712273294044615, -0.6016211838492651, -0.14363382889388343, 0.839437803504444, -1.5702424392961993]
[-1.528815190461676, -0.4576971306433691, -0.6020020858865512, -0.09650308795358431, 0.9082106157623526, -1.6274174830498693]
[-1.6375148574807366, -0.448271528346292, -0.6023829879238374, -0.04937234701328519, 0.9769834280202614, -1.6845925268035393]
[-1.746214524499797, -0.438845926049215, -0.6027638899611235, -0.0022416060729860588, 1.04575624027817, -1.7417675705572093]