[-0.09285162292574611, -0.7869998458009828, -0.26279522711173353, 6.166992312373054e-05, 1.0510883256617225, -0.12373345629907817]
[-0.15175010461863755, -0.7507916234827309, -0.2874160890558715, 0.05305199355168737, 0.9379468878021058, -0.12197858313727294]
[-0.210648586311529, -0.7145834011644789, -0.3120369510000095, 0.106042317180251, 0.8248054499424892, -0.12022370997546772]
[-0.2695470680044204, -0.678375178846227, -0.3366578129441475, 0.15903264080881466, 0.7116640120828724, -0.11846883681366249]
[-0.3284455496973119, -0.6421669565279751, -0.36127867488828547, 0.21202296443737828, 0.5985225742232558, -0.11671396365185727]
[-0.3873440313902033, -0.605958734209723, -0.3858995368324235, 0.26501328806594193, 0.485381136363639, -0.11495909049005204]
[-0.4462425130830947, -0.5697505118914711, -0.41052039877656143, 0.3180036116945056, 0.3722396985040224, -0.11320421732824681]
[-0.5051409947759862, -0.5335422895732191, -0.4351412607206995, 0.37099393532306923, 0.25909826064440566, -0.11144934416644159]
[-0.5640394764688776, -0.4973340672549672, -0.45976212266483746, 0.42398425895163283, 0.14595682278478905, -0.10969447100463638]
[-0.6229379581617691, -0.4611258449367152, -0.48438298460897544, 0.47697458258019654, 0.03281538492517222, -0.10793959784283114]
[-0.6818364398546605, -0.4249176226184633, -0.5090038465531135, 0.5299649062087601, -0.0803260529344445, -0.10618472468102592]
[-0.7407349215475519, -0.38870940030021134, -0.5336247084972514, 0.5829552298373238, -0.193467490794061, -0.1044298515192207]
[-0.7996334032404433, -0.3525011779819594, -0.5582455704413893, 0.6359455534658874, -0.3066089286536777, -0.10267497835741547]
[-0.8585318849333349, -0.3162929556637074, -0.5828664323855275, 0.6889358770944511, -0.41975036651329445, -0.10092010519561025]
[-0.9174303666262262, -0.28008473334545547, -0.6074872943296654, 0.7419262007230147, -0.5328918043729111, -0.09916523203380502]
[-0.9831496809804083, -0.28378535524816045, -0.5940112581887222, 0.7004293551209575, -0.4635783793369331, -0.20994973770006448]
[-1.0488689953345904, -0.2874859771508655, -0.5805352220477791, 0.6589325095189004, -0.3942649543009551, -0.32073424336632395]
[-1.1145883096887725, -0.29118659905357047, -0.5670591859068359, 0.6174356639168431, -0.32495152926497717, -0.43151874903258336]
[-1.1803076240429546, -0.29488722095627545, -0.5535831497658927, 0.575938818314786, -0.2556381042289992, -0.5423032546988429]
[-1.2460269383971365, -0.2985878428589805, -0.5401071136249496, 0.5344419727127288, -0.18632467919302115, -0.6530877603651023]
[-1.3117462527513186, -0.30228846476168547, -0.5266310774840064, 0.4929451271106716, -0.11701125415704322, -0.7638722660313617]
[-1.3774655671055007, -0.30598908666439045, -0.5131550413430632, 0.4514482815086144, -0.04769782912106524, -0.8746567716976212]
[-1.4431848814596828, -0.3096897085670955, -0.49967900520212, 0.4099514359065572, 0.02161559591491269, -0.9854412773638807]
[-1.508904195813865, -0.31339033046980047, -0.4862029690611768, 0.3684545903045, 0.09092902095089073, -1.0962257830301403]
[-1.574623510168047, -0.31709095237250545, -0.47272693292023366, 0.3269577447024428, 0.16024244598686876, -1.2070102886963996]
[-1.6403428245222291, -0.3207915742752105, -0.45925089677929043, 0.2854608991003856, 0.2295558710228467, -1.3177947943626591]
[-1.706062138876411, -0.32449219617791547, -0.4457748606383473, 0.24396405349832845, 0.2988692960588246, -1.4285793000289184]
[-1.7717814532305933, -0.32819281808062045, -0.4322988244974041, 0.20246720789627126, 0.36818272109480266, -1.539363805695178]
[-1.8375007675847752, -0.3318934399833255, -0.4188227883564609, 0.16097036229421402, 0.4374961461307806, -1.6501483113614375]
[-1.9032200819389575, -0.33559406188603047, -0.40534675221551775, 0.11947351669215678, 0.5068095711667587, -1.760932817027697]
[-1.9689393962931394, -0.33929468378873545, -0.3918707160745746, 0.07797667109009965, 0.5761229962027364, -1.8717173226939563]
[-2.0346587106473217, -0.3429953056914405, -0.3783946799336314, 0.03647982548804252, 0.6454364212387146, -1.9825018283602158]
[-2.1003780250015036, -0.34669592759414547, -0.36491864379268824, -0.005017020114014732, 0.7147498462746924, -2.0932863340264753]