[0.19934751269804263, -0.36746200193369916, -0.29972813191462944, 0.00038816466773639036, 0.6683866231605382, 0.16787906968253363]
[0.12908482604504443, -0.3742642479130878, -0.3521565369026133, -0.03347431579004272, 0.7620199607989864, 0.18019544426281667]
[0.058822139392046224, -0.3810664938924765, -0.4045849418905971, -0.06733679624782184, 0.8556532984374345, 0.1925118188430997]
[-0.011440547260951978, -0.3878687398718651, -0.457013346878581, -0.10119927670560094, 0.9492866360758827, 0.20482819342338274]
[-0.0817032339139502, -0.39467098585125376, -0.5094417518665648, -0.13506175716338006, 1.0429199737143309, 0.21714456800366577]
[-0.17106777710942153, -0.39755549364779325, -0.555571170912209, -0.1606609879455824, 1.1179154308854882, 0.19066757773703505]
[-0.2604323203048929, -0.4004400014443327, -0.6017005899578531, -0.18626021872778473, 1.1929108880566455, 0.16419058747040433]
[-0.3497968635003642, -0.4033245092408722, -0.6478300090034972, -0.21185944950998709, 1.2679063452278028, 0.13771359720377357]
[-0.43916140669583553, -0.4062090170374117, -0.6939594280491413, -0.23745868029218942, 1.34290180239896, 0.11123660693714287]
[-0.528525949891307, -0.40909352483395117, -0.7400888470947855, -0.26305791107439175, 1.4178972595701174, 0.08475961667051213]
[-0.6178904930867782, -0.41197803263049065, -0.7862182661404297, -0.2886571418565941, 1.4928927167412747, 0.058282626403881405]
[-0.7086051710781429, -0.40005358566380145, -0.7801031792116226, -0.2696401923168937, 1.455445563501206, -0.07714877964833378]
[-0.7993198490695077, -0.38812913869711224, -0.7739880922828157, -0.2506232427771933, 1.4179984102611374, -0.21258018570054896]
[-0.8900345270608724, -0.3762046917304231, -0.7678730053540087, -0.23160629323749282, 1.3805512570210685, -0.3480115917527642]
[-0.9807492050522371, -0.3642802447637339, -0.7617579184252017, -0.21258934369779242, 1.3431041037809999, -0.48344299780497935]
[-1.0714638830436019, -0.3523557977970447, -0.7556428314963948, -0.19357239415809202, 1.3056569505409312, -0.6188744038571945]
[-1.1621785610349664, -0.3404313508303555, -0.7495277445675878, -0.17455544461839156, 1.2682097973008626, -0.7543058099094098]
[-1.2528932390263312, -0.3285069038636663, -0.7434126576387807, -0.15553849507869116, 1.230762644060794, -0.8897372159616249]
[-1.343607917017696, -0.31658245689697706, -0.7372975707099738, -0.13652154553899076, 1.193315490820725, -1.02516862201384]
[-1.4343225950090606, -0.3046580099302879, -0.7311824837811668, -0.11750459599929033, 1.1558683375806564, -1.1606000280660553]
[-1.5250372730004254, -0.2927335629635987, -0.7250673968523598, -0.09848764645958993, 1.1184211843405878, -1.2960314341182704]
[-1.6157519509917901, -0.2808091159969095, -0.7189523099235529, -0.07947069691988953, 1.0809740311005192, -1.4314628401704856]
[-1.7064666289831547, -0.26888466903022035, -0.7128372229947458, -0.06045374738018908, 1.0435268778604505, -1.566894246222701]
[-1.7971813069745197, -0.2569602220635311, -0.7067221360659388, -0.041436797840488676, 1.0060797246203816, -1.7023256522749162]
[-1.8878959849658843, -0.24503577509684193, -0.7006070491371319, -0.022419848300788248, 0.968632571380313, -1.8377570583271312]
[-1.978610662957249, -0.23311132813015273, -0.6944919622083249, -0.0034028987610878665, 0.9311854181402444, -1.9731884643793465]