[0.31614035294362974, 0.0547724855716858, 0.02450821259188446, -0.9998802265661818, -0.01546710498434638, 0.0005487894494568732,3.9375970948099795e-06]
[0.3671312660588541, 0.04339497921253471, 0.04905257644496647, 0.9978308335763183, 0.0463947378832899, 0.046682675694999835,0.0013724616884775614]
[0.4155804553434763, 0.027138080102227197, 0.07692191305424051, 0.9926118262968986, 0.07686299971994758, 0.0933512921613428,0.00996884253035331]
[0.46083857715376925, 0.006336924617376226, 0.1079364498403628, 0.9842626264561486, 0.1066859928673246, 0.13851511046211212,0.02566603321954216]
[0.5023073074640562, -0.01859198431801485, 0.14188963249111483, 0.9728371517864802, 0.13568097601041545, 0.18125306780245867,0.04822731865890316]
[0.539450364567329, -0.047158329852243275, 0.1785498106215282, 0.9584035571115838, 0.16366936490631157, 0.22067939417506352,0.07730178324951677]
[0.5718033690881522, -0.07880703235005611, 0.2176621661269373, 0.9410439004305976, 0.1904777120038062, 0.25595751111076886,0.11242940539798174]
[0.5989823332540639, -0.11292861810829337, 0.25895086513040694, 0.9208537357659353, 0.2159386594041699, 0.28631321080027483,0.15304782919691648]
[0.6206906000430235, -0.14887069569256753, 0.3021214120166853, 0.8979416349585276, 0.23989185979303437, 0.3110469139855449,0.1985007131299904]
[0.589175885403385, -0.23087453791335982, 0.2939179389645817, 0.903664832336114, 0.23331485776690852, 0.2748259894310125,0.23113788845062913]
[0.5468818638061812, -0.3069886937344351, 0.28578340435691374, 0.9092343693484288, 0.22665707803105625, 0.2355060829661112,0.2577912245596192]
[0.49484007275252034, -0.3758072390646191, 0.2777206231740328, 0.9146488253641896, 0.21992076596643484, 0.19402027123384574,0.27822386185765974]
[0.43426333569963727, -0.43609793789500995, 0.2697323772754105, 0.9199068194297424, 0.2131081911418848, 0.15130851815925214,0.29233897237169876]
[0.36651727454061445, -0.48682523399549205, 0.26182141409232906, 0.9250070107008636, 0.20622164663055448, 0.10829723494879084,0.3001772335099417]
[0.2930889760369011, -0.5271686567021876, 0.25399044533778026, 0.9299480988622237, 0.19926344831857465, 0.06587965596637284,0.30191138189289785]
[0.22469883620001763, -0.5312685528312994, 0.2214068563898419, 0.9461813608772413, 0.17650194752911763, 0.03523990242833286,0.2689721995369824]
[0.15846659812453023, -0.5249429746961155, 0.19026118929063193, 0.9603673605878853, 0.152862653124286, 0.010580020944926674,0.23284244706253207]
[0.09605871317970156, -0.508818732197848, 0.16069994687033323, 0.9724528835030914, 0.12844817580747792, -0.007758304672068407,0.19436116949347118]
[0.03900374438814907, -0.4837932676034774, 0.13286005873828102, 0.9823915301373454, 0.10336401143872068, -0.019544212034740646,0.15440461919788143]
[-0.011351867659943178, -0.4510065641794831, 0.10686806755116338, 0.9901438809700953, 0.0777181292594623, -0.024661711763654726,0.11387180219340584]
[-0.05388247325143109, -0.41180580666570893, 0.08283938606872476, 0.9956776347188674, 0.051620550776908025, -0.023111851610549686,0.07366959191730657]
[-0.08771512932320641, -0.3677038843888921, 0.06087763022096507, 0.9989677193880492, 0.025182921023519607, -0.015012949015987275,0.03469765800751915]
[-0.11225378841275617, -0.3203330214064634, 0.04107403283576305, -0.99999637566802, 0.0014819260618024797, 0.0005988805900451094,0.002166538255098351]
