[0.2656144395929564, 0.019104203631836843, 0.06499855821925782, -0.9998810436694565, -0.015414756282838804, 0.0005273314211394485,7.563591423287699e-05]
[0.27688766690199895, 0.006366406145156187, 0.07390765421537843, 0.9995488324320002, 0.006609376581195828, -0.006844072600847665,0.028488706451292034]
[0.2886444294477726, -0.008123354813151963, 0.08334616681333734, 0.9981736850055167, -0.003948867111179238, -0.011280934113439427,0.05921521372564897]
[0.3008920792574524, -0.024226420000003968, 0.09348626973853943, 0.9955456331865172, -0.016247868848248612, -0.013645605771318601,0.09186237774127447]
[0.3136151267120264, -0.04178239745086692, 0.1044957573216041, 0.9914520259828843, -0.03024829682959664, -0.01376859225004204,0.1261679300804885]
[0.3267757000454198, -0.06061048765951374, 0.11653359730421164, 0.9856807531241653, -0.04588288904122507, -0.01150505102576084,0.1618513120574066]
[0.3403145493651104, -0.08051112101277152, 0.12974557542627652, 0.978023570616024, -0.06305613059013564, -0.00673637896049694,0.1986163158277379]
[0.3541525687862807, -0.10126790624069978, 0.1442601283837409, 0.9682794837314094, -0.08164432549199567, 0.0006284675902273575,0.23615387044950314]
[0.3681927980037394, -0.12264988299660215, 0.1601844585827712, 0.9562581413795218, -0.10149607048492776, 0.01065193158609283,0.2741449453755928]
[0.38232285325140575, -0.14441406557771422, 0.17760101893715075, 0.9417831949415464, -0.12243313310109531, 0.02336710266265059,0.31226354279341734]
[0.3964177273936827, -0.16630825836610535, 0.19656444886376517, 0.9246955744250437, -0.14425173080017395, 0.03877725978857458,0.3501797494475978]
[0.4103428901056219, -0.18807411695855347, 0.21709903376977552, 0.904856635174645, -0.1667242025254326, 0.05685571301430181,0.3875628180957426]
[0.4239576119456561, -0.20945042232714783, 0.23919674987589173, 0.8821511293850741, -0.18960105865499527, 0.07754594512788446,0.42408424855890015]
[0.4371184307840028, -0.23017652888336418, 0.2628159443988317, 0.8564899582852348, -0.2126133900586268, 0.10076205105563979,0.45942083843834947]
[0.4496826756570888, -0.2499959411880202, 0.287880688167939, 0.8278126630829096, -0.23547561190355265, 0.1263894698974887,0.4932576739770614]
[0.41769598428354204, -0.29755190064480663, 0.2785108672096397, 0.8357912640794095, -0.22856602335780657, 0.06102855017444047,0.4954654901388669]
[0.38067838031467455, -0.3409890069023409, 0.2692667281518687, 0.8435285107146822, -0.22172566466389293, -0.00282244374069142,0.48917217321936485]
[0.3391669628590339, -0.379782003390316, 0.26015195949327746, 0.8510265376956848, -0.21495974259446432, -0.06407722799461349,0.47480548654574706]
[0.2937516992881052, -0.41347669168928547, 0.25116998081125297, 0.8582876313260135, -0.20827332822695166, -0.12173546519374191,0.45292939756226164]
[0.24506589647581756, -0.44169482220191997, 0.24232394126535178, 0.8653142252434317, -0.20167135291610622, -0.17489946323941225,0.42422887073243004]
[0.1937763084407459, -0.4641376932124207, 0.23361671866686934, 0.8721088960395248, -0.19515860441440142, -0.22278835470450004,0.389492672048919]
[0.16534560028902173, -0.4621949858348222, 0.21783615828550246, 0.8878143174046986, -0.18057544547969612, -0.24344535552336705,0.3462839949739812]
[0.1381716093423235, -0.4582825099198192, 0.20283731043961917, 0.9022624632047369, -0.16621141415788662, -0.258153580525251,0.3027423692801344]
[0.11237487162825444, -0.45265208390672107, 0.18863004922214466, 0.9154858694762613, -0.15213643797488574, -0.267081015262514,0.25963023382486256]
[0.08803471348982743, -0.4455577467298963, 0.1752174735219755, 0.9275215370905933, -0.1384162979966658, -0.27049148914177806,0.21766736315733054]
[0.06519040354970962, -0.43724927822904824, 0.16259610826162862, 0.9384105700478456, -0.12511235965650913, -0.2687369387865119,0.17751889255882844]
[0.04384330781329483, -0.42796604772435154, 0.15075616563011612, 0.9481977971410881, -0.11228133372333705, -0.26224817960193725,0.1397845910305098]
[0.023959980851914114, -0.4179313451982001, 0.13968186318223513, 0.9569313793697806, -0.09997506842523682, -0.25152437571745406,0.10498956753298727]
[0.005476102301083072, -0.40734733718504973, 0.1293517951374067, 0.9646624055432513, -0.08824037355845823, -0.23712142140483627,0.0735765677150114]
[-0.011698853626664438, -0.3963907734995525, 0.11973935271058528, 0.971444478562629, -0.0771188772246428, -0.21963946593197584,0.04589998748266751]
[-0.027676346724182593, -0.385209551704634, 0.11081318884947441, 0.9773332949030679, -0.06664691564890307, -0.1997098282684138,0.022221696636442752]
[-0.042583044169232837, -0.37392022419375026, 0.10253772234068342, 0.9823862198372426, -0.056855456339677465, -0.17798155784892455,0.002708731062699468]
[-0.05655479736289491, -0.36260650846748743, 0.09487367588650042, -0.9866618609458371, 0.047770054659093626, 0.15510790255066195,0.012567123740120867]
[-0.06973048888910391, -0.3513188352172593, 0.08777864244708203, -0.9902196424511603, 0.03941084368096082, 0.13173294506379066,0.023627871022834798]
[-0.08224592006772369, -0.340074941828267, 0.08120767389297875, -0.9931193828861895, 0.031792557023542584, 0.1084786639429794,0.03058601188133758]
[-0.09422790906569667, -0.3288614915512881, 0.07511388582235479, -0.9954208785734328, 0.024924584156969437, 0.08593266591729083,0.03363950851372388]
[-0.10578876468420764, -0.3176366715541381, 0.06944907226782812, -0.9971834953362985, 0.01881105750160173, 0.06463682169849216,0.033065117953388665]
[-0.117021291842312, -0.3063336970320511, 0.06416432395066127, -0.9984657708004754, 0.01345097045482369, 0.045077018838743016,0.02921024317338055]
[-0.12799447162409877, -0.2948651241955463, 0.0592106437356783, -0.9993250295645791, 0.008838325310642749, 0.02767422250545373,0.022483476158620605]
[-0.13874994184539072, -0.283127852891887, 0.054539552998666224, -0.9998170134284832, 0.004962309870034671, 0.012777008796023597,0.013344031846808196]
[-0.14929938382194116, -0.2710086804270289, 0.050103682738489, -0.9999955287648737, 0.0018075013811022827, 0.000655705907022582,0.0022902922917570887]
