[0.24541004832443367, 0.044133757320078466, 0.0700440090016077, -0.9998778111252302, -0.015621683766689171, 0.0005690667516417288,4.448308273743028e-05]
[0.27528105062787245, 0.02682690684613011, 0.09306361105497077, -0.9969065985421219, 0.06058816754729026, -0.03783579383022962,0.032783539187750045]
[0.30277226428268544, 0.0020725788641631094, 0.1190153358553695, -0.9857065651693632, 0.13489440305667394, -0.08038679626855035,0.06102483422082028]
[0.32608483827887297, -0.029587787119408532, 0.14775844125069582, -0.9665827678598705, 0.20646318891329227, -0.12643168299679672,0.08429551610082026]
[0.34357600500566343, -0.06719133386035422, 0.1791035353331775, -0.9399356926874486, 0.27450388359409583, -0.17526840589707343,0.10222278316610424]
[0.3538572723240386, -0.1094011369527915, 0.21281641055279288, -0.9062553631395743, 0.33828015437804704, -0.22616077325999545,0.11453845892609288]
[0.35587812887357745, -0.1545761502163074, 0.2486229122381584, -0.8661141190198679, 0.3971203013089909, -0.27835438030046905,0.12108112193994892]
[0.3489901750376685, -0.20085935010979047, 0.28621470138885796, -0.8201581722920548, 0.45042662827108526, -0.33109244441873636,0.1217958054110401]
[0.33298790641029574, -0.24627857959675492, 0.3252557490195045, -0.7690980655543274, 0.49768371503572406, -0.3836311768022604,0.11673133912598242]
[0.30812391565814445, -0.28885387431750653, 0.3653893813780293, -0.7136981763822173, 0.5384654607356557, -0.4352543411559173,0.10603546165488284]
[0.2750979309709728, -0.3267047630203211, 0.40624568249237303, -0.6547654261322546, 0.5724407879272976, -0.48528667773952977,0.08994788195144905]
[0.23502075812652654, -0.3581511789056765, 0.44744905304360216, -0.5931373647049152, 0.599377916925385, -0.5331059057031152,0.06879151544744794]
[0.18935572525244726, -0.3818021763809043, 0.4886257226929285, -0.5296698130093674, 0.61914714211421, -0.5781530579881115,0.04296215936640105]
[0.1398415430222646, -0.39662756731607174, 0.5294110167250642, -0.4652242522820512, 0.6317220651108156, -0.6199409497053976,0.01291690439320291]
[0.08840150554151419, -0.40200879652551, 0.5694561870770511, 0.40065515385896006, -0.6371792636121026, 0.6580606316857045,0.02083839567730007]
[0.07774313487558614, -0.4185796535732278, 0.5361912620113026, 0.4597594330338317, -0.6335610319735967, 0.6173021642116997,0.07848388726683563]
[0.06532756158966811, -0.4322992784579123, 0.5019000120342308, 0.5189577358936414, -0.6238103595072888, 0.5702577394901736,0.12786561022843715]
[0.05136929809021281, -0.4429571012522749, 0.46685147456694404, 0.5775645064164746, -0.607840938811504, 0.5182810773090581,0.168325158357289]
[0.03610758136300697, -0.4503866430564486, 0.43132733741019164, 0.6348862231694868, -0.5856433362896928, 0.4627911979803436,0.19941332292748434]
[0.0198007382364552, -0.4544697242776484, 0.39561722051184284, 0.690230196469914, -0.5572855580166944, 0.40524085037049606,0.22089575799033173]
[0.002719999777174374, -0.45513943740181884, 0.3600136669272259, 0.7429133687144782, -0.5229126063749457, 0.3470846250435217,0.2327539381790672]
[-0.014857025252741046, -0.4523817902879323, 0.32480695799320713, 0.7922710018202721, -0.48274503484256037, 0.2897474490848469,0.23518143370253936]
[-0.03265299556861487, -0.446235970189111, 0.2902798734844346, 0.8376651375152514, -0.4370765216597937, 0.2345941455427229,0.22857562967738063]
[-0.0503973746615569, -0.43679322462867426, 0.25670252034637886, 0.8784927195449636, -0.38627049612662884, 0.1829007117991175,0.21352511597458154]
[-0.06783263787374781, -0.4241944013016678, 0.2243273534179519, 0.9141932716742658, -0.330755863816123, 0.1358279282785502,0.19079306715997252]
[-0.08471993927512166, -0.40862623369517503, 0.19338450835254523, 0.9442560315886094, -0.27102188885698825, 0.09439785275160907,0.16129701784226275]
[-0.10084404851824455, -0.39031650053795997, 0.16407756077935742, 0.9682264483498964, -0.20761230248552898, 0.05947368741177196,0.12608551494144715]
[-0.11601739505543511, -0.36952822402526514, 0.13657981674797395, 0.9857119598299668, -0.14111871714412014, 0.03174342748201544,0.08631219341123246]
[-0.13008309037876456, -0.3465531027039431, 0.1110312278684972, 0.9963869764071817, -0.07217343437722686, 0.011707613147665356,0.043207874406587916]
[-0.14291683707776773, -0.3217043988425143, 0.08753601056178431, -0.9999970080303996, 0.0014417425284434003, 0.00032858689766089767,0.0019486763152203282]
