[0.3130598560608215, 0.02791396091815796, 0.07673889246084892, -0.9998790675223557, -0.015544967579555445, 0.00045055019132477154,3.6305653689648776e-05]
[0.339697890259832, -0.0010547206078268994, 0.09174720588807664, 0.9989487442436122, 0.03640055170598141, 0.015232612467588816,0.023331817910808003]
[0.3636738911719581, -0.03365251040405022, 0.10746534103179753, 0.9967974783346649, 0.05612556828524817, 0.027835119624045845,0.04969822819604778]
[0.3845510195032457, -0.06958605106967158, 0.12393769728810203, 0.9934135516054488, 0.07467146537605594, 0.036929193800834315,0.07867605983055777]
[0.4019210848964982, -0.1085081285224884, 0.1412039511098081, 0.9887873929001392, 0.09199392394308704, 0.0421356231427186,0.10982348957155937]
[0.4154117249723342, -0.15002002647579404, 0.15929802243684718, 0.9829116619404322, 0.10805300501586748, 0.04313042765225775,0.14264984801629463]
[0.42469351086587387, -0.1936749331646374, 0.17824709247719944, 0.9757813301167516, 0.12281328121164664, 0.039650756620533384,0.17662251060675]
[0.42948681086924895, -0.23898242955088145, 0.19807068808241068, 0.9673937577749756, 0.13624395214508625, 0.03149992852057373,0.2111744715279249]
[0.42956823336012195, -0.2854140593796045, 0.21877984726446112, 0.9577487675458856, 0.1483189433066392, 0.018551536659774475,0.24571249420471197]
[0.41173607168282766, -0.33602806322452206, 0.22791859350227886, 0.9516631890872905, 0.1560541243283215, -0.00512710161951059,0.2644957422063959]
[0.38808118874710473, -0.3854830828767169, 0.23709263341824313, 0.9451764193427418, 0.16359088741385305, -0.032207504582478404,0.2807885940029466]
[0.3586850483226619, -0.43310920351497995, 0.24629485477918117, 0.938291675224036, 0.17092910124188118, -0.06241346557359248,0.2941029307385586]
[0.32370706083918543, -0.4782434618035533, 0.2555177200661976, 0.9310124931646993, 0.1780687681298495, -0.09540461162473268,0.3039822551872113]
[0.2833837722098256, -0.5202390632953019, 0.26475329197226716, 0.9233427269001986, 0.1850100207927084, -0.13078010153095318,0.31000978360422893]
[0.23802694275050074, -0.5584744768475638, 0.2739932605138039, 0.915286544946023, 0.1917531190389448, -0.16808332201885284,0.31181609778636366]
[0.20244298672403915, -0.5543087833302149, 0.24317739647307132, 0.929015013407229, 0.18753366305937144, -0.16611902247669547,0.2723356393402958]
[0.16765656507561932, -0.5467291399126484, 0.21400503027046616, 0.9415185780221496, 0.18086886121114526, -0.1605513139255368,0.2346326871518911]
[0.13401386736040743, -0.5359725630190049, 0.18648515410879343, 0.9527970104893553, 0.17181471355189587, -0.1517676516355437,0.19905813454028953]
[0.10181018400316848, -0.5222924998152474, 0.16060575180582473, 0.962852112966243, 0.16044076364429277, -0.1401906158917805,0.16589503046674192]
[0.07129265799840512, -0.5059482649136436, 0.13633698513784562, 0.9716875343875171, 0.14682969308347668, -0.12626695349063916,0.1353552112078174]
[0.04266512734832682, -0.4871960036261028, 0.11363468857084089, 0.9793085879197015, 0.131076841988953, -0.11045634802815825,0.10757762918565257]
[0.016094607720480644, -0.46628158126864316, 0.09244407946459879, 0.985722071210022, 0.11328965821426937, -0.0932201748521721,0.08262838901763235]
[-0.008281108578658184, -0.4434356828154371, 0.07270358675852232, 0.9909360910333573, 0.09358707843038179, -0.07501049397948492,0.06050246301886468]
[-0.030345307197367076, -0.41887127917380595, 0.054348699295811514, 0.99495989387456, 0.07209884462315315, -0.05625952620181461,0.041127021490481294]
[-0.04999424627302317, -0.39278348178052175, 0.03731573534973323, 0.9978037039058136, 0.04896475990980474, -0.037369844231044315,0.02436627794642198]
[-0.06712966360043654, -0.36535167268181884, 0.021545437566699077, 0.9994785697304835, 0.02433388792123875, -0.018705492388708764,0.010027716721157922]
[-0.08165242602972375, -0.3367436693217428, 0.006986302371019243, -0.9999962211667538, 0.0016362996849292285, 0.0005842254549999178,0.002130459145761067]
