[0.2702428269730807, -0.027617856932631902, 0.04156288979394726, -0.9998795518471053, -0.015508754136292541, 0.000593803943063013,8.797755068929374e-05]
[0.30240512587272533, -0.03779035930321724, 0.06935165343026087, -0.9986631113546847, -0.01641405539858309, -0.04760513933017833,0.011675594807444246]
[0.33175695843339764, -0.050580112112494205, 0.10070304019852153, -0.9948933657235388, -0.01864696216683402, -0.09746757590613123,0.018426971759365755]
[0.35776453036274397, -0.0656046280920594, 0.1354169732199661, -0.9884736633694476, -0.02210967628370224, -0.1484128158091052,0.020115047681442767]
[0.379950872409714, -0.08241224512399203, 0.17324782262762836, -0.9793261284496375, -0.026693359051677006, -0.19983136004637408,0.016589944556843535]
[0.39790793106848754, -0.1004909710298188, 0.21390658526029482, -0.9673925169091154, -0.0322799112299045, -0.2510959220325573,0.007782255319423954]
[0.41130714615120156, -0.11927913533093065, 0.25706387991818913, 0.9526348485728356, 0.038743824404142514, 0.30157276162317603,0.006295300002611343]
[0.41990819803442797, -0.1381775732343286, 0.3023536996653816, 0.9350358107554905, 0.045954079129242216, 0.3506330869625113,0.025547867686880384]
[0.423565662398138, -0.15656301594891567, 0.3493778454215236, 0.9145989316714238, 0.053776065056876966, 0.3976642813300987,0.049800084002992864]
[0.4222333740553967, -0.17380232149544667, 0.3977109498875134, 0.8913485247235011, 0.06207349838470346, 0.4420807196137993,0.07879927421790218]
[0.39844708665908846, -0.21754243390330022, 0.3637452842192083, 0.9094518442284406, 0.056144318236092734, 0.39690906638066037,0.11049140954900312]
[0.3680559951580848, -0.257087252642097, 0.3303070828395275, 0.9259993288301491, 0.04999474395867007, 0.3493713179931817,0.1340352593399505]
[0.33187968300213855, -0.2913659038932506, 0.29758951928317495, 0.9409412066369315, 0.043704946195856235, 0.30070691902500507,0.14931467503612014]
[0.2909136790160114, -0.3194755806173102, 0.2657791373875594, 0.9542367864159732, 0.037359111464351565, 0.25214717011134063,0.15639135796441384]
[0.24629434627772404, -0.34071025496724294, 0.23505380825294442, 0.9658548878446795, 0.031044687811581626, 0.2048903520121821,0.1555008251989274]
[0.19925916110766778, -0.3545819554677871, 0.2055807811239664, 0.9757742003288071, 0.0248515908099242, 0.1600777733667566,0.1470449417043466]
[0.15110397834621148, -0.36083389412482336, 0.17751485755094468, 0.9839835667276028, 0.018871376280514635, 0.11877121222148601,0.1315811943810492]
[0.10313898153817937, -0.35944507584808966, 0.15099671650657756, 0.9904821889096024, 0.013196386463080816, 0.08193219067397342,0.10980894757952958]
[0.06065657741212408, -0.346295687931132, 0.12168928166473575, 0.9958798075368088, 0.007402158875667746, 0.04836093340201917,0.07635336996435726]
[0.020909216294533895, -0.3266813298525495, 0.0948541393768558, 0.9990316437276773, 0.0023810943049864747, 0.020659277905126373,0.038772405872285254]
[-0.015094462112508358, -0.30124658340600574, 0.07062544733101592, -0.9999961456837261, 0.001738869322198578, 0.0007164195950970535,0.0020424725546927306]
