[0.287044976505591, 0.08068803649501764, 0.022946398844304466, -0.9998795495967906, -0.015508865821466851, 0.0005955996715678417,8.148670219674784e-05]
[0.3141302887619546, 0.06042888673093416, 0.05190823073233233, 0.9998150765474642, -0.002255763503428124, 0.01769155072568121,0.007192584537279301]
[0.33684568157319766, 0.03460138987870155, 0.08343298790461465, 0.9989301204704432, -0.02222689384582727, 0.035893593721394126,0.018874043992638645]
[0.35413353980356166, 0.004045821070441782, 0.11726802763436256, 0.9969626211410935, -0.04475429269862536, 0.05350260704555049,0.03464182979947984]
[0.3650646642350699, -0.030203057430136536, 0.1531402199159097, 0.993604788314901, -0.07011947500035406, 0.07005726789372735,0.05408107874887833]
[0.36887200572101064, -0.06693480542772086, 0.1907456800760205, 0.9885135473202004, -0.098526408230377, 0.08515633282700925,0.07669362832146581]
[0.3649852647958429, -0.10478845723668982, 0.2297396510870099, 0.9813222380233508, -0.13009410946278196, 0.09847034153289944,0.10191064557896931]
[0.35306491151143404, -0.14228542848676143, 0.26972766880493737, 0.9716532686064314, -0.16485132251986356, 0.10975123287869812,0.1291070639101366]
[0.33303343886903025, -0.1778711442261953, 0.3102590912648519, 0.9591314007238684, -0.20273341466673012, 0.11883961525348123,0.15761746276806646]
[0.3051010886380367, -0.20996563245057182, 0.3508239458137826, 0.943397325327781, -0.24358158026495913, 0.12566949328793825,0.186752988668903]
[0.2697829756759934, -0.23702239136239345, 0.39085385218110397, 0.9241211791863223, -0.2871443846428781, 0.13027031818849344,0.21581888876188068]
[0.22790455575925347, -0.2575937850271615, 0.42972752670790565, 0.9010156510967514, -0.33308162638008454, 0.1327662975244885,0.24413221190235093]
[0.18059276797448126, -0.2704001659796504, 0.46678107760265886, 0.8738483340596429, -0.38097044150318216, 0.13337297067990173,0.2710392267810611]
[0.12925093208716734, -0.2743989883946042, 0.5013229807443257, 0.8424529950879084, -0.43031352000080964, 0.13239112659391356,0.2959321124364847]
[0.07551654948179565, -0.2688494805584558, 0.5326532994772384, 0.8067394575437682, -0.4805492548065315, 0.13019820913368915,0.318264493283895]
[0.02120246096628697, -0.25336809173943764, 0.56008639997525, 0.7667018214195042, -0.5310635971235635, 0.12723742077224173,0.33756541824870656]
[-0.031776757198151456, -0.22796998807819552, 0.5829761355701635, 0.7224247841273582, -0.5812033507427931, 0.12400479556746578,0.35345142104702476]
[-0.019061535149366197, -0.24697576040766658, 0.5699624925329625, 0.752854349586885, -0.5475877009753589, 0.09192468476920654,0.353423103911886]
[-0.008709062070823531, -0.2662063089679906, 0.5546154142805437, 0.7813595428412476, -0.5137220514508103, 0.06124575022679308,0.34902131273497494]
[-0.000780739837019602, -0.2853371606188125, 0.5371192460721836, 0.8079007352241434, -0.47981312163501283, 0.032472930027855756,0.3406189647488221]
[0.0047106765456046, -0.3040525523227097, 0.5176704712344923, 0.832457868802769, -0.44606122094427175, 0.006039018678704424,0.3286439016495761]
[0.007797874546102347, -0.32205171002586286, 0.4964739616684136, 0.8550297944481478, -0.41265824025933145, -0.017700850284873636,0.3135664319585613]
[0.008554893668130024, -0.33905411961161247, 0.47373935820080715, 0.8756334111565642, -0.37978575350746213, -0.03847269033661183,0.2958864018459652]
[0.0070923906775780254, -0.3548037021632945, 0.44967766454076014, 0.8943026187748968, -0.3476132490022752, -0.05608509314474278,0.27612011425716476]
[0.003552506690780645, -0.3690718607440914, 0.4244981291389076, 0.9110870982091873, -0.3162965087830798, -0.07042863055424635,0.25478741335994526]
[-0.0018964249199484653, -0.3816594189105074, 0.3984054780238845, 0.9260509349649093, -0.2859761525607065, -0.08147330088764398,0.23239924109098228]
[-0.009065108900286029, -0.39239751981690796, 0.37159754904030845, 0.9392711034610527, -0.25677636107201646, -0.0892641385675883,0.20944595523298282]
[-0.01774826336686877, -0.4011475969145321, 0.3442633642072913, 0.9508358309621546, -0.22880379168981552, -0.09391514811825134,0.1863866744721829]
[-0.027729181718532486, -0.40780056114295943, 0.3165816625485597, 0.9608428611685664, -0.2021466970491395, -0.09560176127405091,0.16363988589224235]
[-0.03878376375835253, -0.4122753738422298, 0.28871990112074114, 0.969397638483535, -0.17687425525667932, -0.09455204836723798,0.14157551511296218]
[-0.05068394265436561, -0.41451718856225306, 0.26083371749324147, 0.9766114347263272, -0.15303611797045757, -0.09103694166055747,0.1205086196560636]
[-0.06320047935690747, -0.4144952482192779, 0.233066833010686, 0.9825994405762248, -0.1306621802955343, -0.08535974826044537,0.1006948230874904]
[-0.0761051396264028, -0.41220071688159265, 0.20555136317741354, 0.9874788443078386, -0.10976257406291295, -0.0778452432681571,0.08232756209229522]
[-0.08917230866906188, -0.40764460860049473, 0.17840848979423163, 0.9913669204113451, -0.09032788366773516, -0.06882863964336265,0.06553717197955855]
[-0.10218013252648835, -0.40085595034431076, 0.15174943936390775, 0.994379150482021, -0.0723295812641612, -0.05864472977931843,0.05039178931052582]
[-0.11491130214381783, -0.3918802838488406, 0.12567670403083406, 0.9966273983143755, -0.055720675772782634, -0.047617485104141974,0.03690000451084712]
[-0.12715361417899618, -0.38077857399028203, 0.10028543514638483, 0.9982181604523416, -0.04043656787634096, -0.03605038438104435,0.025015153557490424]
[-0.138700451303358, -0.367626551260289, 0.07566493561069082, 0.9992509125358419, -0.026396100984618056, -0.02421771919604941,0.014641097159662712]
[-0.1493513236665019, -0.3525144753359687, 0.05190017552782894, 0.9998165706554614, -0.013502796062421945, -0.012357096961492564,0.0056392992414091465]
[-0.15891260254891634, -0.3355472678529555, 0.029073256454240637, -0.9999960855929834, 0.0016462562572948085, 0.0006633283329859029,0.002163015156912833]
