[0.24911572842528695, 0.0004702312296314982, 0.04801935435241575, -0.9998813906473721, -0.015390327799637728, 0.0005746407789585423,0.00011061316581801835]
[0.2659763248727821, -0.02413641663535708, 0.06242810171232119, 0.9972076069640025, 0.06012812077605456, 0.03069158507891006,0.03193155665500935]
[0.28064322350425674, -0.04938105064035013, 0.07863739839387315, 0.9905544307088934, 0.10400491322422756, 0.057310004717179994,0.06855990947717408]
[0.2929082599650145, -0.07496996049117582, 0.09654496834226928, 0.9799776044750875, 0.14684471693951517, 0.07854551384969276,0.1091381055741328]
[0.3026145795605914, -0.10058888280443454, 0.11601075856941936, 0.965558070596381, 0.18847743777986142, 0.0937519436690484,0.1529197201554089]
[0.30966157600814853, -0.12591287253939829, 0.1368606344401023, 0.9474014037293883, 0.22874001042478562, 0.10238805422144545,0.1990609810967487]
[0.3140075393646933, -0.15061700427272257, 0.15889096138838602, 0.9256370760362539, 0.2674774893312619, 0.10403166902897573,0.24663578006271722]
[0.315669840647348, -0.17438737135995677, 0.18187393992453182, 0.9004175599989274, 0.3045440872056255, 0.0983916327283811,0.2946526823273704]
[0.3147226082974734, -0.19693182087109073, 0.20556354104261795, 0.8719172750461576, 0.3398041526830621, 0.08531731441620034,0.34207361657432306]
[0.3096314869845422, -0.21566488147469232, 0.22091427617875675, 0.8525290374013006, 0.3608098995407426, 0.06719382017788994,0.37214976462563154]
[0.3030683709623146, -0.23362289116316165, 0.23639131600308955, 0.8319868587751984, 0.38103797676885703, 0.04524612482998787,0.40070028109940675]
[0.291574902062993, -0.25442358905215917, 0.24970662394248122, 0.814075499181063, 0.3971753121938698, 0.01520076688993578,0.4234404204876565]
[0.2784230496934937, -0.2741488318487767, 0.26304005397348107, 0.7954369813387899, 0.4127490846431422, -0.018171288680973084,0.44338246031226247]
[0.25039433241413467, -0.29790209593835093, 0.2472203753297953, 0.8220569907221271, 0.38957819630865675, -0.04621734147360945,0.4126924888011488]
[0.22025623694523208, -0.3178220664139885, 0.23123705909014358, 0.8471412035412493, 0.3651889397091892, -0.07012942452655156,0.37956644134108686]
[0.18859678763593696, -0.33371051232982396, 0.2151859713276583, 0.8705947836160242, 0.3396285242065081, -0.08961702394984516,0.3445083123877429]
[0.15602402803519597, -0.34547050967522996, 0.19916343883972143, 0.8923284344580764, 0.3129483173097151, -0.10445286162489276,0.3080631679525932]
[0.12314743923456123, -0.35310846671232937, 0.1832648437330403, 0.912258739810389, 0.2852036456440543, -0.11447901191289049,0.27080884029578955]
[0.09055917908914252, -0.35673260065242185, 0.16758322568565523, 0.9303084821648511, 0.25645358024646064, -0.1196118830668624,0.2333467090406522]
[0.05881583759134168, -0.3565478616285543, 0.1522079132551953, 0.9464069380243779, 0.22676070716347269, -0.11984592854412476,0.1962917287035799]
[0.028421398803649963, -0.35284743840593336, 0.13722320524505208, 0.9604901487685071, 0.19619088438870855, -0.11525597645986525,0.16026188221692228]
[-0.00018793297584078494, -0.346001116574838, 0.12270712247073631, 0.9725011660782177, 0.16481298623391286, -0.10599809126706135,0.12586725623809772]
[-0.026656445024222757, -0.3364408884546458, 0.10873024929669806, 0.9823902709767132, 0.13269863627939224, -0.09230890989642346,0.09369894649153794]
[-0.050718653365531, -0.32464432917296737, 0.09535468305284608, 0.9901151656476505, 0.09992193009621111, -0.07450342449097766,0.0643180097600286]
[-0.07220566021362612, -0.31111635038049934, 0.08263310790764097, 0.995641137300345, 0.06655914897366394, -0.05297121492802091,0.038244683189000275]
[-0.09104785254573851, -0.29637001748595126, 0.07060800799269176, 0.9989411934623944, 0.03268846592106445, -0.028171165909367333,0.015948091138493964]
[-0.1072738022773137, -0.2809071646607791, 0.05931103256755363, -0.9999961681934895, 0.001610354757329147, 0.0006247348727596374,0.002163345148829783]
