[0.2354353105767994, 0.027640498610521955, 0.07957304000587104, -0.9998795054847097, -0.015514979056282147, 0.0005056298041354374,6.538376709626645e-05]
[0.2652858688506432, 0.013379477283768359, 0.09180303871862794, 0.9997511316583395, -0.002763445818710768, 0.0190708150621747,0.011240201419060783]
[0.2949375050378413, -0.002934897906881738, 0.10303863304176647, 0.9988041215035856, -0.02043070987624384, 0.03818585516143223,0.022688178132980838]
[0.3241444942706644, -0.021316863856214313, 0.11319489329230503, 0.9970933251314062, -0.037458627261167825, 0.05682556642561639,0.034243352968320796]
[0.35265621460134633, -0.04175307233151749, 0.12219431191424326, 0.9946744548395959, -0.0538232570575859, 0.07497798961172811,0.04587032769721215]
[0.38022046995779823, -0.06420186833756636, 0.1299672967274633, 0.9916037780551112, -0.0695049108995904, 0.09263313469994784,0.0575336168107946]
[0.40658690588960855, -0.08859297340644122, 0.13645261596558406, 0.9879378125024593, -0.0844881389651828, 0.10978297859447897,0.06919776450854567]
[0.43151046814994237, -0.114827584796804, 0.14159779238106573, 0.9837330250982276, -0.0987616946688685, 0.1264214561914216,0.0808274607522953]
[0.4547548529271559, -0.14277889539353159, 0.145359443998133, 0.9790455360398997, -0.11231847847160481, 0.14254444489982224,0.09238765600647596]
[0.4760958970781798, -0.17229303277394947, 0.14770356941098844, 0.9739308295181118, -0.12515546132709407, 0.15814974272341367,0.1038436742930607]
[0.4953248570370792, -0.20319040954715076, 0.1486057758544803, 0.9684434724357127, -0.13727358838038972, 0.17323704003143553,0.11516132419774179]
[0.5122515261777387, -0.23526747077503896, 0.14805144861490435, 0.9626368424646528, -0.1486776636279475, 0.18780788516723457,0.12630700747317808]
[0.5163760660839166, -0.28334057846543204, 0.15547084664440008, 0.9567040278067718, -0.15355014154423174, 0.20169432142625712,0.1430355127737448]
[0.5154472158060092, -0.3328456807325044, 0.16267315766347565, 0.950278379694424, -0.1580542603400542, 0.2139464227844165,0.16191596601771752]
[0.5092754586634267, -0.3832120641962854, 0.16964411047786285, 0.9433763599741802, -0.16217568739349456, 0.22434225120326226,0.18278578770070228]
[0.49773884755493886, -0.4338477348435774, 0.17637003386138095, 0.9360150748216725, -0.16590079124043505, 0.2326760070446295,0.2054618770432709]
[0.4807852013952051, -0.4841476632724184, 0.18283790442121636, 0.9282122446107889, -0.16921666686475975, 0.23875985373795472,0.22974220520577568]
[0.45843327644041565, -0.5335022370142578, 0.18903539316100618, 0.9199861727091022, -0.17211115969864282, 0.24242558593640418,0.25540756843648493]
[0.4196405286402806, -0.5409448759051421, 0.18472025620835705, 0.9284045937032814, -0.1656951143766477, 0.21045393736908855,0.25752510500571163]
[0.38099358067924344, -0.5450119677792723, 0.18002077685512174, 0.9365484759778561, -0.15863708356769812, 0.17932563916784713,0.256034261374789]
[0.34279602321880775, -0.5457614442889757, 0.17496102088950036, 0.9443760156183149, -0.15094545106333548, 0.1494270160818262,0.25107962639976317]
[0.30534304770669546, -0.5432798045700516, 0.16956589403232117, 0.9518459749801347, -0.14263116338286028, 0.12112591344132499,0.2428458445993541]
[0.2689186958026125, -0.5376810858550048, 0.16386100413541363, 0.9589178368522645, -0.1337076855921048, 0.0947676266711072,0.2315554661745274]
[0.2337932277954407, -0.529105563475422, 0.1578725231007531, 0.9655519551503453, -0.12419094793860462, 0.07067107062949593,0.21746638850989713]
[0.20022063708181165, -0.5177181937069162, 0.15162704922729706, 0.9717097015954979, -0.11409928356320487, 0.04912522946110682,0.2008689153302366]
[0.16843633626794702, -0.5037068156570386, 0.14515147068119652, 0.9773536078531853, -0.10345335758026275, 0.030385924829418345,0.1820824637190347]
[0.13865503866641923, -0.48728013097477385, 0.13847283077031516, 0.9824475026272276, -0.09227608784941634, 0.014672937175002081,0.16145195293767572]
[0.11106885690600407, -0.46866548254039203, 0.1316181956858014, 0.9869566432264134, -0.08059255779130393, 0.0021675110583363553,0.13934391237408905]
[0.08584563807804557, -0.4481064554493909, 0.12461452535197248, 0.990847841145233, -0.06842992162750802, -0.006989728271238086,0.11614234896272138]
[0.06312755233155522, -0.4258603255092903, 0.11748854800112266, 0.9940895812259302, -0.05581730245128777, -0.012700424147111545,0.09224441702130236]
[0.04302994912897164, -0.40219538210119826, 0.11026663906218812, 0.996652133996258, -0.04278568356023492, -0.014909685120695362,0.06805593561615735]
[0.025640492514732466, -0.37738815360039435, 0.10297470492167496, 0.9985076608058907, -0.029367793504784356, -0.013606815142853647,0.0439868002732325]
[0.01101858376107687, -0.35172056458597, 0.09563807208206346, 0.9996303114142818, -0.015597985327430602, -0.008825568288488142,0.020446337077742294]
[-0.0008049233271251574, -0.3254770547865635, 0.08828138220721357, -0.9999963137137536, 0.001512110486486249, 0.0006439239418225641,0.0021613520625103954]
