[0.22187870139048554, 0.05662160492594611, 0.04826101797688212, -0.9998794706344922, -0.015513366274859131, 0.0006142975866278358,4.805189960557093e-05]
[0.26105221915621846, 0.028836016920239696, 0.07428822149443942, -0.9985643108358685, 0.03706505413523455, -0.03669286624317247,0.012211979925478265]
[0.29426188151439764, -0.009478275969693303, 0.10277975771133971, -0.992986221115648, 0.08893768975432138, -0.07604188853149917,0.016913994329926275]
[0.3191177366005151, -0.05673785092138215, 0.13359722564841311, -0.9832425202766694, 0.13974078032302226, -0.11624843038912214,0.013891114669529874]
[0.333653661045905, -0.11085210012362236, 0.1665880386161225, -0.9694622560297725, 0.18912146780454336, -0.15609825126373,0.003056223408825909]
[0.33643078511768637, -0.16933282171750505, 0.2015862430880323, 0.9518050713482994, -0.23674057827786635, 0.19437280404610624,0.015498961241786888]
[0.3266135070464532, -0.2294242200540899, 0.23841343057835976, 0.9304598263919981, -0.28227529007802765, 0.22987504923480997,0.041504624094576184]
[0.3040142076542969, -0.2882466327221407, 0.27687973667515575, 0.9056429871936887, -0.3254216666665103, 0.2614549489102939,0.07451730202576351]
[0.2691043747834003, -0.3429465935530127, 0.31678492070233444, 0.8775967941999596, -0.3658970338037544, 0.2880341067023349,0.11392796337930523]
[0.2229915658525437, -0.3908455094190555, 0.3579195188551246, 0.8465872255498397, -0.4034421818525163, 0.3086290368417011,0.15897356087120396]
[0.16736338827691216, -0.42957929218067653, 0.4000660630798574, 0.8129017716479764, -0.4378233754551481, 0.32237257339844216,0.2087518274820795]
[0.10440137164116231, -0.45722174338509136, 0.44300035745514343, 0.7768470391274741, -0.4688341543883711, 0.3285329693107124,0.2622390160782803]
[0.03666915525628981, -0.4723853158025559, 0.4864928033817577, 0.7387462036894057, -0.49629691109311874, 0.3265302829548609,0.318310221148079]
[-0.03301925990125697, -0.4742940309733256, 0.5303097645066894, 0.6989363325395237, -0.5200642321907356, 0.3159497067439653,0.375761866426682]
[-0.10174441346406166, -0.4628247569458404, 0.574214961996007, 0.657765598207563, -0.5400199932154282, 0.29655155632547436,0.43333589648585]
[-0.0954644332059447, -0.4808891716077163, 0.5036584074195447, 0.7188391006971416, -0.5112496805933002, 0.24607064885374547,0.4016756741139178]
[-0.08608933091129044, -0.489700651772196, 0.4326795368706504, 0.7770503525366089, -0.4730136172374662, 0.19853093926221474,0.36474146143031605]
[-0.07443694000217062, -0.48914749600169394, 0.36250052295333196, 0.8310038156196738, -0.4257532961319312, 0.1546246766741616,0.3228900720396191]
[-0.06134741987249357, -0.4793161087869108, 0.29431262275945097, 0.8793764288045263, -0.3701182007956575, 0.11499820883512768,0.27655926284884413]
[-0.04765832660233896, -0.46048761215053124, 0.2292581540334652, 0.9209485730264061, -0.30695356469250606, 0.0802420665329939,0.2262618963097957]
[-0.03418034670381205, -0.43313033720265454, 0.1684135196641804, 0.9546329575804179, -0.23728353195688368, 0.050881812572087536,0.17257891792658178]
[-0.02167425492871447, -0.3978884229600132, 0.11277347718903852, 0.9795007474563473, -0.16229007168234122, 0.027369797347600134,0.11615124863275951]
[-0.010829614765487335, -0.3555668212601898, 0.06323682603593356, 0.9948043109169428, -0.08328809808009638, 0.010077950043136698,0.05767070852863975]
[-0.0022456894424268603, -0.30711306969546465, 0.020593661526840862, -0.9999960404524958, 0.0016973389679295213, 0.0007082805487178256,0.0021298963409018762]
