[0.2744158896619103, 0.025783821288034556, 0.035982770448120316, 0.9998788630704475, 0.01555837382393701, -0.00044226084733160824,2.4377185170430134e-05]
[0.3136641753870042, 0.01610161841436901, 0.06130102086189551, 0.9958501573688947, 0.07131894877429261, 0.054315566773900814,0.015680906227250352]
[0.35030886908686615, 0.005597882222564148, 0.0906432269703549, 0.9855110846979239, 0.12618653296444843, 0.10669330187891392,0.038228264021646134]
[0.38387226393189633, -0.005501195760619467, 0.12371114475998951, 0.9689796359766194, 0.17968899696910307, 0.15573633578478216,0.06735371665458134]
[0.4139361596659883, -0.016933023380519562, 0.16013924210771072, 0.9464271985724911, 0.2313683320367499, 0.20053376486508254,0.10261803877386712]
[0.44015263179759323, -0.028406447774852347, 0.19950233148258295, 0.9180767401939519, 0.2807858975079229, 0.24023538681836618,0.14346197334397473]
[0.4622527700432079, -0.03961093263069683, 0.24132459550217938, 0.8842004048358862, 0.3275274406000094, 0.2740677037662144,0.18921499278433773]
[0.4800530847102697, -0.05022673267475687, 0.2850897702623854, 0.8451165499562733, 0.3712078250583159, 0.30134861863971824,0.2391062057944433]
[0.4934593604080426, -0.059935681438817945, 0.33025222105811597, 0.8011862611479156, 0.4114754088661546, 0.32150053587774774,0.2922772113534962]
[0.502467825556561, -0.0684321795282193, 0.37624862218040656, 0.7528093871882955, 0.44801601568176747, 0.3340616078674762,0.34779666243771556]
[0.5071636003037935, -0.07543395807358325, 0.42250993754315347, 0.7004201444156896, 0.4805564498684156, 0.33869490420035925,0.4046762677193702]
[0.5077164811402437, -0.08069219634676203, 0.46847339236340857, 0.6444823448114811, 0.50886751083784, 0.33519532098062294,0.4618879305986392]
[0.5043742141356113, -0.08400059358400223, 0.5135941281569254, 0.5854843068959821, 0.5327664688598155, 0.3234940913009151,0.5183817019634963]
[0.4974534968063028, -0.0852030321288626, 0.5573562438366833, 0.5239335125061849, 0.5521189714172589, 0.30366080470734785,0.5731042065441206]
[0.48732902785803117, -0.08419952069219189, 0.5992829443968533, 0.4603510756669749, 0.5668403565164347, 0.2759028920716899,0.6250171929659681]
[0.47442099147412875, -0.08095017084953995, 0.6389455449772671, 0.3952660920514515, 0.5768963569988983, 0.240562581790994,0.6731158548109122]
[0.4763565033295251, -0.1418499446046807, 0.596842989270453, 0.46564904293793735, 0.5655270115541579, 0.20389092795261307,0.6494448841219933]
[0.4678515718423659, -0.20090996999137445, 0.5521021402739261, 0.534234665573692, 0.5486089066938975, 0.167875999229815,0.6208375298563091]
[0.4493157093274276, -0.25614527228141665, 0.5052591009030496, 0.6003496944715188, 0.526199535395835, 0.13316925032841032,0.5873331627484789]
[0.42156479232312605, -0.3056841019941469, 0.45691187107186415, 0.6633330513316289, 0.49842632398065195, 0.10042497446977028,0.5490676525501671]
[0.3857944102031779, -0.34785558339710687, 0.40770727200554197, 0.7225442599007148, 0.46548535321533124, 0.07028601506472773,0.506273695260625]
[0.34353333080240267, -0.38127053437063757, 0.35832621568591516, 0.7773716405493313, 0.4276390975988762, 0.043369500533973517,0.4592790231415913]
[0.2965788969016368, -0.40489079058338884, 0.30946774121453346, 0.8272401657014723, 0.38521321485002996, 0.02025291318618695,0.4085025175718973]
[0.24691728932740295, -0.4180828770151026, 0.2618322819532167, 0.8716188621194163, 0.33859243191787897, 0.0014607973184441886,0.3544482900463553]
[0.19663256635212592, -0.4206526526679413, 0.21610465478785496, 0.9100276526482947, 0.28821558743260245, -0.012547600570173446,0.2976978405972178]
[0.14780914863523195, -0.41285856617028227, 0.17293727481999588, 0.9420435382573962, 0.23456990319602575, -0.021389485110969966,0.23890044468100263]
[0.10243291064351091, -0.3954023411954721, 0.13293409479033008, 0.9673060309528562, 0.1781845688851386, -0.024768209046830792,0.17876195824073488]
[0.062296226580354656, -0.3693971892464327, 0.09663574866624183, 0.9855217592296833, 0.11962373442865211, -0.02248129379456972,0.11803226540016913]
[0.02891218402801534, -0.3363149438897953, 0.06450634368742705, 0.9964681800097875, 0.05947901335910111, -0.014426588114656356,0.057491623330534154]
[0.0034427253006886743, -0.2979147431480488, 0.03692229586267953, -0.999996344288186, 0.0016383922944317503, 0.0006064180502250638,0.002063816392562988]
