[0.3122514049115113, 0.07269040049548176, 0.01725815876303119, -0.9998796039261151, -0.015511481456533732, 0.00041248694249477303,3.808019744145473e-05]
[0.35488858817786595, 0.06059912426510042, 0.043843014550267734, 0.998533280459531, 0.010651060391212979, 0.05304194100516673,0.0020964783983673514]
[0.3945883471439111, 0.044811645239543285, 0.07443057517745078, 0.9942929454463215, 0.005497052810906806, 0.10625159006625018,0.007868967814540368]
[0.43068394799146686, 0.02571277435483854, 0.10876235331054904, 0.9871597297327266, 0.0002556572888964548, 0.1587993547100408,0.017273319803554857]
[0.4482285384401208, -0.028316880735888533, 0.1343780723592607, 0.9816989465073817, -0.004187578869554798, 0.18560232079931846,0.04244315166685712]
[0.4572816330304683, -0.08587861542705238, 0.16123718208378948, 0.9752442225221425, -0.00882409485731649, 0.20822130377871806,0.0739238151059735]
[0.45724615622379405, -0.14548225035366025, 0.18924812663840884, 0.9677921320489556, -0.01363140346608298, 0.22554315887367282,0.11100836666200971]
[0.4477978418778549, -0.20554302621399598, 0.21831430049731598, 0.9593411282844165, -0.018586550770176704, 0.23657384350690985,0.1528134689116726]
[0.4288995220093911, -0.26443225253039965, 0.24833442820041343, 0.9498915587685729, -0.023666206861117138, 0.24046487243449394,0.1982992243002489]
[0.40080597626776804, -0.32052998475938055, 0.27920296670214056, 0.9394456746566271, -0.028846757256064094, 0.2365365168069779,0.2462928443572555]
[0.36405908459746184, -0.3722779699294669, 0.3108105282465313, 0.928007633840467, -0.034104394607403374, 0.2242972043166455,0.2955156272314842]
[0.3194733534208185, -0.41823107604424153, 0.34304432156972503, 0.9155834979409898, -0.03941521034250603, 0.20345866182029662,0.3446126411234679]
[0.2681122137283404, -0.45710545656326507, 0.3757886091240845, 0.9021812232159637, -0.044755285865963355, 0.17394643633491264,0.39218444914349665]
[0.21125580637847963, -0.4878217975383393, 0.40892517792665173, 0.8878106454516306, -0.050100782961360064, 0.13590553300867708,0.43682016375969346]
[0.15036126466294336, -0.5095421485038067, 0.44233382155951084, 0.8724834589292659, -0.05542803303586317, 0.08970101730905705,0.4771310873777978]
[0.0870167664813208, -0.521699044051883, 0.4758928307912235, 0.8562131895804082, -0.06071362485854668, 0.03591354084856711,0.5117841804206128]
[0.022890849065485417, -0.5240158743757058, 0.5094794902472101, 0.8390151624663551, -0.06593449045239816, -0.02467013648564025,0.5395345998970954]
[0.0010970650515280296, -0.5211562121896398, 0.45532957644218536, 0.8707941231196548, -0.06517648484757468, -0.04830086790366534,0.4849089060049717]
[-0.01884669982859611, -0.5118885242002378, 0.4016925899876123, 0.8997470263201819, -0.06217873516483692, -0.06612996584674129,0.42686756861865255]
[-0.03635464955885119, -0.4964773484706728, 0.3493141760003545, 0.9255324083414406, -0.05716724256406878, -0.0776490705982322,0.36618614026550067]
[-0.05089132134413452, -0.4753311111231785, 0.2989227229412535, 0.9478474778327589, -0.050404809989276204, -0.08245648434956512,0.30371934756405106]
[-0.061989594261748854, -0.44899263977604265, 0.2512123531760987, 0.9664326556007561, -0.04218658125802976, -0.08026903846292618,0.24038530740140426]
[-0.06926693794823943, -0.4181254202414053, 0.20682667691108028, 0.9810755090877545, -0.03283506666095558, -0.07093154481732825,0.17714801668492258]
[-0.07243925135686075, -0.3834959978471897, 0.1663437743626518, 0.9916140223017906, -0.022694730398634958, -0.0544235870792668,0.11499849197282071]
[-0.07133172278192972, -0.3459530691771196, 0.1302628364210744, 0.997939151631704, -0.012126221819698194, -0.030863466679173703,0.05493496891341829]
[-0.06588624799891195, -0.30640393505430336, 0.09899284619119428, -0.9999966283985007, 0.001500337845030299, 0.0005091817180628398,0.002057404180049243]
