[0.3695148541840422, 0.06834107967140447, 0.040241354880191565, -0.9998792000493556, -0.01552952501274486, 0.000641853689403138,8.47666269567669e-05]
[0.4246470766938636, 0.0490259035500204, 0.09274658120918985, -0.9954824015663593, 0.05312805710218319, -0.07319933352859416,0.028880015429202554]
[0.47117563587155054, 0.02032339452433929, 0.15388170075221408, -0.9802877283822752, 0.11870829956328542, -0.14810008338088632,0.05486961363529711]
[0.5065750487506392, -0.015827356797273782, 0.2224774278265667, -0.954820726635771, 0.1799023835950187, -0.2233804263774559,0.07780551056959484]
[0.5288476401763361, -0.05695204268184502, 0.2971433110857311, -0.9197970696532346, 0.2354893552743442, -0.29834466973964985,0.09751190823553806]
[0.5366456639509785, -0.10017641556342637, 0.3763041804356105, -0.8761083338207714, 0.28436146966720405, -0.37229364871705284,0.11388670292638893]
[0.5293567078347354, -0.14238766751768178, 0.45824282248014586, -0.8248042093395513, 0.3255472767931846, -0.4445369136819472,0.12690121828583265]
[0.5071468251465991, -0.1804119727663255, 0.5411473577478504, -0.7670715046772071, 0.35823195756392523, -0.5144045923134667,0.13659826755482704]
[0.470958597001202, -0.21119716148829595, 0.6231616137239713, -0.7042103722558941, 0.3817744745161815, -0.5812586764321747,0.14308862039807865]
[0.42246427745756676, -0.231989170251701, 0.7024366810615538, -0.6376082426962181, 0.395721168377408, -0.644503498785184,0.14654598526577348]
[0.4185340949830052, -0.2701080669981339, 0.6631527268501873, -0.6736029380676976, 0.38835303545478433, -0.6243801870558107,0.07476886846657489]
[0.40867221286350175, -0.3073082519326437, 0.6230488274440944, -0.7085692465683641, 0.3785736438651533, -0.5954255575075134,0.00894563888541931]
[0.39308750286247923, -0.34270646758004375, 0.5823635550073001, 0.7423213901591302, -0.36642983973272797, 0.558754781725629,0.049811847630947884]
[0.37212006468273695, -0.3754655841807132, 0.5413402624078154, 0.7746783563247707, -0.35198111167579854, 0.5156230069818014,0.10057661724509494]
[0.34623200831554635, -0.40481419562573917, 0.500225048426421, 0.8054648349090386, -0.3352992433553774, 0.46739619072179833,0.14262404435795265]
[0.3159952638095948, -0.4300644429754902, 0.4592646805217899, 0.8345121244361999, -0.31646789794011376, 0.4155197917100583,0.17544482448786072]
[0.2820767533501989, -0.450627606992752, 0.41870449749679106, 0.861659002819957, -0.2955821369931993, 0.3614860016768227,0.19875319806623318]
[0.24522133235231441, -0.46602707412760586, 0.3787863147663302, 0.8867525575737322, -0.2727478766694196, 0.3068002304096357,0.21249027278763283]
[0.20623296621364934, -0.4759083547634293, 0.33974635500665407, 0.9096489708782515, -0.24808128447509553, 0.2529475707660883,0.21682239855895838]
[0.16595465563916667, -0.4800459160276809, 0.30181322676777655, 0.9302142551318251, -0.2217081201882213, 0.2013599677969534,0.21213465619968697]
[0.12524765465373466, -0.47834668155662907, 0.2652059731563975, 0.9483249349039969, -0.19376302485854513, 0.15338479814591935,0.1990196265063641]
[0.08497054065454435, -0.4708501445434043, 0.23013221195162328, 0.963868671532498, -0.164388762105734, 0.11025553256861544,0.1782617078049381]
[0.045958694708359865, -0.45772513533918396, 0.19678638750874852, 0.9767448269447234, -0.1337354162063153, 0.07306510656078262,0.15081734546168]
[0.009004732873210346, -0.43926337793745784, 0.16534815354945845, 0.9868649636461616, -0.10195955170517093, 0.042742562793289834,0.11779162393652026]
[-0.02515960376807741, -0.41587005803718, 0.13598090444540303, 0.9941532781970972, -0.06922333950352354, 0.0200334557039728,0.0804117489581113]
[-0.055879640332837294, -0.38805170639536324, 0.10883047089454212, 0.9985469658931726, -0.03569365456130553, 0.005484424838940309,0.03999801262292494]
[-0.08259164126187514, -0.3564017724287352, 0.08402399398713334, -0.9999965147725947, 0.001541150506481316, 0.0005677487600807167,0.0020671137187020247]
