[0.363527708638402, 0.06915363604916928, 0.03077564149527709, 0.9998784907395255, 0.015582784375164825, -0.00042435138298497165,2.2659871732010075e-05]
[0.37491672646791707, 0.0688712608556392, 0.05255470212873134, 0.9947788061149091, 0.10067883093563654, 0.009978333577038884,0.01339151839991737]
[0.3853631545323688, 0.06703942257693143, 0.0754119609045174, 0.9824479805528336, 0.1830495821445555, 0.018889614879465538,0.030528649398042347]
[0.3948410155877929, 0.06370234856459685, 0.09936080529666841, 0.9634109550058774, 0.2618534675272527, 0.025734224534858914,0.051086622575848166]
[0.4032944300399199, 0.05891323119391398, 0.1244185711958199, 0.9382979926188983, 0.33634372487033665, 0.030000346679727775,0.0746307911440686]
[0.4106361838257679, 0.052732168001919495, 0.15059922997253175, 0.9078284209579185, 0.4058822092035721, 0.03125219298079105,0.10065033922929362]
[0.41674797135789277, 0.04522425387304105, 0.17790583996025955, 0.8727925459819219, 0.469950487819818, 0.02914073773515208,0.1285711012652578]
[0.42148232815556935, 0.036457907633018975, 0.20632309113002842, 0.8340321823329085, 0.528157980926306, 0.023412368214436603,0.15776985463467302]
[0.4246662034329683, 0.02650350324965959, 0.2358102717072231, 0.7924202754697338, 0.5802469793423387, 0.01391525339634292,0.18758975374864875]
[0.42610606017693187, 0.015432360578332985, 0.26629497359418497, 0.7488401106454402, 0.6260944463205816, 0.0006032862109882614,0.21735654814336086]
[0.4255943313210133, 0.003316132811265221, 0.29766783007109654, 0.7041646112778008, 0.6657105882545303, -0.016462490360861656,0.2463952096143707]
[0.42291700757224066, -0.009773391818309142, 0.32977854510283405, 0.6592362247258773, 0.6992342568797919, -0.037115005799318375,0.2740465842871515]
[0.4178620871364513, -0.023764077190108396, 0.36243342979824916, 0.6148478769879179, 0.7269253217155063, -0.06108480771367911,0.2996836850394784]
[0.4102285816175302, -0.03858283931335789, 0.3953946095978087, 0.5717254497902111, 0.7491542241009121, -0.08800614788051044,0.32272724785672396]
[0.3998357470184154, -0.05415470347625011, 0.42838100733566964, 0.5305121946309236, 0.766388991522841, -0.11742537039196622,0.34266019233169437]
[0.3865321949693784, -0.07040158159344187, 0.46107114438939467, 0.4917554495253142, 0.7791800513922177, -0.14881141128319308,0.35904065124506723]
[0.38194767831422977, -0.10607338261166742, 0.42976058469126943, 0.5291955025790465, 0.7663981308867573, -0.1627637335014569,0.3257207271268785]
[0.3719762576891571, -0.14176928583523063, 0.3985508561540637, 0.5683753603007956, 0.7498441032770764, -0.17231547479309453,0.29153155529096486]
[0.3566793735537687, -0.17646952014803446, 0.3676563441146807, 0.6088786535932725, 0.7291435176661544, -0.17752702387572702,0.25710050882426794]
[0.33631990079347257, -0.20920995360622482, 0.3372681972564532, 0.6502303855523368, 0.7039754837960454, -0.1785478524460541,0.2230238290082161]
[0.3113364368344531, -0.23911986522816114, 0.3075528642875741, 0.6919043038421451, 0.6740809904047274, -0.1756093444715243,0.18985418308264984]
[0.28231150190824666, -0.2654503949030953, 0.27865136953977115, 0.733331403323181, 0.6392701756685945, -0.1690159197387676,0.1580895767454557]
[0.24993663526916313, -0.28759307771932374, 0.2506793211081332, 0.7739094082767966, 0.5994284001412168, -0.15913468562261268,0.12816385105244224]
[0.21497725972110548, -0.30508875214067566, 0.22372762634175575, 0.8130130641483599, 0.5545209942946907, -0.1463838814125916,0.1004389549582581]
[0.17823982874019564, -0.31762791386145356, 0.1978638715062253, 0.8500050524252523, 0.504596576946335, -0.1312204037930744,0.0751991423752172]
[0.1405432112945656, -0.32504420336852324, 0.1731343057110761, 0.8842473293877773, 0.4497888670653097, -0.11412671971886805,0.052647197274880375]
[0.10269557118330773, -0.32730311674899487, 0.1495663541341225, 0.9151126802691859, 0.3903169392169652, -0.09559748360650461,0.03290274303080447]
[0.06547723310071964, -0.3244881885245054, 0.12717157254419478, 0.9419962750161024, 0.32648390170379676, -0.07612617927205924,0.016002643953169214]
[0.029629273545781053, -0.3167868076639167, 0.1059489444378707, 0.9643270104618815, 0.25867400576700966, -0.05619210334595509,0.0019034588666910714]
[0.014710356856602276, -0.30964555508442726, 0.08687078850292923, 0.9795476892260904, 0.1972301477904411, -0.03982931737648929,0.00046777314021026245]
[-0.00024988348195465956, -0.3009375798170331, 0.06878460036665057, -0.9907901348669222, -0.13307715922821786, 0.024999434343753128,0.0006376712526432552]
[-0.015107633451556163, -0.2906052295541944, 0.05169318791228042, -0.9977049024539782, -0.06664636030087094, 0.01187308865495399,0.001489981119386292]
[-0.029699870253947214, -0.27858599716192006, 0.03560051217787086, -0.9999962036568977, 0.0015822482545046854, 0.0006028637596304815,0.0021738715558093456]
