[0.24224509829630972, 0.0059388373586630435, 0.034294050605933074, -0.9998798223010765, -0.015494023543911868, 0.000517275670274498,9.281955352817704e-05]
[0.2997504414550333, 0.009112735410452839, 0.07822679075781255, 0.9931267587789652, 0.0907611751398101, 0.07186475177881307,0.017236807598790756]
[0.3508253632626458, 0.014897148263650226, 0.13048724468393655, 0.9754262084155342, 0.163017943050058, 0.14229674907880793,0.04147887873877548]
[0.3942222472987964, 0.022822347462939232, 0.19014739882645917, 0.9473417496966465, 0.23085491191012525, 0.20980954043502287,0.07231580512660678]
[0.4288613535701848, 0.03233349003483313, 0.25611005808743276, 0.9096335688815145, 0.292957771479352, 0.2734790799218714,0.10932386445245028]
[0.4538596757002391, 0.0428091943037378, 0.3271332599032857, 0.8632429891709874, 0.3481342798974511, 0.33243994850511366,0.15197942441442372]
[0.46855414688972824, 0.05358266354121914, 0.4018586488427537, 0.8092732550086914, 0.39533874954741227, 0.3858979815648912,0.1996667715421604]
[0.47251845455825, 0.06396457439641441, 0.47884298943414344, 0.7489669661058984, 0.4336935346205032, 0.4331418263442702,0.2516874251559876]
[0.4655729492557886, 0.07326687388994296, 0.5565918969019807, 0.6836806284267042, 0.4625070621799788, 0.47355324550474176,0.30727079167997456]
[0.447787377277982, 0.08082659152772653, 0.6335947986066163, 0.6148568520634551, 0.4812880213444341, 0.5066160028040123,0.36558599218769783]
[0.41947641870771457, 0.08602877340078202, 0.7083601054622947, 0.543994777267112, 0.4897554065814976, 0.5319231894969153,0.42575467643435994]
[0.45239740001625406, 0.032381035744675414, 0.6680309236727167, 0.5859112117048871, 0.4861934513613427, 0.46890145630865593,0.44772246327773046]
[0.47453884430497784, -0.028089414076301344, 0.6261704156088665, 0.6274383995331656, 0.4788618188189058, 0.40537822364700393,0.4611734045470414]
[0.4847175687121024, -0.09296731464483433, 0.5830850499690277, 0.6682430225260503, 0.4677875410629171, 0.34248774865453724,0.4661847501721879]
[0.4822925602790442, -0.15965801113440836, 0.5390881363865873, 0.7079953484149134, 0.4530264047299148, 0.28134240689022605,0.46298608329575924]
[0.46718702862500694, -0.22550730323727064, 0.49449731349650866, 0.7463717149958341, 0.4346625520868261, 0.22301189152427306,0.45195511403933786]
[0.43988434434701473, -0.2879225665764025, 0.44963199633312223, 0.7830569701812171, 0.41280786783422246, 0.16850315188169104,0.433610578181289]
[0.40139831196328546, -0.34448952166330854, 0.4048108075867395, 0.8177468494770678, 0.38760115629986114, 0.11874148190893183,0.4086023669527769]
[0.35321942727363936, -0.39307927269474985, 0.3603490175117522, 0.8501502728558386, 0.35920711531467614, 0.07455314780696194,0.37769907336731173]
[0.29723988438826715, -0.4319407411075032, 0.3165560172648393, 0.879991543622061, 0.3278151146160336, 0.03664991408697497,0.34177319611162726]
[0.23566107390372262, -0.45977435041789994, 0.27373285015779947, 0.9070124326291422, 0.29363778811371577, 0.005615789267708756,0.3017842927634759]
[0.17088810431257, -0.4757837429042814, 0.23216982473797732, 0.9309741320946389, 0.2569094507712661, -0.018103732857452752,0.258760418788629]
[0.1054164465518185, -0.4797033792914407, 0.19214423276633252, 0.9516590642709644, 0.21788435218798666, -0.03420971203043424,0.21377822635930244]
[0.04171612058127557, -0.4718010369329334, 0.15391819405833865, 0.9688725313508253, 0.17683478020481522, -0.0425549128007711,0.16794212663973865]
[-0.01788110062717896, -0.4528554229113826, 0.11773664879884191, 0.9824441942128375, 0.1340490289909543, -0.04314596130045415,0.12236294009025236]
[-0.07128620097430162, -0.42411029740002487, 0.08382551635453495, 0.9922293689330537, 0.0898292470888106, -0.036142463788074876,0.07813647103305565]
[-0.11674433379378597, -0.38720760245799934, 0.0523900378056005, 0.9981101313921272, 0.04448918179474021, -0.02185310761558183,0.036322444895232175]
[-0.1529090096848965, -0.3441030594158684, 0.023613317422714608, -0.9999962217844998, 0.0016481629745596403, 0.0007288293716313972,0.0020757608923876038]
