[0.3584703699686977, 0.049094694231793794, 0.009328807880111728, -0.9998799719637752, -0.015482172491176213, 0.0005846562615122703,4.666614974252234e-05]
[0.3768000185998439, 0.026217261060869516, 0.026788640761368138, -0.99981509328838, -0.01627526589153628, -0.008317566874146422,0.005976038336732826]
[0.392619459096854, 0.0015377367864666583, 0.04528667140961884, -0.9996129006089853, -0.01769529397620884, -0.018154859195796222,0.01145978161954125]
[0.40575564641788153, -0.024640673005442003, 0.06477510014404222, -0.9992500632586792, -0.019821181763501318, -0.028982662101779206,0.0163229019637525]
[0.4160695777751187, -0.0519978565662421, 0.08520456071977603, -0.9987002047666864, -0.022726969743197174, -0.04082289537710418,0.020368531078626687]
[0.4234576266177963, -0.08020017945878002, 0.10652359550041099, -0.9979341673166915, -0.02648131463270898, -0.053659303446516766,0.023384114926595038]
[0.4278527146865572, -0.10890392634600213, 0.1286780807829174, -0.9969203023515498, -0.031147022171142076, -0.06743389821129964,0.025148422240631057]
[0.4292253296573939, -0.13775884649103132, 0.15161062336415862, -0.9956247852418042, -0.03678061470753052, -0.08204462958519546,0.025439185328466337]
[0.4275843743905394, -0.16641185045765833, 0.17525995054502722, -0.9940119517671697, -0.04343193613757226, -0.09734438359067281,0.024041165752017663]
[0.42297781221729625, -0.19451090128608997, 0.19956031637066649, -0.9920446540062706, -0.05114379652648168, -0.1131413738022584,0.020754422867777178]
[0.4154930526234012, -0.22170913301986714, 0.22444094698770858, -0.9896846330913497, -0.05995165852535453, -0.12920095584204422,0.01540255408697769]
[0.40525700464624276, -0.2476692133674595, 0.24982554755694375, -0.9868929061623588, -0.06988336744602779, -0.14524885740805002,0.007840672322798545]
[0.39243571267558724, -0.2720679463355881, 0.27563189219786777, 0.9836301647495116, 0.08095892660622368, 0.1609757788445267,0.0020371114390054126]
[0.377233482293668, -0.29460108601889146, 0.30177151697622795, 0.979857181725746, 0.09319031929424633, 0.17604328245077047,0.014290924192416725]
[0.3598914031850564, -0.3149883057735997, 0.3281495340032707, 0.9755352239011622, 0.10658137843217956, 0.19009085346751878,0.028929295318010723]
[0.34068518252634994, -0.33297823932759113, 0.35466458233198517, 0.9706264672808488, 0.12112770473996883, 0.20274398284239176,0.0459044396494572]
[0.31992221579317726, -0.3483534836777193, 0.3812089285564203, 0.9650944119759087, 0.13681663392155982, 0.2136230922717596,0.06510882508155559]
[0.29793784236804977, -0.36093542961026126, 0.407668726898613, 0.9589042937452034, 0.15362725311004138, 0.22235309638925946,0.08637316171696542]
[0.27509076007670674, -0.3705887659970671, 0.4339244451645612, 0.9520234891524507, 0.1715304665231294, 0.22857337597659333,0.10946591684636055]
[0.24406909637899152, -0.39520492617166486, 0.38556975895467227, 0.9658823992315269, 0.13623931622838173, 0.1952114518130133,0.10199278724217901]
[0.20997076332223774, -0.41230920892168316, 0.33759778165335, 0.9768600087052599, 0.10477373311669988, 0.16181780894371672,0.09263900339384615]
[0.1740483440495854, -0.4217767729915401, 0.2905796015647768, 0.9852648338188942, 0.0772810196022328, 0.12909729975226802,0.08133104232542163]
[0.13754044762288709, -0.4236795233527734, 0.24500913261061522, 0.9914209153241609, 0.05381643471437417, 0.09775198974622537,0.06806547225349042]
[0.1016384058531384, -0.4182629321715112, 0.20130621679299465, 0.995657249087977, 0.034343625857489846, 0.06846750767449794,0.052908960435503964]
[0.067460146783107, -0.4059206643771798, 0.15982453283995116, 0.9982973476948525, 0.018736903466364866, 0.04189963262124925,0.03599659456281549]
[0.03603097508936985, -0.3871694108715112, 0.12086327760892956, 0.999649169493204, 0.006785306912832544, 0.018661382410310724,0.017528558074827758]
[0.008270349538598532, -0.36262592128158483, 0.0846813666276599, -0.9999956425175639, 0.0018016253153337414, 0.000689141763756244,0.002234765253293617]
