[0.24949475918925954, 0.0549525210313155, 0.041137243329905815, 0.9998791620261973, 0.015531733907560727, -0.0006531060402536927,6.333633845044632e-06]
[0.29379981537794203, 0.03580415921571987, 0.06852077542527074, 0.9980178733610405, 0.03539859075974621, 0.050778654259320474,0.011348678149576241]
[0.3341278702423487, 0.010874309769589023, 0.09971669320667864, 0.9929991534182728, 0.05447732381639891, 0.10005077009268824,0.031220920938644918]
[0.36951294741729374, -0.019115871089020766, 0.1344870773503503, 0.9848432021217151, 0.07275729512053633, 0.14586540876352944,0.059275001203194046]
[0.39913180258971814, -0.053284478543301775, 0.172542771901489, 0.9735895079808787, 0.09022964067827036, 0.18698129505090996,0.09497408695905252]
[0.4223333891240002, -0.09061778141600701, 0.21354827932902404, 0.9592965762643371, 0.10688699566415483, 0.2222407912285186,0.1376018882120959]
[0.43866202398884346, -0.13000469076126125, 0.2571275875540657, 0.9420415326513626, 0.12272322190599867, 0.2505954327335561,0.18627584561065547]
[0.44787318413538374, -0.17027534224557983, 0.3028707944431125, 0.9219196050757115, 0.13773314084563365, 0.271129364256542,0.23996393797336496]
[0.4499412002094826, -0.21024215501543672, 0.35034137689829026, 0.8990434872796739, 0.15191227508600116, 0.2830801636083152,0.29750477244859075]
[0.44505848927388625, -0.24874160536576131, 0.39908393709977064, 0.8735425883770274, 0.16525660152143404, 0.2858565947301604,0.35763054846367154]
[0.43362636179587577, -0.2846749161309289, 0.44863224801304946, 0.8455621734751463, 0.17776231890816743, 0.27905289548669315,0.4189924227057939]
[0.4162378302356954, -0.3170459143408642, 0.4985174142150799, 0.8152624011242844, 0.18942563256714018, 0.2624592790247449,0.4801877485873799]
[0.3936532169433111, -0.3449944476230372, 0.5482759625576419, 0.7828172640411573, 0.20024255872245456, 0.23606840789838898,0.5397886212099345]
[0.36676968870038074, -0.36782396681782364, 0.5974576801996463, 0.7484134401899527, 0.2102087507680751, 0.20007768608698376,0.5963711287224126]
[0.33658611729268284, -0.38502216686782553, 0.6456330250144018, 0.7122490618925643, 0.2193193495242373, 0.15488730357896566,0.6485446938704114]
[0.30416486622977035, -0.3962739152515235, 0.6923999451136995, 0.6745324111772684, 0.2275688592955721, 0.10109405938361449,0.694980885857759]
[0.2705922232429122, -0.4014660693392585, 0.7373899599220535, 0.6354805500577478, 0.23495105127722127, 0.03948107965042729,0.7344410924993698]
[0.23693923094688796, -0.40068417157304526, 0.7802733744771292, 0.5953178948590615, 0.24145889557546374, -0.02899636398947787,0.7658024658379228]
[0.23017518040172397, -0.44418218075964716, 0.7222193891391268, 0.6482061167984977, 0.23612655827489085, -0.036975878314287086,0.7229839991626056]
[0.2184878086598614, -0.4812285373150705, 0.6603791296891898, 0.69896703808031, 0.2283217201216885, -0.04430520717092673,0.6762775468810518]
[0.20248511417282095, -0.5109100261343559, 0.595613326795957, 0.7471105068771288, 0.2180893883086018, -0.05063697443084137,0.6258584552768065]
[0.18290685172894863, -0.5324762120772746, 0.5288776257901846, 0.7921705668110456, 0.20548347806054185, -0.055632903781672016,0.5719679303415787]
[0.16060397815336025, -0.5453702845981537, 0.46120060829224513, 0.8337105628189571, 0.19056671284199228, -0.05897345698577386,0.5149108240966032]
[0.1365123343441027, -0.5492539380134089, 0.3936584101361386, 0.8713279321380221, 0.17341055246024653, -0.06036712602062207,0.4550518927194141]
[0.11162161698280912, -0.544024897144401, 0.3273468437719813, 0.9046586268313718, 0.15409514477803843, -0.05955915019363317,0.3928105941590995]
[0.08694098430137528, -0.5298260190983224, 0.26335205149455193, 0.9333811183288091, 0.13270929557761263, -0.05633944130982662,0.3286545270758529]
[0.06346285951577861, -0.5070452887626715, 0.20272079093035356, 0.9572199390689956, 0.10935045005793936, -0.050549516940966155,0.2630916449792918]
[0.04212662917079159, -0.476306457558167, 0.1464314827472676, 0.975948721447268, 0.08412467851638462, -0.04208826344038055,0.19666140864575204]
[0.023783972914874444, -0.43845052866098455, 0.09536713107795844, 0.9893926998398928, 0.05714665798242705, -0.030916376107272797,0.12992506560845607]
[0.009167502951148872, -0.39450874232978383, 0.05029116030758404, 0.9974306474292707, 0.028539640948570352, -0.017059353274230464,0.06345526715110342]
[-0.001135761823252122, -0.34566813718261097, 0.011827100368766247, -0.9999962258289824, 0.0015645981054430878, 0.0006089534372586933,0.002174749703019149]
