[0.36471881796865774, -0.0210996543369971, 0.09390071607430048, -0.9998801290080994, -0.01546781021489382, 0.0006578521232197008,0.00020418738170680436]
[0.3866232904767835, -0.0582727362142709, 0.10865644609576938, 0.9988646188650283, 0.03626458726145043, 0.020558188813532743,0.023058919382440504]
[0.40466217725339715, -0.09824646319968135, 0.12446769185592874, 0.9964326909945839, 0.05656676909235354, 0.038067346788297464,0.049728966008197234]
[0.4184983657936721, -0.14058115604659313, 0.14131093101389905, 0.9925912835016095, 0.0763490868423596, 0.05140072311202318,0.07931788271585874]
[0.42784889244881874, -0.18479731254952445, 0.15915441618722104, 0.9873512497898187, 0.09558726093768624, 0.06015107644576655,0.11127638153413154]
[0.43248994052522566, -0.23038282270224114, 0.17795846265808907, 0.9807273284512614, 0.11425804338717926, 0.0639805766742076,0.14500169846805716]
[0.43226078770950477, -0.2768008578954575, 0.19767581758579456, 0.9727381022988585, 0.1323392582596395, 0.06262758336274334,0.17984629788084885]
[0.42706660588307993, -0.3234982674246134, 0.21825210589016428, 0.963405946654823, 0.1498098402619432, 0.055912331156774894,0.21512741558302378]
[0.4168800447469277, -0.3699143011077728, 0.2396263471318841, 0.9527569670378088, 0.16664987133612513, 0.043741420188065865,0.25013730290482494]
[0.4017415612077349, -0.4154894673932107, 0.26173153694620854, 0.9408209264212568, 0.18284061519733155, 0.026111026960975718,0.28415402181414384]
[0.3817584882590228, -0.4596743322842963, 0.28449528589524664, 0.9276311622645559, 0.1983645497384784, 0.003108770044901195,0.3164526311339002]
[0.35710286915871964, -0.5019380658744372, 0.307840507998301, 0.9132244935472276, 0.21320539723157342, -0.025085815081509796,0.346316596279233]
[0.3107455275466509, -0.5123970892560131, 0.2749223785363313, 0.9278487021639028, 0.20174448347568819, -0.04158471634006452,0.31091262542200765]
[0.26404226574622564, -0.5172571592154431, 0.24325965170874284, 0.9412456164449037, 0.18844934140551345, -0.05381284907174316,0.27504129239418534]
[0.21773995884204522, -0.5165784029226094, 0.2129274221811662, 0.9533670933104192, 0.17338101326389774, -0.061856508190045255,0.23917353956272358]
[0.1725600736508895, -0.5105170388254779, 0.18399029095927688, 0.9641688665437472, 0.15660755785854502, -0.06585459837498599,0.2037538747660958]
[0.12918701327758295, -0.49931887470587716, 0.15650308982147876, 0.9736107138566569, 0.13820377815844417, -0.06599347307327982,0.16919442980780772]
[0.08825788999493922, -0.4833116047658509, 0.13051170587504085, 0.9816566109247155, 0.11825092245140743, -0.0625011091494629,0.13586989704228192]
[0.05035379446185245, -0.4628961950219528, 0.10605398494424123, 0.9882748717697821, 0.09683636023513562, -0.05564075710413526,0.10411341562791356]
[0.015992573931129895, -0.43853763299016746, 0.08316069164030354, 0.9934382749138781, 0.07405323411335572, -0.045704213904065705,0.0742134575727482]
[-0.014376916325438045, -0.4107552942709812, 0.061856503501904, 0.9971241747780859, 0.050000089062734766, -0.033004869394248536,0.04641174165131827]
[-0.040379163895074115, -0.3801131472698082, 0.04216101653545834, 0.9993145978518291, 0.024780480525109547, -0.017870677956452617,0.020902181095733854]
[-0.06171505778607288, -0.34720998026898015, 0.024089739823294654, -0.9999963232116522, 0.001497437137277402, 0.0006372045822575663,0.0021691508747307287]
