[0.20706971741298272, -8.032074589514636e-05, -0.06000639218702955, 0.9999999760239611, -0.00021755968369860468, -2.4624918963761993e-05,3.670826118896345e-06]
[0.3019416470285139, 0.004189647939275124, -0.02038827184401268, 0.9956958579117171, 0.028026357432058897, 0.08833907994134813,0.0006991292131007227]
[0.3880801763822842, 0.011955322043927503, 0.03738946046595687, 0.9828130362376087, 0.05562918188021809, 0.176001032488672,0.002750724935721004]
[0.4622027238373556, 0.022515672566387937, 0.11147364291627607, 0.9614899125477443, 0.08195606569253033, 0.2622645890326895,0.006134876090643969]
[0.5214508658398866, 0.0349461148606715, 0.1994654812664923, 0.9319557143863939, 0.10638915808063312, 0.3464433352227369,0.0108124439969365]
[0.5634901001953677, 0.04814724747461899, 0.2984996216191699, 0.8945281449891521, 0.1283359194011761, 0.42786613936759804,0.016728909001748445]
[0.5865904755758263, 0.06090273727747819, 0.40533808618252676, 0.8496101118729559, 0.14723719535892354, 0.5058821304069709,0.02381462241914487]
[0.5896852864012603, 0.07194367267711915, 0.516475998190559, 0.7976855550917419, 0.1625749715449488, 0.5798655746239968,0.0319851401610355]
[0.5724058469210105, 0.0800164156124433, 0.6282556637348662, 0.7393144024177183, 0.17387972870808832, 0.6492206245823773,0.04114164482616141]
[0.535091239148351, 0.08395081961947518, 0.7369853298429003, 0.6751266855613148, 0.18073731972667587, 0.7133859130781628,0.051171463948642734]
[0.47877284361986766, 0.08272565197526183, 0.8390588064265474, 0.6058158587902751, 0.18279529020061905, 0.7718389641553249,0.0619486927247731]
[0.40513437623230225, 0.07552816365822138, 0.931072127865723, 0.5321313689562222, 0.17976856605031283, 0.8241003924915716,0.07333492979630771]
[0.3164490354625289, 0.06180498714022118, 1.009933537496575, 0.45487053396256605, 0.17144443362553924, 0.8697378617671054,0.08518013453976075]
[0.30479941599113797, 0.0749521245363334, 1.0203312409291803, 0.43246153267137405, 0.1750192959525929, 0.8833794045046015,0.04456564260594296]
[0.29377010343861854, 0.08572057449930776, 1.0294160606444418, 0.4116258236273561, 0.175383842395356, 0.8943088675085578,0.0040421090166854615]
[0.2837920809551747, 0.09456528747601682, 1.037061928106148, -0.39286381563542877, -0.1729178315399355, -0.9024631780745159,0.03629956087259173]
[0.2751741378114389, 0.10202271153134736, 1.0431682062250205, -0.37660645853045654, -0.1680772873183354, -0.9077915269482514,0.07636847832594057]
[0.26808750210027926, 0.1086819308410529, 1.0476612875089657, -0.3632040006375304, -0.1613829040618922, -0.9102555897888848,0.11607399991183547]
[0.2625568898463668, 0.11515297264189306, 1.05049565668032, -0.3529165960639788, -0.15340684074319708, -0.9098296893628786,0.15532595980599673]
[0.25845847679368494, 0.12203367565893262, 1.0516544037261963, -0.3459069873523125, -0.14475819164362796, -0.9065008977754312,0.19403490506929796]
[0.25552500109115495, 0.12987659941702373, 1.051149184019119, -0.342235445211566, -0.13606745165510595, -0.9002690783347556,0.23211233322513614]
[0.2533578932971161, 0.13915747703728928, 1.0490196327857044, -0.3418570990523635, -0.1279703187970874, -0.8911468669354062,0.2694709314298746]
[0.2514460178799337, 0.15024667218815518, 1.0453322516062378, -0.3446217408633223, -0.12109119374818819, -0.8791595931377862,0.3060248165014962]
[0.24919031121031704, 0.16338499465749373, 1.0401787945985703, -0.3502761316402816, -0.11602674584721083, -0.8643451414108246,0.34168977504562353]
[0.24593332804751275, 0.1786650621748061, 1.033674191286443, -0.35846878522340486, -0.11332991685689034, -0.8467537532921434,0.37638350289476685]
[0.24099247389309097, 0.1960191749390546, 1.0259540516990315, -0.3687571501467608, -0.1134947277128428, -0.8264477715034632,0.4100258430562479]
[0.2336955150134881, 0.21521440252197996, 1.0171718068358513, -0.38061705710174437, -0.11694223957155087, -0.8035013273371365,0.4425390213468836]
[0.22341683014259145, 0.23585528122092264, 1.0074955441193576, -0.39345424898220366, -0.12400799895985362, -0.7779999729012147,0.47384787887837243]
[0.20961280423181133, 0.2573941959725692, 0.9971046027292526, -0.4066177632959095, -0.13493126810907285, -0.7500402600740358,0.5038801005465313]
[0.19185476881510072, 0.2791491881797212, 0.9861859976746019, -0.4194148940100832, -0.1498463061767257, -0.7197292682736874,0.5325664386702604]
[0.16985796644135082, 0.3003286033759166, 0.9749307440455957, -0.43112742257814013, -0.16877592570693795, -0.687184083391637,0.5598409309224291]
[0.1435051561104725, 0.3200616846464034, 0.963530154056549, -0.4410287767951487, -0.19162750217495547, -0.6525312304721307,0.5856411116949438]
[0.11286367777318942, 0.33743394258433196, 0.9521721792339323, -0.4484017519519801, -0.2181915637319823, -0.615906062938572,0.6099082160440991]
[0.0781950490640378, 0.3515259025081564, 0.9410378684342307, -0.45255641206555236, -0.24814303433834844, -0.577452111373873,0.6325873753700495]
[0.03995646647839468, 0.36145365515852823, 0.9302980093401455, -0.4528477801668681, -0.28104514744385356, -0.5373203950528181,0.6536278039958876]
[-0.0012060858750482769, 0.3664095263605291, 0.9201100167505051, -0.4486929259813326, -0.316355990393465, -0.49566869959981613,0.6729829758274036]
[-0.0444730675758185, 0.3657011398057217, 0.9106151254446346, -0.43958706692221783, -0.3534375829820592, -0.4526608243042224,0.6906107902941742]
[-0.08887454782757899, 0.35878717793090303, 0.9019359387842598, -0.4251183140539351, -0.39156733823530815, -0.4084658027669505,0.7064737267961255]
[-0.13332055860019604, 0.34530824857728804, 0.8941743766541845, -0.4049807183141203, -0.42995170071683125, -0.363257100675649,0.7205389869071661]
