[0.2070699415582194, -9.215484067679521e-05, -0.06001525808172101, 0.999999962469203, -0.0002683317002340706, -5.519314830938701e-05,3.661691990595286e-06]
[0.29855414426167354, 0.013074835522846268, -0.020687713715036637, -0.9959222015484899, 0.013592013360083473, -0.08904541439271008,0.005013961633210364]
[0.38078965053584557, 0.03339619958198484, 0.03618044572975376, -0.9837224009290529, 0.026591621127392148, -0.17658858121008003,0.01998991201601952]
[0.4503334912779253, 0.059340992687887895, 0.10882694380973168, -0.9635086768207686, 0.03894952506401029, -0.26104732191863117,0.044589908135033655]
[0.504275004825008, 0.08889909100770398, 0.19496641525544062, -0.9354600591698042, 0.05035695551370495, -0.3409594162712229,0.07826449504982738]
[0.5403629885936451, 0.11969292845975055, 0.29186307421991287, -0.8998247994236401, 0.060518293082119465, -0.4149580953904143,0.1202607401215903]
[0.5571025095020068, 0.14911021196852745, 0.39641775259785095, -0.8569180251662428, 0.06915520172992169, -0.48180070216864485,0.16963826104001836]
[0.5538169292245612, 0.17445082437662202, 0.505266538070318, -0.8071187648096287, 0.07601055548053526, -0.5403947176018803,0.22528924549499518]
[0.5306723612406149, 0.19308038566291627, 0.614887872969075, -0.7508663717435653, 0.0808521115626043, -0.5898206007728839,0.2859620372434719]
[0.4886635685150815, 0.20258257907974908, 0.7217147064047885, -0.6886563832615388, 0.08347588565763615, -0.6293509578821807,0.35028778756843926]
[0.4295621466655226, 0.20090237785978055, 0.822248131886466, -0.6210358551383311, 0.08370918827397023, -0.6584656336991708,0.41680960601726114]
[0.3558296287333109, 0.18647272932084769, 0.9131688959462043, -0.5485982178762029, 0.08141328508273674, -0.6768624054159781,0.4840135912240356]
[0.2704998075663886, 0.15831804625962742, 0.9914432315326375, -0.4719777053107418, 0.07648564828808993, -0.6844630522921177,0.5503610826925496]
[0.17703602020147852, 0.11612898188693387, 1.0544196509505377, -0.39184341042668125, 0.06886177071644418, -0.6814146726943787,0.6143214484907691]
[0.0791703057563258, 0.06030436918961143, 1.0999136211190537, -0.3088930268365189, 0.05851651924720818, -0.6680862210765743,0.674404712435039]
[-0.019267821763992977, -0.008042180273160116, 1.1262774297124734, -0.22384633738445045, 0.04546500941659804, -0.6450603389634517,0.7291933277634078]
[-0.11452479115835651, -0.08711177867861625, 1.1324530220427356, -0.13743851372495625, 0.029762988449441984, -0.6131206539451995,0.7773724224394923]
[-0.06523970953637204, -0.05657056812309781, 1.1356407362620249, -0.19082736289860838, 0.024347914653968905, -0.6084427209968003,0.7699282771058458]
[-0.02301753294441934, -0.018242111129647402, 1.134381064944302, -0.24327135832726487, 0.009965204708413868, -0.6024379258578562,0.7601238625387388]
[0.01096156126870023, 0.026443353096408495, 1.1287457810510908, -0.29345829280668567, -0.013174806678003938, -0.5952297720778433,0.7479372789774166]
[0.035802704419743356, 0.07588320305531357, 1.1188504573389406, -0.3401184101450334, -0.044675087626131225, -0.5869471500503108,0.7333598343745249]
[0.050920479734636065, 0.12836038605169547, 1.104852712351537, -0.3820508093540169, -0.08395986876467527, -0.5777234504528156,0.7163962132129487]
[0.05605106839177216, 0.18210439641775425, 1.0869498885152646, -0.4181484232511622, -0.13028633434256337, -0.5676956560526466,0.6970645661020939]
[0.05125213465281187, 0.23535275993989896, 1.0653761990082022, -0.44742104420860446, -0.1827597970610978, -0.5570034178344836,0.6753965193115613]
[0.03689072102836427, 0.28641052115194354, 1.0403993881869424, -0.46901591191085046, -0.24035203447599462, -0.5457881214864149,0.6514371039033734]
[0.013619940179871608, 0.33370536158982145, 1.0123169577289703, -0.4822354305953572, -0.3019223974325326, -0.5341919503212623,0.6252446046301148]
[-0.01765427711642579, 0.37583621510259096, 0.9814520171610306, -0.48655164518154004, -0.3662412421295119, -0.5223569507107934,0.5968903292722134]
