[0.20715676626377325, -7.544163622632393e-05, -0.05998269750740472, 0.99999997587241, -0.0002187137897659895, 2.0147669856373717e-05,3.6782245590284824e-06]
[0.24795028151880907, -0.013302473944649557, -0.042634554323343676, -0.9979497355914582, 0.05765293625549032, -0.02759010598802175,0.0033541356009051666]
[0.2862411658046643, -0.026024736831937748, -0.020847508884877852, -0.9918600578780709, 0.1138805630660522, -0.055379676544516324,0.013339204162686403]
[0.3221222805030366, -0.038012739185259735, 0.005226879050875266, -0.9818340008431533, 0.16771938193016764, -0.08359467093092063,0.02973440272211355]
[0.355664748686659, -0.04910470751524561, 0.03555792685669515, -0.9680405939906866, 0.21802956311295463, -0.11241630038738096,0.052183267453727804]
[0.38685939929789714, -0.05919289913000661, 0.07021362964418165, -0.9507111516041133, 0.26373385886221634, -0.1419897642274839,0.08019766056344088]
[0.41556966886089874, -0.06820018674082805, 0.10932370931156127, -0.9301342300162536, 0.3038366671949224, -0.1724138550074595,0.11316826596453623]
[0.44150072534936, -0.0760500538994298, 0.15303102387507556, -0.9066493412623854, 0.33744161521279076, -0.20373187984104713,0.1503776893275696]
[0.4641881133609693, -0.0826339414657193, 0.2014354107688468, -0.880639563449705, 0.36376734486346507, -0.23592416488606013,0.19101588028463318]
[0.4830074674384245, -0.08778029521941835, 0.25453470573837766, -0.8525232129376022, 0.3821612177289347, -0.2689023710096557,0.23419754467515483]
[0.49720495019126315, -0.0912296394251505, 0.3121680037368902, -0.8227447645668615, 0.39211069435915424, -0.3025058038901389,0.2789811720524933]
[0.5059462043173106, -0.09261953618765184, 0.3739661844386118, -0.7917652232344333, 0.39325218712911536, -0.33649985238256724,0.3243892691523659]
[0.5083799212483883, -0.09148242193514766, 0.439314312836262, -0.7600521627038558, 0.385377232748663, -0.3705766360235169,0.36942936440092117]
[0.5037107672335716, -0.08725811419378054, 0.5073297708273512, -0.7280696553857074, 0.36843588049296305, -0.404357887321764,0.41311533236203196]
[0.4912754862163068, -0.07932135926666732, 0.5768589286537971, -0.6962683197357397, 0.3425372439923764, -0.4374000382770598,0.4544885806328958]
[0.47061559684416016, -0.06702327217633282, 0.6464938961258256, -0.665075709824852, 0.3079472170344836, -0.46920142471560716,0.4926386452223688]
[0.44154025375139494, -0.04974404316082559, 0.714609489184146, -0.6348872645671257, 0.2650834062848013, -0.4992114678509208,0.5267227537984752]
[0.404173539717551, -0.026952988008087875, 0.7794191039710953, -0.6060580221895663, 0.21450738512796327, -0.5268416412604662,0.5559839390658815]
[0.3589816387128283, 0.0017289728432772489, 0.8390468080377589, -0.5788952890346325, 0.15691442199408207, -0.5514779844353013,0.5797673164183634]
[0.3067769127151148, 0.036469909159279466, 0.8916117330344948, -0.5536524310484725, 0.09312088263521634, -0.5724948823427412,0.5975341801961844]
[0.24869773749344637, 0.07717616908305389, 0.9353198716029958, -0.5305239317612007, 0.024049547985295815, -0.5892697950527134,0.6088736204738002]
[0.18616489264046557, 0.1234555994404883, 0.9685577136046833, -0.509641832731248, -0.04928687331742344, -0.6011985932864482,0.6135114162583475]
[0.12081718843312698, 0.1745990761948425, 0.9899818528069098, -0.4910736418973462, -0.12580372664090703, -0.6077111354580426,0.6113160201051776]
[0.054430690563709076, 0.22958344130794325, 0.9985987798823612, -0.4748217627128414, -0.20436355018428634, -0.6082867099224647,0.6023015121532144]
[-0.01117276507788309, 0.28709733680411154, 0.9938295500577109, -0.46082446302812524, -0.2837960142688611, -0.6024689630526847,0.5866274670676199]
[-0.07422120098905659, 0.34558962514523706, 0.9755548467383317, -0.44895836817018936, -0.36291829174773943, -0.5898799395785211,0.5645957439156837]
