[0.20716218196680164, -9.883032311427633e-05, -0.05997015489438616, 0.9999999574749416, -0.0002868861492673915, 5.22784516325649e-05,3.6628021439213187e-06]
[0.27407836852150647, 0.00393872610340201, -0.030243279223139935, 0.9979043901677551, 0.02617228599754677, 0.05909104527896135,0.003176145057053534]
[0.3359883248366535, 0.006050573118389512, 0.009972651597219717, 0.9916083800063843, 0.05167076023654795, 0.1178321011266654,0.012591631418002612]
[0.3915261692306102, 0.006268910507410732, 0.05985466614816279, 0.9811119948369299, 0.07526856201363219, 0.17597736442209885,0.0280332725622981]
[0.43943503925934124, 0.004662274966781298, 0.11846812706304985, 0.9664170108065555, 0.09606612559254833, 0.23322579161532628,0.049144591388711474]
[0.47855710161378645, 0.0013341201398871065, 0.18477055166888962, 0.9475290999450274, 0.11322345797175609, 0.28927216404975126,0.07543651919500459]
[0.5078283066876271, -0.003578792329148192, 0.2576065951377656, 0.9244607897460893, 0.12597809737064483, 0.34380620070179774,0.10629705341120635]
[0.5262810300569312, -0.009908346813221898, 0.33569679436352196, 0.8972350973185985, 0.13366150282332998, 0.39651209067783383,0.1410033501339156]
[0.5330567448630922, -0.017457574239773867, 0.4176235723865748, 0.8658897171922734, 0.13571354304100192, 0.44706852707966366,0.178736017609108]
[0.527429641295743, -0.02600391431899674, 0.5018185710266108, 0.8304816214722929, 0.13169479101045264, 0.4951493090689043,0.21859533422754354]
[0.5088407565027592, -0.03530343321341858, 0.5865555603882898, 0.7910919142772959, 0.1212963750123475, 0.5404245620344343,0.2596190773495616]
[0.4769408157788586, -0.045096133963873776, 0.6699529459025602, 0.7478307697179299, 0.10434718597417411, 0.5825626071083585,0.30080161808320205]
[0.4316387313445227, -0.05511240936509246, 0.7499892671739196, 0.7008422744336336, 0.08081829432455329, 0.6212324913413625,0.3411139126024702]
[0.3731516689146438, -0.06508057543750843, 0.8245341009704573, 0.6503089921549524, 0.050824485711799317, 0.6561071691286088,0.3795240031837049]
[0.30205186937293743, -0.07473529827450649, 0.8913955152933714, 0.5964560690378747, 0.014622882955226103, 0.6868673044858539,0.4150176321920566]
[0.3150076914053658, -0.028996756551380627, 0.8887022516732153, 0.6013944264859449, 0.06576926723823619, 0.7139136339959772,0.35259958943998393]
[0.3205302840483064, 0.018312216040485982, 0.8867832273024274, 0.6006420859020747, 0.11658551323506629, 0.7365056765529729,0.2884376729072832]
[0.31858466014591524, 0.06586605485960613, 0.8856180268491792, 0.5944304519372935, 0.16635224840066837, 0.7545168728296976,0.22289830837617738]
[0.3093846649433377, 0.11239651200793321, 0.8851732422180754, 0.583085048856582, 0.21440737123512515, 0.7678500912541371,0.15635709872268194]
[0.2933673683557576, 0.15674002804102907, 0.8854029077017616, 0.5670143487716693, 0.2601582746771107, 0.7764382819422787,0.08919638299052142]
[0.2711585694384739, 0.1978769291831348, 0.8862491020739531, 0.5466970522440807, 0.30309211228704186, 0.7802449260510977,0.021802750022173897]
[0.24353169953796222, 0.23496085025386831, 0.8876427111194419, -0.5226681437938205, -0.3427839183962861, -0.7792642775550074,0.0454354759927]
[0.2113626766935245, 0.2673373783756018, 0.8895043420303451, -0.4955040667323962, -0.3789024444778337, -0.7735213959338395,0.11213076051175201]
[0.1755833823200882, 0.29455154507002945, 0.8917453791254029, -0.4658073757583048, -0.41121362741865897, -0.7630719697537063,0.1778988765859665]
[0.1371363987697602, 0.31634442917862726, 0.8942691684958229, -0.4341912316903035, -0.43958165995952253, -0.7480019326129405,0.24236139824195285]
[0.09693346802795538, 0.33263973523828494, 0.8969723174709675, -0.40126410052606537, -0.46396768811515515, -0.7284268744027305,0.30514815198843165]
[0.055819820402047096, 0.3435217489449722, 0.8997460932524023, -0.36761500883351567, -0.4844262137091678, -0.7044912522851855,0.3658996094632861]
[0.014546097526696347, 0.3492065146594282, 0.9024779037057874, -0.3337996896124765, -0.5010993311030343, -0.6763674072097451,0.4242692046885717]
[-0.02625091784251366, 0.35000840663380695, 0.9050528421449512, -0.30032792767158906, -0.5142089746776117, -0.6442543931617014,0.4799255599708523]
