[0.20707638461939334, -8.117718437767087e-05, -0.0599969745859253, 0.9999999599754767, -0.0002779645099941016, -5.264391590524484e-05,3.6598539287974354e-06]
[0.26749731691138795, 0.008403163744887261, -0.03705872082409703, 0.9991133478058584, 0.026936855403876157, 0.032335231122892306,0.001164854218406174]
[0.32413412689810434, 0.018677292277925216, -0.005503704814551813, 0.996453315092067, 0.053518650812660856, 0.0647723009275785,0.004592808483901303]
[0.3758064162305614, 0.03034281109417585, 0.03409572221813412, 0.9920745633975008, 0.07885007648552286, 0.09730232284159833,0.010148106597550418]
[0.421446481620704, 0.04290910140054005, 0.08101778814690644, 0.9860662144194867, 0.1023449455678473, 0.12995803413932897,0.01760233677039651]
[0.4601180666935484, 0.055808186558675074, 0.13440107904655701, 0.9785486572001686, 0.12346287768104915, 0.1627561065548966,0.026643819274883122]
[0.4910341668441208, 0.06841180736889263, 0.19325445935125485, 0.9696692648490287, 0.14172285957412914, 0.19569264706212078,0.03688544112649708]
[0.5135742492266466, 0.08005079327131012, 0.2564679125761841, 0.9595971082984183, 0.15671539513311167, 0.2287394033526751,0.04787441934320414]
[0.5273008556023137, 0.0900368421408198, 0.32282530641063995, 0.9485168252012266, 0.16811295402335982, 0.2618408129553493,0.059103770358646335]
[0.5319751037031673, 0.09768674176588472, 0.3910201684238638, 0.9366218284729114, 0.17567846742163817, 0.29491201149368296,0.0700252239496216]
[0.5275701562030736, 0.10234887569937652, 0.4596754831825087, 0.9241070604630447, 0.17927166430080024, 0.32783788878225484,0.08006328659233306]
[0.5142813498829768, 0.10343156862891506, 0.5273682876257751, 0.9111615147208341, 0.17885309153878098, 0.36047325198979874,0.08863013222688469]
[0.4925314299523707, 0.10043247096742404, 0.592659464205673, 0.897960757338276, 0.1744857146043862, 0.39264412369636376,0.09514097858536817]
[0.46296926216289647, 0.09296780101594375, 0.6541286404520057, 0.8846596836060169, 0.16633405151044595, 0.4241501701404533,0.09902959497063081]
[0.4264605268696735, 0.08079990619358035, 0.7104135415670407, 0.8713857430499581, 0.1546608498489055, 0.45476822212210266,0.0997635829408155]
[0.3840692414982853, 0.06386132570098826, 0.7602525606554489, 0.8582328568419125, 0.13982137373311881, 0.48425681874388926,0.09685907486859976]
[0.3809806822076357, 0.09078503646637316, 0.7689031978530048, 0.8496754085450474, 0.14949372600073663, 0.4975636666074719,0.09018715913228602]
[0.37551280416639354, 0.11791832469965646, 0.7784348375239475, 0.8399899560626752, 0.1580765626115524, 0.5126411173354715,0.08141104890480527]
[0.3675191371096387, 0.1450179198807279, 0.7887908856164598, 0.8292554755448267, 0.1655141725917005, 0.5291636469217801,0.07018724760702762]
[0.356882577307173, 0.1717982967581358, 0.7999083646134667, 0.8175540101241505, 0.17175714506443768, 0.5467578332216096,0.05622095214459599]
[0.3435252763012189, 0.19793625740355522, 0.8117184033642884, 0.804970197975099, 0.17676251361066853, 0.5650094652563178,0.03927210619177959]
[0.32741760318002766, 0.22307761390596953, 0.8241467692778989, 0.7915907949729338, 0.18049386562261846, 0.583471383715659,0.01916043244964769]
[0.30858575937305804, 0.2468457559869956, 0.8371144386150583, -0.7775041945032172, -0.18292141660317537, -0.6016719077270084,0.004230641787456784]
[0.28711767702778423, 0.2688518069623007, 0.8505382003307749, -0.7627999469528715, -0.18402204954710055, -0.6191236932202296,0.030951231034069812]
[0.26316689905634966, 0.288706003054382, 0.864331288669859, -0.7475682813812273, -0.18377931972104053, -0.635332861323522,0.060983453805573455]
[0.23695421802400446, 0.30602987773707147, 0.8784040395087402, -0.7318996318240327, -0.18218342533611126, -0.6498082312902728,0.09424113229399751]
[0.2087669388424254, 0.3204687965620563, 0.8926645652678029, -0.7158841706255739, -0.17923114477888397, -0.6620704915355573,0.13057072882867402]
[0.17895572307725677, 0.33170437005365827, 0.9070194430915496, -0.6996113511242843, -0.17492574123302873, -0.6716611444540742,0.1697534961724573]
[0.1389025552117524, 0.36143366202290644, 0.9138128629038941, -0.678845404509238, -0.18826993810250642, -0.677323581443564,0.21202856695273792]
[0.09356988430015986, 0.38644352550165195, 0.9201065328305714, -0.6567394809648663, -0.20163467203215749, -0.6799328759505339,0.2563747206300161]
[0.04352697455888721, 0.40587618616398685, 0.9258214639399555, -0.6332941590214908, -0.21493208520885798, -0.6791301734766281,0.30253084862645063]
[-0.010521632868178532, 0.4189422489409024, 0.9308767324896483, -0.6085163266420209, -0.2280725704715634, -0.6745842862571246,0.3501811296223158]
[-0.06774394332495375, 0.42494219958486723, 0.9351903006363034, -0.5824193179006673, -0.2409652165836423, -0.6659996422886063,0.3989586181602907]
[-0.12719186067503224, 0.42328713144415153, 0.938679861879215, -0.5550230175574165, -0.25351826554326384, -0.6531237062158382,0.44844995640124985]
