[0.20714895842377506, -9.292041486639865e-05, -0.05997498871124511, 0.9999999622664194, -0.0002720305353582808, 3.8119239287756926e-05,3.6703837274637742e-06]
[0.27796604127301616, -0.0076863592514175615, -0.03326799674592762, -0.995693291128655, 0.05173514735788662, -0.07690974946924377,0.001798601074081434]
[0.3442171292821815, -0.019367632653771897, 0.0033354235841865365, -0.98289804257241, 0.10197138477313186, -0.15317099140812954,0.007205691210819085]
[0.40440829144946305, -0.034554784747587775, 0.04913364006375076, -0.9618842713413968, 0.14978291846785624, -0.22821812108051015,0.016131183830199358]
[0.4572135463890068, -0.05249461512679641, 0.10324091958066317, -0.9330952700751719, 0.19402476306760771, -0.30146179314429983,0.028432297728541854]
[0.5015128795969332, -0.0722911275504605, 0.16460730674872254, -0.8971378388526011, 0.2336297026819599, -0.37233400314713483,0.043911846056083545]
[0.5364235605706037, -0.09293927137770107, 0.23204218802036236, -0.8547689701709428, 0.26763149874301995, -0.4402947746361283,0.06232094304158339]
[0.5613237585354918, -0.11336271809646326, 0.3042409542440554, -0.806879246046816, 0.2951858616845429, -0.5048384850574563,0.08336242178204989]
[0.575867730277313, -0.13245426828394125, 0.37981409843482733, -0.7544733170879329, 0.31558872306010777, -0.5654997491680774,0.10669491726630677]
[0.5799921530923962, -0.14911739126670687, 0.45731802709593156, -0.6986478982379799, 0.32829140510604043, -0.6218587845427394,0.13193755988414518]
[0.5739134887757488, -0.16230736403102178, 0.5352868242781637, -0.6405677709871775, 0.33291235415635023, -0.6735461906164276,0.15867521649172256]
[0.5581165790248119, -0.17107049869723465, 0.6122641886723287, -0.5814403259343488, 0.3292451811488721, -0.7202470804633462,0.18646420876841507]
[0.5333349768202733, -0.1745800279332127, 0.6868347658143039, -0.5224892116980052, 0.3172628349932412, -0.7617045130740082,0.21483843220880422]
[0.5005238009054042, -0.17216735160226604, 0.7576541197779266, -0.46492767558990694, 0.2971178209439221, -0.7977221831370692,0.2433157937313776]
[0.46082615099911417, -0.16334753017690148, 0.8234766308049771, -0.409932187757546, 0.269138464391478, -0.8281663351378994,0.27140488162442866]
[0.41553433075309687, -0.14783813358487063, 0.8831806658930693, -0.3586169335409681, 0.2338213086674536, -0.8529668788199933,0.29861177844618136]
[0.36604728628859295, -0.12557080920916308, 0.9357904466422732, -0.3120097387423059, 0.19181982157108862, -0.8721176935808086,0.32444692559135935]
[0.3138257749721444, -0.09669520956748645, 0.9804941304061133, -0.27102995983621814, 0.14392966743639893, -0.8856761200494471,0.3484319475550189]
[0.26034682861939895, -0.061575207803032904, 1.0166577243702732, -0.2364688266032907, 0.09107087782494155, -0.8937616477767444,0.3701063444747421]
[0.20705906652642175, -0.020777616251741834, 1.0438345646500424, -0.2089726692604678, 0.03426732264541232, -0.8965538185158985,0.38903396330581747]
[0.15534034787836382, 0.024946101136019097, 1.0617702106873996, -0.18902939715074787, -0.02537605686903029, -0.8942893748428097,0.40480916095595165]
[0.10645913364319504, 0.0746843784222464, 1.0704027258397644, -0.17695852291167294, -0.08669774267969249, -0.8872586937227975,0.41706257683527553]
[0.06154076053437092, 0.1273953937111289, 1.0698584347461202, -0.1729049464230903, -0.14850531360287028, -0.8758015539430022,0.4254664375073131]
[0.021539621328648492, 0.18194106436469545, 1.0604433635517467, -0.1768366285375244, -0.2096017243862402, -0.8603022949738387,0.4297393223857259]
[-0.01278199445774037, 0.2371239091092176, 1.042630677240696, -0.18854619752250168, -0.2688116039934384, -0.8411844326837622,0.4296503266247778]
[-0.040867907904035695, 0.29172541073812847, 1.0170445262758592, -0.2076564432542438, -0.32500698755651036, -0.8189048043055052,0.4250225654007116]
[-0.062374688273646346, 0.3445444826859758, 0.9844407999106538, -0.23362956747253194, -0.377131910235802, -0.7939473210471591,0.41573597256736416]
[-0.07717097762726276, 0.3944346662034858, 0.9456853537360891, -0.2657799747840036, -0.4242253177869108, -0.7668164116796349,0.40172935607343674]
