[0.2071336702761823, -8.589453759823625e-05, -0.05998666777610982, 0.9999999632025242, -0.0002707315230859883, -1.6910811072384204e-05,3.6629783027673976e-06]
[0.23895227392143603, -0.005634401991096577, -0.047193693737926104, 0.9994339964995593, 0.028584595942138614, 0.017225327242145736,0.004230321163335432]
[0.2690027927568159, -0.017325089539117232, -0.03160706577470851, 0.9976873496833839, 0.05659931524262805, 0.033682002262067606,0.01679263289151455]
[0.2968469663422659, -0.03496374574209904, -0.013272593342199518, 0.9946639873556966, 0.08295276060916494, 0.04858911424633017,0.03743647608606693]
[0.3220409901741914, -0.05825243627134054, 0.007912659527821525, 0.9902073437881281, 0.10685982162437939, 0.06122155400258929,0.06574432413504526]
[0.3441096332264128, -0.08677606290659756, 0.032181346633110536, 0.9841051204085877, 0.1275877719131905, 0.0709113756028271,0.10114370595317332]
[0.36253016018391976, -0.11998234598832797, 0.05986405267782849, 0.9760958376666058, 0.14447201612522173, 0.07706472527080645,0.1429187894070488]
[0.3767295908436813, -0.1571588698364884, 0.09134697420367408, 0.9658769844979336, 0.15693043025495995, 0.079177028208783,0.19022483823412148]
[0.3860973574545237, -0.19741166201038787, 0.12702202840542426, 0.953114569935144, 0.16447599953589068, 0.07684607531963483,0.24210523096782652]
[0.39001369967959876, -0.23965012669603827, 0.1672328932318591, 0.9374538471034034, 0.166727493462215, 0.06978270055017077,0.29751067573914247]
[0.387892331094937, -0.2825829705023644, 0.2122208009191259, 0.9185309506707948, 0.16341795819675528, 0.05781879554179578,0.355320208376481]
[0.37923419496254945, -0.32472904694428967, 0.26207398014423045, 0.8959851654507156, 0.15440085186446925, 0.040912470130690826,0.414363524002277]
[0.36368766834964494, -0.36444585664391727, 0.31668446364293756, 0.8694715268139264, 0.13965369706121156, 0.019150233559393055,0.4734441651468694]
[0.34110951862145694, -0.399976873626252, 0.3757155585084756, 0.8386734432558505, 0.11927917630593743, -0.0072538594901339105,0.5313630728604037]
[0.311620375681152, -0.42951706233673004, 0.4385826407470075, 0.803315028130204, 0.09350364905723066, -0.03796208335843527,0.5869420017516548]
[0.27564852204341167, -0.45129406975676645, 0.5044491229068754, 0.7631728313001542, 0.0626731221970669, -0.0725198514175346,0.639046305419065]
[0.23395643370696972, -0.46366079839190494, 0.572238503837505, 0.7180866722156463, 0.027246758444079217, -0.11036530835075394,0.6866066152122282]
[0.1876456867096034, -0.46519356073006035, 0.6406624011093642, 0.6679692934893903, -0.012211942100728505, -0.15084148661803123,0.7286389622716287]
[0.13813748523192595, -0.4547889356848206, 0.7082634520909388, 0.6128145780541647, -0.05504610420765385, -0.19321074923298123,0.7642629297020017]
[0.08712803198697001, -0.4317519100030317, 0.7734710125046556, 0.5527041029386806, -0.10051835650895417, -0.23667118759617584,0.7927174676776735]
[0.03652008357464548, -0.39586796463851015, 0.8346667415260823, 0.4878118379653861, -0.14782536095407808, -0.2803745973919934,0.8133740581902686]
[-0.011665871490207577, -0.3474524769365152, 0.8902564931502532, 0.4184068375005782, -0.19611369284317903, -0.3234456185253734,0.8257469767846051]
[-0.0553954912868957, -0.28737211793606243, 0.9387444772678813, 0.344853816922733, -0.24449674422840065, -0.36500159761029505,0.8295004645914713]
[-0.0927326933631977, -0.21703474067937453, 0.9788054402893567, 0.26761155178318213, -0.29207230299855785, -0.4041727142631645,0.8244526937420137]
[-0.12195219945523575, -0.13834644420951436, 1.0093506589539156, 0.18722908571480348, -0.3379404467555119, -0.4401219058050582,0.8105764812401157]
[-0.14164434657711683, -0.053636887664794464, 1.0295838410606446, 0.10433978195777449, -0.3812213849128159, -0.47206412909530127,0.7879967789322834]
[-0.1508042979255619, 0.03444367282744816, 1.039043566354324, 0.019653301855429444, -0.4210728844036933, -0.49928451301456717,0.7569850386962349]
[-0.14889873604057796, 0.12304994209599335, 1.037629648003542, -0.06605435923030933, -0.4567069239202001, -0.5211549802511439,0.7179506207459201]
[-0.1359046521134484, 0.20928222050459805, 1.0256117054726537, -0.15195260345796185, -0.4874052385035103, -0.5371489519426843,0.6714294774647296]
[-0.11231684113503547, 0.29033329211528003, 1.0036192584290204, -0.2371695131016779, -0.5125334401972421, -0.5468537925852088,0.6180704039750382]
[-0.07912301390205956, 0.3636320850238507, 0.9726137171750698, -0.3208064308510235, -0.5315534308458948, -0.5499807044316668,0.5586191984110771]
[-0.03774785753592962, 0.42697467412314344, 0.9338436934741318, -0.40195355265526794, -0.5440338593176649, -0.5463718391701095,0.49390111842919404]
