[0.2071245590434726, -6.105986735790911e-05, -0.05999684590856848, 0.9999999835642177, -0.00018031591858838974, -1.8555224058213847e-05,3.665751255106512e-06]
[0.2621375216308038, -0.02067021279887902, -0.03856082187455212, 0.996707817498005, -0.06885060555500554, 0.042814844603220596,9.86644566135594e-05]
[0.31231131068730894, -0.04895952075445698, -0.0103228688802465, 0.9869033714568489, -0.13674032194894395, 0.08557845307186267,0.00038487690414967877]
[0.3561115874266064, -0.08392084676789349, 0.024370992461161617, 0.9707320505317318, -0.20308318480074986, 0.12820195505671683,0.0008745520450408557]
[0.39222374620875017, -0.12426633134122098, 0.06508644148352188, 0.9484331034782463, -0.26713841634030594, 0.170614165396152,0.001587862711422467]
[0.419603617615073, -0.16847535872992003, 0.11130681021765246, 0.9203352418115551, -0.32820284033855, 0.2127426205925517,0.0025525784588312493]
[0.4375182635020719, -0.21485046357046642, 0.16244010457862393, 0.8868506401371214, -0.3856222314869351, 0.2545132004390185,0.0038036132430618254]
[0.445575338004941, -0.2615801258349849, 0.2178270024721248, 0.8484674458919705, -0.438801691960691, 0.2958497888960905,0.0053824533560249115]
[0.44373990434197325, -0.30680615115787013, 0.276749727851639, 0.805740958075931, -0.4872148538548871, 0.3366739830064773,0.007336472489991859]
[0.4323380521939528, -0.34869316470012773, 0.33844169112370387, 0.7592836622404763, -0.5304117325247484, 0.37690485797821716,0.00971814216840865]
[0.41204713877964483, -0.3854976655260276, 0.4020977784242281, 0.7097543323362706, -0.5680250860460385, 0.41645879579507267,0.012584147059053936]
[0.3838729621820761, -0.4156340977685622, 0.46688516514226736, 0.6578464284662336, -0.5997751693193363, 0.4552493838365518,0.015994415857500513]
[0.3491146514124405, -0.43773549456197935, 0.5319545226455149, 0.6042760327336645, -0.6254728069821095, 0.4931873890191533,0.020011079482502577]
[0.30931850776563374, -0.4507064378197504, 0.5964514814947608, 0.5497695729273747, -0.6450207464188231, 0.5301808119168127,0.024697369248285733]
[0.26622244056077, -0.45376634558172724, 0.6595282095896233, 0.49505158559513485, -0.6584132898926003, 0.5661350241947277,0.030116468461310258]
[0.2216929928797545, -0.44648144026657965, 0.7203549597682649, 0.44083276610856503, -0.6657342422705271, 0.6009529915101984,0.036330331522048835]
[0.1776572365539345, -0.4287841546388128, 0.7781314385269498, 0.38779854374076766, -0.6671532470963448, 0.6345355828110683,0.04339848508832719]
[0.24804135391876014, -0.38753620294689584, 0.7859097831785916, 0.45164189852943204, -0.618387570136199, 0.6429003479774219,0.017191601562615122]
[0.30962637611384813, -0.3345023055958666, 0.7941990839661441, -0.5090772276950485, 0.5625315562942552, -0.6513720933818943,0.010631104306506937]
[0.36039817655050366, -0.2714511860559143, 0.8029285870618567, -0.5592734955037116, 0.5004644113223254, -0.6596397001854725,0.04029883579060802]
[0.3986792108588947, -0.20051088544759832, 0.8120248527356337, -0.6015233140162052, 0.43316355380095956, -0.667351058163483,0.07198335586484514]
[0.42319860327339665, -0.12410819454984917, 0.8214125510000744, -0.6352544125451025, 0.3616870538091684, -0.6741231562364518,0.10579355686725568]
[0.4331518698269773, -0.04489240442742505, 0.8310152629342684, -0.6600386092213009, 0.28715476475436624, -0.679552759739304,0.14177172548421557]
[0.4282462311853165, 0.03435486622732865, 0.840756279617583, -0.675598141488664, 0.21072850278125263, -0.6832274000492811,0.17989154831323947]
[0.4087278075093502, 0.11082085860328533, 0.8505593907091606, -0.6818092624258988, 0.13359164289152387, -0.6847364024024195,0.2200578602204152]
[0.37538766693257536, 0.18176990807478963, 0.8603496548918113, -0.6787030612167817, 0.056928508576428734, -0.6836816845065494,0.2621080957859187]
[0.3295446854708092, 0.24465388831195478, 0.8700541446580645, -0.6664635178678125, -0.01809606769942787, -0.6796880715782887,0.3058153642956239]
[0.2730044081769233, 0.29721943703970377, 0.8796026582483119, -0.6454228534211205, -0.09035664237543772, -0.6724128922228123,0.3508930318956608]
[0.20799449415987287, 0.33760628818150584, 0.8889283919524162, -0.6160542864644029, -0.15878615970198046, -0.6615546435405122,0.3970006614930496]
[0.13707878012628663, 0.3644311715146029, 0.8979685664524353, -0.5789623537711532, -0.22239371439406774, -0.6468605422751069,0.4437511324620264]
[0.0630533986529781, 0.376852269693713, 0.9066650014101303, -0.5348709965414249, -0.28028076695293475, -0.6281328109126795,0.4907187387801634]
[-0.01117037023020466, 0.3746101207133631, 0.9149646330830201, -0.4846096531559718, -0.33165553238560863, -0.6052335825292805,0.5374480463122365]
[-0.08269085097295661, 0.3580420686142871, 0.9228199703807672, -0.42909763389183486, -0.3758452998114094, -0.5780883449469274,0.5834632778801279]
