[0.20703016526529208, -9.245902442840678e-05, -0.060026285659689316, 0.9999999575054936, -0.00026519278492647785, -0.00012103124828558317,3.6379824020901858e-06]
[0.22722145612798672, -0.015762031159791044, -0.05034609696727829, -0.9969888285221474, 0.07726518711348862, -0.005498010828054311,0.003624712304259741]
[0.2458323462679178, -0.029308520979530468, -0.03886377455896517, -0.9880582722172744, 0.15297792241374816, -0.011437235625730392,0.014415117003676241]
[0.26367034222478597, -0.0406466157923729, -0.025548462757557122, -0.9733960709678237, 0.2261428102032704, -0.018004878664128365,0.03217674256449378]
[0.2814781305500592, -0.04990338141415212, -0.010206195829268738, -0.9533100855097193, 0.2955454117214222, -0.02548983855548035,0.05659557055355645]
[0.29985274307893706, -0.05738950842659617, 0.007499965029829941, -0.9282211429188675, 0.36003928241478, -0.0341525933254877,0.08724004427890762]
[0.31917815097956975, -0.06355311681137421, 0.028017059375210485, -0.8986533162191023, 0.4185664096213453, -0.044216779310668794,0.12356882459786671]
[0.33957675407166815, -0.06892037175226226, 0.05185880167052995, -0.8652218217220095, 0.4701758235918389, -0.05586163098450161,0.16494051142619573]
[0.3608836907424762, -0.07402832211546616, 0.07955449866420089, -0.828618815670248, 0.5140400022072995, -0.06921546161432593,0.2106251512081862]
[0.38264604508574857, -0.07935606914232944, 0.11159373966710617, -0.7895974207083699, 0.5494687382895798, -0.08435034231704826,0.25981731775257777]
[0.40414702229634897, -0.08526054685881095, 0.1483706063654907, -0.7489543540091479, 0.5759201941599588, -0.10127811132510758,0.31165052500503654]
[0.4244531636464385, -0.09192283232236506, 0.19013122916233324, -0.7075115615810956, 0.5930089298233618, -0.11994781662715519,0.3652127060566339]
[0.44248084003900157, -0.09931003313173051, 0.23692835485960045, -0.6660972866144905, 0.6005107574502593, -0.14024466420304196,0.4195624734338208]
[0.4570767451177239, -0.1071564944637853, 0.2885861948757873, -0.6255270131447441, 0.5983643442017978, -0.16199051147082055,0.47374586183690287]
[0.4671060255817758, -0.11496643777723818, 0.34467821774990676, -0.5865847295077817, 0.586669556334582, -0.18494591198073418,0.5268132462458425]
[0.47154112175833174, -0.12203832516737385, 0.40451977109941384, -0.5500049489521339, 0.5656826083357156, -0.20881368352524884,0.5778361258412975]
[0.4695443866453968, -0.1275093899960171, 0.467176513990634, -0.5164559075142915, 0.5358081499859474, -0.23324393839025329,0.6259234675313191]
[0.46053810144665164, -0.13041704171331892, 0.5314886662796231, -0.486524332249117, 0.4975884901784995, -0.25784048214870847,0.6702373119550674]
[0.4442565595946213, -0.12977238651074996, 0.5961100968382189, -0.4607021367524779, 0.4516902175581631, -0.28216845687129843,0.7100073594694853]
[0.42077635805427777, -0.124640029047325, 0.6595603384748443, -0.43937535644651804, 0.39888853322267137, -0.3057630765409991,0.7445442735224981]
[0.39052279000247614, -0.11421772473756439, 0.7202867916644228, -0.4228155843389412, 0.3400496586191641, -0.3281392774038357,0.7732514635860697]
[0.35425213009330464, -0.09790938746403789, 0.776733713314797, -0.41117411010495375, 0.27611172131300404, -0.34880208450004113,0.7956351389810508]
[0.313011485749325, -0.07538543008895852, 0.8274141224712043, -0.40447890270410036, 0.20806455163591964, -0.3672574781606817,0.8113124579068705]
[0.2680796016969199, -0.04662538587686252, 0.8709805216202153, -0.4026345107751676, 0.13692884367809083, -0.38302353120606114,0.8200176321544935]
[0.22089341262235773, -0.011939147406518802, 0.9062903455615046, -0.40542488726955855, 0.06373514424259058, -0.39564157923657894,0.8216058866330183]
[0.17296612993218485, 0.028035149510431748, 0.9324623100938737, -0.4125190767489932, -0.010496866965853141, -0.4046871829619058,0.8160552132352423]
[0.12580314892211972, 0.07235671624745342, 0.9489203253452894, -0.4234796370561962, -0.08477835344954708, -0.40978064306886947,0.8034658999305447]
[0.08082203999515689, 0.11982943358912868, 0.9554223345818367, -0.43777360320765435, -0.15817012283552412, -0.4105968346792709,0.7840578575131725]
[0.03928235400915111, 0.16906744638517449, 0.9520722974013607, -0.45478574183149106, -0.22979985175703804, -0.4068741398911582,0.7581658073581625]
[0.0022299822345917004, 0.21857414056201874, 0.939314505035451, -0.4738337906587291, -0.2988773734282356, -0.3984222730260816,0.7262324330676437]
[-0.029540541730988253, 0.26682858461907566, 0.9179104368898071, -0.4941853307205007, -0.36470771421284687, -0.3851288137195533,0.6887996362784172]
[-0.055504005540212065, 0.31237297542610304, 0.8888993799927768, -0.5150759000961722, -0.42670161994077427, -0.36696428750097565,0.6464980714425518]
