[0.20714857774952425, -9.964779349202331e-05, -0.05997416132589843, 0.9999999484099964, -0.00031919849037007883, 3.576202066539726e-05,3.6614918619341025e-06]
[0.2576388147907415, -0.012516418670013213, -0.038969885987109404, -0.9976867459626069, 0.05798215149664131, -0.035343639348510626,0.0031708352161985837]
[0.3049226729607493, -0.025432637404451567, -0.011613691642164914, -0.99084192519913, 0.11436745424812975, -0.07066504464328331,0.012602227662076013]
[0.34860386949181466, -0.03851207409645496, 0.02179133859449947, -0.9796294804769843, 0.16822758761159198, -0.10600604602420517,0.028076288093199234]
[0.38830590604402365, -0.05141101897685126, 0.06098225271167762, -0.9643176808499819, 0.21836668803059572, -0.14136030103445277,0.04924089002150689]
[0.42363481684515336, -0.06377314319197665, 0.10571914922925393, -0.9452721357707033, 0.2636649587125104, -0.17670332863145943,0.0756129124765477]
[0.45415144696020127, -0.07521834427995854, 0.15575571410958267, -0.9229463337194277, 0.3031014691903193, -0.21198731809245858,0.10658771700577836]
[0.47935726018430835, -0.08532831124549728, 0.21080045898826408, -0.897869888201013, 0.33577486255703815, -0.24713663338707517,0.14145101616745423]
[0.49869624316941763, -0.09363219603872536, 0.27047266636575573, -0.8706347826216998, 0.3609215358669385, -0.2820441549123159,0.17939290653900924]
[0.5115737763269349, -0.09959604138075069, 0.33425765517385736, -0.8418799555848244, 0.37793091493313535, -0.31656858037682767,0.21952379789102056]
[0.5173915388825551, -0.10261945095949657, 0.401466224087707, -0.8122746099140181, 0.38635750876166286, -0.35053278350953776,0.26089193394500937]
[0.5155957716493365, -0.10204240101156671, 0.4712029869455859, -0.7825006612075702, 0.38592949969759444, -0.38372330366933527,0.30250216973432]
[0.5057346987016427, -0.09716412865545665, 0.5423477899680267, -0.753234764152293, 0.376553701415462, -0.4158910119205313,0.34333564660033733]
[0.4875197514634616, -0.08727477722381782, 0.6135535276748333, -0.7251303666237108, 0.35831679644430575, -0.4467529703309571,0.38236998873672096]
[0.4608845574860724, -0.07169904875295074, 0.6832625130272107, -0.6988002424696048, 0.33148284618039686, -0.4759954717941806,0.41859963526501165]
[0.42603552146932533, -0.04984964611641187, 0.7497421888148387, -0.6747999437748405, 0.29648714747582594, -0.5032782182397503,0.45105591927004207]
[0.38348825989382995, -0.02128692779906146, 0.8111394893170795, -0.6536125925582417, 0.25392658907302545, -0.5282395663433987,0.4788265100851992]
[0.33408512466649987, 0.014219912371515764, 0.8655516807790554, -0.6356354007356197, 0.2045467366066301, -0.550502742438417,0.5010738472950155]
[0.2789904889369513, 0.05663556786234341, 0.9111101349912389, -0.6211682665217362, 0.1492259449266942, -0.5696829028892578,0.5170522141745317]
[0.21966225138073353, 0.10561094839172355, 0.9460723249703057, -0.6104047461921266, 0.08895685955068919, -0.5853948933079594,0.5261231242342117]
[0.15779999363117528, 0.16045058033686838, 0.9689164647390903, -0.6034256434444328, 0.024825723728711762, -0.5972615402092026,0.5277687266804935]
[0.09527223009031875, 0.22009978251170934, 0.9784327159384772, -0.600195395828993, -0.04201004729522076, -0.6049222924817593,0.5216029743114442]
[0.03402704658937791, 0.2831550780921013, 0.9738047968971759, -0.6005613703488294, -0.1103455287028767, -0.6080420177982752,0.5073803399145665]
[-0.024008028545776536, 0.34789966399825456, 0.9546761708280231, -0.6042561099617446, -0.17895266583357106, -0.6063197511028874,0.4850019137977617]
[-0.07702997859345569, 0.4123638476459391, 0.9211957451327778, -0.6109025010291178, -0.2466048403818896, -0.5994971888266292,0.45451876476726566]
