[0.2071622493868439, -6.191107589603251e-05, -0.05997065129707975, 0.9999999919566711, -0.0001247003806505592, 2.2867664885490696e-05,3.680081471271941e-06]
[0.3210567484072026, 0.0025888248296998, -0.013504933296473731, 0.9936340765396728, 0.009895343331204948, 0.1122173563482423,0.0008179570411485251]
[0.4227211765016141, 0.005331992360900678, 0.05692590481859772, 0.9746319385525113, 0.01993365761119715, 0.22290117596000467,0.003209268337295804]
[0.5074036172826404, 0.008305664406206512, 0.14814339865564383, 0.9432708594708314, 0.03000227219113241, 0.330587889371471,0.0071830869021991045]
[0.5711613509756577, 0.011692893389570105, 0.25603790590663217, 0.9000076439665603, 0.0401018177892272, 0.4338381980465037,0.012747663610399581]
[0.6110412435467509, 0.015706363486237555, 0.3757718939929658, 0.8454707308692916, 0.050216325865159776, 0.5312824691751581,0.01991235312808534]
[0.625209076350093, 0.02057065649400905, 0.5020173672411843, 0.7804493607619764, 0.060308607995077076, 0.6216420336965095,0.028685345205988855]
[0.6130216006868694, 0.02650338223653857, 0.6292147110102954, 0.7058800071325771, 0.07031638371395202, 0.7037488815779881,0.03907087648922756]
[0.5750382968530471, 0.03369649887719514, 0.75183919619891, 0.6228303299171166, 0.08014930562222372, 0.7765634107716145,0.05106601604166997]
[0.5129731515875684, 0.04229912953638973, 0.8646611468789496, 0.5324809569884733, 0.08968700641744196, 0.839189922730231,0.064657133500849]
[0.42959004239919985, 0.052403071023253534, 0.9629863328946296, 0.43610543973716465, 0.09877826487495185, 0.8908895995347542,0.07981617167437834]
[0.3285483386269865, 0.06403199682170105, 1.042864465660457, 0.3350487625489524, 0.10724135733627024, 0.9310907447425445,0.09649685510867317]
[0.21420792149513998, 0.0771350941766786, 1.10125566076518, 0.23070481204561424, 0.114865628712465, 0.959396121109303,0.11463097242853706]
[0.2151659290707402, 0.10866591631011555, 1.0942401283396832, 0.2504752165238511, 0.127592747614662, 0.9591103957474637,0.03300765718155336]
[0.2109203952495543, 0.1418857253333759, 1.0862733835280558, -0.269099954799507, -0.14300058973415547, -0.9512612352767795,0.04730864532284501]
[0.20100670566488849, 0.17584379672293926, 1.0773847643366885, -0.28631053309626253, -0.1609657881433529, -0.9361356775527483,0.12556387576998626]
[0.18514856043599692, 0.20948900731532089, 1.0676068357978516, -0.3018520689655558, -0.18133985838079983, -0.9141000687366202,0.20105285016470503]
[0.16327741726975228, 0.24170929573045608, 1.056975224950227, -0.3154856065577203, -0.20395068295041985, -0.8855925190206343,0.2731278843942019]
[0.1355433793192906, 0.2713745704333766, 1.0455284424524771, -0.326990272424808, -0.228604209372384, -0.8511144046288077,0.34120631211940905]
[0.1023169831516929, 0.29738117870194947, 1.0333076917415223, -0.3361652520744398, -0.25508634486937837, -0.8112210735256012,0.4047767901286836]
[0.06418176051784266, 0.3186959814880391, 1.020356666705248, -0.34283156927138103, -0.283165028932783, -0.7665119239357804,0.4634043072357953]
[0.021917868935971488, 0.3343981034345431, 1.0067213388923508, -0.3468336520322938, -0.312592463359429, -0.7176200334328584,0.5167338360168119]
[-0.02352250993609207, 0.343716542034036, 0.9924497353296551, -0.34804067136002886, -0.34310747789713675, -0.6652015218577424,0.5644925907471862]
[-0.07104693780025388, 0.34606201855944163, 0.977591708059299, -0.34634764099616594, -0.37443800840014385, -0.6099248336061308,0.6064908793974223]
[-0.11946027319122991, 0.3410517253957809, 0.9621986965444934, -0.34167626881229335, -0.4063036633856818, -0.552460123851932,0.642621562043628]
