[0.20716926582371506, -8.8370519069511e-05, -0.05997037030085148, 0.9999999641262574, -0.00026204850588366414, 5.535890174877404e-05,3.6683897911393045e-06]
[0.2392314347765779, -0.002727159438770435, -0.044290159049893085, 0.9997759352746076, 0.006533926486979354, 0.019896384722939732,0.00308559968292638]
[0.26952435008229836, -0.009717283984440037, -0.025220892226174962, 0.9990588626199972, 0.012567959226917502, 0.03966275601079224,0.012259739268704384]
[0.29767110622164306, -0.02092478372037032, -0.0028717191276342313, 0.9977196681933036, 0.017098633201678835, 0.059280850626990254,0.027365693702505245]
[0.3232888159171309, -0.036138642575146165, 0.022724427692991434, 0.9955477516360377, 0.0194227267775453, 0.07867699031490911,0.04813899762088022]
[0.3459664608196975, -0.05506544083785131, 0.05159729567321403, 0.9922573935023588, 0.01889318240689643, 0.09777741752053695,0.07421515560490184]
[0.3652486022373853, -0.07732128642726666, 0.0838167055010309, 0.987496495075006, 0.014935780392628337, 0.11650828860863952,0.1051352146720027]
[0.3806273363322305, -0.10242253050637165, 0.11946257762147977, 0.9808574393971309, 0.007064131962907377, 0.1347956884718745,0.1403527840418854]
[0.39154416203397774, -0.1297771494005202, 0.15858985142346949, 0.9718898054779691, -0.005107355401742271, 0.15256567106410143,0.17924239716528134]
[0.3974025627336569, -0.15867887134063557, 0.20119096767643335, 0.9601146211433996, -0.02185284137099802, 0.16974432982149748,0.22110909091245232]
[0.3975911517505101, -0.18830611895804783, 0.2471588235762362, 0.9450398008631385, -0.0433269929610826, 0.18625790127685685,0.2651990585908075]
[0.3915162705768017, -0.21772761987301853, 0.2962531595208176, 0.9261763840164114, -0.0695596910302911, 0.20203290443587932,0.3107112173695347]
[0.3786420332610416, -0.2459161191112707, 0.3480731924417251, 0.9030551671893935, -0.10045362970832457, 0.21699631768311994,0.3568095169735894]
[0.3585350509038196, -0.27177103661078084, 0.4020389791547166, 0.8752433117557413, -0.13578486963788527, 0.2310757941345519,0.40263580537422566]
[0.3309105083291654, -0.29415019412198046, 0.4573834933912206, 0.8423605054825107, -0.17520633875742903, 0.24419991546940178,0.44732305881454787]
[0.29567594744014886, -0.3119099437553965, 0.5131567611298863, 0.804094264307954, -0.2182542073345244, 0.25629848337269867,0.4900087779914596]
[0.25296906752597487, -0.32395222852056693, 0.5682426586084461, 0.7602139776073602, -0.26435699859030676, 0.26730284681892347,0.5298483496522571]
[0.2843042025629234, -0.3060439161306323, 0.6006590210071714, 0.7416198326081228, -0.24296359502423429, 0.3267771874985157,0.5330904098797506]
[0.3134617029186053, -0.2835226786742815, 0.6324755871024834, 0.7220621343580166, -0.22056566483775425, 0.3858308744243603,0.5301995831401216]
[0.3398843138996963, -0.256776217406948, 0.6634672674831159, 0.7016450425957131, -0.19724290439616482, 0.44379825027774156,0.5213756648680881]
[0.3630894665314859, -0.22626752135821127, 0.6934242120328953, 0.6804769142478458, -0.17307849024587224, 0.5000561524815872,0.5068913589273857]
[0.38267859693710893, -0.19252044129517693, 0.7221544577233086, 0.6586697762461599, -0.14815877068686395, 0.554031858894681,0.48708500680897165]
[0.3983436824212042, -0.1561042162935285, 0.7494862482167943, 0.6363387807104741, -0.12257294463110605, 0.6052099049054595,0.4623524634006962]
[0.40987091818360416, -0.11761748268223735, 0.7752699895462476, 0.613601645044656, -0.09641272905824683, 0.6531376826444468,0.43313828552077394]
[0.4171415580110345, -0.07767228850430961, 0.7993798126893218, 0.5905780795626002, -0.06977201643018315, 0.6974297567358023,0.39992640833390525]
[0.42013003669921345, -0.03687861168246283, 0.8217147209008328, 0.5673892053189487, -0.042746523470356186, 0.7377708555320643,0.3632304903862237]
[0.418899578033037, 0.004170161576769527, 0.84219930707588, 0.5441569648647143, -0.015433432751869801, 0.7739175216668792,0.32358411023984374]
[0.4135955670186068, 0.044910397752763856, 0.8607840340566717, 0.521003528680908, 0.012068971429510904, 0.8056984305605475,0.28153099655801117]
[0.4044370263681538, 0.08481968391133232, 0.8774450785300653, 0.4980507000635197, 0.03966167139587281, 0.8330134097705915,0.23761546904757028]
[0.39170658324477114, 0.123426346785475, 0.8921837468515632, 0.4754193212407295, 0.06724528712055446, 0.855831215356087,0.19237326002644362]
[0.3757393418923836, 0.1603168494462447, 0.9050254786370333, 0.4532286834979427, 0.09472044842141547, 0.8741861433038524,0.14632287572729236]
[0.3569110906009785, 0.19514097623072396, 0.9160184611513684, 0.43159594406822577, 0.12198816677526515, 0.8881735741596158,0.09995764300542877]
[0.3356262677551477, 0.22761479962186612, 0.9252318842652081, 0.4106355525150222, 0.1489502052157644, 0.8979445669669811,0.05373857116955469]
[0.3123060923943308, 0.2575215014241148, 0.9327538719265489, 0.3904586892908017, 0.17550944478486966, 0.9036996341326664,0.00808814052184485]
[0.28737723126893616, 0.2847101919975483, 0.9386891315937951, -0.37117271909974164, -0.20157024602235474, -0.9056818416470973,0.036614890759281725]
[0.26126132880543523, 0.3090929330528878, 0.9431563678032233, -0.3528806616249228, -0.22703880399903667, -0.9041693889861286,0.08003959114272688]
[0.23436567110001588, 0.3306402196099741, 0.9462855099137406, -0.3356806821011225, -0.2518234954270093, -0.8994678298493214,0.12190582381986816]
[0.20707519274367736, 0.3493752137755559, 0.9482148070176707, -0.3196656041235184, -0.27583521641428, -0.891902098557771,0.16198605345608497]
[0.1797459688149269, 0.36536704618622906, 0.9490878449774259, -0.30492244698084425, -0.2989877094716161, -0.8818085074045422,0.200105989868131]
[0.15270026668194048, 0.3787235100778459, 0.9490505415113639, -0.29153198968926747, -0.3211978784259277, -0.8695268775476696,0.23614408970944045]
[0.12622316618257412, 0.38958346836539337, 0.9482481751933229, -0.2795683637809885, -0.342386089946964, -0.8553929602428586,0.27002995935749446]
[0.10056069495571873, 0.3981092767853617, 0.9468225031532468, -0.26909867676983784, -0.36247646045223697, -0.8397312964710071,0.3017417231770612]
[0.07591937054280204, 0.40447949750190837, 0.9449090201934409, -0.2601826680756159, -0.3813971272186653, -0.8228486515192158,0.33130244079301857]
[0.05246699433932695, 0.40888213946401336, 0.9426344090068958, -0.2528723990401655, -0.39908050259817696, -0.8050281470681178,0.35877567459030874]
[0.030334506071644823, 0.4115086164044305, 0.9401142272586291, -0.24721197851192758, -0.4154635103080927, -0.7865241971135926,0.38426032404805255]
[0.00961868221541438, 0.4125485630943041, 0.9374508725422105, -0.24323732531267578, -0.43048780284525673, -0.7675583359375712,0.4078848564349331]
[-0.00961455186215208, 0.41218559782042685, 0.934731860740551, -0.24097596873103133, -0.44409995915518224, -0.7483160067043488,0.4298010736172767]
[-0.027326428321578486, 0.41059406654152963, 0.9320284472048631, -0.2404468880129797, -0.4562516617736319, -0.728944358485879,0.4501775620855437]
