[0.20715054797381943, -6.17158324863162e-05, -0.059978696260302, 0.9999999810807858, -0.00019274016954593678, 2.6002425486021666e-05,3.678200520463724e-06]
[0.25035227282436434, 0.015198596563545141, -0.04235666235944921, 0.9977938866596807, 0.06098563182735076, 0.026153990071093626,0.0020202125008547214]
[0.29064323346094467, 0.0326373769746072, -0.01976705573064677, 0.9912110956399834, 0.12121118672428864, 0.052386237300727244,0.008005887492673953]
[0.3276129390697448, 0.05183607109989706, 0.0075794988567531585, 0.9804234710511004, 0.17955235551997278, 0.07882168555401127,0.017830056807715138]
[0.3609020334051597, 0.07233442429399828, 0.039474022835395695, 0.9657124768237318, 0.23511842355806903, 0.10554833265396463,0.03127760356085279]
[0.3901906800276722, 0.09363246182485513, 0.07570346708805548, 0.947461808877075, 0.28707874316376286, 0.1326380749563482,0.04805264836374537]
[0.4151904486011211, 0.11518892007432414, 0.11604002429398266, 0.9261473348876188, 0.33468052898738715, 0.16014191812171863,0.06778365332128856]
[0.435641509354883, 0.13641775623339358, 0.16022649555486743, 0.9023245911812255, 0.3772648167080097, 0.1880856681145709,0.09002983768619154]
[0.4513162325795022, 0.15668480198697668, 0.2079590790666903, 0.8766141457898017, 0.4142802095419999, 0.21646620467357885,0.11428879917677691]
[0.4620294490751688, 0.1753068243924242, 0.25886920119032186, 0.8496851898751099, 0.4452940897545414, 0.24524842812328915,0.1400052150444024]
[0.4676547380716264, 0.19155518761150828, 0.312506155535234, 0.8222377641613294, 0.47000103283166755, 0.27436295721945025,0.16658047913829027]
[0.4681452590562742, 0.20466597082176735, 0.36832234275496123, 0.7949840616586361, 0.48822822869904, 0.303704640979669,0.19338311575095313]
[0.46355691857898845, 0.2138578149708738, 0.425662808975246, 0.7686292719593831, 0.4999377857843269, 0.3331319314194381,0.21975979819113473]
[0.4540711377210378, 0.21835799270569853, 0.4837605678943707, 0.7438524451569251, 0.5052258681138168, 0.36246714708623184,0.24504679003380617]
[0.44001421874002, 0.21743629068596312, 0.5417388716520515, 0.7212878546527858, 0.5043186912404252, 0.39149763957562206,0.2685816200015241]
[0.42187033608013913, 0.2104453448516251, 0.5986211862974833, 0.7015073277342024, 0.49756547781952287, 0.4199778571508765,0.2897147975516726]
[0.4002855069323755, 0.19686516751423597, 0.6533491525519155, 0.6850039910512181, 0.4854285462941262, 0.44763228150633233,0.3078213755412552]
[0.37606051175169974, 0.17634884006985832, 0.7048082993995837, 0.6721778455019957, 0.4684707746905283, 0.474159195951467,0.322312168823658]
[0.35013159095061996, 0.14876579753765656, 0.751860757494164, 0.6633235423081711, 0.44734074432447846, 0.49923522617889277,0.3326444432559662]
[0.3235387725377512, 0.11423886558306351, 0.7933837231061455, 0.6586206802319381, 0.4227559237770393, 0.5225205786367382,0.33833189826466276]
[0.29738280109453946, 0.07317126927177857, 0.8283119822118952, 0.6581268841745307, 0.3954843004896788, 0.5436648866589419,0.33895377768514956]
[0.2727727447546885, 0.026260230721614684, 0.8556824465537552, 0.6617738592126396, 0.36632490462397993, 0.5623135611988076,0.33416295786181455]
[0.25076735468509215, -0.025505503799605346, 0.8746784029761496, 0.6693665430420048, 0.3360876965359605, 0.5781145315177039,0.32369287873108105]
[0.23231404772756678, -0.08086586064346961, 0.8846710521810578, 0.6805854054920945, 0.30557330468250454, 0.5907252517261998,0.307363202530155]
[0.21818989814366574, -0.13832779266644832, 0.8852559244437768, 0.6949918680177574, 0.27555310462818555, 0.5998198418475932,0.28508410556340247]
[0.22977043911003925, -0.10702298387414809, 0.9060141135199238, 0.6788458868875829, 0.2583617302266977, 0.6349721104688008,0.26311194791737585]
[0.2374727046334988, -0.07309211876642928, 0.9257734575354595, 0.6604716593713997, 0.24374978591681526, 0.6695740970433153,0.23671450652912235]
[0.2409815123245344, -0.03689622762275368, 0.94432087355033, 0.6400739717660627, 0.23185062982873356, 0.7030023890575171,0.20576257457336783]
[0.24002054486773236, 0.0011456081037152857, 0.961434090736725, 0.6178724574920623, 0.22277587293263515, 0.7345948618437786,0.17022022695479602]
[0.23436181436477968, 0.04055931027651859, 0.976885450735921, 0.594099578284321, 0.2166141186396022, 0.7636650801263016,0.1301524493971211]
[0.22383498248492278, 0.08082063384701466, 0.9904460194096194, 0.5689984816592588, 0.21342990621984279, 0.7895180068601236,0.08573050707925127]
[0.20833620529205318, 0.12136180861862329, 1.001889933341401, 0.5428207547913139, 0.21326286923477267, 0.8114666617366986,0.037234844748424645]
[0.18783615700431386, 0.1615799646482437, 1.0109988974928885, -0.5158240959718149, -0.2161271181514841, -0.8288493402047683,0.014944633033797929]
[0.16238688526302109, 0.20084724405207383, 1.0175667451143056, -0.48826992565938265, -0.22201085418660682, -0.841046981320967,0.07031099153619952]
[0.13212716257680474, 0.23852243191879655, 1.0214039674862172, -0.4604209597555242, -0.23087621923201748, -0.847500259847308,0.12826543092227555]
[0.09728602476409708, 0.2739638705691959, 1.0223421194277658, -0.4325387681454551, -0.24265938446845062, -0.8477259751753898,0.18811514610349558]
[0.058184227177329136, 0.3065433573830582, 1.020238006807625, -0.40488134172827783, -0.25727087799656023, -0.8413323170677963,0.24908377448666158]
[0.015233402416714156, 0.3356606696299824, 1.0149775645577015, -0.37770069112039395, -0.27459614953038425, -0.8280326058128001,0.3103242599300414]
[-0.031067232267351058, 0.3607583128063846, 1.0064793378959178, -0.3512404999516242, -0.29449636792764045, -0.8076571318947542,0.37093389946282995]
[-0.08013669554547982, 0.3813360542286218, 0.9946974855518491, -0.3257338551872325, -0.3168094450968212, -0.780162757159124,0.4299712820923991]
[-0.13132058681058756, 0.3969647830071955, 0.9796242316562678, -0.3014010762054402, -0.34135127764437156, -0.7456399849423684,0.48647477773046216]
