[0.20706149762960113, -8.250249012918777e-05, -0.06001536044232654, 0.9999999681849996, -0.00024266074147540284, -6.879256610028411e-05,3.653425940432386e-06]
[0.27108131264039304, 0.0015254380924701867, -0.024442091151198497, -0.9956088564817877, 0.032171829454165426, -0.0878509112244555,0.0031930677462746492]
[0.32861974448477915, 0.0035820196356537853, 0.022386853373939114, -0.9825020447485685, 0.06321440125365405, -0.1747314279549332,0.01275145575431021]
[0.3777941399068512, 0.006044922945302368, 0.07926692436501495, -0.9608676217062254, 0.09250083123590239, -0.2595489299271687,0.028484429974134598]
[0.4169472541359638, 0.008861103591500101, 0.1446876866578031, -0.9310155301109385, 0.11919286202937036, -0.341313295632821,0.05008371549474454]
[0.44565865771225666, 0.044884080626181336, 0.20362236971680425, -0.9108157049856319, 0.0920339196557999, -0.3947952583560495,0.07798213361980273]
[0.46323102714972875, 0.08365522596473587, 0.26682920595684423, -0.8864298046101696, 0.06538930034515014, -0.4448107601767608,0.11004466606846851]
[0.4690962798919939, 0.12314022479587161, 0.33321142255223063, -0.8579785919409365, 0.039581448362892346, -0.4909465762583871,0.14586810472722106]
[0.46311263066359143, 0.16123043275604484, 0.40162681847014514, -0.8256105851402413, 0.014924058360239426, -0.5328361013715563,0.18501384613484861]
[0.4455698635955013, 0.195826864191401, 0.47090713547214713, -0.7895010372632452, -0.008280565576051903, -0.57016189981628,0.22701311061674698]
[0.4171780870190588, 0.2249230867212706, 0.5398772996403015, -0.7498507121172258, -0.029744056411784195, -0.6026576992920295,0.271372250109513]
[0.3790406783841389, 0.246683872110808, 0.6073742165607854, -0.7068844654649261, -0.04919441593053013, -0.6301098462069331,0.3175780906150408]
[0.33261270913900354, 0.2595166953724857, 0.6722648282789744, -0.6608496422635105, -0.06637831243209295, -0.6523582441819217,0.36510326101904156]
[0.27964665276041634, 0.2621335185611184, 0.7334631693837028, -0.612014302068402, -0.08106322608928283, -0.6692968005858049,0.4134114659335545]
[0.22212760664063158, 0.2536007250808035, 0.7899461920992531, -0.5606652860757103, -0.09303942490053072, -0.680873407882423,0.46196266606988556]
[0.16220058774082824, 0.23337556426103606, 0.8407681650553197, -0.5071061405175153, -0.10212175552227766, -0.6870894874639046,0.5102181352275392]
[0.10209268488721909, 0.20132800285718086, 0.8850734864706071, -0.45165491225115467, -0.10815123473481451, -0.6879991235968509,0.5576453681280803]
[0.044032963975120215, 0.15774743794481422, 0.9221077888656649, -0.3946418333880317, -0.11099642887674097, -0.6837078142579845,0.6037228178885682]
[0.04518596289150338, 0.17687545490250073, 0.9244916563864573, -0.40819789691424746, -0.13359895599198282, -0.6705367799320688,0.6049018289532362]
[0.04396371560753374, 0.19668051164978317, 0.926269197492635, -0.41968458813568654, -0.1570840379775871, -0.6579581551656329,0.605211134683651]
[0.04025365500982622, 0.21689844730788638, 0.9274883729274385, -0.4290595822021509, -0.18125351907445064, -0.6460281561804224,0.6047335431128058]
[0.033970467065669335, 0.2372500719924571, 0.928197452995428, -0.43629962912765347, -0.20590789616286137, -0.6347951042140231,0.6035559191879111]
[0.025057890472079132, 0.2574435806272848, 0.9284445030853524, -0.441400517307113, -0.23084815861579017, -0.6242991142846015,0.6017684994149946]
[0.013490395308624552, 0.2771771644426215, 0.9282768782762, -0.4443768592711507, -0.2558776143804709, -0.6145718413788755,0.5994641817385301]
[-0.0007252791775518574, 0.29614183898126434, 0.9277407313103265, -0.44526170166827966, -0.28080368508472714, -0.6056362860712801,0.5967377954043906]
[-0.01754875629892042, 0.31402450561083717, 0.9268805381087998, -0.4441059631313639, -0.30543965320250555, -0.5975066611913081,0.5936853557185933]
[-0.036904860418962626, 0.3305112594115009, 0.9257386448611272, -0.44097770532625935, -0.3296063447129547, -0.5901883207515839,0.5904033087462989]
[-0.05868270738893301, 0.34529094989568854, 0.9243548405454396, -0.43596124407932785, -0.35313373124625724, -0.5836777519339911,0.5869877710942397]
[-0.08273509885353139, 0.3580589924471429, 0.922765958527257, -0.42915610902159473, -0.3758624364228968, -0.5779626305078853,0.5835337699843044]
