[0.20708775633480242, -7.945753497124129e-05, -0.060000856780132936, 0.9999999855884176, -0.00016072077417594519, -5.457629627280712e-05,3.664091939907301e-06]
[0.24741615475692985, 0.006492493708253084, -0.04037394979920533, -0.9996717490289717, 0.007202036854747244, -0.024497552863979942,0.00209636880733762]
[0.2850221637073115, 0.016789596176736782, -0.015498731807273097, -0.9986809773536394, 0.013791413436840191, -0.048745915023287054,0.008362903558964574]
[0.31904494222707774, 0.030511397503146163, 0.014312648578239079, -0.9970107979100424, 0.019486780679228943, -0.07239523106846521,0.01867256672458525]
[0.34868546236525716, 0.04724964337033626, 0.048686020006778935, -0.9946336510816192, 0.023864047193573365, -0.09516863396920326,0.03282283497851558]
[0.37321808675648827, 0.06649648967067112, 0.08718694664058035, -0.9915121805451599, 0.02652569930431645, -0.11681626108720922,0.050536563521915434]
[0.3920022158865662, 0.0876542054684473, 0.12932121134201907, -0.9876004521554228, 0.027108948092899827, -0.13712312282880132,0.07146818188102093]
[0.4044943659254995, 0.11004662396515186, 0.17453453063456928, -0.9828454742300042, 0.025293284932911105, -0.15591603359783943,0.0952114173301631]
[0.41026080411844623, 0.13293267104594086, 0.22221217477884692, -0.9771889851453777, 0.020807315733078938, -0.1730694135098774,0.12130837163971157]
[0.40899059047854, 0.1555223012394438, 0.2716792740915488, -0.9705694679600338, 0.013434755708663452, -0.18850979648707492,0.149259746185056]
[0.40050858185915855, 0.17699509189629337, 0.3222026316998612, -0.9629243463760586, 0.003019480016387713, -0.2022189115508528,0.17853598435010107]
[0.3847876794770749, 0.1965215894338603, 0.37299482813635176, -0.9541923118449948, -0.010530459198846886, -0.21423523865707067,0.20858907920242162]
[0.3619593749487644, 0.213287276598009, 0.42322129469526404, -0.9443157281097194, -0.027239922124854512, -0.22465397749125413,0.23886477907929782]
[0.332321500622657, 0.226518754837534, 0.4720108558030651, -0.9332430570254541, -0.04706493188073684, -0.23362540641404597,0.2688149143532011]
[0.29634203897819406, 0.23551143563519145, 0.5184700063880364, -0.9209312481744593, -0.06989212251817238, -0.241351648333521,0.29790956545977176]
[0.25465790636140967, 0.23965773808582586, 0.5617009133941813, -0.9073480346144108, -0.0955394011455799, -0.24808189977375866,0.32564879535283564]
[0.20806780185976675, 0.23847452825821078, 0.6008228297160543, -0.8924740780925017, -0.1237578211763998, -0.25410621789920573,0.35157367884352647]
[0.15218356201013786, 0.25371851143312996, 0.6184206659857121, -0.8728958863258721, -0.19516745850074682, -0.23567151931778108,0.3800281170652751]
[0.09469954987037088, 0.2582537045618014, 0.6344362655718516, -0.8471535080031793, -0.26618952863577067, -0.21543681940164577,0.4062770551836226]
[0.03759610343479469, 0.2518524132864162, 0.6486887018733017, -0.8151531352424451, -0.33617848346377777, -0.19372217191541227,0.4300943076451749]
[-0.017102715870898868, 0.23466579403117432, 0.660998585328441, -0.7768794144753026, -0.4044617488112091, -0.17087378210018264,0.45129947895368666]
[-0.06740436429786882, 0.20723434397175547, 0.6711917225481437, -0.7324004070112847, -0.47035026122274853, -0.1472576048718595,0.4697610811729729]
[-0.11142589400605432, 0.1704827139243596, 0.6791029785716285, -0.6818710556819686, -0.5331497863943117, -0.12325258069447767,0.4853987742495947]
[-0.09896842941942113, 0.1857016623546631, 0.6999768254993649, -0.6612918108792574, -0.5481661654960294, -0.15525113617952155,0.4879590972452303]
[-0.08720926457844602, 0.20169249115341514, 0.7204769918804829, -0.6396299053643, -0.5626731943822586, -0.18776121917359387,0.4888948609484127]
[-0.07629563603516495, 0.21838760824352632, 0.7405609140872795, -0.6168623930177984, -0.5765830940200526, -0.22067332952349578,0.48819668721493115]
[-0.06636936614110027, 0.23570899691552644, 0.7601849669413204, -0.5929739931262926, -0.5898020254046022, -0.25387723951413177,0.48586187498215305]
[-0.057565641110715035, 0.25356853932335016, 0.779304347338923, -0.5679578915352673, -0.6022307897409865, -0.2872624172402674,0.48189440022897156]
[-0.050011806836305586, 0.27186843765734797, 0.7978729882524551, -0.541816476018241, -0.6137656187510256, -0.3207184493002231,0.47630488957474093]
[-0.043826192210479356, 0.2905017340696102, 0.8158435059457705, -0.5145619963685598, -0.6242990488090623, -0.3541354611576022,0.46911056767034714]
[-0.03911697010127993, 0.30935292961173944, 0.8331671828612973, -0.48621714033129426, -0.6337208716429602, -0.3874045335310788,0.4603351786380367]
[-0.035981066439453216, 0.3282987015489591, 0.8497939882231849, -0.4568155172001136, -0.6419191534288867, -0.4204181131926633,0.4500088819188521]
[-0.03450312810408518, 0.34720871744297965, 0.8656726379595829, -0.4264020417023067, -0.6487813132701618, -0.45307041658166014,0.4381681229871363]
[-0.03475456041915576, 0.36594654335755233, 0.8807506950820491, -0.3950332116774431, -0.6541952512905364, -0.48525782467459483,0.4248554794901404]
[-0.03679264508756119, 0.38437064244521385, 0.8949747111759205, -0.36277727401376336, -0.6580505158990332, -0.5168792675905854,0.41011948346692756]
[-0.0406597492800258, 0.40233545903341233, 0.9082904091572123, -0.32971427433270634, -0.6602394992044496, -0.5478365974567597,0.394014420394121]
[-0.04638263635462793, 0.4196925821568007, 0.920642906944272, -0.29593598699678497, -0.6606586490794925, -0.5780349481092388,0.37660010589622633]
[-0.053971888300598236, 0.43629198129542096, 0.9319769811813586, -0.2615457231493482, -0.6592096860030403, -0.6073830802616434,0.35794164104492815]
[-0.06342144947169458, 0.4519833058926265, 0.942237369641716, -0.2266580156661563, -0.655800812549026, -0.6357937108348262,0.3381091472545508]
[-0.07470830049601264, 0.46661723905991437, 0.9513691104350397, -0.1913981810971957, -0.6503479032456417, -0.6631838252083304,0.3171774818594939]
[-0.08779227041903716, 0.48004689474733764, 0.9593179156537197, -0.15590175989143956, -0.6427756625017084, -0.689474971225623,0.2952259355335652]
