[0.20717574333152225, -8.212399459024396e-05, -0.05996792287414064, 0.9999999574534009, -0.0002893482609094398, 3.68433961764875e-05,3.6530829265692857e-06]
[0.2919001342308653, 0.01624911824073758, -0.027783528891647785, -0.9968605962137347, 0.007546004926189041, -0.07867784870033466,0.004669652014753229]
[0.3693752545466161, 0.040734055708419634, 0.018030997814429156, -0.9874735924179491, 0.014642552116108043, -0.15599773712162615,0.01860661059004545]
[0.43701591403276113, 0.07204208889771785, 0.07639589962238733, -0.9719019078382541, 0.021422219838555148, -0.23070086126738085,0.04153170653897197]
[0.4926022468649028, 0.10843469749296464, 0.14592876758132656, -0.950249927251685, 0.027732081723848404, -0.3015430396974725,0.07299179824773415]
[0.5343659015465076, 0.14784459491720178, 0.2249782160588275, -0.9226626776114478, 0.03342492185420754, -0.3673559925173942,0.11236517567055343]
[0.5610575429834104, 0.18796981535660423, 0.31166397688710384, -0.8893247442064615, 0.038361040486541625, -0.42707023842956066,0.15887397950142856]
[0.5719929111321191, 0.22637862660879904, 0.4039224252211374, -0.8504588929261881, 0.042409979308356244, -0.47973599057724087,0.21159972694382423]
[0.5670755951191901, 0.260620698659763, 0.4995564193392082, -0.8063244102061452, 0.04545214770762161, -0.5245416303053304,0.2695016249507656]
[0.5467956719493774, 0.2883396925130879, 0.5962882345194686, -0.7572151745801392, 0.04738033257194835, -0.5608293884896091,0.33143729494025304]
[0.5122043821397433, 0.30738237743214647, 0.6918142993596549, -0.7034574759865346, 0.04810107534949054, -0.5881079222645315,0.39618548408362037]
[0.46486602681989686, 0.3158995392902304, 0.7838604031468915, -0.6454076010473699, 0.04753590149081227, -0.6060615395593091,0.4624702983400503]
[0.4067892286375801, 0.31243430090384894, 0.8702360359997234, -0.5834492044419229, 0.04562238893291271, -0.6145558934480657,0.5289864622959568]
[0.3403405613242338, 0.2959940210117769, 0.9488865495377908, -0.5179904882131938, 0.04231506396746598, -0.6136400414423401,0.594425091176954]
[0.29499707009555004, 0.3276331548253438, 0.954093532725795, -0.5166454107337403, -0.004588377736746257, -0.6060003912862683,0.6048305482681904]
[0.24786615214314187, 0.3526469735733797, 0.9585048338978052, -0.511057941762724, -0.04964829895195942, -0.5988419145019092,0.6146081581040993]
[0.19988820743472588, 0.37107092480568155, 0.9622776372285018, -0.5014571240170628, -0.09248268524096677, -0.5922138054140258,0.6239154705408378]
[0.15194950697187948, 0.38306844845859067, 0.9655674309037554, -0.48810575984015625, -0.13273950572278492, -0.5861370145146283,0.632911045129735]
[0.1048668103117685, 0.38891397388071763, 0.9685248384093301, -0.47129695636773955, -0.17009972353466987, -0.5806050174833287,0.6417500110207383]
[0.05937626422408369, 0.38897479616870023, 0.9712926484981927, -0.45135040445582053, -0.20427991623289504, -0.5755852390706336,0.6505798650323037]
[0.016126397526781862, 0.3836928002259379, 0.9740031002316656, -0.42860843417399497, -0.23503448274538657, -0.5710210808212629,0.6595366004500749]
[-0.024325173796936984, 0.373566874296947, 0.9767754733239002, -0.4034318916923358, -0.2621574181262802, -0.5668344889568034,0.6687412496743312]
