[0.207119253391984, -6.66369969910387e-05, -0.05999597378487519, 0.9999999903267076, -0.0001389393341904097, 5.37911349719621e-06,3.6758210896735362e-06]
[0.2404253011320451, -0.005352682822778911, -0.04564983090295896, 0.9997014700921952, 0.019814479866252722, 0.01400747563005349,0.0028544193117540284]
[0.27194731950429224, -0.015096867935770582, -0.027648433737170297, 0.9987924341628575, 0.039074537650669705, 0.02754036605635417,0.011330587094356467]
[0.30113008236443023, -0.029126453139770823, -0.006109951162834221, 0.9972490707212865, 0.056960608797432456, 0.04015027767524508,0.025253419442863984]
[0.32742832085552, -0.047176009843613115, 0.018879374991392445, 0.9950324923019269, 0.0728156534072418, 0.05141134397880453,0.044329376180872654]
[0.35029883170545667, -0.06888503003494358, 0.0472562240653778, 0.992089796787528, 0.0860175434731451, 0.06093867907896948,0.0681563989441769]
[0.36919668568986536, -0.09379417528253313, 0.0789651657866732, 0.9883555216173712, 0.09598984991289838, 0.06840044172739419,0.0962324850227354]
[0.3835771267364895, -0.12134142563584821, 0.11393884418132777, 0.9837534616395378, 0.10221192308964985, 0.0735285886208738,0.1279663867817034]
[0.39290416947306506, -0.15085968546943884, 0.1520750132834269, 0.9781988135473806, 0.10422811053180292, 0.07612804664088624,0.16269020457332561]
[0.39666620690804444, -0.18157753480401717, 0.1932123510140165, 0.9716006030334442, 0.10165596861159144, 0.07608406986958978,0.19967360001453982]
[0.3943981893954381, -0.21262476145757125, 0.2371071384267925, 0.9638643447994194, 0.09419334015723997, 0.07336758883672773,0.23813932141226427]
[0.3857091953296923, -0.24304406785334887, 0.28341291167824745, 0.9548948804911169, 0.08162418712572782, 0.0680384055583767,0.27727970473331404]
[0.3703135475052057, -0.27180992965233886, 0.3316650701083286, 0.9445993355793317, 0.06382308629309338, 0.060246137504872975,0.31627379245655785]
[0.3480630960374151, -0.297855020930147, 0.38127216129191155, 0.93289013325922, 0.04075831614255265, 0.05022886557903712,0.35430469936971176]
[0.3189779385529632, -0.32010395574226636, 0.43151517719666055, 0.919688001651333, 0.012493484442170901, 0.03830949434067586,0.39057684917111135]
[0.2832727164010783, -0.3375133826945511, 0.4815557069938402, 0.9049249099950585, -0.020812331918232573, 0.024889885894410782,0.424332708721263]
[0.24137573029275772, -0.3491167681128252, 0.5304532306443438, 0.8885468701469846, -0.058905940749942313, 0.0104428808779087,0.4548686578951469]
[0.1939384596883347, -0.3540715767711314, 0.5771912371476641, 0.8705165415279886, -0.10144286536178852, -0.004497630317130678,0.4815496519725358]
[0.14183362808391575, -0.35170606561901474, 0.6207112493044538, 0.8508155806774397, -0.14799161328575144, -0.019348376702774544,0.5038223599569196]
[0.08614069397051906, -0.3415625958926867, 0.659953270783496, 0.8294466807232738, -0.19803932211290065, -0.03348986506682313,0.5212264955583256]
[0.13860034372252758, -0.3249317062269772, 0.673565995641138, 0.8275527722323098, -0.16415009177871426, 0.03263617804215952,0.5358600903430478]
[0.18779065779505244, -0.29996389593125194, 0.6871889198409407, 0.8240551478223286, -0.13080290052716598, 0.10158692470289511,0.5417599203435131]
[0.23234505137281616, -0.2673180392577851, 0.7008074939539168, 0.8190046386402345, -0.09808200342815825, 0.17217153981604885,0.5384870317534761]
[0.27103295237743075, -0.2278826336228025, 0.7144072782047569, 0.8124568498317248, -0.06606761252764436, 0.24313863262655946,0.5257685261223755]
[0.30279901139189314, -0.18274719028573105, 0.7279739718568746, 0.8044718563910629, -0.034835610952350264, 0.31319973552706487,0.5035051520591134]
[0.3267962214470379, -0.1331668908231786, 0.7414934420933916, 0.7951138811970666, -0.004457289342758166, 0.3810536377752699,0.47177555430277]
[0.34241179817475687, -0.08052181293165717, 0.7549517523218902, 0.7844509568542255, 0.025000894245272152, 0.44541109747687097,0.430837098938655]
[0.349284949884351, -0.026272221286375005, 0.768335189832452, 0.7725545730321298, 0.05347752994642705, 0.50501945025216,0.381123261353829]
[0.34731597700661787, 0.028088448129557284, 0.7816302927403453, 0.7594993110623122, 0.0809164462970304, 0.558686637670758,0.32323763101265995]
[0.3366664684724087, 0.08108121321062056, 0.7948238761467841, 0.7453624676088315, 0.10726687427465273, 0.6053041926028315,0.2579446529410021]
[0.31775069576725046, 0.1312880808353733, 0.8079030574533898, 0.7302236692772118, 0.13248358451899026, 0.6438687417064678,0.18615728863962056]
[0.2912186304207568, 0.17739585499000735, 0.820855280768388, 0.7141644800654294, 0.15652699721919017, 0.6735016167822112,0.10892183778364431]
[0.2579313148514451, 0.2182357055913539, 0.833668340345124, 0.6972680035903429, 0.17936326428761365, 0.6934662059466198,0.027400215386558888]
[0.2189295881223102, 0.25281716636045437, 0.8463304029961933, -0.6796184820431279, -0.20096432357655425, -0.7031827216308811,0.05714997388100662]
[0.17539739708576368, 0.2803554588688215, 0.8588300294293473, -0.661300893837821, -0.221307925031997, -0.7022401142962504,0.1433971826798577]
[0.12862110130428994, 0.30029130696779444, 0.8711561944543378, -0.64240055191794, -0.24037762881644908, -0.6904049173703839,0.22995907577415]
[0.07994630090967658, 0.3123027000572015, 0.8832983060130047, -0.6230027046773299, -0.2581627755704822, -0.6676268690636128,0.31542665546652]
[0.03073377649364492, 0.31630837299807096, 0.8952462229881618, -0.6031921414329269, -0.27465842911927185, -0.6340412191844418,0.3983889057220355]
[-0.01768387200010474, 0.312463082483617, 0.9069902717502307, -0.5830528043591411, -0.28986529206536993, -0.5899676925743214,0.47745749706474433]
