[0.20719420338107317, -8.046058396126759e-05, -0.05996548712987969, 0.9999999715885182, -0.0002218858112884956, 8.704109595854677e-05,3.6738977075298965e-06]
[0.2691165931974277, -0.016460280430069276, -0.03687601952461442, 0.9975383078096396, 0.013259999829131565, 0.06866943657476542,0.0050995428537049066]
[0.32646298890211023, -0.03972296079234672, -0.006017062065675649, 0.9901766509829732, 0.026462729326902027, 0.13579343113213777,0.02025013249526823]
[0.3777544040345264, -0.06905253530817188, 0.03215453707965052, 0.9779669410011139, 0.03910921337305016, 0.20003417373245405,0.04513824406686228]
[0.42168896060635364, -0.10340224929825796, 0.0770676315394771, 0.9609952813100775, 0.05092791813259588, 0.26002872912402153,0.07924314787154357]
[0.45718229701320323, -0.14152978750067705, 0.12804658012728118, 0.9393812355222069, 0.061655581710011585, 0.3145052978216419,0.12185196442771346]
[0.48340073057019806, -0.18203909709276983, 0.18432284809926797, 0.9132768510629126, 0.07103985575162369, 0.36231042496045535,0.17207523985853934]
[0.4997860789725549, -0.22342734523783242, 0.24504818947120122, 0.8828654182117797, 0.07884184826156224, 0.40243359817152496,0.22886637007467941]
[0.5060713409686446, -0.26413537464956716, 0.30930916422222715, 0.8483599751615067, 0.08483854458511181, 0.434028692698868,0.2910444430164567]
[0.5022867600211517, -0.3025999044917795, 0.3761427197069491, 0.8100015718879743, 0.08882508459516014, 0.45643179208732143,0.35731999252438995]
[0.4887561337549331, -0.33730567137389644, 0.4445525464271114, 0.7680573076825271, 0.09061687539426279, 0.46917499335625423,0.42632309299216664]
[0.46608357404334555, -0.36683571792244846, 0.5135259048497993, 0.7228181591252776, 0.090051520305256, 0.47199589483772614,0.49663317225673864]
[0.43513125510199435, -0.38991811361512146, 0.5820506124526486, 0.6745966170590797, 0.086990546554379, 0.4648425608079757,0.5668098823451297]
[0.3969889977895119, -0.40546753105944633, 0.6491318787593713, 0.6237241527422585, 0.08132091583797194, 0.4478738575381751,0.635424344565976]
[0.3529368161836649, -0.41262029520795274, 0.7138086808082011, 0.5705485348001296, 0.072956303891123, 0.4214551581934453,0.7010900775165128]
[0.3044017874314691, -0.4107617655929362, 0.7751693821552177, 0.5154310198482823, 0.06183813722697098, 0.38614951682670057,0.7624929240438655]
[0.25291078955919866, -0.3995451932429483, 0.8323663149163902, 0.45874344071372714, 0.047936377370538144, 0.3427045122550883,0.8184193158807549]
[0.20004077804480352, -0.37890150381800614, 0.8846290661433671, 0.40086521702421735, 0.03125004515176837, 0.2920350586323642,0.8677822520585055]
[0.14736833637999236, -0.34903978499715155, 0.9312762365470115, 0.34218031356419476, 0.011807479929009995, 0.235202568903059,0.9096444184450524]
[0.09642023680885504, -0.3104385870646434, 0.9717254706697829, 0.28307417220254893, -0.01033366903401449, 0.17339093805573866,0.9432379397141998]
[0.04862668555025943, -0.26382846870125226, 1.005501592417087, 0.22393064337941893, -0.03508671943851505, 0.10787988338882172,0.9679803302933055]
[0.005278805075029733, -0.21016652333182267, 1.0322427176697846, 0.16512894309526513, -0.06233649908949911, 0.04001623730288951,0.9834862956775884]
[-0.03250827037701329, -0.15060389400144114, 1.0517042557386507, 0.1070406610760579, -0.09194015096280188, -0.028816166853776283,0.9895751280449572]
[-0.06382553367747552, -0.08644751691037778, 1.0637607528688016, 0.050026845296331696, -0.12372819353694446, -0.09722734462928109,0.9862735382895157]
[-0.0879925880576464, -0.01911751732208617, 1.0684055730158442, -0.005564812668336092, -0.1575058274628483, -0.16385205897227975,0.9738138682241871]
[-0.10457187525785958, 0.04989818961672432, 1.0657484528468097, -0.05940266790959142, -0.19305447746012222, -0.2273800798937416,0.9526277295173272]
[-0.11337435667560433, 0.119090470582213, 1.0560110085298202, -0.11117366565035222, -0.23013355624297077, -0.2865851326105777,0.9233352176340969]
[-0.11445666844036873, 0.18697508628948295, 1.039520310556889, -0.16058571679746753, -0.26848243531014443, -0.3403518912806913,0.8867299473865956]
[-0.1081100776531966, 0.2521367627620232, 1.0167006788291988, -0.207369885974654, -0.30782260559913327, -0.38770041950868733,0.8437602494700776]
[-0.0948418554355405, 0.3132697479441682, 0.9880638828187396, -0.2512823740937691, -0.34786000932112654, -0.4278075161633354,0.7955069525145979]
[-0.07534994238938825, 0.36921353991271255, 0.9541979601742445, -0.292106279341513, -0.38828752277492773, -0.4600244944144377,0.7431582508223329]
[-0.05049200426736104, 0.41898267824203084, 0.9157548911199622, -0.32965312241402317, -0.4287875685983104, -0.48389100171400734,0.6879822224145398]
