[0.2071015690738205, -6.566222484909081e-05, -0.05999947764029269, 0.9999999657240186, -0.0002599816846636771, -3.079114663447162e-05,3.6593802082409485e-06]
[0.2757696697261203, -0.011595150894363545, -0.03450997810062642, 0.9966268321134915, 0.03137931931892939, 0.07562566513453668,0.00557266574150913]
[0.339831914292422, -0.028585274315748366, 0.00027670495196704947, 0.9865189036010819, 0.06247039500160767, 0.14962333761231666,0.022153090705665634]
[0.3977703703044593, -0.050337326093706634, 0.04374507393469332, 0.9697739072554238, 0.09246993993084653, 0.220340233435443,0.04937672068241382]
[0.4482400877655914, -0.07594827607141348, 0.09511889967013024, 0.946553639954868, 0.12084764771389434, 0.2862267515009095,0.08663890266759787]
[0.490108748569802, -0.10434302686710611, 0.1534768991990849, 0.9170822197884129, 0.14709253460628058, 0.3458398794258629,0.1331118560075034]
[0.5224893677405905, -0.13431275487161826, 0.21777133431347462, 0.8816436646386221, 0.1707190447539547, 0.3978750446507439,0.1877628962416348]
[0.5447649904158008, -0.1645579725322433, 0.28684912953912944, 0.8405788248552261, 0.19127286804976418, 0.4411949188070348,0.24937716970861423]
[0.5566046078709124, -0.19373478372417227, 0.35947505437625143, 0.7942817041019647, 0.20833640481114352, 0.47485454163798574,0.31658439829692353]
[0.5579698216204245, -0.2205026942870828, 0.4343564708637575, 0.7431952092513713, 0.22153381545060225, 0.4981222118780833,0.38788904546454417]
[0.5491121057028898, -0.2435722892470283, 0.510169114942233, 0.6878063765365523, 0.23053559796934298, 0.5104956857854225,0.46170323938548175]
[0.5305608420479199, -0.261751098540844, 0.5855833593640202, 0.6286411269747068, 0.23506264140476776, 0.5117133274205141,0.5363817284658478]
[0.5031026206490723, -0.27398604366397306, 0.6592903974830564, 0.5662586092891672, 0.23488970924524302, 0.5017599659923105,0.6102580998429924]
[0.46775259376012235, -0.2794009858136053, 0.7300277913163128, 0.5012451931168491, 0.2298483132241984, 0.48086733219172695,0.6816814638202034]
[0.42571894087628726, -0.2773280769336022, 0.7966038436842715, 0.43420817914519017, 0.21982894474859985, 0.44950906483071196,0.7490527971038855]
[0.3783617293757542, -0.26733184180284425, 0.857920282610382, 0.3657692959338569, 0.2047826384272024, 0.4083903986657502,0.810860145418724]
[0.3271476363826463, -0.24922518349841985, 0.9129927858183278, 0.29655805550702075, 0.1847218496608139, 0.358432761370194,0.8657119114048972]
[0.2736021244457211, -0.22307679641813385, 0.9609689231852421, 0.2272050413258883, 0.15972063595589595, 0.30075361964692177,0.9123674960865389]
[0.21926073277966648, -0.18920977979354842, 1.0011431542289766, 0.1583352029515675, 0.12991413943777388, 0.2366420189707809,0.9497646207023409]
[0.16562115500462957, -0.14819155891975555, 1.0329685847613734, 0.09056123157761316, 0.09549737588279454, 0.16753035611523498,0.9770427290116585]
[0.11409772367425054, -0.10081552967310212, 1.0560652601853395, 0.024477089651426705, 0.056723343371920185, 0.09496300636367194,0.9935619567099381]
[0.06597981373055735, -0.04807513305935816, 1.0702248508697032, -0.039348233974896736, 0.01390047130414765, 0.020562496310830413,0.9989172523918319]
[0.022395515794369353, 0.008868670001190605, 1.0754116658200257, -0.10037667450051167, -0.03261056208890848, -0.05400603309420114,0.9929473414264686]
[-0.015718277752590337, 0.06872532714322324, 1.0717600126336464, -0.15810668172067702, -0.08240060849896337, -0.12707129130529463,0.9757383377936333]
[-0.047638477577807994, 0.13011664866090994, 1.0595680026238488, -0.2120783892198607, -0.13501638264775917, -0.1969924287283128,0.9476219268602558]
[-0.07287047270500108, 0.19162128001891532, 1.0392879781872244, -0.2618783055349678, -0.18996530160378067, -0.2621949486941593,0.9091681616488703]
[-0.09115455070318901, 0.25182011180039066, 1.0115138132035766, -0.30714347600477565, -0.2467207764875605, -0.3212051518646803,0.8611730337235758]
[-0.10246403974295, 0.3093410305178953, 0.9769654048406539, -0.3475650699868225, -0.30472789766738334, -0.37268235684471995,0.8046410947776264]
[-0.10699544868110406, 0.3629014563413897, 0.9364707350739675, -0.38289135459197027, -0.36340945013122133, -0.41544819019434176,0.7407635138141563]
[-0.10515116606234191, 0.4113472125911487, 0.890945931192757, -0.41293002298688963, -0.42217219201497586, -0.4485123040127362,0.6708920550688497]
