[0.20715762373332858, -7.246777421337971e-05, -0.05998563120816515, 0.9999999678651716, -0.00025251918956541283, 2.2143215073792883e-05,3.6596174663169243e-06]
[0.320225676857817, -0.0006520100806260118, -0.01998505095934311, 0.993930797200509, 0.02229293622082815, 0.107686423882043,0.002868707463650469]
[0.4232918683396152, -0.002878148293213585, 0.04045399956988077, 0.9757999785707824, 0.044534108166076586, 0.21377916399270305,0.01138350006343503]
[0.5125728967167649, -0.006252286207585343, 0.11889073819049423, 0.9458563207971816, 0.06616819097266687, 0.3167540696138667,0.025386025574668614]
[0.5848904001908861, -0.010118699024249665, 0.21217786179415238, 0.90451044565435, 0.08689918632405115, 0.4151136497368172,0.044609897114500516]
[0.63780686415248, -0.013711429950600176, 0.3166037477642195, 0.8523286942421946, 0.10644119995745017, 0.5074325744226408,0.06868952131020442]
[0.6697250007086, -0.016208788226926275, 0.428059327843624, 0.7900247290937547, 0.12452159505913664, 0.5923798086719126,0.09716718613861672]
[0.6799459536053356, -0.016791847441147475, 0.54222127281493, 0.7184489630864138, 0.14088395828968, 0.6687391488744336,0.12950192469375402]
[0.6686839140274126, -0.014703092042138283, 0.6547423661236951, 0.6385759800371572, 0.1552908375825445, 0.7354278177403247,0.1650799756972359]
[0.6370370770180666, -0.00930136747870553, 0.7614396788970224, 0.5514901430278334, 0.16752621476293347, 0.7915128088654471,0.20322662943687797]
[0.5869171883401653, -0.00010955365283937986, 0.8584713983513819, 0.4583696145242996, 0.17739768055647936, 0.8362247128695429,0.24321922004701252]
[0.52094209381006, 0.013148116995217937, 0.9424938880922961, 0.36046903677608666, 0.1847382846154462, 0.8689688025875965,0.28430100220108595]
[0.5118920664789584, 0.08357151459377338, 0.9444393497596237, 0.3703125245674398, 0.19830178232323079, 0.8839304756588473,0.20545547322338137]
[0.49307993763764046, 0.15154080126654593, 0.9455644085181235, 0.3795329612186479, 0.21335646381279916, 0.8913858842009172,0.12595616755542924]
[0.46504214604153915, 0.21568989265206406, 0.9458708132896535, 0.3879922159105036, 0.2298761772814894, 0.891320177061383,0.04655454300679599]
[0.4285053524567949, 0.2747580549606168, 0.9453619423767401, -0.39555256720180987, -0.24782316003631097, -0.8837974390989122,0.031998977669288324]
[0.384367196530308, 0.3276158660629512, 0.9440428078109124, -0.402077665757903, -0.26714793461335656, -0.8689605576745811,0.10896366796494693]
[0.33367364976304875, 0.3732878723308363, 0.9419200541101275, -0.40743351701141756, -0.2877892859142173, -0.8470301014909287,0.1836171650389997]
[0.2775934958223737, 0.4109715270168477, 0.939001951443128, -0.4114894767656718, -0.3096743219550924, -0.8183022066540855,0.2552640268777057]
[0.21739051256672945, 0.4400520741470759, 0.9352983832275474, -0.41411925245722475, -0.3327186202050195, -0.7831454789869041,0.32324406143889217]
[0.15439396344056266, 0.46011312285164463, 0.9308208282171055, -0.41520190255651984, -0.35682646083950237, -0.7419969360108005,0.3869403105244862]
[0.08996802962512092, 0.4709427399642491, 0.925582337161141, -0.41462282640719966, -0.38189114755999554, -0.6953570264162191,0.4457865734306148]
[0.025480828730722105, 0.47253497295200986, 0.9195975041468396, -0.41227473668823583, -0.40779541593369867, -0.6437837790255968,0.4992743595415546]
[-0.03772632900265598, 0.4650868002787143, 0.9128824327607048, -0.4080586066305817, -0.4344119284977023, -0.587886146985679,0.5469591649437354]
