[0.2070612441917224, -7.84541843353757e-05, -0.06000192410858406, 0.9999999790922436, -0.00019509223940779712, -6.116443358535963e-05,3.666462351833553e-06]
[0.2867408186113874, 0.001127308864912983, -0.030014280247396052, -0.9960915973331506, 0.05338740202528984, -0.07015471273708021,0.00544346471109457]
[0.3610454527821569, 0.005670926271869997, 0.012029732357209832, -0.9844427836954796, 0.1055140604600509, -0.13881316389569825,0.02168165594216502]
[0.4282144248983119, 0.013138825146856173, 0.06516101184604314, -0.9652445881896623, 0.15552964376253808, -0.20439024422218022,0.048353313727863265]
[0.48667766230878473, 0.022990914744301885, 0.12819854608568845, -0.9388116580156044, 0.20242387188866648, -0.26543196092947235,0.08487120230518744]
[0.5350846808843089, 0.03458105715508372, 0.19977759647545512, -0.9055768974001023, 0.24523843254638936, -0.320587290758684,0.13043152648574682]
[0.5723277912487639, 0.047180060155603776, 0.27837958456849976, -0.8660841200714815, 0.28308294702297215, -0.36863888126468675,0.18403183769314843]
[0.5975595721518044, 0.060000517974548986, 0.36236308858334026, -0.8209788184584565, 0.31514981425276567, -0.4085307450108467,0.24449336309987413]
[0.6102047188140799, 0.07222285182028389, 0.4499954564298706, -0.7709972055149297, 0.34072768814190857, -0.4393923231592641,0.3104872589500975]
[0.609966447290984, 0.08302193575817735, 0.5394846398444754, -0.716953714262313, 0.3592133658106897, -0.46055837627910234,0.38056420150558884]
[0.5968276778739965, 0.09159372900867684, 0.6290109427389231, -0.6597271662145229, 0.3701218907373754, -0.47158425367848,0.4531866545233399]
[0.5710472366968011, 0.09718136816941354, 0.7167584492697668, -0.6002458423690714, 0.37309470435059966, -0.47225619610131253,0.5267630924315995]
[0.5331513122132175, 0.09910019898299818, 0.8009459483960706, -0.5394717090315145, 0.3679057119285555, -0.462596437900801,0.5996834147501916]
[0.48392039033836987, 0.09676124556643803, 0.8798571986715218, -0.4783840650770004, 0.35446516318417637, -0.442862991314434,0.6703547607746599]
[0.42437187743865357, 0.08969262581598032, 0.9518703786214052, -0.417962887100327, 0.3328212840716151, -0.41354411461278545,0.7372369247025059]
[0.35573861230472303, 0.07755842709330628, 1.015486545280556, -0.35917215409892006, 0.3031596335390066, -0.3753475850089189,0.7988765804180328]
[0.34673029580275844, 0.12434094428372094, 1.0173925105692891, -0.4080026957689894, 0.2641158468157821, -0.37293609720979054,0.7903766741901928]
[0.3338881892169523, 0.1689395508501853, 1.0168798500825358, -0.45255980407020613, 0.22313288808577167, -0.37133566802417534,0.7794300222903137]
[0.3177185694554619, 0.21082300922526584, 1.0142351742264832, -0.4926735073489803, 0.18075305991593477, -0.37076581181890844,0.7662466047388053]
[0.29877341395405077, 0.24957973852950766, 1.0097808627135412, -0.5282415048143512, 0.137526616120876, -0.3714140301473877,0.7510652173143734]
[0.27762292165674346, 0.2849177883921415, 1.0038653988684405, -0.5592289525643214, 0.0940031539559263, -0.3734328075813207,0.7341487069266575]
[0.2548302201939155, 0.31665873843653664, 0.9968532268073876, -0.5856671550048747, 0.050723189935838645, -0.3769372733818621,0.7157788998613167]
[0.23092953765398921, 0.3447264656915736, 0.9891144087406447, -0.6076512044213925, 0.008210058294353978, -0.38200355693176224,0.6962513132479654]
[0.20640880539475231, 0.36913197227878863, 0.9810143609130726, -0.6253366290130489, -0.03303773683821797, -0.3886678528877094,0.6758697422513182]
[0.1816973032671319, 0.38995562364103575, 0.97290394046, -0.6389351259200963, -0.07255359459764843, -0.3969261999533671,0.6549408160795989]
[0.1571585859147396, 0.40732820780157686, 0.9651101419719142, -0.6487094703895866, -0.10990920706875255, -0.4067349652181968,0.6337686149513344]
[0.13308856394473645, 0.42141218986520323, 0.957927642280142, -0.6549677049970452, -0.14472017053294722, -0.4180120143507415,0.61264943769684]
[0.10971828051318883, 0.4323844107404934, 0.9516114055268966, -0.6580567235660563, -0.1766507386586461, -0.4306385367662368,0.591866805753369]
[0.08722064278362239, 0.4404212780022211, 0.9463705287584897, -0.6583553729402337, -0.20541765452063412, -0.44446148438582284,0.5716867840255871]
[0.06572015489041215, 0.44568723751944067, 0.9423634720104472, -0.6562672019402164, -0.23079301570288802, -0.45929657293387427,0.5523536925299983]
[0.04530456520212085, 0.4483270176354104, 0.9396947771797739, -0.6522129906035717, -0.2526061446428212, -0.4749317860312475,0.5340862750472112]
[0.026037290713880945, 0.4484618255525954, 0.9384133380268049, -0.6466231941238666, -0.27074445448263035, -0.4911313147678406,0.5170743823110595]
[0.007969514248191256, 0.4461893703918665, 0.9385122405914705, -0.639930434787796, -0.28515331867470367, -0.5076398590902715,0.5014762177251431]
[-0.008849040853294673, 0.4415873098796257, 0.9399301503384027, -0.632562171711236, -0.29583497011863596, -0.5241872123106228,0.4874161833842709]
[-0.024361480286349296, 0.4347194856183772, 0.9425541806386916, -0.6249336723944859, -0.3028464723753264, -0.5404930463982406,0.4749833534688476]
[-0.03849785166561734, 0.4256441392920398, 0.9462241378818911, -0.617441402192084, -0.30629682121466845, -0.5562718135028456,0.4642305910591402]
[-0.051172346230598104, 0.4144231980677128, 0.9507380026401835, -0.6104569378994384, -0.3063432491362873, -0.5712376783939046,0.4551743132715271]
[-0.06228366986977943, 0.40113168581821235, 0.9558584748206023, -0.6043215000068596, -0.3031868183141917, -0.5851093971840476,0.4477948985382678]
[-0.07171840691633699, 0.3858663563057202, 0.9613203844520347, -0.5993411850009106, -0.2970673984444761, -0.5976150598050137,0.4420377190211098]
[-0.07935696905780623, 0.368752748912049, 0.9668387493193397, -0.5957829646677208, -0.28825813504426434, -0.6084966171714681,0.4378147707460593]
