[0.20711998725442485, -7.30367325315463e-05, -0.06000124386281912, 0.9999999649756903, -0.00026146382225851245, -4.088959876070511e-05,3.6508773894244792e-06]
[0.30528754656258345, -0.0033364954678916647, -0.022564943196173748, 0.9949955172487596, 0.0056519453413732094, 0.09974998364537828,0.0013845329459945689]
[0.3950681604364446, -0.007236288803381836, 0.03235769477882702, 0.980048520283301, 0.010918293095013387, 0.19838264440010747,0.005478609971913567]
[0.4734259120103847, -0.011811998613069731, 0.10286254795616048, 0.9553906273887653, 0.014905241434683384, 0.29471896852458873,0.012137234745934509]
[0.5377573346851593, -0.017119782187189972, 0.18650784149431082, 0.9214028644684128, 0.017015545911428318, 0.38766133898357685,0.02111678962817355]
[0.5859877368074415, -0.023226512189193697, 0.28041316052558407, 0.8786079422758065, 0.01670356235304015, 0.476171862614589,0.03208476318666439]
[0.6166445908936421, -0.030202926533364968, 0.38137574460952794, 0.8276597280083, 0.013490508424675895, 0.5592903692015895,0.04462805994013949]
[0.6289049316259105, -0.038116216049987516, 0.48599872933267874, 0.7693301060680141, 0.006978110130939027, 0.6361508278303908,0.05826335149206288]
[0.6226149609797944, -0.04702251198641913, 0.5908254852045447, 0.7044935145819656, -0.0031396990719629986, 0.7059958493277971,0.07244923004152624]
[0.5982813916341398, -0.056959741136802855, 0.6924739821651466, 0.6341094946150604, -0.017067313567237244, 0.7681889844661761,0.08659988332241346]
[0.5570354020945673, -0.0679412934537332, 0.7877651887555215, 0.5592036318079765, -0.03490046025468587, 0.8222245746582667,0.10009997439966171]
[0.5005713595366128, -0.07995089693147375, 0.8738398913735295, 0.4808473044724963, -0.05662185004887273, 0.8677349640504448,0.11232038124468237]
[0.4310636237845594, -0.0929390206231942, 0.9482589684924301, 0.40013667721762225, -0.08209959188836446, 0.9044949381119067,0.12263443026712752]
[0.3510657199003331, -0.10682103361258527, 1.0090830404287006, 0.31817139440818987, -0.11108842042300271, 0.9324233127913253,0.130434245470739]
[0.3649208951046937, -0.08374903426290245, 1.0056213469172979, 0.3359839383779349, -0.10563859962613845, 0.9314968177844708,0.0909338104254148]
[0.37764778054044346, -0.05759304470338517, 1.0016943484452288, 0.354021180210443, -0.09691651382479827, 0.9288315268956645,0.05047957958542776]
[0.38860771166627245, -0.02834101670850491, 0.9974299438592966, 0.3717503492482176, -0.08491522431145458, 0.9243952173726192,0.009195901945537314]
[0.3971447486066445, 0.003889632683899285, 0.9929551094238803, -0.3886468050253981, 0.06970838514114402, -0.9181607966329459,0.032789533557501915]
[0.4026116763465036, 0.03884840693643152, 0.9883944616222495, -0.4042057528853446, 0.05144771120615574, -0.9101064807956217,0.07534610779495331]
[0.4043965157600654, 0.0761533073121021, 0.9838688720383548, -0.417953419708073, 0.030358782192546042, -0.9002159537673691,0.11834069410316757]
[0.40194851331296416, 0.11529764035983259, 0.9794941502260702, -0.4294574568919745, 0.0067352817874757245, -0.8884785060979458,0.16163809235784787]
[0.3948025839725382, 0.1556618897611291, 0.9753798094938341, -0.4383363546796421, -0.019068196265948013, -0.874889152899833,0.20510147292386574]
[0.3826012289311096, 0.19653028658318367, 0.9716279293751947, -0.4442676732835528, -0.04664461420312462, -0.8594487302125609,0.2485928288931062]
[0.3651130357177833, 0.23711152414327943, 0.9683321272352914, -0.446994921617067, -0.07554404119464307, -0.8421639692795713,0.2919734349830683]
[0.3422469901129166, 0.27656289567029474, 0.965576649997104, -0.4463329432517142, -0.10528407985068526, -0.8230475482957179,0.3351043114355065]
[0.3140619825014596, 0.31401699156290597, 0.9634355953785719, -0.44217170091421704, -0.13536094104287794, -0.8021181212758608,0.37784669122740583]
[0.2807710701367031, 0.348609984104007, 0.9619722703330187, -0.4344783847582108, -0.16526092667659956, -0.7794003237891399,0.42006248888620373]
[0.24274025439803454, 0.37951045557097896, 0.961238692602694, -0.42329780510211573, -0.19447207190101914, -0.7549247553990102,0.4616147691874701]
[0.20048174087621431, 0.40594769392334795, 0.9612752394515549, -0.4087510665898609, -0.22249569526025048, -0.7287279387455805,0.5023682140063467]
[0.1546418618646745, 0.427238390224817, 0.9621104457622477, -0.3910325570613596, -0.2488576075330349, -0.7008522553038176,0.542189585593952]
[0.10598404725002243, 0.44281072359198803, 0.9637609517876367, -0.37040532006841836, -0.27311873744016135, -0.6713458579483278,0.5809481845567029]
[0.05536742270252854, 0.45222491102814516, 0.9662315989632057, -0.3471949142052738, -0.2948849448724391, -0.6402625605523262,0.6185163008300996]
[0.0037217857675670993, 0.45518942766899984, 0.9695156703370885, -0.32178189453471157, -0.3138158095586579, -0.6076617049445884,0.6547696559588969]
[-0.04798014596061034, 0.45157226293172725, 0.9735952703827201, -0.2945930807159789, -0.32963220480542355, -0.5736080056432847,0.6895878350227169]
[-0.09875221078321095, 0.44140676371564413, 0.9784418372475795, -0.26609180236999813, -0.34212249166062336, -0.5381713728791993,0.7228547065799121]
