[0.20718002519522008, -7.325488951881692e-05, -0.059970771284436064, 0.9999999774651291, -0.00020302009421030684, 6.196067282220871e-05,3.6684936508228575e-06]
[0.27918329923353724, 0.0035086537510304015, -0.03233398185826228, -0.9971726591766235, -0.016191302319319163, -0.07337877217993645,0.00029208421944976903]
[0.34653373078710065, 0.010363261970710403, 0.005519926273674258, -0.9887324751496778, -0.03208463685510388, -0.14620961930485657,0.001189909659303392]
[0.40774416595107654, 0.01999459921854777, 0.05278595032045283, -0.9747968090691669, -0.04698541594697324, -0.2180738810238534,0.002708160271256262]
[0.46150712040063435, 0.03176449259084906, 0.10846413027797705, -0.9555586469634225, -0.06042339355594891, -0.2885011301028522,0.004876848776980404]
[0.5067312147819782, 0.044919533100034555, 0.1713862470393657, -0.9312825514171039, -0.0719597045319096, -0.35703606542641975,0.007736816822901636]
[0.5425699246269224, 0.05862238829578268, 0.24024679651822095, -0.9022991532672531, -0.08119620785394277, -0.4232432517796621,0.011338591901795689]
[0.5684416899559657, 0.07198610111005455, 0.31363725132245024, -0.8689982858674228, -0.08778390057437525, -0.4867116069776463,0.015740952724240365]
[0.5840407856788311, 0.08410989645935021, 0.39008251943919214, -0.8318209178510292, -0.0914302105091488, -0.5470585796347249,0.02100922844279937]
[0.5893387319584529, 0.0941149683193646, 0.46807844660422815, -0.791250067645431, -0.09190500133429531, -0.6039339650253774,0.02721336196743485]
[0.5845764065751067, 0.10117874267320823, 0.5461291877487559, -0.7478009061618918, -0.08904515319018294, -0.6570233113522915,0.034425771980603356]
[0.5702473915920498, 0.1045662043387749, 0.6227832937618536, -0.7020102725849432, -0.08275761450100032, -0.7060508742401644,0.04271905209642801]
[0.5470734275946365, 0.10365703313548559, 0.6966674217771914, -0.6544258415830947, -0.07302085575395835, -0.7507820833401868,0.052163548849622564]
[0.5159731453077071, 0.09796750887233514, 0.7665166777071672, -0.6055951882501903, -0.05988469266262479, -0.7910254914778515,0.06282486279446463]
[0.47802548362358505, 0.08716640416311748, 0.8312007347509736, -0.5560549994724991, -0.04346848363520576, -0.8266341837164184,0.07476131889945338]
[0.46743483195654395, 0.11495161889217156, 0.8388150170934217, -0.5497785913964468, -0.06468658153575957, -0.8275189964482376,0.09365605761859892]
[0.4552284456227077, 0.14244877817717816, 0.8456546345840416, -0.5431635317341261, -0.08604903546570784, -0.8274837454715821,0.11331192465868038]
[0.44132284650872144, 0.16961344448268306, 0.8518110331084175, -0.5360724076414943, -0.10763775574396339, -0.82653884905456,0.13369374819870353]
[0.4256195160690118, 0.19636919517607718, 0.8573802343992981, -0.5283498325835135, -0.12950433177243123, -0.8246958606542155,0.15476375506219922]
[0.40801282097151115, 0.22260266161759962, 0.8624614770396202, -0.5198277716283581, -0.15166723124061274, -0.8219673693798495,0.17648167748090007]
[0.388399059356035, 0.24816030049490356, 0.8671558276274866, -0.5103312582875855, -0.17410986371477627, -0.8183669017688271,0.1988048698123943]
[0.3666862691601789, 0.2728471204894702, 0.8715647798269122, -0.49968436697808916, -0.19677955994615134, -0.8139088254144344,0.22168843474029373]
[0.34280439832874776, 0.2964275150635807, 0.8757888591002946, -0.48771629886299167, -0.2195874971577133, -0.8086082549614421,0.24508535844396778]
[0.316715409471245, 0.318628272417001, 0.8799262507647541, -0.47426743575283375, -0.242409578782654, -0.8024809609586,0.2689466541859377]
[0.28842287994828986, 0.3391437493248789, 0.8840714686376283, -0.45919521698329446, -0.26508825512576306, -0.7955432820284744,0.2932215137287971]
[0.25798066317321366, 0.3576431096869987, 0.8883140809421965, -0.44237969772353475, -0.2874352497017323, -0.7878120407840427,0.31785746596016734]
[0.22550019823832113, 0.37377944434970556, 0.8927375093416307, -0.4237286539273324, -0.30923513506440675, -0.7793044638884656,0.34280054207387217]
[0.19115609234117187, 0.387200509249209, 0.8974179159682797, -0.4031821089617336, -0.33024968225203005, -0.7700381066196719,0.3679954466283424]
[0.15518965282569253, 0.39756074718476236, 0.9024231921302599, -0.38071616961006965, -0.3502228899799708, -0.7600307822650216,0.39338573377937036]
[0.11791011133528453, 0.4045341973395748, 0.9078120610237794, -0.3563460743591484, -0.36888658381912837, -0.7493004966335836,0.4189139879638097]
[0.0796933594607827, 0.4078278484608032, 0.9136333052755724, -0.33012837429846803, -0.38596646216161745, -0.737865387934682,0.44452200829373656]
[0.040978100778549464, 0.40719495838730607, 0.9199251285050383, -0.3021621861876395, -0.40118845509528317, -0.7257436722315812,0.4701509959070445]
[0.0022594153878642016, 0.40244784586272364, 0.9267146583514831, -0.27258947785226867, -0.4142852546220043, -0.7129535946386966,0.49574174351043926]
[-0.03592017320028073, 0.39346966120830273, 0.934017596580903, -0.2415943675838929, -0.42500287013024834, -0.6995133863897914,0.5212348263443997]
[-0.0729819460067532, 0.3802246607606368, 0.9418380199926563, -0.20940144116253923, -0.433107061766877, -0.6854412278634688,0.5465707937968647]
