[0.20705285742685106, -8.55638814295477e-05, -0.06002277114268559, 0.9999999550440373, -0.0002805175698816131, -0.00010586999235657541,3.6553475846404257e-06]
[0.26330777753516516, 0.0052198528156873186, -0.03303857099390076, -0.9965558949284995, 0.05252480450229131, -0.06395994639343623,0.005159307376258678]
[0.3155510732989849, 0.013537158832608911, 0.0018901767099302469, -0.9862834465928526, 0.10400945602780673, -0.12650797572855205,0.020560352885778427]
[0.3626342832333854, 0.024430340704735484, 0.04420012745427701, -0.9693137558876829, 0.1539865461113408, -0.18605016516343226,0.04587289293551515]
[0.4035241753724347, 0.03734750724771956, 0.09319727581607548, -0.9458633933092884, 0.2017278141522066, -0.241160582454222,0.08055993833880436]
[0.4373261764173297, 0.051637499587444666, 0.1480692057005542, -0.9162315664456199, 0.246534166944482, -0.29050489302322346,0.12388514159156393]
[0.4633043657534731, 0.06656938384262681, 0.20789930999112943, -0.8807962691172805, 0.2877448031085998, -0.33286795668242913,0.17492793946976248]
[0.4808975649494498, 0.08135427747272563, 0.2716827129930177, -0.8400094170038659, 0.3247458419104205, -0.36717897754119894,0.23260248485026486]
[0.48973115674159284, 0.09516890007797255, 0.33834360048327483, -0.7943910326446846, 0.3569783448113456, -0.39253369085195194,0.2956799792607006]
[0.4896243795257056, 0.10718019647934374, 0.40675363951283716, -0.7445225549847061, 0.38394562596766807, -0.40821313137480364,0.3628139479023902]
[0.48059296089069936, 0.11657035524775083, 0.4757511537304369, -0.6910393599419674, 0.4052197571167771, -0.413698598012183,0.4325679385437283]
[0.46284707348547416, 0.12256153999181568, 0.5441607101701789, -0.634622588654951, 0.42044718273201703, -0.4086825075344239,0.5034450759884093]
[0.43678471523391815, 0.12443966360623168, 0.6108127702813951, -0.5759903889955594, 0.42935337286096376, -0.39307491458162985,0.5739188658027399]
[0.40298073039804017, 0.12157656674500553, 0.6745630614582662, -0.5158886834895766, 0.43174645353350677, -0.3670055640511636,0.6424646154179378]
[0.36217179519383536, 0.11345000991991785, 0.7343113352865092, -0.45508158287412137, 0.4275197678741069, -0.33082143363580474,0.7075908281293684]
[0.315237788795744, 0.09966095226448272, 0.7890191948708088, -0.39434156906193707, 0.41665333490456363, -0.28507981678127214,0.7678699261506676]
[0.26318005515768594, 0.07994766715665652, 0.8377266955199835, -0.33443957421691717, 0.399214187299362, -0.2305370877826642,0.8219676727300202]
[0.2599979735012293, 0.10783553029348279, 0.8512697929548462, -0.37646257867974237, 0.3656132365149662, -0.2459529164579315,0.81492947610495]
[0.2550782807739943, 0.13543601056460436, 0.8637214545626659, -0.41491256635215096, 0.3289397240098566, -0.2617921609826695,0.8069145460948238]
[0.2484735009487354, 0.16263307124550425, 0.8751188047738203, -0.4495743324443222, 0.2895749160497648, -0.2780352303254535,0.79795093727615]
[0.2402402673785885, 0.18931998034749076, 0.8855035275724091, -0.4802729876689686, 0.2479146097533093, -0.2946608165501822,0.7880680216684136]
[0.23043774580151258, 0.21539863252423452, 0.8949212755450686, -0.506874834241173, 0.20436489622174397, -0.3116459441718252,0.777296402337301]
[0.21912630672168937, 0.2407786271727126, 0.903421056546724, -0.5292877978082101, 0.1593378884914991, -0.3289660246209383,0.765667825514108]
[0.2063664815490839, 0.26537615825162353, 0.9110546038993876, -0.5474614169200478, 0.11324746080344551, -0.3465949156771268,0.7532150914793407]
[0.19221822623087675, 0.2891127756761239, 0.9178757361421509, -0.5613863965152049, 0.06650504499478774, -0.36450498571748763,0.7399719644587955]
[0.17674050500263885, 0.31191408058618303, 0.9239397123968823, -0.5710937366360755, 0.019515528623263948, -0.38266718261235677,0.7259730817799795]
[0.15999119564604486, 0.3337084172963976, 0.929302589404612, -0.5766534521496589, -0.027326702252666146, -0.40105110708738057,0.7112538625356365]
[0.142027306584333, 0.354425623340476, 0.934020586222467, -0.5781729035834077, -0.07364153486573495, -0.4196250903581406,0.6958504159993534]
[0.12290548558634089, 0.3739958957982161, 0.9381494624511159, -0.5757947632441772, -0.1190666779203663, -0.4383562758312634,0.6797994500357698]
[0.10268279007541915, 0.39234882715983244, 0.941743915689324, -0.5696946445271908, -0.16326095096928575, -0.45721070465420033,0.6631381797448043]
[0.08141768031492008, 0.40941265750971084, 0.9448570036872076, -0.5600784257017944, -0.2059072831491026, -0.47615340488470936,0.6459042365755571]
[0.05917118929816089, 0.4251137820061567, 0.9475395963953934, -0.5471793024463538, -0.24671539311512541, -0.49514848404052225,0.6281355781411715]
[0.036008217199845226, 0.439376543735591, 0.9498398627862824, -0.5312546059655693, -0.2854241259694974, -0.5141592247797698,0.6098703989609456]
[0.011998893896614071, 0.45212333229512053, 0.9518027969591305, -0.5125824256346984, -0.32180342715861293, -0.5331481834535154,0.5911470423504099]
[-0.012780049561123719, 0.463274998191134, 0.9534697876362604, -0.4914580767570009, -0.3556559376750097, -0.5520772912632064,0.5720039136739369]
[-0.038243960492111484, 0.4727515826287031, 0.9548782347173116, -0.4681904551791611, -0.38681819938333345, -0.5709079577480387,0.5524793951677561]
