[0.20710609746541192, -9.053605691685812e-05, -0.05998579043398772, 0.9999999797861115, -0.00020036531242147577, 1.6371040790706282e-05,3.675256394417976e-06]
[0.2504139889881652, 0.014304114326398821, -0.04542558713816083, 0.9984916735242497, 0.0455123164952474, 0.030628201154520585,0.0022181623065744703]
[0.2913003535844086, 0.029217525296194275, -0.02718908156048791, 0.9939514525959366, 0.09052530656094333, 0.06155118087388063,0.00878241922855069]
[0.3298460852027259, 0.04442667799176053, -0.0054636784159101115, 0.9863857800862904, 0.13414931817634573, 0.09308371733715777,0.019556964055766877]
[0.3661459812581445, 0.05976274022342806, 0.019651572822932867, 0.975805922266232, 0.17571442646957977, 0.12549836170041953,0.03431331536191472]
[0.40027203941000533, 0.07510696226845393, 0.04813940723680399, 0.9622285207755332, 0.21457939888136782, 0.15902978448324182,0.05273976705536516]
[0.4322408047720013, 0.09038041073633457, 0.08005002915956494, 0.9456763716112745, 0.2501406203673293, 0.19386380921558372,0.07444926926979507]
[0.4619871892693801, 0.10552869047174826, 0.11548006966656849, 0.9261793903266397, 0.2818404873429126, 0.23012781533654447,0.09898921778109612]
[0.4893467047878926, 0.12050321973227758, 0.1545462423195525, 0.9037757376494994, 0.3091751519463065, 0.26788278675357174,0.1258529062684788]
[0.5140474441439679, 0.13524091624917323, 0.19735544841967542, 0.8785130750271396, 0.3317015074374721, 0.30711724088368103,0.15449235360387084]
[0.5357124502562659, 0.14964429936820248, 0.24397330839086684, 0.8504499154846259, 0.3490433163460834, 0.34774322537154667,0.18433218323047862]
[0.5538723812511739, 0.16356400487561942, 0.29439320825385684, 0.8196570317314998, 0.36089639517340644, 0.38959451716529486,0.21478420444410867]
[0.5679876569870327, 0.1767855442546013, 0.3485079430317013, 0.7862188807351919, 0.36703278286881796, 0.4324271025018045,0.24526232669728892]
[0.5774786090832493, 0.18902183024713265, 0.40608591246813136, 0.7502350020574259, 0.36730383474909906, 0.4759219579714965,0.27519742838020556]
[0.5817615962553884, 0.19991255755220497, 0.4667535852986679, 0.7118213461660248, 0.3616421988015394, 0.5196900936177427,0.304051801152301]
[0.5802886267203355, 0.20903100218129278, 0.5299856093342324, 0.6711114887183947, 0.35006264719216473, 0.5632797604218637,0.33133279984040553]
[0.5725877771941643, 0.21589822324482924, 0.5951035241373497, 0.628257687479036, 0.3326617520613784, 0.606185667964541,0.3566053459965679]
[0.5583016297139478, 0.2200040588630591, 0.6612835539425652, 0.5834317400806848, 0.30961641109895777, 0.6478600049272605,0.37950296001517064]
[0.5372210669000135, 0.22083374690431887, 0.7275734468278151, 0.5368256032507314, 0.2811812447145762, 0.6877250067144296,0.3997370316281545]
[0.5093120644384055, 0.2178985130303544, 0.7929178099892299, 0.4886517373696309, 0.24768490262607804, 0.7251867720405265,0.4171040808169988]
[0.4747335756327502, 0.21076809004116548, 0.8561908986792893, 0.439143144259541, 0.20952533314751098, 0.759649994901721,0.43149080971103454]
[0.43384518545967377, 0.1991028933712603, 0.9162353751401993, 0.388553070858681, 0.16716408315219636, 0.7905332508391242,0.44287679973995175]
[0.40637255180080795, 0.2327303151856412, 0.9327543051843331, 0.3645820483334793, 0.17528810322772398, 0.831463641695448,0.38081783497931854]
[0.3762530763960599, 0.2628916839838983, 0.947701730363623, 0.34131909439463964, 0.1842673663123304, 0.865667304446386,0.31649159787657716]
[0.3440526680698491, 0.28938394626324054, 0.9610869045533814, 0.31894259430020583, 0.19402910441025129, 0.8931919063039744,0.2506721897137426]
[0.31033986299960525, 0.31208458400863875, 0.9729390414023287, 0.297623402421273, 0.20448996094038277, 0.9141749289564879,0.1840879286460316]
[0.27567385559479346, 0.3309478405384199, 0.9833052812480851, 0.27752365926369543, 0.21555664892960227, 0.9288329172790879,0.11741107882115638]
[0.24059383205229173, 0.34599933426236484, 0.9922483590857418, 0.2587956717947484, 0.2271266963075509, 0.9374495956780061,0.05124958192869019]
[0.20560980095093517, 0.3573293859670273, 0.9998440306042875, -0.24158086521846492, -0.23908927263164131, -0.9403631909135803,0.013859092596560495]
[0.17119504280151437, 0.36508540106598053, 1.0061783175893992, -0.22600881381247062, -0.2513260909202228, -0.9379533104898686,0.07745191697392817]
[0.13778022889616828, 0.36946364899652295, 1.011344636974373, -0.21219635785131463, -0.26371237766915684, -0.9306277274506555,0.13914208737382674]
[0.10574919210676705, 0.3707007685030638, 1.0154408794500502, -0.20024681300098995, -0.27611790357721067, -0.9188094157346576,0.1986186667068587]
[0.08198211538818273, 0.3839239604172526, 1.0066321445489346, -0.2036625555094194, -0.2982814874621044, -0.8944180623389181,0.26375376297346487]
[0.0581138198346004, 0.3950456932037195, 0.9970102165805468, -0.20938483057514612, -0.32000932037737484, -0.8648052256800125,0.32536740653171]
[0.03434378138344049, 0.4040967842502469, 0.9866532614476531, -0.217399550268332, -0.3411091530279412, -0.8304561780749692,0.383046364766464]
[0.010858898551994494, 0.41112567424511187, 0.9756409303406285, -0.22767647391626367, -0.36138983776427686, -0.7918838393505607,0.4364410537073502]
[-0.012167904355448343, 0.4161962652609509, 0.9640535798443222, -0.24016929328884262, -0.38066265863240994, -0.7496207152116798,0.48526635388163186]
[-0.034578738585468345, 0.4193856990370079, 0.9519715206228376, -0.25481582728585833, -0.3987426531976908, -0.7042110372503146,0.5293014317950842]
[-0.056231485505265744, 0.42078212168618645, 0.9394743026707085, -0.2715383253115507, -0.4154499171528028, -0.6562032243585854,0.5683886281111932]
[-0.07700021897273049, 0.4204824775890965, 0.9266400444828407, -0.29024387778426103, -0.4306108828018451, -0.6061427733594592,0.6024314876610237]
[-0.09677533517700365, 0.4185903711024498, 0.9135448127799201, -0.31082493149928775, -0.44405956265421115, -0.5545656731183921,0.6313920184580724]
[-0.11546341387814299, 0.4152140300515378, 0.9002620586401687, -0.3331599068464062, -0.4556387495636308, -0.5019924215655566,0.6552872767397012]
[-0.13298683835186045, 0.4104643999472044, 0.8868621150426304, -0.35711391318473384, -0.46520116510794673, -0.44892270927657446,0.6741853825824733]
