[0.20703560709031785, -6.51715709790388e-05, -0.060013958245745305, 0.9999999823214413, -0.00016273859134033857, -9.412731948237346e-05,3.649131621859677e-06]
[0.2782943320715417, -0.01819612298972104, -0.03255698949302133, 0.9974958003141678, -0.021437908612208244, 0.06736689893432307,0.0020604266318687116]
[0.3436485582685533, -0.04318139252880245, 0.005077061655404336, 0.9899943379426704, -0.04242946583287405, 0.13432610435860848,0.008212731484174412]
[0.4013099009104364, -0.07401770942935137, 0.0521570155605145, 0.977546046159131, -0.06285770183336005, 0.20028602450419353,0.018388728808274937]
[0.44973537977557315, -0.10943084605323523, 0.10778305868285343, 0.9602345824887208, -0.08244757822146885, 0.264759647313981,0.03246956409167562]
[0.4876759473984871, -0.14792459080260875, 0.17090637068905565, 0.9381761707296635, -0.10093101113808399, 0.3272754766082408,0.050290815031358786]
[0.5142143070210947, -0.1878372047136037, 0.24035119936725452, 0.9115187117122815, -0.11804910337457307, 0.3873823871102443,0.07164449418909447]
[0.52879090337315, -0.22740318311493588, 0.31483886378653825, 0.880440652255929, -0.13355430726630182, 0.4446542070559371,0.0962815715141207]
[0.5312174227094112, -0.2648180036496979, 0.39301314169708945, 0.8451496214019311, -0.14721250202645259, 0.49869396920888603,0.12391497797268572]
[0.5216776030016991, -0.2983034931172006, 0.47346648661622853, 0.805880844865332, -0.15880496980278594, 0.5491377768826298,0.15422304446962035]
[0.5007156123931085, -0.3261714867008202, 0.5547665231313201, 0.7628953504231321, -0.16813025547237762, 0.5956582382335315,0.18685332408626118]
[0.46921268658653353, -0.34688357928305164, 0.6354822850447035, 0.7164779786272232, -0.17500589603061545, 0.6379674294868759,0.22142674050502162]
[0.42835310809081856, -0.3591049715221615, 0.7142096891106834, 0.6669352147827272, -0.1792700063749813, 0.6758193557410093,0.2575420014344055]
[0.4782808448778654, -0.29006780685870615, 0.7343995762262263, 0.6761747172510947, -0.12639009975841048, 0.6985266286478803,0.1971645087313838]
[0.5162179262350204, -0.21395711311460258, 0.7541481754004679, 0.6814660519824851, -0.07285841391401064, 0.7154842301457572,0.13556543781537067]
[0.5411987000709988, -0.13295241684279574, 0.7733877967188012, 0.6827647936402006, -0.01900708265228181, 0.7267029066098586,0.07330656791370892]
[0.5526637456738447, -0.04935109911096869, 0.7920539582646566, 0.6800575499408864, 0.03483001229417304, 0.7322493266822884,0.010932638534320423]
[0.5504700879890616, 0.03450819458917767, 0.8100856796412819, -0.6733617868155414, -0.0883203645245427, -0.7322423918159254,0.051034271764437096]
[0.5348869468424001, 0.11632171748700065, 0.8274257328808021, -0.6627253252015217, -0.14113590496589004, -0.7268489853358149,0.11209974211519481]
[0.5065775776307988, 0.19389364344234133, 0.8440208499087355, -0.6482255209445458, -0.19295596735802842, -0.716279256017482,0.17180132728283154]
[0.4665682616711214, 0.26520343664109636, 0.8598218862964729, -0.6299681430994221, -0.2434701237661715, -0.7007815370383479,0.22971215653361063]
[0.41620594714290743, 0.32846535168180846, 0.8747839415842943, -0.608085969472058, -0.29238085886365894, -0.6806370040236435,0.28544378755736727]
[0.3571064098702159, 0.38217821507991223, 0.8888664369863812, -0.5827371214991386, -0.33940605430670645, -0.6561541767706506,0.3386483040460727]
[0.2910950853534534, 0.425164064588895, 0.9020331517905694, -0.554103163476273, -0.3842812574397867, -0.6276633681212102,0.3890196598178834]
[0.2201429119168023, 0.45659468562232336, 0.9142522202332269, -0.5223869936858276, -0.426761711780525, -0.5955111804255352,0.4362942862039622]
[0.14629961626737106, 0.4760055643945064, 0.9254960910583917, -0.4878105571130673, -0.466624130190023, -0.560055145198775,0.4802509925339277]
[0.07162686802626608, 0.4832972553965714, 0.9357414523552856, -0.45061241115029543, -0.5036681952886323, -0.5216585950465819,0.5207102017303253]
[-0.001866366350576451, 0.47872461782148257, 0.944969124605646, -0.41104517695614257, -0.5377177754766196, -0.4806858488880174,0.5575325740406347]
