[0.2071865281447228, -8.922438855249469e-05, -0.05996583472342566, 0.9999999615140812, -0.0002671628533699096, 7.471502679754306e-05,3.6757363091815934e-06]
[0.2740096535315971, 0.008722942937156166, -0.035085482764478954, -0.9974682811905814, 0.039605853599248765, -0.058861505962219604,0.004871087685725722]
[0.33677056041763487, 0.02283833907329852, -0.0013964505260859739, -0.9899297224870478, 0.07840808472868298, -0.11625541975253058,0.01939056894625265]
[0.3941001129301134, 0.041666107392589025, 0.04057968296744943, -0.977463554463901, 0.11614549717050288, -0.17089272893607882,0.04325388281522699]
[0.44476391874300275, 0.06443999164180483, 0.09019623693590434, -0.9602007475194083, 0.1523014329917634, -0.22146753351863369,0.0759666345772814]
[0.48769139059962674, 0.09024129635522485, 0.14669180399785725, -0.9383224839480114, 0.18637661076181775, -0.2667591309292345,0.1168513634685172]
[0.5220005041800869, 0.11802589773659868, 0.2092020710367691, -0.9120580975653907, 0.21789460778037192, -0.30565757392013654,0.16506184922899284]
[0.5470177010610852, 0.14665457501280282, 0.2767729104556421, -0.8816824658549387, 0.24640708827801835, -0.33718687332411323,0.2196009761094254]
[0.5622925074891604, 0.17492586345065717, 0.34837455944793233, -0.8475128843232619, 0.27149871955318183, -0.3605253530554881,0.2793417727287919]
[0.5676065681565504, 0.20161058039625585, 0.42291669979487145, -0.8099054586479819, 0.2927917215167905, -0.37502272576354323,0.3430511784330711]
[0.5629769264622725, 0.2254871451288264, 0.49926424719438, -0.7692510556925171, 0.30994999923563205, -0.3802135278058782,0.4094160287081941]
[0.5486535163022359, 0.24537680199491294, 0.5762536569351113, -0.725970859487295, 0.32268281275067195, -0.37582663019385276,0.4770707049984586]
[0.5251109628319804, 0.2601778639140785, 0.6527095515876006, -0.6805115827779241, 0.33074794364460863, -0.3617906261954826,0.5446258589867253]
[0.4930349185869581, 0.2688981194063157, 0.7274614760793228, -0.6333403886671095, 0.3339543234848358, -0.3382349845562687,0.6106975987598129]
[0.45330328465948944, 0.27068459006651574, 0.7993605858980899, -0.5849395801839553, 0.33216409530989094, -0.30548694791781844,0.6739365147942618]
[0.4069627822691271, 0.26484988600529025, 0.8672960751426187, -0.5358011182642167, 0.3252940856910737, -0.2640642470300592,0.7330559275537383]
[0.3791218124873577, 0.29857689961830114, 0.8795190824809863, -0.5668610325722112, 0.2727429744297794, -0.2735867710017112,0.7276194873580701]
[0.34932466536487206, 0.3284309067421552, 0.8907216204900669, -0.5924038152903506, 0.21952838077019357, -0.284318749632688,0.721129571071079]
[0.31814929846332085, 0.35434890099675553, 0.9010401799293947, -0.6125444850542444, 0.16629059795331674, -0.2962004341532947,0.7137240318704136]
[0.28614174679822446, 0.3763424456633049, 0.9106131926340726, -0.6274729365895064, 0.11363862024812112, -0.3091580610444137,0.7055389933427517]
[0.2538083277448933, 0.3944866450669612, 0.9195769512557251, -0.6374484584286094, 0.06214136447463909, -0.3231044818698689,0.6967075480169735]
[0.2216105739662017, 0.408908917884625, 0.9280616404979569, -0.6427932211578208, 0.012319739092635599, -0.3379399115971015,0.6873585054482019]
[0.1899626794568032, 0.4197781547961632, 0.9361875684468246, -0.6438848601929874, -0.03536031858716374, -0.35355278922068284,0.677615200477341]
[0.159231129948272, 0.4272947514280624, 0.9440616820229291, -0.6411482911436951, -0.0804937341217327, -0.36982074356315636,0.6675943717266152]
[0.1297361026047068, 0.431681895598813, 0.9517744442143704, -0.6350469074308888, -0.12274103287378973, -0.3866116562460991,0.6574051197444298]
[0.10175416446924215, 0.4331783627353315, 0.9593971427250442, -0.6260733187871611, -0.16183185898539068, -0.40378481300842134,0.6471479534881625]
[0.07552177602103485, 0.4320329427022173, 0.9669796901616766, -0.6147397954515688, -0.19756723466055495, -0.4211921338054907,0.636913933037363]
[0.05123911517161919, 0.4285004929054972, 0.974548965088079, -0.6015685861802946, -0.22982054004474142, -0.43867947145781105,0.6267839155690585]
[0.029073776014177467, 0.42283949374411883, 0.9821077314258941, -0.5870822785889226, -0.2585372161784763, -0.4560879680372192,0.6168279107086542]
[0.009163961981796274, 0.41531087985526605, 0.9896341610294799, -0.5717943678301256, -0.28373321548365127, -0.4732554576866658,0.6071045504020208]
[-0.003089143627806816, 0.4263262798585595, 0.981336333216122, -0.5706106310386975, -0.3105195936683091, -0.48885848338953075,0.5822357537216142]
[-0.0155298981618303, 0.4360981454358262, 0.9732021611163538, -0.5678989630010428, -0.33616185543789373, -0.5041616501124874,0.557052066980051]
[-0.028117965849556538, 0.4446050895071856, 0.9652826294297009, -0.5638062946458433, -0.36056747594085153, -0.5191274490677719,0.5316203993788765]
[-0.04081408735089254, 0.451825991632567, 0.9576202955975873, -0.5584853685901171, -0.38365992102755087, -0.5337183710375639,0.5060077652417045]
[-0.053579324913064406, 0.4577398932101707, 0.9502489585063181, -0.5520930914797575, -0.4053790047731142, -0.5478970118689791,0.48028111061598894]
