[0.20713591577796397, -8.878019746827669e-05, -0.05997920529056801, 0.9999999588605826, -0.0002856356293383524, 2.6033035177093558e-05,3.660859074418705e-06]
[0.2357479409484944, -0.015897005522345874, -0.048170570241037075, -0.9981627159839042, 0.058618227534977495, -0.015056117261434278,0.0028998540142103815]
[0.26242672802320705, -0.03110797103115251, -0.0339172662788258, -0.9927098562533494, 0.11601680305089437, -0.030569530421657384,0.011521567476004219]
[0.28761835855230133, -0.045553136271035154, -0.01725791793237419, -0.9837146613341271, 0.1715638243358786, -0.04703191336009508,0.025677195742921072]
[0.3117413588889584, -0.05919039949821681, 0.0018914433047068357, -0.9712975709494465, 0.22436831643485386, -0.06487743040136304,0.045064467958814476]
[0.33513033634473943, -0.07208691726482407, 0.02372362059039168, -0.955623968273083, 0.27357862256741916, -0.08449404524999685,0.06926994191863448]
[0.3579883670397199, -0.0843899777100453, 0.048516876341730075, -0.9369011397665291, 0.31839456430283514, -0.10620995579581424,0.09777832590322827]
[0.38035196403264204, -0.09628872233245751, 0.07660341573152996, -0.9153744664416698, 0.35807882314834394, -0.13028153132740677,0.12998409592835536]
[0.40207145273912465, -0.10797031884424486, 0.10833171712521403, -0.8913229179846612, 0.39196737233038287, -0.156883060598466,0.16520514580660697]
[0.4228083651147615, -0.11957469914743435, 0.14402509455723447, -0.865053934325548, 0.4194788024857608, -0.18609857689814516,0.2026981614358851]
[0.44205012857386217, -0.13115214927165897, 0.18393913605752468, -0.8368977908395747, 0.44012240236118694, -0.21791597771025092,0.2416753716998129]
[0.4591409730953635, -0.14262785692796742, 0.22822076662231428, -0.8072015532062553, 0.4535048751643333, -0.2522236028130409,0.2813222971746126]
[0.47332671442055374, -0.1537769999838645, 0.27687162921411684, -0.7763227358486069, 0.4593355926028759, -0.2888093769963484,0.320816095188007]
[0.48380998965782734, -0.16421313567423157, 0.32971826381964103, -0.7446227836799196, 0.4574303115451807, -0.3273625632709612,0.35934408618079816]
[0.4898117064947458, -0.17339158985522238, 0.3863912047272826, -0.7124605004888332, 0.44771330226906914, -0.36747811089287213,0.39612204208947116]
[0.4906339802937403, -0.1806283313078086, 0.44631462960089985, -0.6801855486245969, 0.4302178620471818, -0.40866352112839627,0.43041182269629813]
[0.4857197108229505, -0.18513354381869224, 0.508707607672019, -0.6481321436733026, 0.40508521295111705, -0.4503480938494639,0.4615379604669074]
[0.474704200226974, -0.18605787940369523, 0.5725973412393801, -0.6166130645540632, 0.37256180783897547, -0.4918943611423997,0.4889028179887206]
[0.45745481529775445, -0.18254828764576062, 0.6368441113488129, -0.5859140939643189, 0.3329950931209936, -0.532611461444243,0.5119999742085345]
[0.4340956023380307, -0.17380945619344237, 0.7001769635693413, -0.5562889964588497, 0.2868278006825119, -0.5717701605001448,0.5304255355241471]
[0.40501490084329805, -0.15916633604434316, 0.7612385414039355, -0.5279551317896642, 0.23459086390400813, -0.6086191847539222,0.5438871145184458]
[0.3708552841316723, -0.1381230093506422, 0.8186369288245079, -0.5010897896323114, 0.17689507369643123, -0.6424024995854966,0.5522102716850592]
[0.33248648148564103, -0.11041330739015065, 0.8710019309627235, -0.4758273186805744, 0.11442160953513172, -0.6723771398699507,0.5553422727012144]
[0.2909632049493359, -0.0760390938599728, 0.9170429281299963, -0.4522571085384152, 0.047911597327719505, -0.6978311842440864,0.5533530743697691]
[0.24747091728064657, -0.03529295768164811, 0.9556053004201839, -0.4304224671339283, -0.021845139672793584, -0.718101457619506,0.5464335149162798]
[0.20326345088548983, 0.011236851213778987, 0.985722446845339, -0.4103204198051369, -0.09402195902022636, -0.7325905490601735,0.5348907474808746]
[0.15959695516740402, 0.06268014188564727, 1.0066606137816279, -0.3919024390584804, -0.16776771960128312, -0.7407827441185172,0.5191410179672183]
[0.11766487005624701, 0.11791670663426342, 1.0179540928144946, -0.3750760965861254, -0.2422193520478173, -0.7422584918568604,0.499699948498727]
[0.07853848225393864, 0.17562466787274145, 1.0194288295872909, -0.3597076117621024, -0.31651448383909947, -0.7367070566228777,0.47717054423186]
[0.04311713193332789, 0.2343422576659213, 1.0112130770605972, -0.3456252538344932, -0.38980392430753047, -0.7239370425543689,0.452229192914307]
[0.012091342266720815, 0.2925390459529056, 0.9937343965643449, -0.3326235387012387, -0.46126381826920365, -0.7038845239328416,0.42560997218746854]
[-0.014078893035879557, 0.34869193004058596, 0.9677030216353611, -0.3204681457996363, -0.5301072835367148, -0.6766185658954721,0.3980876181880357]
