[0.20719620650985104, -9.341581105090745e-05, -0.05996357648276415, 0.9999999527694383, -0.000293803460343165, 9.015070707171674e-05,3.6739758790284643e-06]
[0.27636098754122673, 0.0005019146120817365, -0.033163593325853696, 0.9983060680701251, 0.03169707770194564, 0.048669516282565745,0.0034011622050183457]
[0.3411899953127378, -0.0015202094588146068, 0.003887546662765834, 0.9932363559289387, 0.0627460492019166, 0.09675893959189591,0.013497487899812755]
[0.4002840988199721, -0.0060434121562937745, 0.050495035222820284, 0.9848566760279459, 0.09193095689694274, 0.14388216502518256,0.030065751859293745]
[0.452340759739837, -0.012891628643333205, 0.10582065012860381, 0.9732752117166393, 0.11836885729308043, 0.18958737813683912,0.0527333095136346]
[0.49615986165112047, -0.021833052992578282, 0.1688880265447478, 0.9586399350806905, 0.14123465709457828, 0.2334585980633855,0.08098968757900975]
[0.5306524710065884, -0.03258469160847259, 0.23858387203685058, 0.9411351426939588, 0.1597786235492987, 0.2751261206321066,0.11419742724352895]
[0.5548543238735457, -0.044817787962123455, 0.3136569645642755, 0.9209771458576242, 0.17334242319051216, 0.3142757329958091,0.15160562252216414]
[0.5679450924373131, -0.058164450002446993, 0.39271734040702144, 0.8984092197560842, 0.1813733747904906, 0.3506564511686509,0.19236586502854405]
[0.5692735943747684, -0.07222581408352777, 0.47423839675778756, 0.8736959341840111, 0.18343663658106446, 0.3840865686233895,0.2355502552604546]
[0.5583881483205715, -0.08658201305336957, 0.556564665905177, 0.847117003898916, 0.1792250874049209, 0.4144578462664918,0.28017109668587137]
[0.5350703390062396, -0.10080408336707561, 0.6379277526481263, 0.8189608088672927, 0.16856670568031715, 0.44173772063050293,0.32520185338906515]
[0.4993696255775958, -0.11446775647326775, 0.7164723770266188, 0.7895177434088504, 0.15142929804434468, 0.4659694569032506,0.36959892555266416]
[0.4516355881409506, -0.1271688500002525, 0.7902936682637259, 0.7590735582883853, 0.1279224803673747, 0.48727022526128255,0.4123237801751037]
[0.3925442286685975, -0.13853972674151516, 0.8574858724466328, 0.7279028610262314, 0.0982968665311411, 0.5058271316484773,0.4523649675077198]
[0.4151168482443136, -0.06321637793720172, 0.8638072803397139, 0.7120550205854503, 0.15664101190665108, 0.5685382110946302,0.38105845164913]
[0.4224414167257075, 0.014111968723925339, 0.8714083943538364, 0.6902969857387298, 0.21062317044239154, 0.6225402084733095,0.30260806398182427]
[0.4148693891970282, 0.09018386057319563, 0.8801702046206188, 0.6634417060126424, 0.25960962380699004, 0.6669848152145926,0.21812657385789483]
[0.3934647473212901, 0.1620188125301901, 0.8899465047211018, 0.6323704556155547, 0.30309846325112744, 0.7011716361189355,0.1288303735214494]
[0.35988976329129896, 0.22707203109220236, 0.9005662359682357, 0.5980128103103939, 0.34072676926788525, 0.724560942584592,0.036019271090099794]
[0.3162582018497124, 0.28335042837841207, 0.9118362889838763, -0.5613259162518948, -0.3722748566874165, -0.7367836190162811,0.05894527607540947]
[0.26496799889193084, 0.32948351007526827, 0.9235447161971422, -0.5232734715180016, -0.39766752446514925, -0.7376481147734557,0.15466309437750925]
[0.20852655739483533, 0.36474627883848154, 0.9354643015332776, -0.48480484450625577, -0.41697230885829706, -0.7271442692840082,0.24971897812555655]
[0.14938188891144186, 0.3890349807173211, 0.947356427104546, -0.44683474850115557, -0.43039479792762314, -0.7054439357005677,0.3427066953417209]
[0.08977191260127682, 0.40280005506867583, 0.9589751712730272, -0.4102238786651937, -0.4382711231993583, -0.6728983876230454,0.43225287954710434]
[0.03160239082741431, 0.40694376200478677, 0.9700715681282065, -0.3757608967404702, -0.4410577997537578, -0.6300325528386022,0.5170403737822088]
[-0.023638613376365004, 0.402692424756663, 0.9803979552896422, -0.3441461202978841, -0.4393191378999985, -0.577536176620363,0.5958306031528171]
