[0.20715117512536071, -7.854511390849134e-05, -0.05997545315541632, 0.9999999839304838, -0.00017846709394852322, 1.6584149313806835e-05,3.673538372935243e-06]
[0.2930090737986802, 0.002221636278236954, -0.027706546116064684, -0.9970755907984049, 0.01399439462740809, -0.07504488967734499,0.00356197786907878]
[0.3724372373061141, 0.009514322310437492, 0.01820253076420858, -0.9883191308107945, 0.02738823845943479, -0.14924357419722764,0.014196324465218858]
[0.4432820320932851, 0.021118760707101662, 0.07648993638492815, -0.9737588096891451, 0.03994980914136241, -0.22179324101892342,0.03171043267869525]
[0.5036771567882088, 0.03614597469967664, 0.1456478665715235, -0.9534426887560935, 0.05128594071219541, -0.29189714600507355,0.05579290005824442]
[0.5520786730712581, 0.05353871642749669, 0.22396468857148086, -0.9274401177101287, 0.061028477214813776, -0.3587921340459073,0.08601486835104544]
[0.5872898816103662, 0.0721147685097014, 0.30956661055037216, -0.895843650855995, 0.06884167536768906, -0.4217591015604358,0.12183692873881073]
[0.608476901496424, 0.09061223976110645, 0.40045810862513315, -0.8587713620678571, 0.07442885243403256, -0.48013283749633395,0.16261780952647806]
[0.615175926521032, 0.10773573426599835, 0.49456072865668954, -0.8163694540293516, 0.07753812753303196, -0.5333111041691704,0.20762470825109045]
[0.60729310570768, 0.12220248434808587, 0.5897502325319439, -0.7688150407241932, 0.07796712768369629, -0.5807628301258275,0.2560451040368686]
[0.5850978561833121, 0.13278769873010232, 0.6838923399322774, -0.7163189692651298, 0.07556655616233585, -0.6220352998806238,0.30699986248063577]
[0.5492102009882603, 0.13836846820209647, 0.7748775045287942, -0.6591285383693009, 0.07024254960680244, -0.6567602396731907,0.35955742478260455]
[0.5005824757907164, 0.13796558447207488, 0.8606552445501714, -0.5975299664235104, 0.06195778096432724, -0.6846587141284309,0.41274885556703733]
[0.45786447475632097, 0.2094283531978814, 0.8729126204073009, -0.5976673854721956, -0.01096374554191375, -0.6688282326404104,0.4419754380614692]
[0.40545672804609445, 0.27094608201907977, 0.8841266084421067, -0.5897457077535193, -0.08239670902600234, -0.6517132370403442,0.46976657947791634]
[0.34548174466319415, 0.32129385241147634, 0.8943316311329677, -0.5741322487097382, -0.15145557036150684, -0.6334983820842117,0.4960979450619166]
[0.28019122105684463, 0.3596819247960229, 0.9035679359273983, -0.5512919579585358, -0.21732063336876364, -0.6143611233592362,0.5209696051663875]
[0.2118790779547278, 0.38576110695634513, 0.9118808538539059, -0.521777020209108, -0.2792487857127812, -0.5944685942935327,0.5444042131158734]
[0.14279738407063544, 0.3996111715338427, 0.9193200076392813, -0.48621528641629747, -0.33658270004324853, -0.5739748018978823,0.5664447970217413]
[0.075078359466616, 0.401713722407671, 0.9259384792672147, -0.44529775483804807, -0.3887583704367151, -0.5530181875522683,0.587152214666681]
[0.010665193619468452, 0.39291147788728575, 0.9317919473657151, -0.3997653345769493, -0.4353108898201948, -0.5317195920601504,0.6066023259878894]
[-0.048746135193422545, 0.37435637636920815, 0.9369378051397634, -0.35039513289952784, -0.47587840593793906, -0.5101806564871142,0.6248829421168944]
