[0.20713377704659844, -6.416188376211053e-05, -0.05999965417744656, 0.9999999846326848, -0.0001751805788396938, 5.740490497318636e-06,3.6663223339122074e-06]
[0.26362661309516255, -0.015003678276643968, -0.038137679365240484, -0.9942227432348127, 0.09356311713345704, -0.05250432559879456,0.0032211396012489057]
[0.3162721400470496, -0.03361614160047456, -0.009584807948097795, -0.977049731547137, 0.1852709718901141, -0.10432320712013549,0.012851362368629504]
[0.36422471815036694, -0.05542653841923108, 0.025233724620506603, -0.9488535500128532, 0.27365907936337747, -0.1547912929946873,0.028762901853390796]
[0.40674078975614125, -0.07986486233315972, 0.06583469485364321, -0.9102455020076102, 0.35716214368865246, -0.20325524894409722,0.05075069425449643]
[0.44318847518427557, -0.10628089848946404, 0.11168495977973628, -0.8620617041812171, 0.43432427247877214, -0.2490880881294392,0.07853132414509735]
[0.4730546254312926, -0.13395972363891945, 0.16220902049444696, -0.805344089114618, 0.5038315240905613, -0.2916974171447701,0.11174663436452524]
[0.4959495131082917, -0.16213758653756882, 0.21679597960356764, -0.7413167321321192, 0.5645412285545697, -0.330533230772543,0.14996828757480127]
[0.5116093777341889, -0.19001789826860574, 0.27480584411200915, -0.6713580403968369, 0.6155074157429177, -0.3650951537938451,0.19270322113613783]
[0.5198970543416679, -0.2167871262884875, 0.335575176267022, -0.5969694364735892, 0.6560017728146245, -0.3949390353353998,0.23939992554054684]
[0.5208009071733966, -0.2416304445899926, 0.39842214184871766, -0.5197412482307849, 0.6855296545731636, -0.4196828096530224,0.28945546612570644]
[0.5144322661712768, -0.2637470409794572, 0.46265104638489046, -0.4413165804610943, 0.7038407827871426, -0.43901154678829063,0.3422231583079407]
[0.5010215270940943, -0.28236501774593276, 0.5275564830170344, -0.3633539894877888, 0.710934391205942, -0.45268162706755,0.3970207982454075]
[0.4809130312332486, -0.29675584180866077, 0.5924272398929011, -0.28748980924845197, 0.7070586992042629, -0.46052398480313045,0.4531393437772875]
[0.5140360975329328, -0.23189128253649383, 0.619728142650737, -0.3632096168366352, 0.6587354397731653, -0.4632912069378548,0.4685164374899833]
[0.5372853420121346, -0.1632623006360182, 0.6467152623243348, -0.43167887080723666, 0.6025317164009398, -0.4657592581184262,0.4834016929081862]
[0.5502830839193025, -0.0924754527376154, 0.6733361564922344, -0.4920880290620113, 0.5394941569797663, -0.467958385023219,0.4978055605605642]
[0.5529187587026148, -0.021159590333260973, 0.6995417369857914, -0.5437761907109344, 0.4707510780942418, -0.4699168790729768,0.5117411490698482]
[0.545345638809318, 0.04907836458167938, 0.7252862576658702, -0.586239024070064, 0.3974915584890475, -0.4716608771568525,0.5252240327202826]
[0.5279703765140352, 0.11669586985105469, 0.7505272735942038, -0.6191337662274399, 0.3209438069009388, -0.4732141785185953,0.5382720442099237]
[0.5014358803594904, 0.18025431296739805, 0.7752255731127191, -0.6422812437757329, 0.24235323199715886, -0.47459807886738575,0.550905053861204]
[0.4665982044702986, 0.2384546567558925, 0.7993450845703289, -0.6556649208188298, 0.16296062323851657, -0.47583122268080835,0.5631447366383171]
[0.424498270740142, 0.2901683230641131, 0.8228527596449363, -0.6594270362610749, 0.08398084476539999, -0.4769294745652141,0.5750143283878879]
[0.37632935513012056, 0.3344626195503126, 0.8457184353969522, -0.6538619466116985, 0.006582430071672973, -0.477905810431789,0.5865383727796906]
[0.3234013495824321, 0.37062018915810946, 0.8679146773579794, -0.6394068420507324, -0.06813155638616517, -0.47877022913559203,0.5977424604765516]
[0.2671028599362861, 0.3981521422532761, 0.8894166061030682, -0.6166300513323517, -0.13914105293059104, -0.4795296851102287,0.6086529621067438]
[0.20886221829932716, 0.4168047122880285, 0.9102017098759808, -0.5862171943499421, -0.20552462669271027, -0.4801880424132563,0.6192967566479172]
[0.15010847701698463, 0.426559452268806, 0.9302496459332119, -0.5489554790513095, -0.26647292902099134, -0.48074605047754365,0.6297009568587018]
[0.09223341287381354, 0.4276271567924237, 0.9495420333434018, -0.5057164711786116, -0.32129976219823714, -0.48120134174219525,0.6398926334124502]
[0.036555507228041226, 0.4204358491726192, 0.9680622400237133, -0.45743769044451693, -0.36945058801392533, -0.48154845121398804,0.6498985393970056]
[-0.015713216365288933, 0.4056133120857306, 0.9857951668134132, -0.4051034048053635, -0.41050836016403863, -0.48177885788715236,0.659744836844886]
