[0.20710438007772777, -8.389732014222476e-05, -0.060006176992411675, 0.9999999588382289, -0.0002816276011640284, -5.4735914557122704e-05,3.6626024193901534e-06]
[0.24864507263100522, -0.001967515808254453, -0.042060578051374864, 0.9979235663278545, 0.05329937899229607, 0.03613241123165935,0.0014767616999466068]
[0.28839670308942217, -0.003319019484111299, -0.019802451254606362, 0.9916578597476211, 0.10665205365292806, 0.07214653375565973,0.005908157024340136]
[0.32595894347350163, -0.004136718122318465, 0.0065811251068660925, 0.9811965432382158, 0.1595412949859465, 0.10780911303153509,0.013308413840020806]
[0.3609503625996674, -0.004421571627310886, 0.036871542461951234, 0.9665311964514475, 0.21172267952509027, 0.1429321114555634,0.023693137734459666]
[0.3930099612573501, -0.0041771429757854065, 0.07082031627178811, 0.9476541042911407, 0.262938369080643, 0.17731377170894908,0.03708017054591894]
[0.42179862519607525, -0.003409539750278031, 0.10815060356619643, 0.9245620817136126, 0.31291366801267595, 0.2107350534599874,0.05348579878304573]
[0.44700055918909537, -0.0021273443419684186, 0.14855859611296415, 0.8972611621829969, 0.36135441705065013, 0.24295689072939552,0.07292010259940307]
[0.46832475975692583, -0.0003415326463347603, 0.19171481622058062, 0.8657719869967863, 0.4079453856191332, 0.27371842923254347,0.09538160400288281]
[0.48550657564817595, 0.001934619134783119, 0.2372653553101288, 0.8301357057232058, 0.45234979500798866, 0.30273637428632016,0.12085139934497742]
[0.49830939420185, 0.004685640121978023, 0.284833106576291, 0.790420176176495, 0.49421007090409647, 0.32970554705659816,0.14928698252090306]
[0.5065264786531272, 0.007893983434500852, 0.3340190518597217, 0.7467262363232896, 0.5331498866510187, 0.3543007108613405,0.18061598111354907]
[0.5099829667627083, 0.011540158529097658, 0.3844036689184815, 0.6991938107439201, 0.5687775190831275, 0.3761796908573685,0.21473003746447053]
[0.5085380253740973, 0.015602877728843808, 0.43554852834748625, 0.6480076110915766, 0.6006904979178491, 0.39498777071298197,0.25147907003522946]
[0.5020871392006694, 0.02005921729323377, 0.48699814928073193, 0.5934021935602608, 0.6284814885515704, 0.41036330983185876,0.2906661472715999]
[0.4905644959059912, 0.024884793118308615, 0.5382821796522358, 0.5356661466802223, 0.6517453077744723, 0.4219444853895809,0.33204319650317077]
[0.47394541396372625, 0.030053950812685956, 0.5889179602239658, 0.4751451996279644, 0.6700869334691636, 0.4293770259068884,0.37530775436666663]
[0.46561212403992686, 0.06957735880788002, 0.6181169405160076, 0.4409159367074789, 0.6653507740181696, 0.4838612072674348,0.3588590480571585]
[0.4528152667230344, 0.10635005844077783, 0.6470877124141639, 0.4072872542093228, 0.657119095408196, 0.5362145223360479,0.33880019634656217]
[0.43611271026763104, 0.13991087182141038, 0.6755472995299863, 0.37472138440857006, 0.6455750740880424, 0.5860909229353581,0.31514145686647405]
[0.41611974184323136, 0.1699257261533177, 0.7032338218990556, 0.34364242482069723, 0.6309700975622763, 0.6331553511808355,0.2879252005585414]
[0.39347847198988184, 0.19619264014522853, 0.7299130717088596, 0.31442602480896775, 0.6136164506112027, 0.6770863810913523,0.25722589100391136]
[0.3688271827399246, 0.21863920534349723, 0.7553841037191996, 0.28739040970243374, 0.5938784444433449, 0.7175787873180207,0.2231497919062873]
[0.34277149171362176, 0.2373127689452656, 0.779483677346403, 0.2627889745783155, 0.572162226111184, 0.7543460187283919,0.18583440445783075]
[0.31585911024159147, 0.2523639910278004, 0.8020894245480353, 0.24080463869854074, 0.54890453951386, 0.7871225551964411,0.1454476386311189]
[0.28855976353451873, 0.2640248820204162, 0.8231216585225856, 0.2215461055574088, 0.5245607362962579, 0.8156661267575295,0.10218672472020886]
[0.26125152590264267, 0.2725827971507997, 0.8425437815642948, 0.20504612376941198, 0.49959235425312687, 0.8397597752856517,0.056276873679597016]
[0.2342144217610658, 0.27835214832644084, 0.8603612948508493, 0.19126179186871095, 0.47445459197401746, 0.8592137400299608,0.007969696961980141]
[0.20763167734193563, 0.2816457702543914, 0.8766194571237141, -0.1800768968303305, -0.44958401114014884, -0.8738671496992908,0.042458601384531565]
[0.18159850695594806, 0.28274793271688825, 0.8913996817899439, -0.17130622311067192, -0.42538679204049556, -0.8835895052961523,0.09470924564979895]
[0.1561378124796808, 0.28189091834371327, 0.904814801623781, -0.16470171758776828, -0.40222785365827657, -0.8882819395628089,0.14846310589378717]
[0.13122169765147706, 0.2792368864354373, 0.9170033657597909, -0.1599603472660512, -0.3804211274477671, -0.8878782406976434,0.20338309366698068]
[0.11123231828829505, 0.2933051865368307, 0.912670979014168, -0.17860033561381228, -0.37043487080184845, -0.8665121303436377,0.28290750180930574]
[0.08791105420215427, 0.30696378492566173, 0.9071140823249072, -0.19746494101885656, -0.36380329446596066, -0.8359172555964858,0.36041240516965145]
[0.060853523528627565, 0.319360934805893, 0.9006416340554875, -0.2159604304302413, -0.36049680395734707, -0.7963689237196225,0.4349709003583727]
[0.02990322227959788, 0.3294946336828569, 0.8935889330895161, -0.23350737464687812, -0.3603960024227089, -0.7482434455184233,0.5056884155900471]
[-0.004808188496967054, 0.33628315134828163, 0.8863081593744927, -0.24955352692701496, -0.3632948071490253, -0.6920140359219842,0.5717136471904506]
[-0.042840229715528144, 0.3386449645975198, 0.8791584826925595, -0.2635861338926391, -0.3689053454247845, -0.6282455071616472,0.6322489848689021]
