[0.20711773921729051, -9.841827984812826e-05, -0.059996239299567655, 0.9999999390076499, -0.0003472152507725371, -3.758918801409241e-05,3.6495476330885495e-06]
[0.2332065151260189, 0.018438325616180216, -0.042595904590748995, 0.9977944073818978, 0.058634017755286025, 0.031084560258187736,0.0014569395442235306]
[0.2561156036732687, 0.038180865844654285, -0.022925457335404215, 0.9911650875716786, 0.11685485707912913, 0.06247871184779432,0.005755182176398716]
[0.2758869992338593, 0.0587119429262324, -0.0011633856107171048, 0.980203676152568, 0.173564259114322, 0.09440615054132709,0.012793746716923222]
[0.29261048519248267, 0.07965282746413968, 0.02256370112692571, 0.9650616128955343, 0.22803034142482986, 0.12710797074123006,0.022401126739348153]
[0.30639844465557686, 0.10066344188539672, 0.048178132142215696, 0.9459478447833766, 0.27954964596494974, 0.16079560363576484,0.034343037750995765]
[0.3173634606046991, 0.12143581860629085, 0.07564396504878818, 0.9231257419870992, 0.32745602450139316, 0.19564206747893928,0.048328024282781434]
[0.32560073101155906, 0.141682177749486, 0.1049559645599957, 0.8969092119558763, 0.37112902855403535, 0.23177415672304358,0.06401445109152593]
[0.33117684755026094, 0.1611193980777289, 0.1361254286978454, 0.867658069766001, 0.41000169310357226, 0.26926576520215195,0.08101872198597852]
[0.33412588824433387, 0.17945199225896347, 0.1691636878689543, 0.835772733991187, 0.4435676117887312, 0.30813251350476895,0.09892454200132451]
[0.337032848706047, 0.20423183233399075, 0.21465968429809862, 0.7990118252353067, 0.4716120561715507, 0.35569920095844926,0.11242886660153958]
[0.33455548511403543, 0.22658420034200763, 0.2629321498865223, 0.7605454730977674, 0.49261466070517906, 0.4042045097631632,0.12457966806801042]
[0.326882942883314, 0.2453946088048431, 0.3135314249229663, 0.7210887762625751, 0.5062700358624296, 0.4533492129801069,0.1348929895373151]
[0.3143935983424084, 0.2595384946343623, 0.3659051151623357, 0.6813761850098654, 0.512389269871249, 0.5027531040167521,0.1429092265171549]
[0.2976743410858969, 0.2679247672970201, 0.4193908180068362, 0.6421476202237117, 0.5109026774148482, 0.551959458581696,0.14820811088994035]
[0.27753090524064106, 0.2695484186254173, 0.47321400418353193, 0.6041344612103043, 0.5018605281922389, 0.6004419111788918,0.1504229846818047]
[0.2549858881269399, 0.26354974224892, 0.5264917729733857, 0.5680456621687372, 0.4854317500725383, 0.6476136134870604,0.1492539759571798]
[0.23320763421267654, 0.26672567823884413, 0.5780270584764214, 0.5555648173318677, 0.47311372222670917, 0.674721907896742,0.11073159706234587]
[0.21013025416350756, 0.2644310489623257, 0.6274632948854547, 0.5433168928920068, 0.4610063969338695, 0.6982569117436026,0.06868144645036442]
[0.19089609154360201, 0.2664008860471548, 0.6661054059463697, 0.5393794745865588, 0.4567105742547726, 0.707180221957433,0.01952863105391506]
[0.17095250817693117, 0.2659104844504518, 0.7033685541856086, -0.5337632103018229, -0.4537840018743591, -0.7128721873839701,0.03146679878185675]
[0.15057899317242324, 0.26290561380957483, 0.7392521237694124, -0.5262321144351816, -0.4521152220730565, -0.7152790498740804,0.08394920201015615]
[0.13005578463359416, 0.2573366872205483, 0.7737591346873572, -0.5165649988515313, -0.4515587865297264, -0.7143769549354042,0.13755300987815025]
[0.1162349598595959, 0.2666586525806599, 0.7918819061821769, -0.5143609054013406, -0.4601986443443747, -0.7004252931842097,0.18180889803892247]
[0.10133042860610754, 0.27561199541880643, 0.8100358113863252, -0.509960021208641, -0.4687592933989189, -0.6849346684702342,0.22598672870015893]
[0.08539731131040244, 0.2840089415702841, 0.828216545144991, -0.5033645315903268, -0.47710911090902763, -0.667922561904827,0.26994535729095437]
[0.06851360811345544, 0.29166585340501505, 0.8464101091062374, -0.49458914652579217, -0.48511598511020243, -0.6494108373654287,0.31354365157307806]
[0.05077951292321839, 0.29840662200144813, 0.8645926810114245, -0.48366116295701245, -0.49264833596238666, -0.629425697243399,0.35664097937593076]
[0.03231629353019143, 0.3040659721212814, 0.8827306409275409, -0.4706204375674045, -0.49957614273825995, -0.6079976238699182,0.39909769570765563]
[0.013264751047159594, 0.308492617042452, 0.9007807552484692, -0.4555192694121233, -0.5057719707334161, -0.5851613068208645,0.4407756275185599]
[-0.0062167195144570775, 0.31155220223390123, 0.91869051698454, -0.43842219245558595, -0.511111989283164, -0.5609555563505524,0.48153855439921567]
[-0.02595443747259721, 0.3131299800177705, 0.9363986385591965, -0.41940567875933765, -0.5154769732775069, -0.5354232032522078,0.5212526835079365]
