[0.20713904588557353, -5.6792395816351525e-05, -0.059981824360789, 0.99999997992251, -0.0001996286139343917, 1.7025568144036703e-05,3.677823713611802e-06]
[0.2645516452757072, -0.021917542892071904, -0.03760159261530224, 0.9976358248279794, -0.04539732743281502, 0.05152213638501876,0.0027042825441757528]
[0.3163252992369067, -0.05408626983734858, -0.008118745351681667, 0.9905727290594549, -0.09023893523807892, 0.1025031799344747,0.0107564452363488]
[0.3603583837959155, -0.09519398254478882, 0.028087734012651216, 0.9788396501107478, -0.13436781470079004, 0.15244333002951016,0.0240678389789584]
[0.39487829726506607, -0.14346330627236475, 0.07055886482645723, 0.9624858132787613, -0.17742560566035973, 0.2008386484127787,0.042485891739549426]
[0.4185164878695206, -0.1967841992345362, 0.11876164551851653, 0.9415820662978437, -0.219051700505771, 0.24720432235932785,0.06579960439606809]
[0.43036674354032867, -0.25280273705967415, 0.17209549075178265, 0.9162226867996301, -0.25888310056960745, 0.2910806655152315,0.09374206417795378]
[0.43002464898399073, -0.30901942860575143, 0.2298990706169758, 0.8865275582299199, -0.2965547600092162, 0.3320388076846717,0.12599362287875593]
[0.4176068217078392, -0.3628932328214088, 0.2914575055266037, 0.8526446100995918, -0.3317005069710298, 0.36968600312155014,0.16218570109380934]
[0.3937492759282298, -0.4119472825031669, 0.35600988199587397, 0.8147524017742799, -0.3639546118559706, 0.40367049159532276,0.20190517211553322]
[0.35958501024958345, -0.4538722876258152, 0.4227570644053318, 0.7730627159359057, -0.39295404977052184, 0.43368585202599563,0.244699272069277]
[0.31670165174273984, -0.48662368628358976, 0.4908697855383981, 0.7278230188034459, -0.41834147938208466, 0.4594747947516222,0.29008097648105563]
[0.2670806965946283, -0.5085088310093258, 0.5594970036922308, 0.6793186395012104, -0.43976893408381085, 0.4808323454254947,0.3375347778135334]
[0.21302054767483142, -0.5182608363255312, 0.6277745161176073, 0.627874520817833, -0.4569021943436704, 0.4976083810536123,0.38652279365765607]
[0.15704614464175018, -0.5150961619740639, 0.6948338172396906, 0.5738563980961028, -0.4694257831225991, 0.5097094866828564,0.4364911312837884]
[0.10180849562946205, -0.49875355552070677, 0.7598111854840288, 0.5176712720981713, -0.477048500062585, 0.5171001096375275,0.4868764311867609]
[0.049977834775206974, -0.46951261580941395, 0.8218569746723943, 0.45976705524534356, -0.4795093855213524, 0.5198029968726552,0.5371125101411873]
[0.004134431392295426, -0.42819095030130844, 0.8801450751046065, 0.4006312883596121, -0.47658398318907974, 0.5178989098594813,0.5866370231423429]
[-0.033338749687257294, -0.37611966698821175, 0.9338824959936259, 0.3407888465444762, -0.4680907506380536, 0.5115256203322671,0.6348980634571809]
[-0.06035730334491032, -0.3150977444729165, 0.9823190053927093, 0.2807985776392497, -0.4538974513352718, 0.5008761990958938,0.6813606208509336]
[-0.015482758461196646, -0.32811802389613387, 0.9803494187630891, 0.3225214481929042, -0.4371983624037851, 0.5455257338146912,0.6381529449222525]
[0.0323213804807215, -0.3346948416107116, 0.9780871863644611, 0.36379478806501075, -0.416215631860042, 0.5867315344087576,0.5917465728691845]
[0.08212021211915246, -0.3341636391052796, 0.9755530245587021, 0.404124664505492, -0.3908507613289018, 0.6242662845246044,0.5424117844523548]
[0.13282826211149573, -0.325998653869044, 0.9727688059999634, 0.44298945063872364, -0.36106809850724897, 0.6579238871422686,0.4904348413303944]
[0.18323113038599176, -0.30984687931975596, 0.9697574529285055, 0.47984838649684264, -0.3268998860990808, 0.6875205809850455,0.4361163160978622]
[0.2320147442003335, -0.2855583417313747, 0.9665428248947197, 0.5141509380543704, -0.288450097324968, 0.7128959249572379,0.3797693437211488]
[0.2778015119785562, -0.25321100632374527, 0.9631496014179599, 0.5453467789196345, -0.2458969407298717, 0.7339136452467155,0.3217178058211073]
[0.3191923024889458, -0.21312877644733685, 0.9596031601106065, 0.5728962028828547, -0.1994939425258364, 0.7504623405579804,0.26229445861882655]
[0.3548128390734947, -0.16589128182266982, 0.95592945082125, 0.596280762776806, -0.1495695424493285, 0.7624560417952649,0.20183901566274734]
[0.3833628164864528, -0.11233445537335249, 0.9521548663718424, 0.615013922367352, -0.09652516854903904, 0.7698346233886756,0.1406961966896078]
[0.40366583342941154, -0.053541261015732845, 0.9483061104820867, 0.6286515034740512, -0.040831786873244465, 0.7725640643442084,0.07921375413721368]
[0.4147180991625594, 0.009177658541851253, 0.9444100634900594, 0.6368017103594347, 0.016975046905731452, 0.7706365579951561,0.017740488922960873]
[0.4157338261869894, 0.07431321214669573, 0.9404936464910402, -0.6391345176680904, -0.07630157592572388, -0.7640704703325778,0.04337573287198867]
[0.4061852675187638, 0.14019632730893752, 0.9365836845266882, -0.6353902168052749, -0.1365035823781984, -0.7529101476906007,0.10378995081693823]
[0.3858354968547358, 0.20504458642670356, 0.93270676946397, -0.6253869284947089, -0.19689536239845026, -0.737225575452954,0.16316205696177627]
[0.35476225898621316, 0.26701557133225595, 0.9288891232076012, -0.6090269061372335, -0.25675979144810757, -0.7171118903249075,0.2211587073824405]
[0.3133715279800852, 0.32426511395650404, 0.9251564618911503, -0.5863014752156331, -0.3153593115212387, -0.692688749574415,0.2774551873904263]
[0.26239978987975277, 0.37500837786371755, 0.9215338616903825, -0.5572944779898356, -0.37194764998104723, -0.6640995614825805,0.33173721966981273]
[0.20290449957996778, 0.4175815044994726, 0.9180456268978461, -0.5221841196651039, -0.42578206175792244, -0.6315105820515761,0.38370270498347187]
[0.13624263000599526, 0.45050145949581866, 0.9147151608901923, -0.4812431415967101, -0.4761358724061216, -0.595109883793012,0.4330633855292531]
[0.06403771578787854, 0.4725217145446103, 0.9115648406092361, -0.43483727836874964, -0.5223110894485977, -0.5551062031569268,0.47954642152410915]
[-0.01186372772903746, 0.4826815010903891, 0.9086158951643921, -0.3834219881612409, -0.5636508437821045, -0.511727673856618,0.5228958721461645]
