[0.2071568009373265, -7.68345945860713e-05, -0.05998871855098642, 0.9999999857484456, -0.00016737123508074692, 2.1828289926791462e-05,3.6748134330337376e-06]
[0.24319381260560347, -0.01249746733351566, -0.04573103094450329, -0.9990059655397053, 0.039861459937504985, -0.019778391481208846,0.002638192212141583]
[0.2773192678119505, -0.02435864581182351, -0.027945604980162686, -0.9960413074130856, 0.07869158486162088, -0.03999218600850553,0.010486823020285986]
[0.3096818642757508, -0.035487395006373774, -0.006719413912226302, -0.9911154854998323, 0.11580894406265113, -0.06110120024948649,0.023345796315350404]
[0.34041199594404786, -0.045774865052279304, 0.017955514360814745, -0.9842441638636396, 0.15039106866934085, -0.08350864288571137,0.04089326262657427]
[0.3695781990798079, -0.05516593615660759, 0.04616757979687275, -0.9754491467170725, 0.181654485596419, -0.10756674069058383,0.06268976255211552]
[0.3971508671760207, -0.06364137983949596, 0.07806127987574146, -0.964758309662555, 0.20886680019359838, -0.13356189684028305,0.08818890761520427]
[0.4229764023659298, -0.07119456849619615, 0.11380480618241035, -0.952205512047329, 0.23135801904559633, -0.16170161063175184,0.11675067010120034]
[0.4467641402846671, -0.07780528127941598, 0.1535518847559514, -0.9378304905428074, 0.24853094439632573, -0.19210351640099252,0.1476569662158939]
[0.46808737443825077, -0.08341349041955015, 0.19740060915921517, -0.921678734083072, 0.25987048542628916, -0.22478684753727696,0.1801291623185542]
[0.486398691536565, -0.0878960976308701, 0.2453522746486535, -0.9038013403256173, 0.26495174766159196, -0.25966657202071747,0.21334708812565392]
[0.501058695217872, -0.09104941468003508, 0.29727329130651925, -0.8842548538304, 0.26344677989818027, -0.2965503802892497,0.24646910473517644]
[0.5113761278717817, -0.0925797561649413, 0.35286312778783324, -0.8631010861912829, 0.25512987791777525, -0.33513863603117205,0.27865274993843997]
[0.5166564796354711, -0.09210386719158468, 0.4116309215675985, -0.840406918397453, 0.23988136565789037, -0.3750273273762581,0.3090754691670363]
[0.5162554698638241, -0.08916009325772382, 0.47288290394385335, -0.8162440857515416, 0.21768979706058042, -0.41571398166831364,0.3369549379024303]
[0.5096333529911931, -0.08323027802727052, 0.5357221567911598, -0.7906889457260987, 0.18865254522900443, -0.45660643332082385,0.36156849051764095]
[0.4964058709994791, -0.07377142015216503, 0.5990614802841413, -0.7638222292007043, 0.15297476942088917, -0.497034262948641,0.38227119111253227]
[0.47638785923749105, -0.060255210108912494, 0.6616493503366231, -0.7357287755881413, 0.11096677444958139, -0.536262658742151,0.3985121134653627]
[0.4496259981303412, -0.04221277727261766, 0.7221081292483956, -0.7064972524293703, 0.06303980089050595, -0.5735083895212146,0.4098484390140081]
[0.4164179548549293, -0.019281373208379346, 0.7789829121971005, -0.6762198601130311, 0.009700307750630705, -0.6079575245569416,0.4159570328205209]
[0.37731612092854083, 0.008750646930822711, 0.8307986932646868, -0.6449920224552415, -0.048457168393532, -0.6387844893946917,0.41664321656441494]
[0.33311525270948456, 0.041904271075730457, 0.8761229606423788, -0.6129120639588056, -0.11075847267875666, -0.6651720106673337,0.41184652336568695]
[0.2848244804679762, 0.0799792281493163, 0.9136304174174155, -0.5800808746567034, -0.17645948499846695, -0.6863314771438457,0.4016432901134252]
[0.23362528205607905, 0.12253537355391511, 0.9421662985467956, -0.5466015635319493, -0.24475682444162383, -0.7015232296582,0.38624601730452734]
[0.18081803548509207, 0.16888835728192422, 0.9608047320117934, -0.5125791015934799, -0.31479944716464764, -0.7100762894883726,0.365999502432556]
[0.1277605954535273, 0.21812092345545914, 0.968898776581147, -0.4781199557745446, -0.3857009664746419, -0.711407043314936,0.3413738289215741]
[0.07580292057743798, 0.2691101051597631, 0.9661191517731053, -0.4433317149049161, -0.4565525131775836, -0.7050364229184983,0.31295436668784044]
[0.026222067822193586, 0.3205694329689164, 0.9524792374287014, -0.40832270908986024, -0.5264359462140779, -0.690605148839873,0.2814290108909587]
[-0.01983815278667901, 0.3711041539390497, 0.9283446300920343, -0.3732016239059763, -0.5944372183867105, -0.667886648630169,0.24757295064722698]
[-0.061418904613111266, 0.41927644435114514, 0.8944263615589954, -0.33807711089549836, -0.6596596996543133, -0.6367973111191225,0.21223131788685165]
