[0.20712465449258907, -6.512811890237136e-05, -0.059983231371565485, 0.9999999703306568, -0.0002412187356185856, 3.374526943507203e-05,3.6693645715173096e-06]
[0.24170956783895786, -0.00433071776140391, -0.04810049287574163, -0.9996613266124518, -0.006538407704440987, -0.02515840556001098,0.0012393263500067025]
[0.2750735577098235, -0.006697474600963157, -0.033768718715763646, -0.9986154289579102, -0.013579286177530412, -0.05058238975966178,0.004924416749199104]
[0.30719928972258015, -0.007160218427925074, -0.01711045950725562, -0.9967780514759168, -0.021130827056297572, -0.0765951806243356,0.010962780163671894]
[0.3380767650852429, -0.005737568887207087, 0.001797984933298552, -0.9940119135142389, -0.029421122526577383, -0.10346852082963193,0.019208814080154138]
[0.36769136251498385, -0.002472167407353277, 0.02292524832386411, -0.9901311571717479, -0.03864703378884567, -0.1314480749831372,0.02946357005332263]
[0.3960126045345378, 0.0025688744361212473, 0.04628072573760586, -0.9849074516276098, -0.048965146166966386, -0.16074570331293442,0.04147945341594467]
[0.42298422033800603, 0.009293368938371373, 0.0719077685455575, -0.9780775654080915, -0.06048384749434094, -0.19153252981657937,0.05496608281225141]
[0.4485160169150332, 0.017583386463212294, 0.09987458006609232, -0.9693522090028226, -0.0732567571504846, -0.22393297028018763,0.06959717849622969]
[0.47247798801531926, 0.027294650864560097, 0.13026324330121258, -0.9584259163265523, -0.08727769939415818, -0.2580198645579923,0.08501832505729094]
[0.49469699022799524, 0.03825613327142417, 0.16315739235309146, -0.9449877052307567, -0.10247737598487655, -0.29381083328180163,0.10085543426219802]
[0.5149562010771196, 0.05026998927137234, 0.1986290986018821, -0.9287322353009908, -0.11872185042365074, -0.3312659522581371,0.11672371746701372]
[0.5329974502948858, 0.06311198356870781, 0.23672557914769798, -0.90937116608133, -0.13581291049393984, -0.37028680877685505,0.13223696491110393]
[0.548526387404205, 0.07653253616888647, 0.27745634692966703, -0.8866444110356587, -0.15349032823607528, -0.4107169735127778,0.14701692142646802]
[0.5612203216722492, 0.09025850529072943, 0.3207814088357926, -0.8603309822049982, -0.1714359881819414, -0.45234389029841177,0.16070254485839114]
[0.5707384496005417, 0.10399579522037776, 0.36660108047990125, -0.8302591276920417, -0.18927980677200165, -0.49490215444790325,0.1729589348811669]
[0.576734075365781, 0.11743284330302343, 0.41474792556754553, -0.7963154786622773, -0.20660731952875902, -0.5380781191926004,0.1834857258921347]
[0.5788683355468655, 0.1302450007004529, 0.46498124621925985, -0.7584529441839513, -0.22296876889181905, -0.5815157398114179,0.19202474816841253]
[0.5768248649728106, 0.14209977821300823, 0.5169844513936013, -0.7166971204567603, -0.23788948569333582, -0.6248235368472684,0.19836677626865565]
[0.5703247887294803, 0.1526628833914204, 0.5703655174701489, -0.6711510151638252, -0.2508813220484048, -0.6675825340014627,0.2023572024613844]
[0.5591413984922969, 0.161604930503113, 0.6246606324749604, -0.6219979270421339, -0.2614548638255496, -0.7093550034506233,0.20390049538149305]
[0.5431138706357563, 0.1686086628650918, 0.67934098809724, -0.5695023643964151, -0.2691321275927775, -0.7496938319350216,0.20296332969987874]
[0.5221594091937247, 0.17337648974622188, 0.7338225564934238, -0.5140089331684858, -0.27345943060421996, -0.7881523054529265,0.1995763008121158]
[0.4962832478399443, 0.17563810944914868, 0.7874785668504338, -0.4559391742246235, -0.27402011344050875, -0.82429409911283,0.1938341688278605]
[0.46558601973970914, 0.17515796802469433, 0.8396542845508617, -0.3957863795868756, -0.2704467936113353, -0.8577032519077228,0.18589460784481915]
[0.4302680995590432, 0.17174229072845107, 0.8896835979549087, -0.3341084672292842, -0.26243283486170554, -0.8879939040539233,0.17597546895865662]
[0.4168756627875059, 0.1950894847128659, 0.9009648533710111, -0.3273606122348348, -0.25042375725907845, -0.8888754181162788,0.20005864746641464]
[0.40200796662961175, 0.21808140881431837, 0.9104080111285179, -0.323805591728617, -0.23933489447276257, -0.8870132201594911,0.22600065113906714]
[0.38557114622244315, 0.24078649801399563, 0.9180694720217795, -0.323218505744379, -0.22973381062257087, -0.8822991955669703,0.2535750447167088]
[0.3674080257046324, 0.2632267385166756, 0.9240304609682827, -0.3252873938494722, -0.22214887335113245, -0.8746477705646836,0.2825407349704994]
[0.34731221111126315, 0.2853572913973503, 0.9283938560116972, -0.3296195038522575, -0.21705667798009362, -0.8639971268137328,0.3126441204981351]
[0.3250476234836386, 0.3070500274359609, 0.9312806381406329, -0.335749323336836, -0.2148704413827497, -0.850310203215185,0.3436213666333777]
[0.3003724263856208, 0.32808231444908764, 0.9328260511727864, -0.34314822631437086, -0.21592960852014764, -0.8335754736651481,0.3752007844415591]
[0.2730659855866293, 0.3481321236692727, 0.9331755664255065, -0.3512355541656, -0.22049089226876098, -0.8138074915970487,0.4071052917084589]
[0.2429572535451789, 0.3667801745858057, 0.9324807501991281, -0.35939092028986697, -0.2287209403732915, -0.791047194343007,0.4390549329753819]
[0.20995281363926827, 0.3835194364620129, 0.9308951331747565, -0.3669675020724522, -0.2406907925904084, -0.765361962616125,0.47076943503725843]
[0.174062760313687, 0.3977718713064714, 0.9285701796589613, -0.3733060624595218, -0.2563722569306649, -0.736845432738563,0.5019707739097616]
[0.13542263752057632, 0.4089118615535714, 0.9256514512292134, -0.3777494270285224, -0.27563629700751857, -0.7056170615941415,0.5323857290901551]
[0.09430980924064185, 0.4162953412621031, 0.9222750538298471, -0.3796571313068006, -0.2982534835717075, -0.6718214466461676,0.5617484009870282]
[0.051152886737148025, 0.4192932670291051, 0.9185644498697054, -0.3784199474666486, -0.3238965230961564, -0.6356274057084431,0.5898026676761599]
[0.006533175998860977, 0.4173277469951092, 0.9146277075543152, -0.37347399954829913, -0.35214483555915865, -0.5972268234672672,0.6163045576511732]
[-0.03882248116837999, 0.40990891310927163, 0.9105552487623101, -0.3643141820614597, -0.3824911131428328, -0.5568332740023273,0.6410245159738399]
