[0.20716687247186974, -7.94830027550112e-05, -0.059975060416149126, 0.9999999781736106, -0.00020693258620822243, 2.860284931946945e-05,3.682442045404702e-06]
[0.25044889452037083, -0.013771192450126412, -0.046625186459635704, 0.9994819452032391, 0.01837253162288683, 0.026198710609822762,0.0034523697511339604]
[0.291140242555904, -0.03449156047540078, -0.02972372198684481, 0.9979166576962036, 0.03659284995130893, 0.05134186328972727,0.013686515218210323]
[0.3282285057763131, -0.061801337929860305, -0.009391450890813946, 0.9952893837517841, 0.05409975887658589, 0.0744577646274561,0.03046801547806859]
[0.3607726659981558, -0.09511610775220335, 0.014264673046712972, 0.9915759773981646, 0.0705466897809985, 0.09459388093601456,0.053406397531397067]
[0.38791577484418416, -0.1337147414426417, 0.041150208476428196, 0.9867433721384506, 0.08559850941549535, 0.11086791359470168,0.08196778917259398]
[0.4088977679780289, -0.17674780073103982, 0.07117991567299403, 0.980750262103558, 0.09893514263338175, 0.12248865853046906,0.115487183130082]
[0.423069014609065, -0.22324643980075526, 0.10427264069059952, 0.973547961730869, 0.11025504010081118, 0.128774773954353,0.15318371302147182]
[0.42990493919206035, -0.27213258438883053, 0.1403446670771099, 0.9650814324851651, 0.11927845528518294, 0.1291710258765371,0.19417859009470043]
[0.42902172764177277, -0.32223129202913714, 0.179301881394822, 0.9552904628734283, 0.1257504969833935, 0.1232616390940619,0.23751528872758093]
[0.42019277199942684, -0.3722862171774964, 0.2210311586897398, 0.9441109859048766, 0.12944392595916174, 0.11078044807465508,0.28218151720192436]
[0.4033651482227519, -0.4209790092540158, 0.26539141778437547, 0.9314765162374781, 0.1301616668884068, 0.09161761589666993,0.32713246954151964]
[0.3786750954049472, -0.46695326344378896, 0.3122048220408863, 0.9173196875553412, 0.12773900973663405, 0.0658227684345474,0.3713148251423413]
[0.3464612033523312, -0.5088433354358368, 0.3612486079202021, 0.9015738692585665, 0.12204547788215167, 0.033604473465308864,0.41369094619265473]
[0.30727384698895094, -0.5453079427775976, 0.41224801082954415, 0.8841748403364326, 0.11298634372063789, -0.004673921600964822,0.4532627188569056]
[0.2618793520557965, -0.575068035035518, 0.46487072571682564, 0.8650624973513402, 0.10050377610465362, -0.048501996044486136,0.4890944929608891]
[0.2112574504240273, -0.5969479556526537, 0.5187232896688878, 0.8441825727968538, 0.0845776077486896, -0.09723332761799913,0.5203345962493026]
[0.15659078906358137, -0.6099184764335255, 0.573349707121197, 0.8214883397173283, 0.06522571462714392, -0.15009967414822942,0.5462349326804741]
[0.09924558837865755, -0.6131398975070697, 0.6282325575357509, 0.7969422783945581, 0.04250400336895164, -0.20622793828116864,0.5661682188865792]
[0.04074298751211583, -0.6060031056844366, 0.6827967334411323, 0.770517681120798, 0.01650600666732666, -0.2646595253079965,0.5796424678091424]
[-0.017278858366845562, -0.5881663017643816, 0.7364158568837226, 0.7422001715860856, -0.012637909265257784, -0.3243716497269963,0.5863123923305523]
[0.0833580456767802, -0.5810948675652687, 0.7436608178927454, 0.7411800970196482, 0.02436954547098895, -0.2327405878667789,0.6291979082887266]
[0.1808746282225891, -0.5565636389486776, 0.7516801547064034, 0.7372791847374969, 0.0608752917091, -0.13583138667653832,0.6589866743764045]
[0.2721611466664517, -0.5154789418444353, 0.7604484516066796, 0.7305657426935442, 0.09663596666236965, -0.03545996282598727,0.6750390926355595]
[0.3543403818351051, -0.45931815683320476, 0.7699348941770425, 0.7211293913901204, 0.13141544366138638, 0.0664799340437595,0.6769658783204168]
[0.4248756809262897, -0.39007283374375473, 0.7801034524813952, 0.709080358758703, 0.16498673123456373, 0.16805141054076334,0.6646376055824882]
[0.48166532893298925, -0.3101708260896745, 0.7909131012083084, 0.6945486044539937, 0.19713380541847847, 0.2673102924675356,0.6381893969294385]
[0.5231190908628003, -0.22238071506420665, 0.8023180751681626, 0.6776827798384435, 0.2276533599177328, 0.3623414738376348,0.5980206133284854]
[0.5482135494060398, -0.12970262819799924, 0.8142681582678016, 0.6586490313234815, 0.2563564593250163, 0.4512950472801013,0.5447895002654074]
[0.5565238140684031, -0.035250205583291574, 0.826709003838886, 0.6376296560669474, 0.28307008132856404, 0.53242150834402,0.4794028454371809]
[0.5482302530944241, 0.05787110741332359, 0.8395824839643012, 0.614821620292247, 0.3076385346709908, 0.6041053378340747,0.403000803978206]
[0.5241000468314966, 0.1466840811389571, 0.8528270652334714, 0.5904349516826525, 0.32992474057416576, 0.664896292242841,0.3169371451097146]
[0.4854445243304857, 0.22845275192706999, 0.8663782081638698, 0.5646910184037542, 0.3498113664020923, 0.7135377721865939,0.22275526780084196]
[0.434054366371189, 0.3007835471430625, 0.8801687873539026, 0.5378207083087458, 0.3672018014893955, 0.7489916917910379,0.12216042045286464]
[0.3721157817535552, 0.3617101001548675, 0.8941295292829533, 0.5100625227762252, 0.38202096630792265, 0.7704593372195329,0.01698863889639727]
[0.3021116381430977, 0.4097581527065996, 0.9081894645488351, -0.4816606004105773, -0.3942159474682562, -0.777397778731549,0.09082701358671497]
[0.22671220977775042, 0.4439878990117885, 0.9222763912321493, -0.45286268649374906, -0.4037564524460113, -0.769531486305146,0.19929226245609577]
[0.14866065731839076, 0.46401220992258874, 0.9363173460018284, -0.42391806460828746, -0.41063507937348853, -0.7468588922459422,0.3063888071713084]
[0.07065855693052121, 0.46999033269460877, 0.950239079526967, -0.3950754672498943, -0.41486739873378575, -0.7096537434528536,0.41011215666996725]
[-0.004743264028129499, 0.46259783408384847, 0.9639685327372887, -0.3665809825095232, -0.4164918453247496, -0.6584611890983028,0.5085093789612803]
[-0.07524364551897819, 0.44297468273019114, 0.9774333104783356, -0.33867597402738375, -0.4155694204116155, -0.5940886542942077,0.5997160263610227]
