[0.20715102313944955, -9.170125719851529e-05, -0.05997681788496623, 0.9999999578628284, -0.0002900529806416158, 1.1411513371436476e-05,3.6589281020715623e-06]
[0.24789758000616458, -0.01823845856171169, -0.04418041707322143, -0.9970205122408144, 0.07209675395540094, -0.027244670192227573,0.0031439125743942717]
[0.28570699239373876, -0.03734171885259254, -0.02436764900297056, -0.9881841148909732, 0.14259670043918968, -0.05479411868757641,0.012487620199705785]
[0.32076321229909716, -0.05706674013290278, -0.0006764448026250758, -0.9736675271402099, 0.21051129210952343, -0.0829590570009414,0.027826917697838013]
[0.35324395122054225, -0.07717247971461373, 0.026885210465201786, -0.953760644798417, 0.2746086418673929, -0.11200919492878005,0.048833047179759684]
[0.38325691378909904, -0.09749261649438272, 0.05842084854991422, -0.9288600795676626, 0.3337257473146673, -0.14217093380855234,0.07505667022208579]
[0.4107885553422513, -0.1179017555981019, 0.09411377120543885, -0.8994603797071026, 0.3867893204610912, -0.17361487358210062,0.10593829612313795]
[0.4356706958687422, -0.13827133614642403, 0.13418444926154421, -0.8661430864094652, 0.43283487245322794, -0.20644490488930992,0.1408212636597458]
[0.4575685418081824, -0.15842095214953844, 0.17884033830377966, -0.8295638707961687, 0.4710236861338736, -0.24068920610850011,0.17896697302406414]
[0.4759915583956743, -0.17807141180979152, 0.22822196867486078, -0.7904380394218995, 0.5006573527850202, -0.2762934173483795,0.21957201203048174]
[0.4903263937316732, -0.1968058386002818, 0.28234949443497265, -0.7495247327353753, 0.5211895995506178, -0.3131162085217617,0.26178677640245257]
[0.499888888523327, -0.2140444551593224, 0.3410739299737638, -0.7076101702536061, 0.5322351897074397, -0.3509273981143331,0.30473514901214344]
[0.5039903125169329, -0.22903744551268546, 0.4040370597772067, -0.6654903176161356, 0.5335757379666924, -0.38940871456064946,0.3475347781685996]
[0.5020115249126957, -0.24087857501737253, 0.47064349079275514, -0.6239533637131898, 0.525162346068081, -0.4281572248153193,0.3893174810122319]
[0.49347789538016407, -0.2485402185422433, 0.540047560137868, -0.5837624004337477, 0.5071150287309265, -0.46669138638706653,0.4292492951038809]
[0.4781276253317993, -0.2509282944522849, 0.6111568616028114, -0.5456386931557969, 0.47971896517863516, -0.5044596114417353,0.46654970946644864]
[0.45596659597518485, -0.2469535272461878, 0.6826530732961539, -0.5102459169964476, 0.4434176755738495, -0.5408511662202777,0.5005096254571982]
[0.4273039980660722, -0.23561366255304197, 0.7530296255105119, -0.47817571234259326, 0.3988032834380305, -0.5752091675517924,0.530507627474925]
[0.39276466734565096, -0.2160799088004339, 0.8206446164713868, -0.4499348837689121, 0.346604083181823, -0.6068453821737606,0.5560241829488413]
[0.35327610901016404, -0.18778011505587786, 0.8837863377243983, -0.42593452977125706, 0.28766968502494694, -0.635056485281631,0.5766534393966]
[0.31003045800201223, -0.1504710971297798, 0.9407478790505834, -0.4064813476141134, 0.22295405672911106, -0.6591413934406327,0.5921123424511502]
[0.2644238841941528, -0.10429311679875208, 0.9899066039706875, -0.39177130896904516, 0.15349682172996879, -0.6784192547406283,0.6022468613323363]
[0.21797800701859987, -0.04980076213159241, 1.0298038667427372, -0.38188584898806555, 0.0804032056133812, -0.6922476566852688,0.6070351758205708]
[0.1722495453567302, 0.012033728999098034, 1.059220209576708, -0.3767906551916499, 0.004823046787330395, -0.7000406003737436,0.6065877498007222]
[0.12873554340312493, 0.07984646549230172, 1.0772414456279813, -0.37633708430827867, -0.07207069781149389, -0.7012857884053342,0.6011442892284825]
[0.08878197865736487, 0.15193657610551034, 1.0833114912016715, -0.38026617627856046, -0.1491035153388622, -0.695560783707491,0.5910676552310219]
[0.05350332959847447, 0.22634650602685846, 1.077268532938876, -0.3882151763456463, -0.22512053481606684, -0.6825476169934027,0.5768348742887123]
[0.02371977597368365, 0.300962684063538, 1.059362059058942, -0.3997264197952812, -0.29900693947131624, -0.6620454513768868,0.5590254553925231]
[-8.279691954707e-05, 0.37362951318111404, 1.030249390276713, -0.41425838074184945, -0.3697071944619074, -0.6339809531474885,0.5383072871459657]
[-0.017766783952344236, 0.44226841003498774, 0.9909715474947964, -0.431198637569453, -0.4362427204728766, -0.5984160669432158,0.5154204445080584]
