[0.20718727045547264, -8.974487156391194e-05, -0.059965179422686615, 0.9999999627241419, -0.000265370680544429, 6.416057843024734e-05,3.6792801064836085e-06]
[0.2584309911182702, 0.008799103892635987, -0.042119696647510224, 0.9995769397927393, 0.006887608719090913, 0.028245996785300886,0.0008160553414070955]
[0.3072386002161848, 0.018745834332725413, -0.018499058524597184, 0.9982957520282746, 0.013531239900123919, 0.0566770977365102,0.003194310760319844]
[0.3530674322041256, 0.029516086786448792, 0.010635856536739263, 0.9961212372611729, 0.01916654867615421, 0.08559234919512566,0.007005272897951555]
[0.39541158111315133, 0.04084086090457048, 0.044989153936552034, 0.9929960192589224, 0.023313528631451426, 0.11519821744057628,0.012031451167594987]
[0.4337982803629549, 0.05241948637891866, 0.08422856971635434, 0.9888421579049247, 0.025520222399676093, 0.14565958638712734,0.017977482919878274]
[0.4677857726045357, 0.06392191855536192, 0.12798136065499463, 0.9835634108529994, 0.025371343876177337, 0.17708781488551995,0.024478920731986546]
[0.4969635704505273, 0.0749908048637482, 0.17582808744388073, 0.9770480606332205, 0.022496299942375182, 0.2095303717944671,0.031113132234446964]
[0.5209557395423946, 0.08524390419239533, 0.22729516463183777, 0.9691722495047681, 0.016576479829755433, 0.24296236593947798,0.0374120280580032]
[0.5394275041254806, 0.09427751151385907, 0.28184721407116664, 0.959803753723662, 0.007351691897363939, 0.27728023938135443,0.042876284970052615]
[0.5520951082328756, 0.10167153485619951, 0.33888034902030595, 0.948806119513349, -0.005374358844486635, 0.31229783668792227,0.04699069100444464]
[0.5587384917598126, 0.10699678807736557, 0.3977175264988, 0.936043075068272, -0.02172964387546076, 0.3477450015060357,0.04924020838041259]
[0.5592159900495005, 0.10982490451926538, 0.4576070334802866, 0.9213831265341786, -0.04177050967120399, 0.3832687861732418,0.04912632904258106]
[0.5534799667080473, 0.10974105374289972, 0.5177250206801172, 0.904704241216108, -0.06547955837243255, 0.41843729200101454,0.04618328727792666]
[0.5415920674138426, 0.10635937234962818, 0.5771827736779037, 0.8858985183583398, -0.09276474860772584, 0.4527460888813106,0.03999369436449417]
[0.5237366574002781, 0.09934072135828033, 0.635039127154876, 0.8648767467815374, -0.12345973504487079, 0.4856270947180424,0.030203171604129688]
[0.5002309901899329, 0.08841208102019575, 0.6903181003141798, 0.8415727494800176, -0.15732544552952207, 0.5164597295521937,0.016533580146366234]
[0.4715307553169866, 0.0733866151148228, 0.7420314793332153, -0.8159474179727929, 0.19405287496584592, -0.5445840977647679,0.001205521777542327]
[0.45781184212830517, 0.15054480849644608, 0.7643662699372051, -0.8144602307310639, 0.11435676565217137, -0.5659640053245651,0.05711223497686227]
[0.4303274496259894, 0.22419414822725, 0.7870936803353191, -0.8040542921817796, 0.03657422255222431, -0.5821755198589486,0.11502471710776395]
[0.3900005346058683, 0.2917565221250915, 0.8100993390969224, -0.7851052513850438, -0.03824389105740357, -0.5930519662119995,0.17446063858790095]
[0.33824915998184835, 0.3508909326351389, 0.8332650921401937, -0.7581144902925409, -0.10910591435168787, -0.5984722358803585,0.23492403440756793]
[0.2769271141563847, 0.3995895658553907, 0.8564697779912817, -0.7237005201955387, -0.17509448171771888, -0.5983618997024672,0.2959096425011614]
[0.20824588011459857, 0.4362593100071003, 0.8795900287714529, -0.6825885666555513, -0.2353804138968669, -0.5926939053089825,0.3569073325590928]
[0.13468145505830215, 0.4597851277225494, 0.902501091452206, -0.6355985070299162, -0.2892351902669026, -0.5814888520561706,0.41740658536612446]
[0.058870205168487275, 0.4695725157976086, 0.9250776637468278, -0.5836313507293767, -0.3360418071331256, -0.5648148400157592,0.47690098217814497]
[-0.016501569960174586, 0.4655672426151404, 0.9471947388748836, -0.5276544754163842, -0.37530385212193346, -0.5427868934899439,0.5348926634485045]
[-0.08880941548094068, 0.4482515925189821, 0.9687284533448011, -0.4686858520993486, -0.4066526527160631, -0.5155659634228177,0.5908967163902663]
