[0.20710999039297576, -8.535083712600869e-05, -0.059991661789816755, 0.999999955742734, -0.00029543428811007575, -3.492446886059554e-05,3.6596794359736118e-06]
[0.26829786350810453, -0.004790084533880127, -0.036176674625361616, 0.995981627481542, 0.054951247121548474, 0.07052834885626415,0.005168187943081415]
[0.32598215018740506, -0.011910320657646979, -0.004465802637799499, 0.9839365245560866, 0.10939044250551136, 0.13957433334534744,0.02053417162050456]
[0.37910657709322393, -0.021111034559794274, 0.03462493559952834, 0.9640068903696115, 0.16222324019661866, 0.20561791550257968,0.045777816509706956]
[0.4267175545064046, -0.03196195851838239, 0.08044936841097192, 0.9364278269706013, 0.21267222157115978, 0.2672351188661171,0.08036692287077836]
[0.4679868322974277, -0.043951836038728265, 0.13224422671522612, 0.9015241402885272, 0.2599918435605656, 0.3230920802900515,0.12357173387493443]
[0.502230716944117, -0.05650532772651964, 0.1891445975997184, 0.8597059858005417, 0.30347837391174, 0.3719721672505997,0.1744798020903769]
[0.52892532595526, -0.06900201167186469, 0.25020141933621576, 0.8114633771416393, 0.3424792402745093, 0.41280067884224086,0.2320145622288953]
[0.5477174775844258, -0.08079685331692575, 0.3144006146944765, 0.7573596364276379, 0.37640166281902604, 0.4446666246705808,0.29495722103610456]
[0.5584309471608163, -0.09124147311262495, 0.3806834227769096, 0.6980238801379, 0.40472045061948947, 0.46684113811402717,0.3619715062984768]
[0.5610679623233352, -0.09970551644202569, 0.4479674639320358, 0.6341426480782154, 0.4269848543232511, 0.4787921520481132,0.4316307579448407]
[0.5558059532883557, -0.10559743003746692, 0.5151680582165099, 0.5664507950104778, 0.4428243814698323, 0.4801950445327483,0.502446796401421]
[0.5429897163081794, -0.10838397235686512, 0.581219315669958, 0.4957217748161555, 0.4519534960225732, 0.47093904741325265,0.5728999677322328]
[0.5231192840745162, -0.10760783120248457, 0.6450945263392668, 0.4227574554038832, 0.4541751399962552, 0.4511293004105597,0.6414697424048115]
[0.4968339216276042, -0.10290278856802643, 0.7058253992255347, 0.348377608856311, 0.4493830322599468, 0.42108452511635824,0.7066652352224116]
[0.46489277638310206, -0.09400595786991979, 0.7625197315145426, 0.273409225447643, 0.4375627174055685, 0.38133038536317765,0.7670550182193878]
[0.4281528027538838, -0.08076671930583038, 0.814377131695139, 0.19867580209398422, 0.4187913557302136, 0.33258869070609903,0.821295615988765]
[0.3875446527368769, -0.06315209151541046, 0.8607024713173598, 0.12498675550025445, 0.3932362636104336, 0.27576268627587114,0.8681581035670525]
[0.344047271707675, -0.041248398030863755, 0.9009167988162283, 0.053127107750615, 0.36115223157519055, 0.21191875317554346,0.9065522699231623]
[0.2986619622705542, -0.015259210984694113, 0.934565513463735, -0.01615241260152682, 0.3228776649403821, 0.1422649171572983,0.935547864299857]
[0.2523866779380081, 0.014500322121844073, 0.9613236664014815, -0.08214471767542338, 0.2788296086889958, 0.06812662796467939,0.9543925069061099]
[0.2061912830933982, 0.04761254434798116, 0.9809983270429258, -0.14419502814326748, 0.2294977341161135, -0.009079673907358445,0.9625259183087324]
[0.1609944673719876, 0.08356941420557262, 0.9935280250606112, -0.20170874497849617, 0.17543737937197654, -0.08787464332848145,0.9595902016893387]
[0.11764293329356694, 0.12178725892771076, 0.9989793488343097, -0.25415842050602194, 0.11726174921324414, -0.16674517915376008,0.9454359971390529]
[0.07689338839338875, 0.16162364453453915, 0.9975408488248715, -0.30108973798135896, 0.0556333908190989, -0.2441740271999425,0.9201244154728468]
[0.03939777050873601, 0.20239578861002372, 0.9895144571478501, -0.34212642399300247, -0.008744927722763045, -0.31866922484789023,0.8839247487086946]
[0.005692021027184812, 0.24339989963040215, 0.9753046910857983, -0.37697403409087654, -0.0751398018447422, -0.3887927831761881,0.8373080434046346]
[-0.023811400147528097, 0.283930806251513, 0.9554059570172504, -0.40542256894475825, -0.14279709766402876, -0.45318802410301867,0.7809367095344953]
[-0.04882718816770902, 0.32330124159509815, 0.9303883110917615, -0.42734789577061416, -0.21095203806713242, -0.5106050239610166,0.7156504196334419]
