[0.2071346455265213, -8.274215770912564e-05, -0.0599985024982837, 0.9999999800827767, -0.00019939727906566722, 7.855254268251994e-06,3.6697044760050567e-06]
[0.2719018971831846, 0.016241401003323976, -0.03295051984273853, 0.9970978403342924, 0.054766329503682834, 0.0528755503974983,0.0008497785275723642]
[0.3313102302856634, 0.03815559370741569, 0.0037061424973316714, 0.9884286367283813, 0.10879258227178337, 0.10564959711515227,0.0033416713359003644]
[0.383759530672405, 0.06471401312410162, 0.04932124423913947, 0.9741662508444912, 0.16095775523482403, 0.15823379158559958,0.0074016177825996406]
[0.4278694302737596, 0.0947157441656792, 0.10308493327495927, 0.9545960795184608, 0.2103771926430182, 0.21052626271955416,0.012901724263232276]
[0.4625233306406754, 0.12674782775249344, 0.1640408763206393, 0.9301083985672638, 0.25622062255103906, 0.26241683470274635,0.019666325502994953]
[0.4869044808447309, 0.15923533317277563, 0.23110037994673052, 0.901189292453794, 0.29772836159775884, 0.31378462523727263,0.027475276734712513]
[0.5005233520536652, 0.19049719042051297, 0.30305755633882436, 0.8684093647791733, 0.3342259262490062, 0.36449595080051145,0.036068091671976554]
[0.5032356448395212, 0.21880645537364307, 0.37860568403002987, 0.8324104970765349, 0.36513672330084973, 0.41440260415960345,0.04514885734605249]
[0.4952503426289323, 0.24245358891859742, 0.4563549785877665, 0.7938909696396177, 0.389992537454135, 0.4633405619819788,0.05439184384608724]
[0.47712730836485007, 0.2598112046954718, 0.5348520148100603, 0.7535892969557099, 0.4084415853878953, 0.5111291717992503,0.06344771528931747]
[0.4497640356850244, 0.2693985824325806, 0.6126010261034958, 0.7122671608040143, 0.4202539627650721, 0.5575708579651748,0.0719502381401276]
[0.4143713332198673, 0.26994406769423174, 0.6880872471195221, 0.6706918455022338, 0.4253243716567994, 0.6024513757692384,0.07952337445876523]
[0.3724379584260151, 0.26044330556686957, 0.7598023643274345, 0.6296185916244422, 0.42367207953375646, 0.6455406317124219,0.08578864093062584]
[0.3442977428523481, 0.26003000627862366, 0.7962067180482126, 0.6069898097360578, 0.42448563359993324, 0.666621882647277,0.0836097082858684]
[0.3157732319053045, 0.2548241900162287, 0.8311326996374191, 0.5855400063676998, 0.42213643786912847, 0.6874113326589156,0.08005865660983667]
[0.2976942868151972, 0.2625208946793666, 0.8469358978531366, 0.5753119929808695, 0.4247524463694373, 0.6954985207609161,0.0698804525953853]
[0.27991018764345155, 0.2678150376060613, 0.8626481319184512, 0.5659098008905353, 0.425315295947344, 0.703834441709474,0.058907342095628035]
[0.26265209910659587, 0.27077011145166213, 0.8782153486457881, 0.5574329352887669, 0.4238900215356617, 0.7123039490078497,0.04699847365254056]
[0.2461450389165003, 0.27146906488720945, 0.8935708620265825, 0.5499733038582262, 0.4205515527344903, 0.7207688531699513,0.034029646427049386]
[0.23747243554405031, 0.2918303627015874, 0.8921628128095188, 0.5513470611839807, 0.4249028007856029, 0.7177290851240353,0.01841163695475657]
[0.22698083140374772, 0.31162539367726405, 0.8911482776207943, 0.552329149000752, 0.4279852169309536, 0.7153679739443106,0.0031348217624447092]
[0.21466874485076737, 0.33070459740379965, 0.8905534836240023, -0.5529368461346059, -0.42978960969660807, -0.7137211713531834,0.011992712195024381]
[0.2005452171940586, 0.34891019803230433, 0.8903975624038718, -0.5531883901812521, -0.4303096670003363, -0.7127960077892358,0.02716701556046766]
[0.1846319633786654, 0.3660765547214804, 0.8906923460896433, -0.5531028822514761, -0.42954199294119516, -0.7125709980728423,0.042584629277354305]
[0.16696560236944827, 0.3820309574378221, 0.8914422301366515, -0.5527001886844835, -0.4274861366461258, -0.7129957936279947,0.05843887980012027]
[0.14759988192716084, 0.3965948948254451, 0.8926441042741871, -0.5520008400970094, -0.4241446130230632, -0.7139915876332452,0.07491617024828462]
[0.1266078067838677, 0.4095858050684483, 0.894287352531221, -0.5510259281465042, -0.4195229152945209, -0.7154519731538043,0.09219232160759656]
[0.10408357641279184, 0.42081930383440513, 0.8963539226443044, -0.5497970003958265, -0.41362951921062796, -0.7172442479209801,0.11042901800525326]
[0.08014423882445895, 0.43011186602829343, 0.8988184645392677, -0.5483359536747058, -0.40647587886613684, -0.7192111530613201,0.1297704092613548]
[0.05493097019070739, 0.43728392074708156, 0.9016485369656195, -0.5466649263396528, -0.3980764140718451, -0.7211730268234249,0.15033992234966442]
[0.02860989658838227, 0.4421633020634017, 0.9048048807551838, -0.5448061898390473, -0.388448489257165, -0.7229303482921009,0.17223733110202427]
[0.0013723836548018564, 0.4445889826343317, 0.9082417565799668, -0.5427820399937515, -0.3776123839070825, -0.7242666403020016,0.19553613048713792]
[-0.026565267749730878, 0.44441500315811355, 0.9119073445037877, -0.5406146884057852, -0.36559125456343416, -0.7249516953477462,0.22028125812033827]
[-0.054962766970160795, 0.44151449887850136, 0.9157442020630664, -0.5383261544083235, -0.3524110884471825, -0.7247450833120431,0.24648720136030994]
[-0.0835574502465848, 0.43578371509937464, 0.9196897770793647, -0.5359381579695651, -0.33810064878511426, -0.7233998953695764,0.2741365234742726]
