[0.20711510651763135, -7.914630677783114e-05, -0.059987718073256216, 0.9999999770255892, -0.0002132033926918171, -2.1904024461039496e-05,3.653570862135081e-06]
[0.2522706192705898, -0.0017166325988267242, -0.04400976011941832, -0.9995213552943115, -0.00861595466176614, -0.02966699263112681,0.0016417015910707732]
[0.29569014561377893, -0.0006608694811886333, -0.02365905695772716, -0.998038354657518, -0.01791249063598877, -0.05963319092552644,0.006516736282059035]
[0.33706875045498735, 0.003044081749890833, 0.0008953417202728908, -0.9954261747773588, -0.028125262475308044, -0.09014144316722321,0.014498979362030972]
[0.3761071596965432, 0.009318591639689056, 0.029518926119333377, -0.9914813857057853, -0.03967069319672164, -0.12143462339072464,0.025387598196374393]
[0.4124959064374484, 0.018046824695936804, 0.06210678846811751, -0.98592849176932, -0.05291765713714999, -0.15372346209607735,0.03890794111470226]
[0.4459016724618352, 0.029075452233300558, 0.09857375304533364, -0.9784288808470419, -0.06817364061449387, -0.18717704653939793,0.054717758530106735]
[0.47595701027308535, 0.042211969607317906, 0.1388402564234282, -0.9685919276254004, -0.08567255213198911, -0.2219143158301907,0.0724149706878461]
[0.5022544262480229, 0.05722295431876451, 0.1828149218805879, -0.9559879630968123, -0.10556451641006748, -0.25799675885008894,0.09154681704988882]
[0.524345542934301, 0.07383265949937691, 0.23037498391637742, -0.9401627732600958, -0.12790793734479491, -0.2954224972942841,0.11162019276320304]
[0.5417457521170299, 0.0917223658326657, 0.28134586995791233, -0.9206532488887007, -0.15266405864840835, -0.334121906481214,0.13211295211687166]
[0.5539444364170374, 0.11053091115810607, 0.33548132849142265, -0.8970037763708588, -0.179694188778672, -0.3739548935895506,0.15248593789599635]
[0.5604204937432291, 0.12985678002915624, 0.392445501253493, -0.8687829377876443, -0.20875969030356595, -0.41470991734482016,0.17219547952627076]
[0.5606625643805458, 0.14926206663475297, 0.451798270691782, -0.8356000771350146, -0.2395247646753493, -0.45610479562703576,0.19070609220786977]
[0.5541930529558882, 0.16827852710494334, 0.5129850753162171, -0.7971212892163023, -0.2715619931698852, -0.4977893087818162,0.20750310408825548]
[0.5405947737780441, 0.18641581655319114, 0.5753321810864472, -0.7530843982745304, -0.30436052517775525, -0.5393495673914193,0.22210493903490477]
[0.5195388426998747, 0.20317186911889146, 0.6380481362228467, -0.703312514680371, -0.3373367377953257, -0.5803140747079533,0.2340747887394814]
[0.49081230335990356, 0.2180452338476638, 0.700231832259008, -0.6477257894661713, -0.36984712738653797, -0.6201613766695391,0.2430314195977417]
[0.4543439185239655, 0.2305490343327077, 0.7608872605183186, -0.5863510274784205, -0.4012031360087699, -0.6583291571875357,0.2486588768342655]
[0.4102265823726652, 0.24022608473884072, 0.8189447068038753, -0.5193288694607382, -0.43068756473005676, -0.6942246039448762,0.25071487033900697]
[0.35873491685544345, 0.24666457795982044, 0.8732877850232701, -0.4469183103206935, -0.45757218316037246, -0.727235840962342,0.24903765321280735]
[0.34516125007704335, 0.2663322264723394, 0.8946373653724142, -0.4166574826996955, -0.45161699766926916, -0.7456012141199354,0.25790978854907165]
[0.3299103684604246, 0.28401097446309864, 0.9148076282714735, -0.3888083064113538, -0.4423646809618186, -0.7622439511860587,0.26856237410208655]
[0.31338988488334857, 0.29960902529543354, 0.9335840957068494, -0.36380148194901435, -0.430202791451936, -0.7769819544512404,0.2808435194477416]
[0.2959945358454581, 0.31312478357176887, 0.9507677937072043, -0.3420115019992815, -0.4155759762081725, -0.7896489057161878,0.2945833433852758]
[0.278085788230936, 0.3246393010741312, 0.9661777181404405, -0.32374922498425684, -0.398978033883591, -0.800095973556745,0.30959554405508155]
[0.2599739084542292, 0.3343041146613046, 0.9796530544328383, -0.3092555564862602, -0.38094303222562714, -0.8081933633281972,0.3256791280591606]
[0.24190352419856867, 0.34232517333882184, 0.9910551252392404, -0.2986963564893657, -0.36203563358163476, -0.8138316953566298,0.3426202829227659]
[0.22404352284545623, 0.3489437783295185, 1.0002690439253112, -0.2921586692740534, -0.34284079624273806, -0.8169231983205318,0.3601943759214088]
[0.2064818957306818, 0.35441563851599484, 1.0072050557978307, -0.28964834997327876, -0.3239530310127676, -0.8174027064986173,0.37816806113702073]
[0.18922586568244326, 0.35898926382084184, 1.0117995532791964, -0.29108913763180005, -0.3059654008474578, -0.8152284513347134,0.39630147561097295]
[0.17220734113567976, 0.3628849736616643, 1.0140157556084606, -0.29632319952036973, -0.28945845663165287, -0.8103826396314546,0.41435050463875267]
[0.15529343907865162, 0.36627578271317796, 1.0138440481030522, -0.3051131458732241, -0.27498930405435185, -0.8028718126145621,0.4320690956086258]
[0.13830152733574905, 0.3692713416352136, 1.011301980472515, -0.31714548858070624, -0.2630809950653649, -0.7927269820912348,0.44921159933025545]
[0.12101797009772838, 0.37190595969916257, 1.006433928078487, -0.3320354921196391, -0.25421243257327686, -0.7800035419417312,0.46553511753293186]
[0.10321953392122152, 0.3741315264455742, 0.9993104243257117, -0.3493333405766529, -0.24880896894970495, -0.7647809552143959,0.4808018351390699]
[0.08469623746046598, 0.3758158909425193, 0.9900271764913842, -0.3685315214348133, -0.2472338676729848, -0.747162219122903,0.49478131603743686]
[0.06527431718002363, 0.3767469629251047, 0.9787037812018755, -0.38907330525138956, -0.24978078326262904, -0.7272731122520627,0.5072527413909812]
[0.044837940263270856, 0.37664248519409127, 0.9654821593979717, -0.41036218082652437, -0.25666739776197844, -0.7052612302471829,0.5180070700131647]
[0.023348328327870267, 0.375165107559556, 0.950524733947594, -0.4317720882868982, -0.2680303327047179, -0.6812948181739811,0.526849101029746]
[0.0008590610267997512, 0.37194208622722846, 0.9340123760289195, -0.4526582779833428, -0.2839214340773612, -0.6555614095742867,0.5335994199037177]
[-0.02247349704673573, 0.36658865532979074, 0.9161421489826396, -0.47236861147995113, -0.30430550462654193, -0.6282662839908486,0.5380962099316623]
[-0.046385467389063656, 0.3587338845262227, 0.8971248804913319, -0.49025511239848757, -0.32905953334910004, -0.5996307563767876,0.5401969125108181]
[-0.07050696262202799, 0.3480476613805296, 0.8771825956642294, -0.5056855696270239, -0.35797344655992397, -0.5698903133270429,0.5397797208167486]
