[0.20708917282405062, -8.202288980242447e-05, -0.06001115285940378, 0.9999999748796785, -0.00021353606490812457, -6.804117676595106e-05,3.6592053421005857e-06]
[0.2469514316012954, -0.013039664467770638, -0.04503561838336889, -0.997938001893882, 0.060402492637233365, -0.021398015172722752,0.0036617217157510072]
[0.2847098951770397, -0.024953309526583173, -0.02605119705471806, -0.9918127711000096, 0.11932313955745752, -0.04309714559908129,0.014561987854799873]
[0.3206330118808453, -0.03565070990947094, -0.003137787461831576, -0.981736488369677, 0.17573310801084616, -0.0652485965576361,0.03246479323332641]
[0.3549440411198215, -0.04506270589560381, 0.023775104348833398, -0.9678930051116466, 0.2284359430154954, -0.08804804744434759,0.05698852459755082]
[0.3877520067550722, -0.05320505335358737, 0.05488159587672928, -0.950533486975273, 0.27630293964213337, -0.1116566731288022,0.0876102906601299]
[0.41899609642883784, -0.06014886167634945, 0.09045613941702416, -0.9299704960843203, 0.31829369149018805, -0.13619117028823846,0.12367686730246945]
[0.4484088869812992, -0.06598318703166507, 0.13079728268082938, -0.9065706259369213, 0.3534749623195725, -0.16171503133873366,0.16441836831883563]
[0.47550211448063734, -0.07077420904538476, 0.176163122766482, -0.880745862304246, 0.38103752478150604, -0.1882313190911308,0.20896435403088862]
[0.49957672633529765, -0.07452586854977503, 0.2267038315926054, -0.852943873695029, 0.4003106502196556, -0.21567715829889192,0.2563620389896878]
[0.5197568210847908, -0.0771468119163426, 0.28239696902913025, -0.8236374605297588, 0.4107739797163896, -0.2439201178789109,0.30559621609893634]
[0.5350449799290313, -0.07842797073464558, 0.3429912149996217, -0.7933134124953964, 0.41206655800541403, -0.27275661076869107,0.35561047876919605]
[0.5443946011655345, -0.07803414630175719, 0.4079636468762517, -0.7624610381546354, 0.4039928675239201, -0.3019123882339429,0.4053292959025209]
[0.5467933248133308, -0.07551165029043141, 0.47649479669091455, -0.7315606394167088, 0.3865257586134248, -0.331045153139524,0.4536804771723842]
[0.5413506086564532, -0.07031249417795622, 0.5474645049724479, -0.7010722057293309, 0.3598062325168515, -0.3597492634768406,0.49961755856225804]
[0.527382075223088, -0.0618339626171651, 0.6194701288873489, -0.6714245987541926, 0.32414009514177955, -0.3875624445603047,0.5421416406029804]
[0.5044834287300803, -0.04947080331494501, 0.6908670639838422, -0.6430054879149197, 0.27999156033636513, -0.413974377018009,0.5803222241343645]
[0.4725875260921385, -0.03267586911108564, 0.759829913921242, -0.6161522807713532, 0.22797394043903074, -0.4384369792283204,0.6133166104273605]
[0.431999509956019, -0.01102399167122152, 0.8244311064383667, -0.5911442700291324, 0.16883761793791857, -0.4603761583542791,0.6403874636497267]
[0.38340666234004084, 0.01572674309981481, 0.8827324163221559, -0.5681961916201395, 0.10345554409604693, -0.47920476467324646,0.6609181732549193]
[0.32786166719097026, 0.047582242195678484, 0.9328838138958966, -0.5474533562876264, 0.03280655733297011, -0.4943364504489996,0.6744257010545015]
[0.2667401083965019, 0.08427365601525574, 0.9732233871007006, -0.5289884811862887, -0.04204314492063164, -0.5052001079710348,0.6805706514708532]
[0.20167509747629403, 0.12523715663739252, 1.0023718376168143, -0.5128003089592615, -0.11996001306204095, -0.5112545422603005,0.6791643625924817]
[0.1344737500697856, 0.1696153700236256, 1.0193152484822996, -0.49881406045147836, -0.19976423636643273, -0.5120030228105863,0.6701728788884757]
[0.06702166154762768, 0.2162818600867492, 1.0234704532823478, -0.4868837245867119, -0.28025150508773705, -0.5070073559166209,0.6537177324159612]
[0.0011824527254887794, 0.263888147647904, 1.014728365818491, -0.47679614593252934, -0.36021502008717776, -0.49590112475956816,0.630073526653577]
[-0.061300206372398525, 0.31093080833331155, 0.9934719871081629, -0.46827682807471127, -0.438467324587494, -0.4784017584101487,0.5996623842692242]
[-0.11889095691402363, 0.355834398472725, 0.9605674033260607, -0.46099733008309, -0.5138615392545945, -0.4543211130080968,0.5630453857427887]
