[0.20720787770640778, -8.874274025684482e-05, -0.05996082992035419, 0.9999999586441587, -0.0002671233585516849, 0.00010650443611914958,3.6874857875893605e-06]
[0.24172137420728854, 0.017241821410044156, -0.03813433146972581, -0.998971443117263, -0.03595045990946643, -0.02761479230466282,0.001021525565716135]
[0.2719008129876251, 0.03917087938803274, -0.011687553888776542, -0.9958752078743297, -0.07205637941003391, -0.05498833543480427,0.004090414855205298]
[0.2966823804087406, 0.06482200827540947, 0.018991422145280518, -0.9907197334133175, -0.1079384271986104, -0.08209337058766916,0.009186090838398298]
[0.31520153787016153, 0.09312136180487758, 0.053425143419435966, -0.9835192813751427, -0.14348424767867718, -0.10879813840002012,0.016280629966236533]
[0.3268321399167388, 0.12284223403217912, 0.09105532429954913, -0.9742940511542069, -0.1785813036500621, -0.13497384032101292,0.025335396210954212]
[0.33121550654727455, 0.1526570577706395, 0.1312530136205797, -0.9630703896776304, -0.2131168867984564, -0.16049554365709237,0.03630148142605207]
[0.3282780643104956, 0.1811945948955916, 0.17333020161672577, -0.9498810453226734, -0.24697818532326227, -0.185243019415696,0.049120255179406144]
[0.31823666669725215, 0.20709982740085536, 0.2165526526926615, -0.9347654547968014, -0.28005241967106037, -0.20910149926634974,0.06372401242450425]
[0.3015912425465699, 0.22909391818395725, 0.26015372624874644, -0.9177700499695979, -0.31222705526591027, -0.23196233989545878,0.08003670538574206]
[0.27910497832067205, 0.246031585622545, 0.303348928488974, -0.8989485701727009, -0.3433900987595784, -0.25372358527003774,0.09797474437864973]
[0.25177279189365137, 0.25695332778350277, 0.3453509235169274, -0.878362364416261, -0.37343048172658927, -0.27429041979024776,0.1174478510055126]
[0.22077937778610607, 0.261130137219448, 0.38538472233935395, -0.8560806673409588, -0.402238532968892, -0.29357550793961423,0.13835994629259607]
[0.1991312082469185, 0.26375020305922126, 0.4284834645745846, -0.8333169036343927, -0.4186284458043797, -0.32591397706224673,0.1552843908320072]
[0.17605772103615863, 0.26016014158420475, 0.470332034904984, -0.8099554460703909, -0.4312280099451442, -0.35683800382198994,0.17516054877740728]
[0.1527216346841708, 0.2501593344394343, 0.5103798063372643, -0.7862698333923708, -0.43999900211694803, -0.38594053117572763,0.19806699278027357]
[0.13031696851514873, 0.23376653865297, 0.5480804029681262, -0.7625240112831574, -0.4449458046843759, -0.41278467377983546,0.22402940923658157]
[0.11002983038927612, 0.21122749948601638, 0.5828974121084246, -0.7389683997600729, -0.44611420411670166, -0.4369114775702002,0.25301419289989235]
[0.11940712632775341, 0.21779017399791217, 0.6123462497278278, -0.7307882548630185, -0.42128391174674235, -0.4689489412536099,0.26183063754027275]
[0.12592275492850094, 0.22458999263741808, 0.6423050586770052, -0.7189356680840275, -0.39839235529091394, -0.49982570623641664,0.27311041684197807]
[0.12943092423993555, 0.23162591095803342, 0.672449664067437, -0.7036195725222472, -0.37767434570462644, -0.5291993959838371,0.28675701395176884]
[0.12983002744543645, 0.23888167352004208, 0.7024362101456811, -0.6850737349212137, -0.35934317392232196, -0.5567396770277914,0.3026340911059453]
[0.12706548882306282, 0.2463266009929152, 0.7319073958995106, -0.6635546873432333, -0.3435886850931863, -0.5821329800795028,0.3205669756611198]
[0.12113178593012296, 0.2539168715414028, 0.7604990872368858, -0.6393394806385416, -0.3305755558719292, -0.6050870321404321,0.3403446986399068]
[0.11207357502124507, 0.261597245720895, 0.7878471725710464, -0.612723279118455, -0.3204417894063343, -0.6253351350273049,0.36172256181883006]
[0.09998586551021721, 0.26930317017937905, 0.8135945225395214, -0.5840168171196801, -0.31329744079249955, -0.6426401287637467,0.3844252018491814]
[0.08501321006045455, 0.2769631835878098, 0.837397911343448, -0.5535437392467927, -0.3092235837920692, -0.6567979822066649,0.40815011274863305]
[0.06734789913905793, 0.2845015387666646, 0.8589347569005312, -0.5216378469927503, -0.30827152754027715, -0.6676409580216297,0.4325715814344643]
[0.04722717204470085, 0.29184094824160045, 0.8779095396832955, -0.4886402751558872, -0.31046228983698415, -0.6750403046378618,0.4573449848846913]
[0.024929479931085463, 0.29890535666280066, 0.8940597657250577, -0.4548966219904896, -0.3157863314233624, -0.6789084340286076,0.4821113921000419]
[0.005836575416238929, 0.3165784015208494, 0.8977968377633361, -0.42929511233302486, -0.3295507971252523, -0.6783604713534651,0.49691956043829805]
[-0.014575606127443075, 0.33437340714322084, 0.8983565559051514, -0.4039969726030041, -0.34628179768336037, -0.6746647058262176,0.511569054413196]
[-0.03601641704724129, 0.3520839211817581, 0.8956210134743833, -0.37928413587149723, -0.3657987357522666, -0.667717243025265,0.5258217498021498]
[-0.05817616864245154, 0.36948881039448156, 0.8895176543515626, -0.3554242727172808, -0.3878929405467844, -0.657444463780946,0.5394250921871782]
