[0.20712021884303877, -7.265459122048647e-05, -0.05998652905277578, 0.9999999827647212, -0.00018508871746295943, 1.4117381386752509e-05,3.6638429989218208e-06]
[0.27367951916180877, 0.0006982091473692174, -0.036123161741231535, -0.9972136597300983, 0.027475853038547996, -0.06932959606255368,0.0018443040181092556]
[0.3366045217176996, 0.0006315484618826352, -0.003935351947027738, -0.9889243437724459, 0.05404148423354329, -0.13803499728102578,0.00738239809957716]
[0.39482667927797344, -0.00010454295772814117, 0.035956156953415336, -0.9753032240367483, 0.07917520338641981, -0.20553016771788374,0.016500257879879247]
[0.4473914450236488, -0.001293850751247169, 0.08278060271336021, -0.9566309044571675, 0.10220545395074129, -0.27123680662881705,0.029016418627851006]
[0.493481705009442, -0.0026815250712783714, 0.1356373017716966, -0.9332904898737173, 0.12251240367739638, -0.3346088464764931,0.04468212524191785]
[0.5324369057874698, -0.003985159743286233, 0.1935192049862468, -0.9057581500475287, 0.13954314890771577, -0.3951421788517287,0.06318656271476183]
[0.5637672752107569, -0.004906993563756225, 0.2553391631806444, -0.8745913975048992, 0.1528252393442806, -0.4523835280361265,0.0841633957928166]
[0.5871627124854364, -0.005146713901531682, 0.3199580676902147, -0.8404153724326794, 0.16197818318927912, -0.5059382917914658,0.10719848342525647]
[0.6024961166246725, -0.004414317839840575, 0.3862139739809663, -0.8039074778989728, 0.1667226428069424, -0.5554771898516693,0.13183860932243735]
[0.6098211229971545, -0.002442485355914876, 0.45295129061883355, -0.7657807502425457, 0.16688708858967896, -0.6007415847256992,0.1576010488584407]
[0.6093644178119059, 0.0010020574968631728, 0.5190491222063216, -0.7267663815273814, 0.16241174207551506, -0.6415473663135931,0.1839837750827117]
[0.6015129923427875, 0.006108660839327798, 0.5834478930222825, -0.6875958326931593, 0.15334970702127032, -0.6777873209570454,0.21047609310646848]
[0.5867968750428314, 0.013014766479021524, 0.6451734464737388, -0.648982986897558, 0.1398652574186529, -0.7094319363097683,0.23656948287662008]
[0.5658680336733096, 0.021800138983785775, 0.7033579114662538, -0.6116067922570985, 0.12222932261980389, -0.7365286252072497,0.26176842553525304]
[0.5394762653617569, 0.032483535053434674, 0.7572567467855561, -0.5760948317373231, 0.10081228006090621, -0.7591993839052628,0.28560098829019603]
[0.5084429854696481, 0.04502192486348133, 0.8062615140550026, -0.5430082355813985, 0.07607423380167147, -0.7776369319975789,0.3076289470054117]
[0.47363388301552367, 0.05931226545122212, 0.8499080835915285, -0.5128283189270229, 0.04855302055956474, -0.7920994123759431,0.3274572344821721]
[0.4359314293682931, 0.07519571323434149, 0.8878801398273602, -0.48594528492802525, 0.018850242536530417, -0.8029037591361923,0.3447425154771401]
[0.39620820774997645, 0.0924640555277386, 0.9200080179111528, -0.46264928278880196, -0.012384323321582957, -0.8104178687692176,0.3592007066396629]
[0.35530197506326117, 0.11086804432101043, 0.9462630646051513, -0.44312405186824316, -0.04446954818626168, -0.8150517347507573,0.37061328041472263]
[0.3139932774605373, 0.13012723397317685, 0.9667478687756748, -0.4274433188289062, -0.07671058266498787, -0.8172477272580378,0.3788322161423186]
[0.2729863210209855, 0.1499408615590011, 0.9816828441397428, -0.4155700462593049, -0.10841685110934056, -0.8174702177539682,0.38378348861415906]
[0.2328936541906346, 0.16999926718963, 0.991389764578465, -0.4073585599553943, -0.1389199526216145, -0.8161947622214332,0.38546901369237746]
[0.1942250554927431, 0.18999533356658116, 0.9962729461270169, -0.4025595098552993, -0.16759101293113546, -0.813897066609532,0.38396700167355097]
[0.15738084532576535, 0.20963543007500546, 0.9967988364939719, -0.4008275482509553, -0.19385704308733245, -0.8110419633625403,0.3794307012796941]
[0.12264966170097974, 0.2286493765313914, 0.9934748104811315, -0.4017315401089084, -0.21721588375903036, -0.8080726286211012,0.3720855498375236]
[0.09021056386633594, 0.24679899382814244, 0.9868279769159006, -0.40476705582012623, -0.2372493473204212, -0.8054002657844251,0.3622247777183646]
[0.06013916201260482, 0.2638848806872577, 0.9773847797679225, -0.40937083806676156, -0.2536342130669966, -0.8033944726642022,0.3502035468052993]
[0.03241732222486081, 0.27975114415357794, 0.9656521242351968, -0.41493688320613925, -0.2661507828218386, -0.8023744965978918,0.3364317329976133]
[0.006945869288044346, 0.2942879121667601, 0.952100680072726, -0.4208337349190994, -0.274688763629716, -0.8026015648609798,0.3213654909481197]
[-0.01644038939129612, 0.30743156481885825, 0.9371509126101955, -0.4264225549362106, -0.27925030977146564, -0.8042724568475641,0.3054977647882199]
[-0.03795606411270548, 0.3191627316433437, 0.9211622709343484, -0.4310755132941307, -0.27995012638839206, -0.8075144601760449,0.2893479310102568]
