[0.2070670808324552, -7.549599592439176e-05, -0.05999839126765605, 0.9999999785900426, -0.00019930067914871878, -5.5549472470313794e-05,3.6619860734496644e-06]
[0.2859533206107309, 9.669968131449446e-05, -0.024067444817877592, 0.9982335228594715, 0.009282311445458902, 0.058673485264624126,0.0010462603407940792]
[0.34326232653920136, 0.018540786427022737, 0.010586134334267305, 0.9940825182852708, 0.036589122362553704, 0.10226828936352723,0.0015427102807906764]
[0.39465872066764324, 0.04139046611073088, 0.0528190828294067, 0.9873042882371099, 0.06281276349653384, 0.14588432482710062,0.0016009185749475893]
[0.4390304544468208, 0.0677130827296094, 0.1019783768551433, 0.9779717569999716, 0.0874443435163739, 0.18953514852134426,0.0010755335285879812]
[0.47545560554896615, 0.09641262090855764, 0.1573105575115415, -0.9661857810222856, -0.11000135226145037, -0.23320524571398274,0.00022895958077492827]
[0.5032268023513867, 0.12626314299302327, 0.21796972675235143, -0.952073095350519, -0.13003535106728145, -0.2768413240013843,0.0025514520671939944]
[0.5218709583764825, 0.15594589724924326, 0.2830255973918947, -0.93578375121433, -0.14713912869946993, -0.3203448628154229,0.006165763258995119]
[0.53116403316255, 0.18408962638663054, 0.3514719607491642, -0.917488094454427, -0.16095321171398608, -0.3635661782101531,0.011370762287582901]
[0.5311404224491232, 0.20931357462775205, 0.42223601356314705, -0.8973733433593285, -0.171171628076295, -0.4063002222586017,0.01847933338685287]
[0.5220964645369359, 0.2302725875713081, 0.4941890180785018, -0.875639832303091, -0.17754683445082325, -0.4482842900286214,0.02780649158455481]
[0.5045874633761467, 0.24570352450343896, 0.5661587516897185, -0.8524969942127655, -0.17989373053629512, -0.48919775590206804,0.03965698163395543]
[0.4794176027778913, 0.25447197085462425, 0.6369441346006409, -0.8281591602210546, -0.17809269797053037, -0.5286639062241648,0.05431271055050429]
[0.4476221853450094, 0.2556179722913127, 0.7053323083816458, -0.8028412587778804, -0.17209161644105334, -0.5662538782821736,0.07202037270836381]
[0.4104417911975203, 0.24839924244870304, 0.7701182811692632, -0.776754498929873, -0.16190682548106425, -0.6014926578357294,0.09297962585726316]
[0.3692882216047084, 0.23233005950267477, 0.8301270656201926, -0.7501021233799746, -0.14762301675846184, -0.6338670303015883,0.11733216660673208]
[0.325702465473, 0.20721390006466767, 0.8842380251597319, -0.7230753162874839, -0.12939205822571617, -0.6628353256692383,0.14515203508329927]
[0.2813053842105504, 0.17316779734120694, 0.9314109259438951, -0.6958493485656654, -0.10743076803397224, -0.6878387456823147,0.17643745100899128]
[0.2731366357253801, 0.20734295719881934, 0.9368296638777035, -0.6882361091961315, -0.11882982043291009, -0.6825787706743405,0.21516680412916683]
[0.2603785114399106, 0.24192099888665558, 0.9419308786217901, -0.6799120630774266, -0.130439593055685, -0.6753132372482723,0.2542776644586071]
[0.24283769128170407, 0.2762678959751928, 0.9466933140028899, -0.6708646806741708, -0.14222590236754964, -0.6659265404769601,0.2936906801518684]
[0.2204092719246344, 0.3097103402363911, 0.951095305618053, -0.6610831515678691, -0.15415352525298678, -0.654302734942626,0.3333071982597599]
[0.19308343625005742, 0.34154815302864616, 0.9551148797119048, -0.6505584483588193, -0.1661862857163004, -0.6403283381636282,0.3730086367008042]
[0.16095036794977946, 0.37106775875580844, 0.9587298571557828, -0.6392833861275428, -0.17828714543665017, -0.6238952408471725,0.41265624246048066]
[0.12420324568912691, 0.39755647025488194, 0.9619179620119573, -0.6272526772336393, -0.19041829794677972, -0.604903672054511,0.45209124991007316]
[0.08313918722500183, 0.4203173101479554, 0.964656934135687, -0.614462981242126, -0.20254126619211396, -0.5832651657726629,0.4911354462554323]
[0.03815805392648909, 0.43868407160080464, 0.9669246452401589, -0.6009129497801903, -0.21461700321497695, -0.5589054746977254,0.5295921440791997]
[-0.010240930493570263, 0.45203630721946375, 0.9686992178246497, -0.5866032661408186, -0.22660599569744244, -0.531767377264587,0.5672475538457943]
