[0.20711027438278107, -9.510945905160501e-05, -0.06000018588886631, 0.9999999514660117, -0.00030992564823200547, -3.163357776716094e-05,3.658373716888851e-06]
[0.24146287663008353, -0.003919022256382048, -0.04721687520921139, 0.9992007825932626, 0.03574749376295787, 0.017326846240202802,0.004437696930565003]
[0.27413632761527895, -0.013888842541950839, -0.03141371671352436, 0.9967546011686902, 0.07085876077548803, 0.03389120268531374,0.017626328345717427]
[0.30480104487460813, -0.02984690508101194, -0.012629052067210628, 0.992587197467197, 0.1040978738592132, 0.04888958445174854,0.03929499477468541]
[0.33310829941702313, -0.05153080406849132, 0.009266811930360552, 0.9865777941408836, 0.13457646650888605, 0.06159092801534495,0.06899266885909001]
[0.358655503432288, -0.07855894435893757, 0.03454819630201739, 0.9785629932105933, 0.16146167879471032, 0.07132407587564822,0.1061012290221145]
[0.3809625466492353, -0.11040964871955264, 0.06359553306935298, 0.9683421640795713, 0.18399294032522556, 0.07749542732099957,0.14984828968162006]
[0.39946318798168495, -0.14639750664477785, 0.0968445959424297, 0.9556841414327036, 0.20149733582466506, 0.07960468845866212,0.19932320247527166]
[0.41351393522918634, -0.1856514747095171, 0.13472724211099338, 0.9403350695532434, 0.21340325256320988, 0.07725833410216208,0.25349587486880065]
[0.4224210000619992, -0.22709957487660465, 0.17760807931235847, 0.9220272009228375, 0.2192520428491264, 0.07018044931743682,0.31123799093055055]
[0.42548397122784043, -0.26946483658495435, 0.22572182247685596, 0.9004884326189425, 0.21870747401583077, 0.05822068167482296,0.37134616701187867]
[0.4220529891512046, -0.3112763935587248, 0.27911612914486117, 0.8754523445418063, 0.21156278202878953, 0.04135910501931379,0.4325665337592532]
[0.4115946069043137, -0.3508984319473311, 0.337604399387622, 0.8466684893409536, 0.19774519212213718, 0.019707870184161647,0.49362020623399444]
[0.3937603406439415, -0.38657809515958885, 0.40073241291284745, 0.8139126754030679, 0.1773178198070299, -0.006490404256581764,0.5532290865904363]
[0.36845126530126504, -0.416511623918138, 0.46776179284068975, 0.7769969816208797, 0.15047891717497364, -0.03686746923592448,0.6101414391352455]
[0.33587196946139686, -0.4389261152219503, 0.5376721898462045, 0.7357792459701922, 0.1175584816196864, -0.07093740031458502,0.6631566857352929]
[0.29656776372646637, -0.45217249984104835, 0.609182843860883, 0.6901717791337227, 0.0790122958793694, -0.10810748495490405,0.7111488902360662]
[0.2514402001165447, -0.4548238383644738, 0.6807928847945081, 0.6401490693512927, 0.03541351862645568, -0.14769178502768956,0.7530884332815786]
[0.2017376139309866, -0.44577197326000173, 0.7508384645069254, 0.5857542650457149, -0.012558007296471748, -0.18892705253402337,0.7880614228943725]
[0.14901940648419096, -0.424315066044926, 0.8175636538451452, 0.5271042471527216, -0.06412851742730688, -0.2309906190964435,0.8152864403236327]
[0.09509497642998159, -0.39022866495122627, 0.8792010683067015, 0.4643931329409667, -0.1184449072682609, -0.2730198314005981,0.8341282837078936]
[0.04194038973308868, -0.3438137058507306, 0.9340574690479995, 0.39789408681430727, -0.1745908460379069, -0.31413256661795136,0.8441084425285623]
[-0.008402137389846978, -0.28591620762540504, 0.9805991713646742, 0.32795935042666746, -0.23160410637743678, -0.35344833483708576,0.8449121119842696]
[-0.05393525819873826, -0.21791528851328315, 1.017532009602576, 0.2550184436218184, -0.2884947707819219, -0.3901094603342711,0.8363916364968602]
[-0.09282024321879312, -0.14167836136043743, 1.0438708632589127, 0.17957452839382865, -0.3442639592884659, -0.42330183050002745,0.8185663536833712]
[-0.12348521302635679, -0.059484787043374864, 1.0589943291796113, 0.10219896936929493, -0.3979227137958211, -0.4522747104931462,0.7916188923677631]
[-0.14471981554113972, 0.026078320022964722, 1.062680993370883, 0.02352416534228528, -0.4485106724764737, -0.4763591430094763,0.7558880586376054]
[-0.15574917277531294, 0.1122422328022374, 1.0551248581935195, -0.055765233749287164, -0.495114173088464, -0.49498448543375384,0.7118585206989492]
[-0.15628138514280054, 0.19619698392448046, 1.0369287463799377, -0.1349425722076337, -0.536883436470305, -0.5076926803159437,0.6601475745645341]
[-0.1465248255160868, 0.2752369919604583, 1.0090758513671947, -0.21325070919724334, -0.5730485008351849, -0.5141499085476091,0.601489336778222]
[-0.1271737217276364, 0.34690236689295834, 0.9728809472958159, -0.28991459622490695, -0.6029336032599764, -0.5141553365431488,0.5367167659575138]
