[0.20710880701688644, -8.452681380677495e-05, -0.060006948716003344, 0.9999999556220881, -0.00029736170433870975, -1.784388651608742e-05,3.6653166114575283e-06]
[0.2515648674782286, -0.014512406130024172, -0.04269361630781554, -0.9978114872224929, 0.05909711285931357, -0.029499087933036974,0.003093708074386233]
[0.29333253090875394, -0.029279523466187556, -0.02063051376615674, -0.9913189771933903, 0.11672766218557468, -0.05924466446610796,0.01230479862652837]
[0.33241333120880723, -0.04410910312297259, 0.006008418742719096, -0.9806378110052647, 0.17204268709547094, -0.08943383852328453,0.02742965495160345]
[0.36880273320439616, -0.0587742182588821, 0.037152300670037025, -0.965957312726744, 0.22393601596509374, -0.12025668885643229,0.04813999925941093]
[0.4024384314387261, -0.07308577323225002, 0.07281499261695923, -0.9475367033096344, 0.2713607796385097, -0.15186686097431049,0.07398634801704881]
[0.43315873677624833, -0.08687091233883942, 0.11306381642211688, -0.9256995679018377, 0.31334750164803776, -0.18437101873940426,0.10440776142738795]
[0.46067538631845306, -0.09994493478904491, 0.15797790229965408, -0.900826951836608, 0.34902080468052604, -0.21781960510323545,0.13874401024042307]
[0.4845637686061715, -0.1120806046652468, 0.20759957880742178, -0.873349234677264, 0.3776144366011555, -0.25219917864634295,0.176249896025897]
[0.5042719484601735, -0.12297916857025176, 0.2618828112226911, -0.8437369582450525, 0.39848435062765036, -0.28742655437242104,0.21611141440896764]
[0.5191481423770985, -0.13224738750175352, 0.32064300450916106, -0.8124908073563738, 0.4111196104289692, -0.3233449333455801,0.2574634109186453]
[0.5284845851283163, -0.13938444691983487, 0.3835124953851523, -0.7801309605547566, 0.41515093131014513, -0.3597221572682972,0.29940834688845075]
[0.531574188186879, -0.14378176358447903, 0.4499057611523138, -0.7471860420423541, 0.4103567124656132, -0.3962511720966275,0.34103576897965526]
[0.527775153595723, -0.1447375302674002, 0.518997788462171, -0.7141819149923401, 0.3966664616989798, -0.43255273048281573,0.38144206088598404]
[0.516577880118323, -0.14148643187920373, 0.5897182099745932, -0.681630560258222, 0.374161562131127, -0.4681803074834258,0.41975004994684906]
[0.4976681546120305, -0.13324345345037286, 0.6607627847612, -0.6500192830977124, 0.3430733793330975, -0.5026271488604795,0.4551280448648386]
[0.47098079241428864, -0.11925921814155094, 0.7306226366708191, -0.6198004839165758, 0.30377875609428723, -0.535335317718752,0.4868078934092476]
[0.4367385645385604, -0.09888297838399247, 0.7976304501377827, -0.5913822173408885, 0.25679298974391174, -0.5657065544180443,0.5141016706059437]
[0.3954723725063344, -0.07162835971715255, 0.860021635605953, -0.5651197473809701, 0.20276043268109953, -0.5931147178688599,0.5364166379843054]
[0.34802011153327594, -0.03723632620498245, 0.9160073962053592, -0.5413082853960962, 0.14244289967326434, -0.6169195345705316,0.5532681523090679]
[0.2955033770650817, 0.004270332433654753, 0.9638557264941137, -0.5201770724410001, 0.0767061047476118, -0.6364813460772542,0.5642902470332498]
[0.2392829757901024, 0.05254636827527023, 1.0019757146872135, -0.5018849388950214, 0.00650438539331013, -0.6511765168395248,0.5692436604809409]
[0.1808959496016609, 0.10690186921332442, 1.0290001482416018, -0.48651744264068186, -0.06713599833472293, -0.660413143271135,0.568021140388904]
[0.12197836342516627, 0.16630181973061658, 1.0438613669337269, -0.4740856531323461, -0.14313467791300752, -0.6636466919689723,0.560649913681842]
[0.06417931601870847, 0.2293892002872292, 1.0458555752882392, -0.4645266131896651, -0.22037577344900072, -0.6603951906145664,0.5472912719278876]
[0.009072405073030754, 0.29453161401856515, 1.0346914040882909, -0.45770547401225664, -0.29772693160879077, -0.65025359937059,0.5282372854689664]
[-0.04192885140566554, 0.35988957389384546, 1.0105193652323001, -0.4534192625091009, -0.3740584567462311, -0.6329070035141062,0.5039047213761014]
[-0.08764539029194225, 0.4235028071957294, 0.9739399238073725, -0.4514022043399893, -0.4482621887469952, -0.608142289386948,0.4748263007837223]
