[0.20713196403828657, -8.282683490706985e-05, -0.05998819033277089, 0.9999999844669335, -0.0001757818263630484, -1.2383980329360097e-05,3.676904160437843e-06]
[0.2607455063997313, -0.005860724800688702, -0.03442699365824456, 0.9978815573359718, -0.03587276368351186, 0.05427171644279925,0.00035092562639343834]
[0.3106114529663305, -0.015490727092712535, -0.001549229248329037, 0.9915342291452891, -0.07137979496337515, 0.10845735952012284,0.0013410705302276751]
[0.35563870446129725, -0.028523034716389378, 0.03815195816271261, 0.9809490172157419, -0.1065012364234148, 0.16244348796370048,0.002936917081168502]
[0.394840661326647, -0.04438622602914233, 0.08408667405532436, 0.9661132066728951, -0.14103101963275536, 0.21612437052328368,0.005077387071689195]
[0.4273523716007709, -0.062402463359973265, 0.13557662360693074, 0.9470134989035258, -0.17474808237745906, 0.26938741224229823,0.007678718988287622]
[0.45244526585423905, -0.08180470122849487, 0.19186365584664486, 0.9236402589016462, -0.2074125405693506, 0.3221111347241384,0.010636119470729509]
[0.4695394402635099, -0.10175560098934974, 0.25211847364723594, 0.8959927091769692, -0.23876280607397557, 0.37416337840984637,0.013825837924943093]
[0.4782134589216293, -0.12136787676812716, 0.3154495301156877, 0.8640848819826183, -0.2685138305412698, 0.4253997749911039,0.017107629136070474]
[0.47821164162191654, -0.13972581083176275, 0.38091217423712087, 0.8279521110888443, -0.29635662018660464, 0.47566253335260233,0.02032756206935498]
[0.46944878752512265, -0.15590767955232243, 0.44751814126515566, 0.7876578200859107, -0.32195912648604963, 0.5247795769301387,0.02332112704986967]
[0.4520122631889575, -0.16900882160828806, 0.5142455042824657, 0.7433003469772489, -0.34496857400936576, 0.5725640641724818,0.025916588273469817]
[0.4261613608266013, -0.17816505716295025, 0.5800492111186445, 0.6950195351732508, -0.36501524031605076, 0.6188143170045555,0.027938524205125506]
[0.392323814958252, -0.18257613110457774, 0.6438723246100211, 0.6430028192662295, -0.3817176552588529, 0.6633141749147444,0.029211494938400438]
[0.35108935816535614, -0.18152880715176595, 0.7046580639203586, 0.58749054029729, -0.39468913949419665, 0.7058337846461278,0.029563773078772504]
[0.3669464510711244, -0.1428499260965648, 0.7245133065837245, 0.5936229835219873, -0.3524902839034538, 0.723431432831371,0.0030520779260910435]
[0.3784936380863845, -0.10209745444376855, 0.7435801926422075, -0.5973477963601991, 0.309799793944283, -0.7392845031075425,0.02565387535497565]
[0.38545545616224836, -0.0598377921107341, 0.7617801717684686, -0.5986796468661001, 0.2667990716728692, -0.7531445130248907,0.05634073378362652]
[0.38764491079111874, -0.01667479007110706, 0.7790443015445476, -0.5976462192356058, 0.223667566802651, -0.7647953872447302,0.08876841692376505]
[0.38496813989312956, 0.02676592148857661, 0.7953139115947099, -0.5942879392502282, 0.1805817935966261, -0.7740561321199836,0.12267503988421471]
[0.3774261058126561, 0.06985300752968204, 0.8105411365044627, -0.5886576255095316, 0.13771437487150057, -0.7807827918346821,0.15778207394400512]
[0.3651133412722403, 0.11196532766536768, 0.8246893114658189, -0.5808200690514296, 0.09523311880090818, -0.784869669758299,0.19379964386975507]
[0.3482138870419303, 0.15250711015316468, 0.837733226332624, -0.5708515443971032, 0.05330013396882083, -0.7862498124258355,0.23043186072825714]
[0.326994661339731, 0.1909218977520141, 0.8496592355648624, -0.5588392554738236, 0.012070987854336891, -0.7848947671118096,0.26738209056363776]
[0.30179658963875117, 0.22670482938650582, 0.8604652233645292, -0.5448807202617753, -0.028306086372902103, -0.7808136370867765,0.3043580626508502]
[0.27302389538935, 0.25941290318877114, 0.870160425134876, -0.5290830983776741, -0.06769093019929269, -0.7740514711003429,0.34107672607088013]
[0.24113200477484803, 0.288672959171315, 0.8787651082063584, -0.5115624661462587, -0.10595214306807059, -0.7646870352107092,0.37726876996419545]
[0.2066145505244985, 0.31418721917816567, 0.8863101165436498, -0.4924430440184773, -0.14296770483143734, -0.7528300255814875,0.4126827308672175]
[0.169989970473625, 0.33573632338588877, 0.8928362858561424, -0.4718563814705659, -0.178625533958736, -0.7386177901170103,0.44708861985754506]
[0.13178818639637685, 0.35317990206293337, 0.8983937371579793, -0.44994050475946573, -0.21282397853303645, -0.7222116346568136,0.4802810126420785]
[0.09253781894349605, 0.36645481438469407, 0.9030410583423047, -0.426839033115773, -0.24547223751329464, -0.703792795774239,0.5120815570153735]
[0.05275434740501891, 0.3755712691141412, 0.9068443847290045, -0.40270026912438706, -0.2764907101983145, -0.6835581669275047,0.5423408640770929]
[0.012929561282142753, 0.38060711174907497, 0.9098763907981692, -0.37767626917428, -0.3058112722989966, -0.6617158677284045,0.5709397620011336]
[-0.02647742237062023, 0.3817006168668415, 0.9122152064171476, -0.35192189995161643, -0.33337747750375557, -0.638480747389247,0.5977899037629745]
[-0.06504738247431373, 0.3790421612157575, 0.9139432717936399, -0.3255938870043284, -0.3591446839053617, -0.614069912979177,0.6228337328225543]
