[0.20714185092175608, -9.600598939616551e-05, -0.059996604750673935, 0.9999999428530725, -0.00033786559256249253, 1.1281568946511566e-05,3.6632850443021545e-06]
[0.23649675367776976, -0.005549005230579874, -0.04855072707439961, 0.999730926031758, 0.01792972434951666, 0.014208823825283065,0.003835341697473742]
[0.2642725367796788, -0.016927053953565335, -0.03469090149563428, 0.9988651659531801, 0.03544160485315687, 0.027922014562395098,0.01525234387025304]
[0.2900897150231681, -0.03406927360844021, -0.018444760757400674, 0.9972646018460353, 0.051462984445498114, 0.040678032941392724,0.034061309030194956]
[0.313561724798093, -0.05672110832501889, 0.00030328774714818985, 0.9947041058474364, 0.06529880432773476, 0.052024646572470065,0.05994367450056972]
[0.3342715863033404, -0.08452200458253406, 0.021795447920113536, 0.9908785087863986, 0.0763123764192256, 0.06153995891112026,0.09246099441230085]
[0.3517569960195265, -0.116987166101959, 0.04637259418796136, 0.9854121820855023, 0.0839426072165726, 0.06884152730700561,0.1310622531822644]
[0.36550692716465705, -0.15348647658046888, 0.0744368390474209, 0.9778709321804648, 0.08771938909629987, 0.07359466199686811,0.17509304526064914]
[0.37497159674586883, -0.1932244122324464, 0.10640706521006776, 0.967775904506916, 0.08727678417496526, 0.0755197328940157,0.22380646001291882]
[0.3795862230809202, -0.23522510072471536, 0.1426703507634338, 0.954619142062254, 0.08236367823377065, 0.07439833110175179,0.2763754809048818]
[0.3788074795545113, -0.2783265790058739, 0.18353250986393335, 0.9378804000799915, 0.07285164228047661, 0.07007815526848216,0.33190668194087247]
[0.3721600900375624, -0.3211877561067486, 0.22917106921621308, 0.9170447845132007, 0.05873980564303675, 0.06247651874794792,0.3894549820393793]
[0.35928974642694783, -0.36231063575697775, 0.2795938953611493, 0.8916207586427586, 0.04015661550246324, 0.05158240151588829,0.44803920011819615]
[0.34001758102609303, -0.4000790734551761, 0.33460638509024504, 0.8611580497870504, 0.017358431801654504, 0.03745700036828443,0.5066581404218847]
[0.3143908912413451, -0.4328138413472987, 0.3937896484294857, 0.8252649871124071, -0.009275018234633694, 0.020232761497933776,0.5643069292905007]
[0.2827247513253596, -0.4588421827582421, 0.45649147868482737, 0.7836248119776427, -0.03924822694312911, 0.00011091050670881338,0.6199933212815157]
[0.2456295747780498, -0.4765784990579083, 0.5218311542498753, 0.7360105238700783, -0.07196036288682722, -0.022642474356860866,0.6727536943642068]
[0.20402058760558128, -0.48461146664742577, 0.5887182964277523, 0.6822978573164991, -0.10671835727001787, -0.04770177005489578,0.7216684607605721]
[0.15910647154734794, -0.4817918600326534, 0.6558851649385808, 0.6224760274376444, -0.14275231710972616, -0.07468839358270662,0.7658766317686473]
[0.11235603588067987, -0.4673147624245244, 0.7219309580712798, 0.5566559330783406, -0.17923290634206201, -0.10317853318816034,0.8045892913418621]
[0.06544354674245888, -0.4407897481855422, 0.7853759461112004, 0.48507556549175845, -0.21529028863105046, -0.13271187152396016,0.83710175399447]
[0.02017513705467794, -0.402293051053485, 0.8447226488965505, 0.40810243600315377, -0.2500341877775033, -0.16280112539970465,0.8628042073607001]
[-0.021599613804188303, -0.3523966736614921, 0.8985208083165118, 0.3262329063891092, -0.28257459419642006, -0.1929422093819442,0.8811906679842098]
[-0.058085447412745184, -0.292170789029173, 0.9454326322695187, 0.24008837922773324, -0.312042629597948, -0.22262481687954563,0.891866110121215]
[-0.0876420592806472, -0.2231575354975303, 0.9842947152055531, 0.15040838046908728, -0.33761107716288463, -0.25134320283139416,0.8945516609184961]
[-0.10888060582993767, -0.14731628311108774, 1.0141731771513658, 0.058040641170329754, -0.35851409127268896, -0.2786069468867262,0.889087790647196]
[-0.12074912562150214, -0.06694250013143518, 1.0344089011159872, -0.03607164203314185, -0.3740656190864008, -0.3039514751539905,0.8754354630755222]
[-0.1226004980660608, 0.01543568780617989, 1.0446502692213988, -0.13090511931586124, -0.38367609553337323, -0.3269481222242994,0.8536752478707409]
[-0.11423766109194305, 0.0971774336605775, 1.0448714712828064, -0.22537386110446658, -0.3868670129319478, -0.3472135231949619,0.8240044334507666]
[-0.09593234387878709, 0.17565845273602654, 1.0353752473339253, -0.3183488243159066, -0.3832830155266023, -0.36441813768548154,0.7867322142834625]
[-0.06841542625900415, 0.24840166841125388, 1.0167797824426208, -0.4086787949841472, -0.3727012266136465, -0.37829372412695783,0.7422730606031357]
[-0.032839069698614845, 0.3132009662922036, 0.9899903486586118, -0.49521235218430676, -0.3550375802565271, -0.3886396026103855,0.6911384102569603]
