[0.20717956268434787, -7.147847638990312e-05, -0.05996620595079921, 0.9999999823824427, -0.00017606780776379522, 6.497453552233037e-05,3.681241277102827e-06]
[0.2919382642722359, 0.013269857679340951, -0.031287619164558134, 0.9945902508357558, 0.07135288361434564, 0.07545460452844859,0.0023667694948607695]
[0.37078636953188976, 0.03290815958225562, 0.009440696599447268, 0.9784545917377849, 0.1413633780000569, 0.1501824842480626,0.009393012974466689]
[0.44171385079140674, 0.058014026697621825, 0.06134190936308717, 0.9519179131610571, 0.2083670011687023, 0.22359484397001422,0.02099583713704677]
[0.5029407282404879, 0.08750874197111523, 0.12330470968416316, 0.9155145211758198, 0.2709364593567709, 0.2950512114425536,0.03703213649937081]
[0.5529694430216608, 0.12010559325590558, 0.19400842113410993, 0.8699773626347067, 0.3277346060934616, 0.3639308782536589,0.05730385960338573]
[0.5906278082736722, 0.1543588774835815, 0.2719526540966016, 0.8162232684889942, 0.3775416560070112, 0.4296391593723574,0.08156020285924677]
[0.6151011582317449, 0.18871876857562778, 0.3554907990701267, 0.7553344943667445, 0.4192800383289794, 0.49161338044812813,0.1095003892365149]
[0.6259527005831556, 0.22159002286557095, 0.44286656860809837, 0.6885369295524622, 0.45203639040055194, 0.5493285303724355,0.14077700137085056]
[0.6231314954567169, 0.25139236462929876, 0.5322527297850952, 0.6171754124234948, 0.4750802490746093, 0.6023025201956335,0.17499983258587717]
[0.6069679200804592, 0.2766203437104884, 0.6217911232296481, 0.5426866484714385, 0.4878790643833069, 0.650100993711433,0.2117402136645608]
[0.5781569151059294, 0.2959004885830592, 0.7096330413398626, 0.46657027509821636, 0.49010923385707306, 0.6923416398235591,0.2505357680037583]
[0.5377297307744188, 0.30804368977557633, 0.7939790377357606, 0.39035865446064916, 0.4816629359390996, 0.72869796214265,0.2908955431067101]
[0.4870152830865958, 0.3120909356033307, 0.8731172621407034, 0.31558600100159534, 0.4626506254197679, 0.7589024670674293,0.33230546226249175]
[0.4275925778104174, 0.30735077697828983, 0.9454594589723821, 0.2437574634453747, 0.4333991410097628, 0.7827492378192871,0.3742340367737845]
[0.36123595121626284, 0.29342721053743287, 1.009573832643943, 0.17631878169351584, 0.39444546331686026, 0.8000958684556898,0.4161382762628278]
[0.3358051034287401, 0.31708880925720356, 1.0150851689140905, 0.17222316797452938, 0.40264447122071273, 0.8134420961117403,0.38279049946615457]
[0.3094436131198677, 0.3372883372368822, 1.020594215748045, 0.16937480937773722, 0.4092656542736709, 0.8253940316667928,0.35005498235139726]
[0.28254677311016735, 0.35402060183538997, 1.026162809204226, 0.16782246587939528, 0.4142883181701952, 0.8361597019861324,0.3178643769728418]
[0.25549302382378103, 0.3673187946928781, 1.0318405857645925, 0.16760819160196458, 0.4176987194608994, 0.8459147353930118,0.28611804262159884]
[0.2286421167882604, 0.3772504786398222, 1.0376633543677736, 0.168767071309989, 0.41949003382799105, 0.8547979210601101,0.25468863600827246]
[0.20233400264702403, 0.3839140561895685, 1.0436517513435353, 0.17132698972938207, 0.4196622920475115, 0.8629078731269915,0.2234292409671344]
[0.1768882223836973, 0.3874358196664427, 1.0498102072163842, 0.17530843499973822, 0.4182222842626305, 0.8703008604679077,0.1921808674996287]
[0.15260357265804725, 0.38796762048347455, 1.0561262485539809, 0.1807243374093905, 0.4151834333431604, 0.8769898380010547,0.16078014363784637]
[0.13961465551208202, 0.4061830056496752, 1.0454214073597754, 0.20453307856742645, 0.427046962272561, 0.8733269282889567,0.11444294696871644]
[0.12533514102300228, 0.4224859504073382, 1.0347717494973427, 0.2288740077812508, 0.43626790988407427, 0.8674024663018873,0.06999972014896123]
[0.10995572076597719, 0.43679277727336746, 1.0243021392949803, 0.2535945603753792, 0.4427963999530235, 0.8595737853453274,0.027460056150081565]
[0.09366543377600978, 0.44904348932583893, 1.014128851258014, -0.27854037674907767, -0.44659512027538084, -0.8501724516201937,0.013223447841227557]
[0.0766490561716539, 0.4591996549317325, 1.004358017789411, -0.3035561452375599, -0.44763946134671156, -0.8394957255499012,0.0521488841413202]
[0.059085088577684505, 0.46724204627107213, 0.9950842267067964, -0.32848644870079496, -0.44591759103067047, -0.827799198593607,0.08945748619945769]
[0.04114435112260288, 0.47316816732259426, 0.9863892882677211, -0.35317661032720227, -0.44143046505245687, -0.815290783446729,0.12532503687682797]
[0.022989167434698463, 0.47698980327538576, 0.9783411891558348, -0.37747353415182827, -0.43419177348520765, -0.8021262034353467,0.15995245735872846]
[0.004773092276468258, 0.4787307139350626, 0.9709932483664021, -0.40122653582475015, -0.4242278237280477, -0.7884060912575179,0.19355582087108014]
[-0.013358886639393289, 0.4784245790387407, 0.9643834871935982, -0.42428815922518404, -0.4115773608016842, -0.7741747687986915,0.22635605000158054]
[-0.03126976250535354, 0.47611328413385656, 0.9585342226009376, -0.44651497459973144, -0.39629132610929296, -0.7594207394064968,0.25856856511963966]
[-0.04882964462886717, 0.47184561265835356, 0.9534518901893955, -0.4677683540088919, -0.3784325561253654, -0.7440788826592355,0.29039315390142734]
[-0.0659147312625971, 0.4656763840911077, 0.9491270998070706, -0.48791521999378956, -0.35807542278147875, -0.7280343002402326,0.32200432818829067]
[-0.08240624118854968, 0.4576660506510164, 0.9455349236129581, -0.506828763524285, -0.33530541761406363, -0.7111277209846352,0.35354242437125116]
[-0.09818942410934038, 0.44788073721793586, 0.9426354131601922, -0.5243891274594488, -0.3102186820236339, -0.693162334432894,0.38510568737604833]
[-0.11315276288670037, 0.43639268216536975, 0.940374338845956, -0.5404840519407969, -0.28292148626612745, -0.6739118862102155,0.4167435564363455]
[-0.12718746798708602, 0.4232810118501519, 0.9386841419310921, -0.5550094783466916, -0.2535296600536477, -0.6531298361048549,0.4484513436350269]
