[0.2071156939828878, -8.652405558513399e-05, -0.05998295384327587, 0.9999999548172421, -0.00030040875464478134, -1.032853478179424e-05,3.662718929004896e-06]
[0.27639795540494894, -0.012980921606015137, -0.03518280931129633, -0.9948107744638445, 0.0738216385644746, -0.06998920321089687,0.0018439425712932533]
[0.34113006773516125, -0.03216451275783294, -0.001363877382617451, -0.9793990184017353, 0.1458213491958714, -0.13949626597777434,0.007381642816584653]
[0.39978964075154355, -0.05687724252466887, 0.04093093082175375, -0.9541005238329799, 0.2148141847499403, -0.20802250078954232,0.01654374858116733]
[0.45102651611641686, -0.0861357479727386, 0.09101896729073933, -0.9194665285375014, 0.2793807292646408, -0.27508874135254024,0.02922148859707844]
[0.49370282855432646, -0.11876644737295326, 0.14808966870257542, -0.8762515273917985, 0.338198620483122, -0.34022949872806996,0.04526413637859656]
[0.5269263492910833, -0.15344497741394977, 0.21121857960525137, -0.8253966538890659, 0.39007151678189933, -0.4029973094465009,0.06448057167150087]
[0.5500760639192912, -0.1887406732511846, 0.2793833228557787, -0.7680089554515994, 0.4339552769171805, -0.4629669036764988,0.08664126085227644]
[0.5628191924812157, -0.22316462162839312, 0.3514812279762912, -0.705337022392913, 0.46898077424462875, -0.5197391518819069,0.11148063612970852]
[0.5651191407320146, -0.25521970207333455, 0.42634829852980244, -0.6387435112078642, 0.4944728419218624, -0.5729447506381061,0.13869984934312218]
[0.5572341687751747, -0.283450969007389, 0.5027791760572177, -0.5696751716445441, 0.509964931644347, -0.6222476109163909,0.1679698723389997]
[0.539706866536038, -0.3064947204736482, 0.5795477409833084, -0.4996310422108906, 0.5152091637749873, -0.6673479151522714,0.1989349123795387]
[0.5133448246702014, -0.32312464716086003, 0.6554279805018997, -0.4301295191641707, 0.5101815491800243, -0.707984812761133,0.2312161078287009]
[0.4791931744759267, -0.33229355668818333, 0.7292147499686308, -0.36267502872528684, 0.4950822703941106, -0.7439387274184291,0.2644154665059773]
[0.4384999316938689, -0.3331693191193376, 0.799744057809128, -0.2987250407053952, 0.47033101951291856, -0.7750332533444844,0.29812000662445226]
[0.392675308073729, -0.3251638751188806, 0.865912514303238, -0.23965815374529953, 0.4365575000050364, -0.8011366219862579,0.3319060581628408]
[0.34324634374004437, -0.3079543812827894, 0.9266956016122561, -0.18674395813086783, 0.3945873069988753, -0.8221627248279898,0.3653436808819984]
[0.29180835655992515, -0.28149582995337186, 0.9811644457287341, -0.14111534220523753, 0.34542350314231296, -0.8380716825454976,0.398001154001531]
[0.2399747973580803, -0.24602476427669412, 1.0285008001803067, -0.10374385364608765, 0.2902243025682961, -0.8488699552996007,0.4294494918137168]
[0.18932713913370797, -0.20205400373290766, 1.0680099857321979, -0.07541865853927793, 0.23027736170324423, -0.854609993596274,0.4592669392374177]
[0.1413664134330893, -0.15035859089616627, 1.0991315693308346, -0.056729560787054954, 0.16697125070796479, -0.8553894337777439,0.4870434015068029]
[0.09746793859679033, -0.09195345681190592, 1.12144760835095, -0.04805445373684756, 0.1017647415733838, -0.8513498468028646,0.5123847628465303]
[0.058840665418947946, -0.0280635705281475, 1.1346883320180952, -0.0495514770309087, 0.036154596922730174, -0.8426750534802063,0.5349170500998657]
[0.026492400224786612, 0.03991242091280324, 1.1387351797911027, -0.06115604676644172, -0.028357423667651056, -0.8295890236877367,0.5542903988377056]
[0.0012019594347900389, 0.1104438502306252, 1.1336211655820632, -0.0825828184628939, -0.09029760624944166, -0.8123533813045142,0.5701827814687744]
[-0.016500929384258275, 0.18191361006661927, 1.1195285860239113, -0.11333253248185964, -0.14825263999931476, -0.7912645405500518,0.582303459274112]
[-0.026347428831233664, 0.25266616375145273, 1.096784139627267, -0.15270358288685076, -0.20090057160129568, -0.7666505031357226,0.5903961230780018]
[-0.028332823701374268, 0.321056429061946, 1.0658515706769607, -0.1998080456890303, -0.24703967043888764, -0.7388673490423334,0.5942416904143727]
[-0.022711197669881323, 0.3854979639205376, 1.0273219962195488, -0.25359180334323156, -0.28561456575475486, -0.7082954568142421,0.5936607305205177]
[-0.009981850507117808, 0.4445089219274477, 0.9819021156547807, -0.3128583114447648, -0.31573907838647136, -0.6753354919721289,0.5885154922534794]
