[0.2070512420691438, -9.119504624547446e-05, -0.060016182429271314, 0.999999962246184, -0.0002588446777044911, -9.21618775349537e-05,3.6403432928107554e-06]
[0.27347203089993344, 0.001748580829909816, -0.037732796789091444, -0.9986787150305751, 0.005148153661863426, -0.05106398547707149,0.0026057716613203386]
[0.3364938494082216, 0.008082126781891035, -0.007609664032868946, -0.9946859996592713, 0.009628961694495923, -0.10197640965321716,0.01038542501593454]
[0.39514858265120567, 0.018599363374771378, 0.029864963612267065, -0.9879565173556534, 0.013306963613798847, -0.1523999249261468,0.023218686792642152]
[0.44854896023760216, 0.032891552782560785, 0.07416990717241528, -0.9783844446542914, 0.01581090160742445, -0.2020891137228097,0.040913127032822905]
[0.4958845849508629, 0.05045911093212009, 0.12475465589547721, -0.9658277299775899, 0.0168033092784337, -0.250798312410776,0.06320325383661834]
[0.5364186464050095, 0.0707184136615181, 0.18103809334071613, -0.9501139417319022, 0.015990360797480434, -0.2982817029118909,0.08975428567047103]
[0.5694867613716061, 0.09300805316156494, 0.24240302780770784, -0.9310475070718804, 0.013130562256573095, -0.34429354123456873,0.12016690631876897]
[0.5944990700181163, 0.11659524603936319, 0.30818754258305636, -0.9084181415218344, 0.008042051443948697, -0.3885885506405694,0.15398293370906807]
[0.6109463072016129, 0.1406832555152776, 0.3776744533749363, -0.8820102356847204, 0.0006083072914189316, -0.4309225030631878,0.19069182065149132]
[0.6184100925225469, 0.16442075114991425, 0.4500803451430347, -0.851612937173795, -0.009217889645124978, -0.47105300765236346,0.22973789354474122]
[0.6165771790945351, 0.18691398186172442, 0.524545746723103, -0.817030644388717, -0.021412360099039317, -0.5087405200292034,0.27052822448898567]
[0.605256908029222, 0.2072424824471843, 0.6001279833489332, -0.7780936143881256, -0.03587935958750083, -0.5437495800897916,0.31244102316467603]
[0.5844006718909728, 0.2244787798447589, 0.6757981246339541, -0.7346683802734781, -0.052453360559403, -0.5758502801171093,0.35483442741850274]
[0.5541218308854101, 0.2377122307521396, 0.7504432251181256, -0.6866676744010707, -0.07090275147739714, -0.6048199586589978,0.3970555658510385]
[0.5147142795024939, 0.24607673172218647, 0.8228747481871803, -0.6340595624003015, -0.09093537186740781, -0.6304451092330636,0.4384497619068636]
[0.4666677500184113, 0.24878162663188735, 0.891843689191314, -0.5768755092274211, -0.11220575487564527, -0.6525234865531948,0.4783697470815366]
[0.438426511438413, 0.27778678139137075, 0.9118587948276379, -0.5475688967419757, -0.1392725765098011, -0.6653823509839233,0.4878911556404818]
[0.4082850071568507, 0.3029708794971534, 0.9306819223892964, -0.517829217120931, -0.16172748583550325, -0.6767402785939785,0.4977144940121753]
[0.37683691113460405, 0.3242778635029939, 0.9482379139178758, -0.48831643483038273, -0.1797468134826422, -0.6865748314659716,0.5077924214822962]
[0.3446551628457285, 0.34174988642592974, 0.9644609689958225, -0.459646782552324, -0.1935979148346242, -0.694867870159799,0.5180765635314606]
[0.312275265654795, 0.35551957612077245, 0.9792949350286423, -0.43238050243004533, -0.20363132105544235, -0.7016055990632053,0.528517709794779]
[0.2801805804241168, 0.3657994354574346, 0.9926935109223711, -0.40701085855743974, -0.21027127119740752, -0.7067785975347105,0.5390660141320636]
[0.24879010340888663, 0.3728688377654517, 1.0046203639055047, -0.3839546307750746, -0.2140048217806851, -0.7103818367663497,0.5496711960376504]
[0.21844911710672302, 0.37705915928420264, 1.0150491600419898, -0.363544270290865, -0.21536975703625152, -0.7124146823439321,0.5602827426162824]
[0.18942298885227785, 0.3787376513532679, 1.0239635097637036, -0.34602186473750335, -0.21494154543522073, -0.7128808825327523,0.5708501103519421]
[0.16189426900494394, 0.37829069267515575, 1.0313568305098482, -0.3315350246506852, -0.21331960577629644, -0.7117885423667434,0.5813229258998324]
[0.13596311329710328, 0.37610707496482265, 1.0372321292898776, -0.3201347656894923, -0.21111315864820612, -0.7091500836687382,0.5916511851379436]
[0.1116509271499265, 0.3725619633924762, 1.0416017086793479, -0.311775421947451, -0.20892694630244799, -0.7049821911786454,0.6017854497237195]
[0.08890700832524692, 0.3680021371002714, 1.044486800408219, -0.306316586166724, -0.20734710574254708, -0.6993057450147504,0.6116770404132547]
[0.06761785272859103, 0.36273305631657243, 1.045917131302932, -0.30352703332383724, -0.20692747614239093, -0.6921457397408604,0.6212782264151447]
[0.04761869066248206, 0.3570082236381924, 1.0459304268917973, -0.30309054565244886, -0.20817661263518816, -0.6835311903584458,0.630542410068511]
[0.028706740937263726, 0.3510212110851915, 1.0445718584732795, -0.30461352043567425, -0.21154576425520533, -0.6734950255881216,0.6394243061547801]
[0.010435306060704985, 0.3499061023572968, 1.0388843880639436, -0.3101902154189199, -0.21985027244312144, -0.669490112001772,0.6381464392260641]
[-0.007990924524856769, 0.3480300088711335, 1.0320995176808716, -0.31637097277764703, -0.23081867733174666, -0.6644830713916224,0.6364702613732277]
[-0.026614174620369965, 0.3453116442518628, 1.0242449476263185, -0.32269531297463144, -0.2446259399845543, -0.6584847003800667,0.6343688074269195]
[-0.045456400739259294, 0.3416468939300414, 1.0153539082286809, -0.3286741172722773, -0.26138028114893663, -0.6515080107978583,0.6318156258973107]
[-0.06451372316737762, 0.3369130443422773, 1.0054649920731946, -0.33379874978542934, -0.28111909299874827, -0.6435682072184522,0.6287848700874357]
[-0.08375168182747401, 0.33097416531412366, 0.9946219531623799, -0.337550729856872, -0.3038060706823728, -0.6346826591925315,0.6252513880911641]
[-0.10310154072603647, 0.3236874892268359, 0.9828734742208903, -0.3394117929501937, -0.329329635206033, -0.6248708682415555,0.6211908114295004]
