[0.20710755712558598, -7.3106655409922e-05, -0.06000508419494342, 0.9999999810569357, -0.00018808925832506355, -4.995157692754207e-05,3.660542982065798e-06]
[0.28232099359130053, 0.010415542029815698, -0.027208740378607182, -0.9962325821545296, 0.029755215107074733, -0.08127391787297347,0.005460741820279557]
[0.3511554640988699, 0.026138829858613898, 0.01814108754221569, -0.984972892830231, 0.05871518102195606, -0.16095754471402243,0.02176227715196456]
[0.4114426577385551, 0.04618903362943089, 0.07501229645287971, -0.9663388720328855, 0.08647003590069408, -0.23739453923324808,0.04853812966913143]
[0.46128369311125383, 0.06938641928629208, 0.14208708400390027, -0.9405255396266904, 0.11243780693109039, -0.30904972378712153,0.08519223620467965]
[0.49911207476567976, 0.09432842601660277, 0.21779341601611057, -0.9078027045837319, 0.13606023651397647, -0.3744928100119875,0.13090835282573957]
[0.523745050071126, 0.11944829439754023, 0.30034257765740713, -0.8685118230564498, 0.1568102265662184, -0.43242977998301546,0.18466794913913548]
[0.5344215731647218, 0.14308086330491399, 0.38777189534633955, -0.8230620239480932, 0.17419889825391177, -0.48173128425025585,0.2452725389361623]
[0.5308255717113752, 0.16353298166807564, 0.4779915916520759, -0.7719253495611644, 0.18778217987489487, -0.5214574348782077,0.3113699587894548]
[0.5130937481347393, 0.17915579997307987, 0.5688346363933465, -0.715631268292153, 0.19716684133873744, -0.5508784504064952,0.3814840198446176]
[0.48180770968460973, 0.18841612952995102, 0.6581083861049609, -0.6547605250423609, 0.20201590041210046, -0.5694907003129481,0.45404688423554707]
[0.43797079020089014, 0.1899640877970048, 0.7436467627520247, -0.5899384029244784, 0.20205333352650945, -0.5770277971164682,0.5274334579078744]
[0.3829704795482427, 0.1826943842815105, 0.823361711998237, -0.5218274768674757, 0.19706803239182027, -0.5734664925093075,0.5999970474630801]
[0.31852789389258496, 0.1657988384663421, 0.8952927016781733, -0.45111994577378145, 0.18691695681978404, -0.5590272474924712,0.6701055009021215]
[0.24663618214223476, 0.13880804977614514, 0.9576530718163815, -0.3785296348897603, 0.17152744392728514, -0.5341694629230503,0.736177041458437]
[0.16949015398228995, 0.10162054725005659, 1.0088721272558125, -0.3047837639529774, 0.15089864413987378, -0.4995814736253088,0.7967150103002759]
[0.17045858210363765, 0.1367523374342175, 1.0109450762247731, -0.34069141282667637, 0.12393517564803196, -0.492607587730407,0.7911429693637455]
[0.16841111951503804, 0.17133134006040845, 1.0113762936164687, -0.3733948515627662, 0.09553221986522543, -0.4868521299963195,0.7838525902949414]
[0.1635177926565582, 0.20502957787232684, 1.0103761004409457, -0.4027792275795115, 0.06603019995766991, -0.4824180746462168,0.775036584800124]
[0.15596830126270672, 0.2375632657554846, 1.008165351131341, -0.42876649713364046, 0.035777292918550606, -0.47938652522120495,0.7648972713270112]
[0.14596251961852455, 0.2686910060935174, 1.0049712040624976, -0.4513158985121532, 0.0051254117185508714, -0.47781600703719806,0.7536441821734656]
[0.13370224078281312, 0.2982101187828121, 1.001022835605282, -0.4704239841748209, -0.025573824072609292, -0.4777420125987894,0.7414916210136495]
[0.1193845024007656, 0.32595149154250325, 0.9965471726468307, -0.48612421497614383, -0.05597308074624937, -0.4791768025532219,0.7286561972154445]
[0.10319673317717709, 0.3517733926792154, 0.9917647176878628, -0.4984861249034972, -0.08573321838039999, -0.4821094620471607,0.7153543633398983]
[0.08531385119253196, 0.37555472137427004, 0.9868855385312656, -0.5076140699308379, -0.11452706802530724, -0.48650620965193725,0.7017999819520393]
[0.06589733434807665, 0.3971881789075692, 0.9821054912449408, -0.5136455795419036, -0.14204303391024556, -0.49231095337759656,0.6882019473374638]
[0.0450961746760275, 0.41657382823140754, 0.9776027405813411, -0.5167493341635994, -0.1679884789286782, -0.49944608572991805,0.6747618869184667]
[0.023049527177400907, 0.43361347030288094, 0.9735346364510784, -0.5171227961132877, -0.1920928546476269, -0.5078135073041534,0.6616719661076442]
[-0.00010922507249330748, 0.4482062059649418, 0.970034998481687, -0.5149895256515248, -0.2141105405283396, -0.5172958660796666,0.6491128190390079]
[-0.024247340569047142, 0.4602454752387407, 0.9672118532648284, -0.5105962172979689, -0.23382336089270747, -0.5277579974045983,0.6372516260923405]
[-0.049226928207378735, 0.4696177757050834, 0.9651456607399483, -0.5042094946719682, -0.2510427523725052, -0.539048547660906,0.6262403573936639]
[-0.07489893158887465, 0.4762031628073671, 0.9638880574255999, -0.4961125047259215, -0.2656115590814396, -0.5510017627973877,0.6162141995532651]
[-0.10109733424123243, 0.4798775323224018, 0.963461135046521, -0.4866013543206798, -0.2774054374949304, -0.563439421329155,0.6072901808145703]
