[0.20711529776300455, -0.0001011139922653356, -0.05999436691976878, 0.999999963492591, -0.0002700808958880015, 7.597095551373442e-06,3.6620571923315242e-06]
[0.530542047466044, 0.15050472044129845, 0.28534664500726514, -0.8870927921193155, -0.23139456023357088, -0.39939368521367885,0.002760412234874113]
[0.26751827965184716, 0.22231730635007613, 0.9830460531362901, -0.43724511114718995, -0.15301292128311103, -0.762016771424036,0.45247563334038093]
[-0.0032270577502213262, 0.16864939579765037, 1.0274472893895659, -0.24609400597709657, -0.2913719033362169, -0.6221599671325673,0.6837083658007836]
[-0.12902044313146854, 0.31521216323389745, 0.9237493437623758, -0.304547282628886, -0.514272548837698, -0.5061597030568417,0.6217532092050264]
[0.2070662314252851, -8.758365760485752e-05, -0.06001022772854625, 0.9999999726175405, -0.00022200818957569216, -7.391830506097994e-05,3.6560215103673236e-06]
[0.5366431708337921, 0.15499542073454173, 0.2997314474599021, -0.8867692045810053, -0.20223509503007644, -0.4152828804003946,0.01677716875098681]
[0.3021579638720723, 0.2423585203037567, 0.95037328380344, -0.4760919823372298, -0.22637100736344443, -0.7950171613652547,0.30006716667139555]
[0.21387190749725155, 0.2802925957449231, 0.98959404538148, -0.3831409775414605, -0.1853736011404444, -0.7565196259467928,0.496505463097963]
[0.07205188307472633, 0.3640160066496544, 0.8942319504355422, -0.5190646815055822, -0.580203912330112, -0.47690003170551776,0.4080461202972243]
[0.2071698780118308, -7.912752305358492e-05, -0.059972908532094776, 0.9999999778089478, -0.00020361152250512898, 5.3952411250280217e-05,3.6863940764947935e-06]
[0.5372277823297256, 0.1568064544980382, 0.30430048734197174, -0.8847030705754347, -0.20078757982895915, -0.42029010624129615,0.018467574191190002]
[0.16934499419289054, 0.09599905770997756, 1.0726767910413504, -0.3056369904392625, -0.05647237242895048, -0.73397339316843,0.6038873730657878]
[-0.06251632392342969, 0.00735361489674656, 1.0433198860614907, -0.06562133122398198, -0.317465447772533, -0.5488652907453425,0.7704910271859164]
[0.05459947077096059, 0.4366683187602699, 0.9594523622932606, -0.22208382670155816, -0.4798360402702068, -0.6879782249491831,0.49711378010589535]
[0.20715437005742907, -7.203321458257067e-05, -0.05998089089731386, 0.999999987225651, -0.00015717422206254977, 2.8834064575104875e-05,3.682220969395069e-06]
[0.5496299709810744, 0.15804525060683505, 0.33397036340470443, -0.8808259916881467, -0.13588336670979356, -0.4509390105504794,0.048324856771229094]
[0.42403990325626706, 0.22053137699347516, 0.8074328421617502, -0.6423213336837712, -0.12009451509673459, -0.745587004628402,0.13076937817252607]
[0.2619182173010587, 0.31038684193569227, 0.930342088898393, -0.4747872427494755, -0.24124881935080256, -0.8349567293238481,0.1386482651929593]
[0.0354232125152532, 0.3420612882764834, 0.9630099904911278, -0.3347884238156435, -0.28983009720465924, -0.7418959530503375,0.5034934169191357]
[0.20713175197113465, -8.58347710728375e-05, -0.05999222133128136, 0.9999999785327129, -0.00020637318688384833, 1.8198272262495627e-05,3.674848915766179e-06]
[0.5438999301444573, 0.15746518087495256, 0.3177413855754854, -0.8847044587363211, -0.16571377547366567, -0.4343864329837592,0.033843642681942364]
[0.21844645849518393, 0.19399632098920755, 1.0217904254306722, -0.40468771200978576, -0.22532554396409094, -0.8504587872161906,0.2493513710255824]
[0.17400245348759188, 0.20567996760135632, 1.0569088538092728, -0.31786297602640623, -0.15272544851862555, -0.7621789901765869,0.5428823562981392]
[-0.12062611261195416, 0.36723218353022463, 0.9486120249892608, -0.1962562718141794, -0.3468356760656098, -0.6211434252995095,0.674810591787728]
[0.2071580773048331, -6.056456695816671e-05, -0.05997790746078166, 0.9999999863900978, -0.00016239811150325684, 2.8863318504845326e-05,3.6833192117882796e-06]
[0.5495453140749016, 0.15818975627597714, 0.3340046824698509, -0.880611748992755, -0.13693038078735517, -0.4510847484767929,0.047912086627280144]
[0.31349966552536285, 0.2163665709357273, 0.9266726785720601, -0.5463115739712925, -0.16172400560780967, -0.8064325067333932,0.15828967824488846]
[0.12427104849342871, 0.22251589226981972, 1.040108525508226, -0.38605304064685875, -0.19879040247591673, -0.8551146257055762,0.2832391261729046]
[-0.12688571170215965, 0.3309874256457701, 0.9484374063613511, -0.5312115091201439, -0.23109906581562828, -0.5805726403335478,0.5721389373688673]
[0.20709587454284079, -8.710734351466011e-05, -0.059999870726826776, 0.9999999578543397, -0.0002880924634703448, -3.578577945978953e-05,3.6646446526940916e-06]
[0.5496322302356225, 0.15804592109958485, 0.3339777904391692, -0.8808234429617363, -0.13587247831412855, -0.4509466363010044,0.04833076840501697]
[0.42404188731071923, 0.22053436364778098, 0.8074268609525614, -0.6423236190732688, -0.12009097725597188, -0.7455844122751566,0.13077618183229572]
[0.2619244190400749, 0.3103918899532462, 0.9303342445468751, -0.474789512138873, -0.24125108619394703, -0.8349552174647856,0.13864565410248036]
[0.03552765603159207, 0.3421917177028799, 0.9629205477259246, -0.3349547640025248, -0.2898046552876866, -0.7418197368022498,0.5035097277473786]
[0.20716534057734737, -8.221042589851811e-05, -0.05997312689655533, 0.9999999672722386, -0.0002534752175042979, 3.45292568119195e-05,3.6832922679072883e-06]
[0.5438452492715333, 0.1569125250475956, 0.31714777332760524, -0.8853565400728537, -0.16441673266291007, -0.43352949182668316,0.03410446726129638]
[0.333453740510251, 0.236305488218299, 0.9067506151690138, -0.5483108867901512, -0.241301899875102, -0.7930620439683818,0.11036828784010938]
[0.1739535116459644, 0.25736808257704036, 1.0139590163790428, -0.4696819956294118, -0.2375442175778713, -0.7582592689187937,0.38472645967703734]
[-0.01973593489086957, 0.33245841059441694, 0.9378266321920431, -0.5122560474529878, -0.42097358711095256, -0.570421303888079,0.48476233029537663]
[0.20710950569526526, -9.095347413144042e-05, -0.05999169650656773, 0.9999999745047428, -0.00022470016116405515, -2.2066833830516886e-05,3.661492327598777e-06]
[0.5366407867485125, 0.15499329878172574, 0.29972479906140403, -0.8867700152982291, -0.20224673402703147, -0.4152757266470655,0.01677108825120723]
[0.30217921223079997, 0.24237123354528323, 0.9503508952728583, -0.4761148613265019, -0.2263783505339198, -0.7950056752223905,0.30005575748147045]
[0.2138798501155844, 0.28029930627914795, 0.9895913183592241, -0.3831417547420991, -0.18538384746346617, -0.7565285844925052,0.4964873872703658]
[0.07211785067207635, 0.3639942971570174, 0.8942484758390346, -0.5190965096345563, -0.580149292392478, -0.47696458825684734,0.40800783542807706]
[0.2071267447581978, -8.323177187329431e-05, -0.05997888515042639, 0.9999999626753481, -0.00027274435795100673, 1.569897403959425e-05,3.6551515513161977e-06]
[0.531634389998831, 0.1513823278701875, 0.288077037532759, -0.8869350807799996, -0.22655957641573715, -0.40248175147995996,0.0050359251107771]
[0.25322136734749956, 0.20833475748700903, 0.9995012844048603, -0.4176320801874024, -0.15002128278059912, -0.774504747892069,0.4507986865595879]
[0.06897989001645838, 0.23149295140913323, 1.0122729432553401, -0.32419879461762413, -0.24255649543368651, -0.6695192875837944,0.6227402441184416]
[-0.01625404614869065, 0.3094563631331214, 0.9690375641382576, -0.2827288106036684, -0.6258756757317252, -0.40901610250846215,0.6008742681050496]
[0.20708859366230145, -7.010935116648179e-05, -0.060012385964571646, 0.9999999719445051, -0.0002256015747475871, -7.212187302655882e-05,3.6543350114535188e-06]
[0.5587736126197199, 0.15694485385155527, 0.36507378863233936, -0.8693517690363801, -0.08527863549364614, -0.48085228171830674,0.07573730367498334]
[0.1559476973219086, 0.15672910530996662, 1.0406805561485508, -0.4098060342047598, -0.09426008558183979, -0.8475272043852803,0.32383898533429106]
[0.09419309413815205, 0.17691666101822737, 1.086923901436166, -0.3327800673438727, -0.21580884458977578, -0.754160042580441,0.523379976260557]
[-0.01783673756536356, 0.3213245789498835, 0.9093975728392961, -0.3102475886318194, -0.40607953216537157, -0.6511679107898785,0.5610937526492694]
[0.207126929227316, -9.309753080357683e-05, -0.05999894882996054, 0.9999999664065551, -0.00025889153175537126, -1.2193929039548952e-05,3.6567664284145033e-06]
[0.5291457916338662, 0.14906940632587498, 0.28109804913156095, 0.8877101080029711, 0.23724233362959318, 0.3945717042446103,9.743121836480495e-05]
[0.35265058903129265, 0.2756361739744307, 0.8893416558929877, -0.5321744181819457, -0.2165450577141405, -0.7478893480037001,0.33250586424135126]
[0.0755401008014345, 0.2397399114467635, 1.0098138509899663, -0.32921582019908974, -0.24206096011889916, -0.6778342753762743,0.6111989286984058]
[-0.13189752009228523, 0.3104692584377102, 0.9267305869478958, -0.29040643210492545, -0.3904831109358956, -0.7390352508976767,0.4658475525282072]
[0.20712146639175266, -7.90336489570284e-05, -0.05999461209802563, 0.9999999738740337, -0.00022637259080887905, -3.1527866486501885e-05,3.6573093329476826e-06]
[0.5331635377311434, 0.15247032422582657, 0.2915484952213567, -0.8869076500265561, -0.21950718659314944, -0.40637643732912393,0.008343053519017082]
[0.25190283453523077, 0.20767767513337249, 1.0011193714509286, -0.4161815358962947, -0.16970936818713336, -0.79252256857994,0.41218883757324104]
[0.15551614327063498, 0.26740533836547276, 0.9966911738651613, -0.3686145440401824, -0.19315228856614364, -0.7208987138136372,0.554184586365909]
[-0.13105159763030214, 0.49285123655784735, 0.9426928198480111, -0.5446011052294778, -0.38692766727199973, -0.4352412694739177,0.6035409297048651]
[0.20717795557399538, -5.423098496092013e-05, -0.059977395277031595, 0.9999999836960022, -0.00017338615022404684, 5.031594424071093e-05,3.68026396985092e-06]
[0.5438455318558679, 0.15691267467457273, 0.3171487080285388, -0.885356224278354, -0.1644156164250912, -0.4335305133780285,0.0341050608754387]
[0.3334298178354312, 0.23630320751057604, 0.9067761388611129, -0.5482842162790452, -0.24130441805034603, -0.7930769648247395,0.1103880603735587]
[0.17393969908281054, 0.2573678528297341, 1.0139711302860885, -0.4696516834836892, -0.23756001937235105, -0.7582590614844034,0.38475411508330465]
[-0.019772803903261225, 0.33252879175798883, 0.9377960245969512, -0.5122257980017759, -0.4210449922329222, -0.5704420844845879,0.48470782397842654]
[0.2071521062790812, -6.698787926895402e-05, -0.05998284112219304, 0.9999999763938037, -0.0002172522434547424, 6.631794847944177e-07,3.662684980836134e-06]
[0.54384438867074, 0.15691248440727373, 0.3171455669478951, -0.8853570232129291, -0.16442072830658125, -0.4335271296866601,0.034102688696355576]
[0.33344816974131475, 0.23631009310249135, 0.9067590075431698, -0.5482976779185238, -0.2413144085133593, -0.7930653265239708,0.11038297195867815]
[0.17394421667676224, 0.2573709393553642, 1.0139673436646157, -0.4696566591178834, -0.23756123911272273, -0.7582587365894081,0.38474792865367186]
[-0.01972901594964369, 0.33255043720538124, 0.9377603098712964, -0.5122852104472356, -0.4210442890185598, -0.5704598742200742,0.48462470195678703]
[0.20704286344679895, -7.006921416878404e-05, -0.06002462265095551, 0.999999974228773, -0.00019410756661213986, -0.00011769212128623568,3.6429462083616566e-06]
[0.5295446961138314, 0.1493973226778958, 0.2821399015122195, -0.8876468942317531, -0.23549342807057902, -0.39575919949635846,0.0007017907748987672]
[0.3400549518111181, 0.2693983848229147, 0.9056155403518282, -0.5169180866783052, -0.21137258915915552, -0.7556517708447923,0.3422100545514771]
[0.10201385840508426, 0.25346417898009854, 1.0046379714692142, -0.34620258812011245, -0.2256768706292523, -0.693668978723941,0.5899466636891919]
[-0.06642856496185619, 0.35121497843531213, 0.9095331534149569, -0.431016469893093, -0.4303375559768018, -0.6345593683965436,0.4757823016643113]
[0.207155061205223, -6.414770257930373e-05, -0.05998925429401272, 0.9999999838589579, -0.00017848755288690568, 2.0266950786318802e-05,3.678084272882431e-06]
[0.5352375911239313, 0.1547997948628418, 0.2983814692007217, -0.8856404915722151, -0.21014608763609252, -0.4138841256671648,0.013396718243497604]
[0.1862324387474909, 0.12559319514456277, 1.0592658933483783, -0.33205048609099935, -0.08669353018601479, -0.7618943227566615,0.5493120674641933]
[-0.04765359136420165, 0.06382290991508874, 1.0403664007042555, -0.13757526182311183, -0.31234457840715946, -0.5635195218274021,0.7523029045493395]
[0.03556869965062376, 0.33447662173463877, 0.8831042216923418, -0.3606618940542701, -0.35219454670390016, -0.5440845586864661,0.6707115568172167]
[0.20709785397979547, -6.97672028385168e-05, -0.060010036410490686, 0.9999999695913444, -0.00024214194701789563, -4.659552710427552e-05,3.666731627166001e-06]
[0.5316439304754745, 0.15138992275681656, 0.28810075156606535, -0.8869337477243484, -0.2265168908796207, -0.4025084602114178,0.005056159818065684]
[0.25320831062088384, 0.2083221146490405, 0.9995147238460445, -0.4176154702008845, -0.15001507104137687, -0.7745105181956787,0.45080622745654947]
[0.06897105267028925, 0.23148778280360588, 1.0122746481492018, -0.32419196139444856, -0.2425626013721721, -0.6695141346091098,0.6227469631731656]
[-0.016286921782966812, 0.3094507886182196, 0.9690150332782659, -0.2827265695232809, -0.6259077044248234, -0.40892749215204005,0.6009022704146566]
[0.20716381089755703, -8.091312088044297e-05, -0.05997274902508143, 0.9999999720061881, -0.00023327738991839152, 3.9443216442946765e-05,3.6763314849524946e-06]
[0.5553537674903166, 0.1573400846076838, 0.35193623925503537, -0.8747130856110091, -0.10570750587140089, -0.46862598173348574,0.06397366886182333]
[0.34153930054089265, 0.23173323655386707, 0.8859088477237291, -0.5675278963488484, -0.10231640115521445, -0.783579719701996,0.2311844799986321]
[0.2323408367945116, 0.30222925255043354, 0.9532257121093386, -0.45078591397310025, -0.23609885231802438, -0.8451842204670476,0.16344119790021733]
[-0.009557036669010638, 0.42065208147556965, 0.9441012552071805, -0.35675837908798325, -0.36433475979229407, -0.564212611000708,0.6493441085783179]
[0.20716934926348773, -8.855653069990565e-05, -0.05997880061634146, 0.999999975959493, -0.0002119739482820063, 5.598658310610938e-05,3.682617417014843e-06]
[0.5298528456935552, 0.14966461214361768, 0.28297422993445365, -0.8875742688958203, -0.23416282288413692, -0.3967088927978338,0.001320586271199315]
[0.32768613623488196, 0.26297635370557515, 0.9205673448542381, -0.5025210958337956, -0.20453514682258855, -0.7613538102191937,0.35493421590624347]
[0.1768135618174159, 0.28227542834814284, 0.9892282701541485, -0.3764036697472736, -0.19733030824471337, -0.7398730427224312,0.5215063829920815]
[-0.039060940141622105, 0.37984113791471136, 0.8864088308980534, -0.5806430151573733, -0.5030009799900704, -0.5870255888829281,0.25543034485870136]
[0.20712727519903848, -9.451676243447309e-05, -0.05999390297154346, 0.9999999553786031, -0.00029744747902718397, -2.7466928752569847e-05,3.6547565411697284e-06]
[0.5303128868211502, 0.15008733082475686, 0.284226050335181, -0.8874349432702243, -0.23224923553335294, -0.3981388324678169,0.002232518378652152]
[0.3078435292019047, 0.2509264164805137, 0.94325600009543, -0.48033135427704493, -0.18842063644591628, -0.7660801896614772,0.38327613657509585]
[0.190056614284691, 0.28203600886770985, 0.9877535867836297, -0.380155262362009, -0.19144142378673346, -0.7446784969177639,0.5140876325932]
[0.04618307281975387, 0.3441982964926824, 0.9341130112713846, -0.4279131757968554, -0.3492303772150057, -0.5806589437746706,0.598133470576759]
[0.20714964226707092, -6.155061145268593e-05, -0.059983724635916946, 0.9999999858786848, -0.00016751763327253513, 1.2924970105524859e-05,3.6630743842722126e-06]
[0.558773823576741, 0.1569448281617805, 0.3650745952950933, -0.8693514204586158, -0.085277368536623, -0.4808530181133505,0.07573805604409219]
[0.15595717781252, 0.15673178792706743, 1.0406769680819474, -0.4098139418894688, -0.09424062157583532, -0.8475167731377389,0.32386194208058827]
[0.09419428262485839, 0.17691997838692025, 1.086921707080562, -0.33278537663069274, -0.21581141191072659, -0.7541606320887941,0.5233746923546243]
[-0.017794109558128667, 0.32142371314479357, 0.9093732106995793, -0.31031658505327914, -0.40607175937667933, -0.6511701225397579,0.5610586553909996]
[0.20717172836448391, -5.120116161677782e-05, -0.059967765049263586, 0.9999999923936621, -0.00011449168080494981, 4.572493415567405e-05,3.682601189372532e-06]
[0.5372259629556155, 0.15680474917968817, 0.3042952416123384, -0.8847038264724228, -0.20079644031295088, -0.4202844917561256,0.018462799679257527]
[0.16934678517073765, 0.09600279772458015, 1.0726753206399164, -0.3056400607284826, -0.05647501135383301, -0.7339748950033113,0.603883746987243]
[-0.06251446884696955, 0.007362374620210291, 1.0433195818873149, -0.06563316625863475, -0.31746540263506157, -0.5488664367984822,0.7704892213215981]
[0.05463294267614763, 0.43668169106071075, 0.9594479579993375, -0.22211570067339456, -0.47981249212973115, -0.6880139952173654,0.4970727615708422]
[0.20710635258876953, -6.805907595916007e-05, -0.06000560948245094, 0.9999999716954513, -0.00023553723383926733, -3.343473659497979e-05,3.66428960445703e-06]
[0.5352226199724095, 0.15478563676357948, 0.29835254135692235, -0.8856411822599903, -0.21021017761781566, -0.41385122137147745,0.01336203877968135]
[0.1827410652030642, 0.11973356064479154, 1.0622142581553429, -0.32705477821203993, -0.0868654440951247, -0.7675131094322892,0.5444384203198828]
[-0.041744329695047475, 0.08149097048597732, 1.0388994195929326, -0.15825445371644467, -0.30935328619315766, -0.570597404731573,0.744093188998527]
[-0.10159096829700502, 0.39623381270886227, 0.8826726279269675, -0.26777504155599224, -0.502804007187013, -0.43345373210882593,0.6982854141375856]
[0.20715671883247883, -7.092164797056428e-05, -0.05999375503791067, 0.999999983896407, -0.00017738647275676548, 2.6975551348145706e-05,3.6803447240391056e-06]
[0.5299166580691247, 0.1497175858093155, 0.2831368738888147, -0.8875635986018384, -0.2338877633433641, -0.3968945396149071,0.001448108788866912]
[0.32599936035471117, 0.26200637403947097, 0.9226910077975369, -0.5003959244055165, -0.20402491090528255, -0.762502679938676,0.35576314825284744]
[0.17596193728634843, 0.2806649513284359, 0.9898989405073604, -0.3759658848753293, -0.1959920759514712, -0.7384349700380739,0.5243572776256782]
[-0.007819086753882473, 0.3962717991298382, 0.9260490805320324, -0.5882651161520117, -0.41234962151625004, -0.597017131939879,0.3570468973739265]
[0.20715429479821057, -9.103565728733694e-05, -0.05999074026760731, 0.9999999721132715, -0.0002345019533823461, 2.772785669826455e-05,3.66829516676476e-06]
[0.5291457785161171, 0.14906947529282968, 0.28109833200193124, 0.8877099426211738, 0.23724244601762814, 0.3945720087398182,9.74582492521776e-05]
[0.3526298822447834, 0.27562814359808724, 0.8893660973190026, -0.532152731967202, -0.21652961745443186, -0.7478950182546804,0.3325378719705655]
[0.07549539459654767, 0.23971323536954223, 1.0098229275779511, -0.3291833729845299, -0.24208885684673354, -0.6778064881368385,0.6112361711979879]
[-0.13206093735196195, 0.3105453616295686, 0.926682132240906, -0.2903109410677991, -0.3906537057692879, -0.7389777157910546,0.4658553157679833]
[0.20710376752793572, -5.413230360578811e-05, -0.060000802128054934, 0.9999999907833209, -0.00012696680241063656, -4.795212538288383e-05,3.658305908148008e-06]
[0.5455395318175358, 0.15712767746381326, 0.32178932763307067, -0.8843548074926101, -0.1559026568496228, -0.4383589443198952,0.03810999851331526]
[0.40555740042417365, 0.22673798704725773, 0.8307489830327344, -0.6312626590830718, -0.18409876145978907, -0.747937395297876,0.09058009710400122]
[0.17864759536742222, 0.26717956526825587, 0.9993322119012377, -0.41844002858017676, -0.21661708026726215, -0.8552161045657686,0.21584808896457736]
[-0.02433414358989234, 0.3597741785333043, 0.9499173805871304, -0.44736732648505834, -0.3150603495638366, -0.5947269091749988,0.5889816252053006]
[0.20713134797833227, -8.120825818470822e-05, -0.05998525741318618, 0.9999999766161001, -0.00021622708097641916, 3.5933185174337117e-07,3.676974696060669e-06]
[0.5418626654573135, 0.1566502463277169, 0.3118274991448262, -0.8865413547965635, -0.1735475478232967, -0.427816562685489,0.02997771792461283]
[0.3298834229144884, 0.24359751234555943, 0.9154719633890204, -0.5306416776718214, -0.2590020610982648, -0.7961573208399332,0.1321773911736254]
[0.17763962694055913, 0.2619003830252039, 1.0108784121508625, -0.470340166635858, -0.24307206508098902, -0.7575781170604646,0.3818003344384838]
[0.022878667933950617, 0.48114160384345284, 0.9197381772100324, -0.5677391300849349, -0.35323001277625027, -0.5239087559886109,0.52765562030832]
[0.20711940613112792, -7.449194892399922e-05, -0.059996531696231606, 0.9999999708809058, -0.0002405471995102863, -1.902173237759121e-05,3.6614966794995706e-06]
[0.5495476926951428, 0.15819050920786532, 0.3340127926346059, -0.8806088857787718, -0.13691907974643394, -0.4510931118403742,0.04791826727906148]
[0.31348919335329395, 0.2163646981039824, 0.9266818480239943, -0.5463020343630353, -0.16172363247439348, -0.8064379130865224,0.15829543987983818]
[0.12426537280316297, 0.2225127263839458, 1.0401117720908524, -0.38604596735549934, -0.19878804020428814, -0.8551169667262436,0.2832433571634187]
[-0.12694023424723114, 0.3310223995949746, 0.9483804058262322, -0.5312599301161772, -0.23112422039422115, -0.5805334790364729,0.5721235540667136]
[0.2070354845773113, -8.807503999967515e-05, -0.06001521360610877, 0.9999999540576293, -0.0002843199319234355, -0.00010504117073382326,3.642567679582263e-06]
[0.5438462909691157, 0.15691284694032456, 0.3171510593145661, -0.8853556345792568, -0.16441192279905248, -0.4335329792861409,0.03410682969087803]
[0.3334520387610941, 0.2363105216748786, 0.9067549569503218, -0.5483018892120081, -0.24131409080412095, -0.7930629274803965,0.11037998424599861]
[0.17393740129221583, 0.2573671085625649, 1.0139731447405154, -0.46964774601295173, -0.2375610812357864, -0.7582591330919644,0.3847581245791455]
[-0.019739956492515424, 0.33243037493688515, 0.9378525381510043, -0.5122121309736045, -0.420982978212945, -0.5704345621735704,0.484784978331926]
[0.20710391327811456, -6.330348551678639e-05, -0.06000310893540253, 0.9999999843454227, -0.00016964588937319562, -5.016060591527786e-05,3.6524768595858116e-06]
[0.5438459102586831, 0.15691277583985916, 0.31714991216996646, -0.8853559541757489, -0.16441361306970256, -0.4335317475935322,0.034106041567640494]
[0.3334641690184468, 0.23631119668846956, 0.906741765875992, -0.548316026457452, -0.241311810062429, -0.793055422873767,0.11036866269379189]
[0.17395826497870845, 0.2573702890288323, 1.013954974904917, -0.46968890514059347, -0.23754329831606144, -0.7582590246897764,0.3847190732072779]
[-0.019697403500188455, 0.3324392197532592, 0.9378315933119804, -0.5122825038664489, -0.42093791239469774, -0.5704333677335109,0.4847511558700206]
[0.2070712656251394, -8.628614209901273e-05, -0.06001717403747438, 0.9999999625328314, -0.0002586765036746406, -8.948486149585744e-05,3.641726056251087e-06]
[0.5438460965935344, 0.15691303757960928, 0.31715076632287226, -0.8853555565391376, -0.1644131546036801, -0.43353270394603205,0.03410641739882392]
[0.3334384942122036, 0.2363105504331302, 0.906770012757308, -0.5482850608823339, -0.24131848889676996, -0.7930712883606117,0.1103938880005358]
[0.17393480599168631, 0.25736847493025305, 1.013975510212371, -0.4696397134810606, -0.23756703439670046, -0.7582588922832273,0.3847647280648237]
[-0.019719303217253018, 0.3324298555969485, 0.9378537014537619, -0.5122226363545137, -0.42097584429435325, -0.5704494423243412,0.48476256361082254]
[0.20711704297301012, -5.729196181555797e-05, -0.059982777185434155, 0.9999999790266032, -0.00020433161173991622, 1.3488342478928853e-05,3.6674979055575065e-06]
[0.5372242130838497, 0.15680337780060016, 0.3042910591867842, -0.8847041946507561, -0.20080469626895112, -0.4202799595132454,0.018458536107627804]
[0.16934532632907512, 0.09600012156135018, 1.0726762800875091, -0.3056377468813683, -0.05647193645801153, -0.7339706057109819,0.6038904188892367]
[-0.06251631867781114, 0.007351668105966297, 1.0433198865261597, -0.06561947513451614, -0.317465214178915, -0.5488642648423042,0.7704920123197407]
[0.054614407766637604, 0.4366767972139026, 0.9594574292105725, -0.22209212205541157, -0.4798233296107519, -0.687994431226152,0.4970999137839192]
[0.20715740599644794, -8.53833467375847e-05, -0.059982512800279705, 0.9999999761929753, -0.0002159429876367765, 3.113221516249342e-05,3.6688235071691035e-06]
[0.5527800803909834, 0.16828396132412735, 0.35967646020652977, -0.8670632547897659, -0.12599572977879092, -0.47783651637166746,0.06323489458105327]
[0.3438906701083143, -0.33557452918317077, 0.9322423407607936, -0.06264834692592945, 0.24929464894770306, -0.15433711106427245,0.9539955024955961]
[0.6023158578776875, 0.06865850708421732, 0.24229123277270084, -0.19082309331431632, 0.9371175089188305, -0.1325739874391752,0.26042553521150535]
[-0.08399414544592425, 0.4213559833770921, 0.8800702051132697, -0.3957218330172531, -0.45067585383289016, -0.5426255897773226,0.5880926584852713]
[0.20709776377029276, -9.493944651831391e-05, -0.05999464851730556, 0.9999999507308873, -0.000313873611051671, -2.8595621477219555e-06,3.6609407500867486e-06]
[0.5346463395529697, 0.1542245847400982, 0.29666022492489874, -0.8858784523916607, -0.21290936234723234, -0.41200277676031566,0.01194499706324129]
[0.19045664865111087, 0.13252163556345026, 1.0559855218269625, -0.3380492728857271, -0.09792434693423224, -0.7733840460601504,0.527267132181181]
[-0.020608303264995898, 0.1277977190589117, 1.033457032976632, -0.21198437258196814, -0.2968881990430557, -0.5919805480203271,0.7186647715141976]
[0.023430230833318945, 0.44949148805019257, 0.9247015577212586, -0.3222885260339355, -0.45732613238250563, -0.5434921345364955,0.6257788861282366]
[0.20704875135744283, -7.023124419322383e-05, -0.06000797578154615, 0.9999999622616172, -0.0002611906612235474, -8.510522061026796e-05,3.6475239569343564e-06]
[0.5291392958945343, 0.149064319701528, 0.28108187447381644, 0.8877106551394716, 0.23727100746222138, 0.39455322781721447,0.0001104025831831661]
[0.35264709034792247, 0.27563539568890827, 0.8893448043621962, -0.5321719530753464, -0.21654010541996344, -0.7478877384990072,0.33251665478216796]
[0.07551770852153507, 0.23972651323410357, 1.0098184213037222, -0.3291995465221311, -0.24207490723267597, -0.6778203605241843,0.6112176017727072]
[-0.13187764703988825, 0.3104445861167988, 0.9267481636212929, -0.2903848480406308, -0.3904754806380978, -0.7390462560891282,0.4658499440909158]
[0.20715020872689868, -4.8815316803518985e-05, -0.05998293408027748, 0.9999999955098222, -9.468245557870489e-05, -1.441318838011476e-06,3.675748307874312e-06]
[0.5305417821761144, 0.1505038870178864, 0.2853441939567241, -0.8870936274538892, -0.23139591245638721, -0.3993910533061609,0.002759414461805765]
[0.2675360697598281, 0.222332617488965, 0.983028781343203, -0.43726520468067026, -0.15303030048988503, -0.7620205016233335,0.45244405511982444]
[-0.003208361582240091, 0.16867222250539993, 1.0274429137297274, -0.24612214006511754, -0.2913594785066506, -0.6221728444584652,0.6836918151276656]
[-0.12899479910702322, 0.3152727768615422, 0.923745520194095, -0.30458172066093003, -0.5142667397610902, -0.5062239133880184,0.6216888653730634]
[0.2071131001978228, -7.625056493588338e-05, -0.05999564081486482, 0.9999999635504764, -0.00026860118293090587, -2.7186548547845328e-05,3.6527165885778444e-06]
[0.5438984307278578, 0.15746476928082673, 0.31773719010366475, -0.8847056374659814, -0.16572010097353493, -0.4343818564243807,0.03384059660440086]
[0.21846362769813965, 0.19401098863553984, 1.021774456001655, -0.4047096876949953, -0.2253409852369152, -0.8504565975515498,0.24930921511110965]
[0.17398067019971478, 0.20566811088977394, 1.0569308176512537, -0.31783932655225433, -0.15275342290539853, -0.762188877252199,0.5428744511215522]
[-0.120581785737816, 0.36711294207105877, 0.9487148203614247, -0.19616736758744668, -0.34673815025715415, -0.6212259875770506,0.6748105596454292]
[0.20709616728139985, -8.259709277553507e-05, -0.06000754195878315, 0.999999964330858, -0.000262674518037927, -4.823814052803748e-05,3.6691215046351475e-06]
[0.5364391528287857, 0.15515297802406974, 0.2998700181135556, -0.8862877446826775, -0.20394419142993747, -0.4155002921360571,0.01613405225397215]
[0.2323011566081319, 0.19051717828515485, 1.018511165322333, -0.3964460764662196, -0.17414534652203562, -0.8096953369898766,0.3961027240453048]
[0.20874536879772815, 0.27524288042524425, 0.9929502586087056, -0.38048264542863053, -0.18026949626621377, -0.7525684093817532,0.5063365031717297]
[0.04918813764695423, 0.41555803815802006, 0.9613650848287342, -0.5348860603250712, -0.43814831920493946, -0.38059715365106134,0.614059247532778]
[0.2071566679684942, -8.043017036387471e-05, -0.05998274155713364, 0.9999999681862057, -0.00025134345796678224, 2.0988218994019312e-05,3.6808519959394203e-06]
[0.5366441554958431, 0.1549960781740572, 0.29973370355395057, -0.8867691373571416, -0.20223019715422558, -0.41528531216231107,0.01677956769664204]
[0.30216852282424556, 0.24236428855601078, 0.9503621437651514, -0.47610362018351154, -0.22637784198285843, -0.7950134006829281,0.3000535089644925]
[0.21388128633652842, 0.2802994025891929, 0.9895924284379721, -0.38314020835252516, -0.1853859387791269, -0.756531690744365,0.49648306652497065]
[0.07216239061338094, 0.3640869704647818, 0.8941517467658835, -0.5191853426798597, -0.5801866584720566, -0.4768555418739188,0.4079691329764514]
[0.20714241973126402, -7.077656384533985e-05, -0.05998586745873029, 0.9999999713206007, -0.00023945477400935534, 2.620408219424493e-06,3.6527745911757613e-06]
[0.5496311509390788, 0.15804562155616605, 0.33397448627292947, -0.8808245133242592, -0.13587775395542367, -0.450943260401959,0.04832792779711093]
[0.42404820855635683, 0.2205299729717305, 0.8074230259770578, -0.6423292726364626, -0.120096783831505, -0.7455814576063197,0.13075992544077766]
[0.2619233338209704, 0.3103897327016859, 0.9303366582905579, -0.4747901379350097, -0.24125018876974202, -0.8349551630017883,0.1386454006264749]
[0.03548701284758615, 0.34209112415414855, 0.9630010843521929, -0.3348647886740195, -0.28976871633136186, -0.7418911014019233,0.5034851119969892]
[0.20714591310255306, -5.8827423644677435e-05, -0.05997810190546052, 0.9999999893982627, -0.0001416306160207902, 3.362588686749932e-05,3.680075870145381e-06]
[0.5303710602752146, 0.15012525795324716, 0.28435973891422756, -0.887438960639171, -0.23197458429739645, -0.39828926437645096,0.0023548380377159672]
[0.307678582442537, 0.2512790262756359, 0.9433606738209994, -0.4797543269813618, -0.1926099329008739, -0.7685523378658135,0.3769144511047226]
[0.15860632297613997, 0.2743194623012612, 0.9940633964982604, -0.37046002920355486, -0.198697431618647, -0.7273941550576191,0.5423803468219209]
[-0.11915626064412234, 0.3490701432531572, 0.9179732717946395, -0.5407569088095768, -0.522641074535617, -0.4492017009932419,0.4823340176762834]
[0.20708703486143057, -8.810697809887789e-05, -0.059993827827517235, 0.9999999747865586, -0.00022405334682548984, -1.4613778622408236e-05,3.6630245530172387e-06]
[0.5488150582628897, 0.16800722635930213, 0.34672140411045355, -0.8718377244349228, -0.14547440209670004, -0.464770800209845,0.05219467270751008]
[0.2655072946729501, -0.28703701205612314, 0.9999374460721122, -0.09622684644923508, 0.20886135689005242, -0.2824563023239901,0.9313086303143231]
[0.6079358828202246, 0.05222158408035196, 0.2556198890080129, -0.1784724070012121, 0.9343630403391894, -0.1444694635427955,0.27247363705679356]
[-0.05363837081260129, 0.3762039429411105, 0.9173572473561472, -0.3362208034062982, -0.4221226982952951, -0.5791688353001746,0.6110085589889575]
[0.20710836829397994, -8.425390816401476e-05, -0.059982817176806286, 0.9999999620229595, -0.0002741404120732242, 2.806570839650821e-05,3.6647717269238683e-06]
[0.5584051292661704, 0.15698076315620937, 0.36357880813240756, -0.8699870918801795, -0.08762751447433097, -0.4794979653093178,0.07433424468670961]
[0.272054749983541, 0.22429718843240448, 0.942438386024961, -0.5069610881276005, -0.09629566039416876, -0.803379002542439,0.2971527876154732]
[0.21164830551030095, 0.28294803150638753, 0.975758709609221, -0.4443057051068547, -0.22582064269739058, -0.8476275863442505,0.18200261704013643]
[-0.12559370349528512, 0.36289988231049886, 0.8885769034495822, -0.33813206633599363, -0.4743699803872004, -0.4698270705539887,0.6632513484324446]
[0.20715499900694645, -8.742019965772002e-05, -0.059976559043049646, 0.9999999632561547, -0.00027087459878410877, 1.0061084064561131e-05,3.6627852599277208e-06]
[0.5360845467392015, 0.15474187506256126, 0.2986785532871697, -0.8865670410684913, -0.20544644617438246, -0.41419447988550484,0.015283071607277167]
[0.2581946626155011, 0.21320707714296122, 0.9945815901413579, -0.42675340808764517, -0.18959767975131264, -0.802363261882642,0.3716819130648488]
[0.12933875562077957, 0.2529932317583994, 1.003230478097292, -0.35914816022019763, -0.1980762408982673, -0.6994359691372337,0.5852928556535762]
[0.01576676882199634, 0.316078041277021, 0.955829312518148, -0.347994289696953, -0.4579447704428454, -0.5381899225059082,0.6160666919055497]
[0.20717665837186933, -6.149502249731898e-05, -0.059966157700910655, 0.9999999815136311, -0.00017882065384795532, 7.058562749020875e-05,3.6851776727010432e-06]
[0.5407137827742451, 0.15607370943520044, 0.30853826595984585, -0.8874472517020203, -0.1781538733475999, -0.42418397150954046,0.027686299358565453]
[0.42445316216561724, 0.2455167322818347, 0.800679006265096, -0.6362051420241465, -0.25851715558927246, -0.7249074213751956,0.05404746028475917]
[0.26758041491317136, 0.2968378294586138, 0.9347966127425897, -0.4942512473521539, -0.24102631350108794, -0.8262102067329776,0.12246924095937703]
[0.02363754705217329, 0.46337518487518214, 0.9952108102531594, -0.49605217197630735, -0.399792930119734, -0.5050637265078192,0.5822443540901886]
[0.20713687099189726, -5.489263977081263e-05, -0.05998085752262662, 0.9999999913144564, -0.00012990962089832908, 2.1933582390859363e-05,3.673643994607674e-06]
[0.5316353016585751, 0.15138298419010301, 0.28807915481561, -0.8869350496957815, -0.22655541647561828, -0.4024841375951232,0.005037843885142569]
[0.25322515845009397, 0.20833839370580634, 0.99949773223619, -0.41763640422729936, -0.15002532660606777, -0.7745057670871847,0.4507915837607515]
[0.06898133970613636, 0.2314939426808041, 1.0122726312654662, -0.32419992007331105, -0.24255561615030585, -0.6695202742729898,0.6227389398743467]
[-0.016293287720006683, 0.309423734489009, 0.9690604757008389, -0.28268258795051804, -0.6258841246461307, -0.40905247675718903,0.6008624536816674]
[0.20707602208148773, -8.782202858008224e-05, -0.060009645003911066, 0.9999999570825169, -0.0002876604121120585, -5.543490279475382e-05,3.6638121863211122e-06]
[0.5407175239408268, 0.15607522416347214, 0.30854893229785735, -0.8874459504317622, -0.1781329788470585, -0.424194813710357,0.02769633424436221]
[0.42443525469951116, 0.24550744615846487, 0.8007013207368152, -0.6361952333425702, -0.25849597792952206, -0.7249240853317765,0.054041881650626705]
[0.2675728904948105, 0.2968404787168169, 0.9348001012746122, -0.4942313420693201, -0.24102600140420605, -0.8262226053147287,0.12246654086076296]
[0.023620990666600263, 0.4632745923554521, 0.995278512607054, -0.4960285652540386, -0.39972645638837684, -0.5050491328500275,0.5823227592346419]
[0.20710000619037305, -8.952782161417325e-05, -0.06000584175007938, 0.9999999649704598, -0.00026254744901374135, -3.338471396572867e-05,3.657485486886094e-06]
[0.5495486734274504, 0.15819083609023554, 0.3340161211695742, -0.8806076963523706, -0.136914497420556, -0.45109655680076,0.0479207884278496]
[0.313487565889164, 0.21636510869864864, 0.926682853469286, -0.5463002429851198, -0.1617284624847602, -0.8064388230297752,0.1582920517494989]
[0.12426417077920805, 0.22251194523973528, 1.0401125024982403, -0.3860447055881765, -0.19878753084923428, -0.8551172139786811,0.28324468789995283]
[-0.12695951421743806, 0.33102603129607355, 0.9483867002716875, -0.531248790867942, -0.2311505583380026, -0.5804898960012533,0.5721674774240789]
[0.20708712218346484, -8.840503231520164e-05, -0.06000951016664356, 0.9999999528517001, -0.00030197425853372133, -5.56308997630323e-05,3.6535089696436956e-06]
[0.5372322010959094, 0.15681110804721576, 0.3043143025091556, -0.8847006367667715, -0.20076627908450345, -0.4203048834268316,0.01847943328649917]
[0.16932003485745295, 0.09594931492710634, 1.072696154651837, -0.30559557628049516, -0.056432470985079405, -0.7339391088032468,0.6039537271558197]
[-0.06252987011762791, 0.007240650458019013, 1.0433224118569748, -0.0654878021287494, -0.31745952776719577, -0.5488323623527328,0.770528282437766]
[0.05460758590096286, 0.43676384310231003, 0.9593928717642919, -0.22213181062331264, -0.4798390716711848, -0.6879456906556658,0.49713443927698636]
[0.2070817343192683, -9.266932260492525e-05, -0.06000328013091662, 0.9999999479023828, -0.0003169055182260162, -6.125989870219443e-05,3.6537075052325833e-06]
[0.5399553818505214, 0.1569602370286156, 0.3080070709286139, -0.886122345326122, -0.18522888667109347, -0.4240825894465224,0.025127793071673794]
[0.2895241031074267, 0.2345817353839338, 0.962990294494047, -0.46575759774761893, -0.22782956391073858, -0.8047024097276002,0.28916704813516275]
[0.19158714779700664, 0.26546220276066235, 0.9980393251015666, -0.37483320572699463, -0.1736585306184791, -0.7409685561019437,0.5294415751488132]
[0.049475125184694976, 0.340511085779216, 0.9126755846219353, -0.395716547592883, -0.44494359606586203, -0.5929239802082422,0.5421021711588742]
[0.20710144051194923, -9.810958212280751e-05, -0.05999829397069288, 0.9999999520752173, -0.00030953880087904477, -4.676223960126827e-06,3.6643059868501133e-06]
[0.553233083835936, 0.15761121795827743, 0.3446814107535356, -0.8773715537978752, -0.11743723926196109, -0.4616313881393988,0.05765512037384847]
[0.3986497000241819, 0.2411662986880736, 0.8157305206403402, -0.6262032870255689, -0.10889443367570933, -0.7479988759604832,0.19107361721251248]
[0.16354161752866425, 0.2716970092829054, 1.0018266076639668, -0.3970197238779251, -0.2186833705222921, -0.8612679432334334,0.22971820186340883]
[0.013053782418845307, 0.32912151832456726, 0.9397161352938596, -0.34821655260039935, -0.3956611076858847, -0.7123795721545029,0.46337119627447687]
[0.2071092160202604, -5.556789235216584e-05, -0.05999832871176165, 0.9999999843783973, -0.00017249279644919314, -3.841860825605507e-05,3.667562440017209e-06]
[0.5366417145249344, 0.15499405182625833, 0.29972731344374265, -0.8867697596881574, -0.20224212417722778, -0.41527842250194913,0.016773440767578033]
[0.302164340105487, 0.24236171339172313, 0.9503665719553709, -0.4760992226602535, -0.22637653455239048, -0.7950157565358543,0.3000552309926898]
[0.2138767191664825, 0.28029443263468534, 0.9895955114495897, -0.38313819701596363, -0.1853801826405376, -0.7565279160938858,0.49649251962356933]
[0.07211731893345631, 0.3640836354694428, 0.8941963809910902, -0.5191362407751928, -0.5801683746092707, -0.4768672636882451,0.40804391116585026]
[0.20711526915187564, -8.75538578266105e-05, -0.06000641672153324, 0.9999999675392279, -0.00025086711411353107, -4.44276067784847e-05,3.663629082371658e-06]
[0.5544216062517947, 0.1574441388485306, 0.34859645005809825, -0.8759666400501288, -0.11099993300370102, -0.46543791362313974,0.06106561188263911]
[0.3692347880647696, 0.23690814599431043, 0.8547255759278636, -0.5943690658808353, -0.10513961265159963, -0.7684949967882648,0.212335854925211]
[0.10834145217183357, 0.2154868529211438, 1.047372608004454, -0.36280647578900926, -0.19294384661029165, -0.8651587620936139,0.2874794767516969]
[-0.10501221715317548, 0.3874558528584466, 0.9905191868173037, -0.14410934349016347, -0.42551134708145116, -0.6989855823269123,0.5564096928728604]
[0.2071286288286593, -4.8805182830293105e-05, -0.05998965910028341, 0.9999999940068213, -0.00010895837870880053, -1.0044809051553087e-05,3.678503751489279e-06]
[0.5495450406261824, 0.15818965840483784, 0.33400379297559013, -0.880612063315622, -0.1369316478353111, -0.4510838245804425,0.04791138660058016]
[0.31349652205096634, 0.21636622396707142, 0.9266753054766579, -0.5463086291989198, -0.16172534258116333, -0.8064341364399473,0.15829017282876157]
[0.12426303185521884, 0.22250807361345754, 1.0401142675102282, -0.3860489159962053, -0.19878790968974283, -0.8551128546359099,0.28325184422305716]
[-0.12693641423050303, 0.33100378651290696, 0.9483898637984265, -0.53124606704819, -0.23115981375434996, -0.5804964189176303,0.572159649376546]
[0.20713706466065035, -8.239285477056068e-05, -0.05998353037493789, 0.9999999585082829, -0.00028693145029067013, 2.5305545248512328e-05,3.661283568986915e-06]
[0.5546705163373258, 0.15742015876216386, 0.34948818138528603, -0.8756306297523944, -0.10961761623426694, -0.46629695561685874,0.061823358312144625]
[0.3731061651739459, 0.2428593343281404, 0.8437931583368368, -0.6015142024881919, -0.1061168620377442, -0.7614066814537764,0.21720898055514326]
[0.1442103577134476, 0.26029097504638704, 1.0145935928434957, -0.38158764823861013, -0.21304116813920884, -0.8640979712844626,0.2496778392482688]
[0.0012226417878704113, 0.445929968555009, 0.8785925120797762, -0.429335207247222, -0.43070755420034046, -0.6568018694784412,0.44584031538474717]
[0.20711343668577709, -8.562377169526732e-05, -0.06000529216372895, 0.9999999626819523, -0.0002705470322036039, -3.7775603198058854e-05,3.6608214004902392e-06]
[0.5584054456602268, 0.1569808804121673, 0.3635803094901069, -0.8699864054443519, -0.0876256078669237, -0.47949935938747856,0.07433553346123035]
[0.2720410380386265, 0.22429304285263063, 0.942449917082552, -0.5069488891880797, -0.0962940904139721, -0.8033830690603782,0.29716311387762434]
[0.2116482651338319, 0.2829473731237192, 0.9757591001121004, -0.44430621850958635, -0.225820408278591, -0.8476273851935945,0.18200259137845354]
[-0.1256106352501316, 0.36291406132010656, 0.8885714316524058, -0.33811175025118195, -0.4743834220643407, -0.46983552664720835,0.6632461014681872]
[0.20715247164269018, -6.569784784704358e-05, -0.059976618970430426, 0.9999999832572348, -0.00017328437059150757, 5.869022732740398e-05,3.6762210021078394e-06]
[0.5298471071762907, 0.1496600929815112, 0.282960414633302, -0.8875747307800304, -0.23418790650148835, -0.3966930905697204,0.0013090544109633903]
[0.3277015688614645, 0.26298446289851146, 0.9205497788491548, -0.5025379344056744, -0.20454607073285283, -0.7613495821333295,0.35491314883564656]
[0.17684457351500513, 0.28228516772370316, 0.989220823748391, -0.376413218009634, -0.1973262251946984, -0.7398908595064326,0.5214757579953986]
[-0.039033878882353976, 0.37982774832836985, 0.8864422546037118, -0.5806711310121735, -0.5029166869382162, -0.5870640260612628,0.2554440700287895]
[0.20713816979685987, -8.050744792458224e-05, -0.059979246491781865, 0.9999999608463985, -0.000279573967975553, 1.1499538032628695e-05,3.6549876368367027e-06]
[0.5475637077760191, 0.15769509180077718, 0.3278674940297386, -0.8825124751871335, -0.14666715386372778, -0.44477822254121385,0.042811328753865334]
[0.33663576563942466, 0.22315970953018233, 0.9037202000126661, -0.5657697231705648, -0.18350483406335738, -0.7936391485891745,0.12793552300097402]
[0.15729173280782757, 0.25160739749353184, 1.0155836812362071, -0.4032173603794419, -0.20994222179930788, -0.8591983536865645,0.2347726832851368]
[-0.009971851545300281, 0.46421946375842266, 0.9591468955126172, -0.5432320722046861, -0.1385322295988113, -0.699446641681497,0.44326305116833403]
[0.20702192117261642, -6.379428711476357e-05, -0.060029082488709876, 0.9999999845302799, -0.0001356400656678983, -0.00011192785317704618,3.656286013777967e-06]
[0.543847323516337, 0.15691290794204593, 0.3171537385599139, -0.8853550908745255, -0.1644069142210138, -0.43353581104472877,0.034109092052921106]
[0.33346733719724814, 0.23630942187215614, 0.9067374011593166, -0.5483223124517396, -0.241306798092547, -0.7930535441989923,0.1103618905932526]
[0.17396252001775875, 0.2573714814485696, 1.013951247907669, -0.46969644346632883, -0.23754092775541447, -0.7582588693644569,0.3847116396293652]
[-0.019717515304802157, 0.33245427326135846, 0.9378428125293301, -0.5122549269718168, -0.42094153253011085, -0.5704332152680215,0.484777333322514]
[0.20710263049319827, -8.340399209799314e-05, -0.059990197535610246, 0.9999999714412651, -0.00023894068641567597, 3.3800526220540715e-06,3.659645609345081e-06]
[0.5351131209288427, 0.15427195253403161, 0.29700814634470724, -0.8862381035884727, -0.21057743238436274, -0.4123987862579261,0.01289999268630119]
[0.21338164761714307, 0.16731714387927932, 1.0362285880237938, -0.370639580603465, -0.13837664559117668, -0.7945699560819826,0.4605830979713631]
[0.05783316797717302, 0.2146823528188465, 1.0162027016462722, -0.31526736478602496, -0.24227475400337214, -0.6513772895297191,0.6462329757590508]
[0.07372495246592903, 0.45744224177979803, 0.9550779966503866, -0.3644381180288717, -0.46374724935119643, -0.5188775210422515,0.6187806275279001]
[0.20717047480299422, -7.355314174804167e-05, -0.05997883911962855, 0.9999999839792852, -0.00017219237477332776, 4.8761011788843545e-05,3.6850278377909703e-06]
[0.5496305463291152, 0.1580454343061129, 0.33397229050773264, -0.8808253067972678, -0.135880665271053, -0.450941003858545,0.048326335988188196]
[0.42403389682101633, 0.22053067133447254, 0.8074419454379496, -0.6423153161498608, -0.12009478643838943, -0.7455917209804436,0.13077179556403914]
[0.2619066915407139, 0.3103844304001529, 0.9303510861880161, -0.47477751315377126, -0.24124722469642734, -0.8349611928485543,0.13865747731987474]
[0.03545007520552851, 0.34213368316408105, 0.9629806838323355, -0.33486944961919485, -0.2898052579408905, -0.7418307002311114,0.5035499740603417]
[0.20713262658819082, -9.301609214360041e-05, -0.05999481309071733, 0.9999999512041214, -0.00031211028224105246, -1.2864527550481555e-05,3.6647856779769264e-06]
[0.5423231784094276, 0.15730658892088045, 0.31364125663532666, -0.8856264112163609, -0.17280879285285033, -0.4299559639900567,0.030673276612572044]
[0.26550437433190394, 0.22162879592584137, 0.9842022233394068, -0.44717078502891644, -0.23297056363000737, -0.823721676092291,0.2593175771795011]
[0.19684523560040185, 0.24117531455720553, 1.025906312755211, -0.3506879147474525, -0.16325913851653562, -0.7622956091354148,0.5189121741044331]
[-0.01691427701896528, 0.42138913026289704, 0.8942123172351975, -0.4034795749729692, -0.47561549729449293, -0.5228811237777317,0.5810244932099518]
[0.20708981310799054, -8.765165153945901e-05, -0.0600051507218516, 0.9999999793001895, -0.00019316769679476214, -6.381564171168342e-05,3.6641176687301457e-06]
[0.5424395288677685, 0.1568553099784377, 0.31344521852621743, -0.8860666336668938, -0.1713154421228829, -0.42961981218382267,0.031044435436922646]
[0.2997453549265393, 0.23554631105214913, 0.9462855157791771, -0.4976088701143206, -0.2550100479522554, -0.8144080172533736,0.15522522108332334]
[0.14842497281439768, 0.24178924412324954, 1.050028272850542, -0.37060696625421125, -0.24753988700025892, -0.7641934119405343,0.4662434021564639]
[-0.045783543369229136, 0.33235199905289325, 0.9560499550258419, -0.4158350902131706, -0.4511580654200653, -0.5163252532835908,0.5974494209349144]
[0.20705886180089683, -6.397240182104053e-05, -0.06001862650272473, 0.9999999792474155, -0.00019395095906645041, -6.224785168963273e-05,3.6605119474794136e-06]
[0.5496339800333486, 0.15804628580495922, 0.33398358925190014, -0.8808215138415403, -0.1358637196454149, -0.4509525467974927,0.04833540084518533]
[0.4240170695107635, 0.22053365744341188, 0.8074618192657798, -0.6422991360118483, -0.12008993103557937, -0.7456029989448746,0.13079142290958062]
[0.26189629857524743, 0.31037961963720057, 0.9303612199279025, -0.4747707713272301, -0.24124487954943505, -0.8349646539307184,0.13866380014582605]
[0.035423397471286575, 0.34218440230418595, 0.9629397766665914, -0.33483286887211366, -0.28991692848549233, -0.7418301534201297,0.5035108221052209]
[0.20713991582737468, -8.780665600071494e-05, -0.05998055039073352, 0.9999999752002856, -0.00021976699943115227, 3.589328254640895e-05,3.6833129880517694e-06]
[0.5485862840312168, 0.15787139970661462, 0.330941890998832, -0.881666034029853, -0.14135716159976186, -0.44789775921125224,0.045505544673901235]
[0.3719183744177754, 0.22002453234285135, 0.8732273438876383, -0.6002476358266543, -0.15084259069447437, -0.7739808093539264,0.13380207497992236]
[0.15380022200944649, 0.24528030526559136, 1.0198754724596562, -0.407504607560176, -0.20825752370191983, -0.8543416479400063,0.24631107817945563]
[-0.006300298172481247, 0.3119707895376055, 0.9432420779225662, -0.46242342546352644, -0.2598416186296499, -0.7494110333839272,0.39627012485542823]
[0.20714371500585532, -7.345599833873744e-05, -0.05999391147761139, 0.9999999812657978, -0.0001934740707009405, 4.759995541483818e-06,3.6784223286726758e-06]
[0.5417610632776853, 0.1562838928634857, 0.3112890475017644, -0.886975172855378, -0.1730739439497001, -0.42710841969887636,0.029980835315203732]
[0.4283130338481914, 0.24019391854616223, 0.7930906988013767, -0.6456434698739288, -0.2472906127865273, -0.7211387429418213,0.0441675906645029]
[0.2919103186018823, 0.3002816081328249, 0.9152799893813532, -0.5235891118492793, -0.24517560291240997, -0.8083218469015918,0.11117174780950087]
[-0.025237714014919355, 0.3889550950415322, 0.9016568746480625, -0.4033987959363019, -0.516867544006503, -0.5278432983755221,0.5399062934897849]
[0.20718734431171051, -8.321253106699819e-05, -0.05996443012786752, 0.9999999651731926, -0.0002541326541494588, 7.111046162148705e-05,3.675661790821798e-06]
[0.5580071517139811, 0.15702429300515028, 0.3619876692732837, -0.8706725404693842, -0.0900182743002151, -0.4780259042195737,0.07291963013934537]
[0.25950565600946174, 0.21061825904275305, 0.9618904679235041, -0.49317657833601763, -0.0929260719933095, -0.8147231520658205,0.2904613454706266]
[0.20653817664414478, 0.2782078183522468, 0.9808615898161459, -0.44244712182019735, -0.2237074825036043, -0.8481457223648695,0.1866663877057064]
[0.0807227957927201, 0.35714208342439113, 0.9089215433765564, -0.37240843504905474, -0.44012327156278547, -0.7226528772046693,0.3812824181640141]
[0.20707107349669063, -8.928020613946848e-05, -0.06001093719959699, 0.999999962015753, -0.0002667921748257122, -6.911615664217837e-05,3.6585921650167796e-06]
[0.5364363985464835, 0.15515057691197912, 0.29986253176141014, -0.8862885653847761, -0.20395762908967704, -0.41549221619068555,0.016127079378063316]
[0.23231040885198706, 0.1905259407535917, 1.0185029222367696, -0.39645660306429176, -0.17415055630221235, -0.8096925922290095,0.396095508325732]
[0.20874722269190013, 0.27523675343210346, 0.9929593690689508, -0.3804730432558284, -0.1802708799640461, -0.7525786958236087,0.5063279369984177]
[0.04911872742115635, 0.4154748893121164, 0.9613869318149574, -0.5348540007053593, -0.43818664948997216, -0.38062255617935653,0.6140440764845116]
[0.20714836439589415, -7.680341960194194e-05, -0.05998934784113562, 0.9999999723536133, -0.0002335315243837232, 2.7245246035983613e-05,3.673797398592577e-06]
[0.5403140493611948, 0.15666304519303845, 0.3081895832619864, -0.8865580483169423, -0.1827279386466243, -0.4242038257909659,0.026008490665897728]
[0.32546405022637415, 0.25152390947511566, 0.9246119056356458, -0.5093840003703809, -0.2545377046971224, -0.7925216523190336,0.21828405269212267]
[0.20279397671180346, 0.2604984592873443, 1.0237064899661972, -0.35305869807798995, -0.2011818275574345, -0.7780150853790867,0.47913250244029393]
[0.07340630722912701, 0.32445803809407225, 0.9408264204581798, -0.48473873737907036, -0.3814505975979345, -0.5247035193927267,0.586694140769456]
[0.20712622568503872, -9.812505459628316e-05, -0.059985689839841816, 0.9999999407017927, -0.0003443277197768785, -4.635000597671784e-06,3.6537281423438e-06]
[0.5305431860658, 0.15050510089333047, 0.2853479378933596, -0.8870933095915888, -0.23138978879448077, -0.3993952869199644,0.0027623369828251934]
[0.26752478228154936, 0.22232261539606796, 0.9830403891987651, -0.4372516941344683, -0.1530214864976901, -0.7620213361129622,0.4524586875673743]
[-0.0032243602900393145, 0.16865255451682665, 1.0274466550130552, -0.24609807499229222, -0.29137006320028314, -0.622161621465379,0.6837061799715737]
[-0.12900273541994223, 0.3152226615706996, 0.9237700367124188, -0.30451565220992244, -0.5142241359729702, -0.50623221544571,0.6217497081518789]
[0.20707566744646932, -7.940975382373844e-05, -0.0599980903513377, 0.9999999635257336, -0.00026398168809154446, -5.699826248248626e-05,3.6603727661813635e-06]
[0.5303078359332701, 0.1500831092216265, 0.2842131879578258, -0.887435796845562, -0.232271164209819, -0.3981241947316701,0.002222233776499907]
[0.30787248798694367, 0.2509443920369416, 0.9432250866898674, -0.48036262474242847, -0.188444275850378, -0.7660771759448184,0.383231345464073]
[0.19008433480280978, 0.2820469505596517, 0.9877457230066314, -0.38016374506741424, -0.1914436646080547, -0.7446947813134297,0.5140569354675608]
[0.04618533200640317, 0.3441836700250323, 0.9341326927800604, -0.42792044648702504, -0.34918887554395445, -0.5806480020510941,0.5981631202178607]
[0.20711858758488777, -7.201572338776899e-05, -0.05998578390826313, 0.9999999671408977, -0.0002551081572894081, 2.4990801735420626e-05,3.673105642427448e-06]
[0.5316363752849587, 0.15138372202517686, 0.2880816298738924, -0.8869350242867314, -0.22655052030540718, -0.4024869213870262,0.005040094764838281]
[0.25323090464093523, 0.20834396940573333, 0.9994922196839693, -0.4176430736879107, -0.15003126840460376, -0.7745069100620958,0.4507814634248896]
[0.06898661172707536, 0.23149843677798443, 1.0122713867470337, -0.3242038405985358, -0.2425532085833182, -0.6695251072670771,0.6227326404534337]
[-0.016306141710847558, 0.3094177578228653, 0.9690132880514918, -0.28273043017108845, -0.6259226983941908, -0.40899818285506195,0.6008367215071528]
[0.207178723051198, -6.82745951663912e-05, -0.05996644296881573, 0.9999999717789693, -0.00022834846852721227, 6.546406156209087e-05,3.6734828458064524e-06]
[0.5532302529390529, 0.15761165772461241, 0.3446720157754655, -0.8773748901887622, -0.11745241805269742, -0.4616221742040056,0.0576472015192311]
[0.398656787792391, 0.2411650429228187, 0.8157229908723929, -0.6262099374222365, -0.10889531191360728, -0.7479952881332197,0.19106536642567845]
[0.16354155654196773, 0.27169639068143114, 1.001827007395998, -0.39702004414990505, -0.21868304748313633, -0.8612679071157676,0.22971809127520093]
[0.013063947854709514, 0.3291072347280933, 0.9397082232529126, -0.348210346413647, -0.3956787746377944, -0.7123932174590895,0.46333979504237327]
[0.2071361515522154, -7.063810781710471e-05, -0.05999314604128439, 0.9999999742267717, -0.0002263182629654242, -1.769155361888335e-05,3.675499091229508e-06]
[0.5291466522046746, 0.1490696964318811, 0.28109912446689145, 0.8877106651251901, 0.23723811078649235, 0.39457299027171355,9.571565694401809e-05]
[0.35265292758407496, 0.2756368583499589, 0.8893392526851209, -0.5321764269835362, -0.21654768592583198, -0.7478896603062652,0.3325002350227496]
[0.07554383535249892, 0.23974210814238536, 1.0098130788204833, -0.32921855873489986, -0.24205857463459582, -0.6778364842260994,0.6111959486796231]
[-0.1319365579465963, 0.31052712022425333, 0.9267160635429554, -0.290405815192173, -0.3905551209759388, -0.7390204605972249,0.4658110333608523]
[0.207130241140635, -6.418452671217182e-05, -0.06000133958440304, 0.9999999742304857, -0.00022594160963308464, -2.181842183135773e-05,3.6570264889659744e-06]
[0.5360866477516897, 0.15474394441387376, 0.2986850736067258, -0.8865659895696293, -0.20543642228781173, -0.41420150514159915,0.015288416348399643]
[0.25820752674977654, 0.2132173365125509, 0.9945690957097816, -0.4267691425047165, -0.18961592728259463, -0.8023675245009172,0.37164533463077554]
[0.1293806602368796, 0.2530100401706717, 1.003223462681121, -0.3591638920961714, -0.1980578331060075, -0.6994679337121351,0.5852512307275903]
[0.015783367146342035, 0.31606272851665357, 0.9558158316164782, -0.3480298991167381, -0.4579538120784232, -0.5382126393074057,0.6160200079651557]
[0.2071418236139429, -8.524649637539961e-05, -0.05999132919376314, 0.9999999790629437, -0.00020410280513436156, 1.4235767985869824e-05,3.674299981942576e-06]
[0.5360869725203853, 0.1547441798710435, 0.2986857161300919, -0.8865659797707653, -0.20543495148381366, -0.4142022289378224,0.015289138788246372]
[0.25819703251599974, 0.2132089161549271, 0.9945792308308827, -0.4267566767768393, -0.18960389865660388, -0.8023661924126352,0.37166866119415404]
[0.12935144256631712, 0.25299853967934577, 1.0032282883481132, -0.359152943275455, -0.19807089724961174, -0.6994458427158247,0.5852799296976291]
[0.01578280211960338, 0.3160870894903742, 0.9558136720823851, -0.3480267245326272, -0.4579341924156315, -0.5381803444171551,0.6160645999493616]
[0.20709254286265413, -7.385047730217582e-05, -0.05999516124688539, 0.999999966733335, -0.00025581340314790853, -3.2855318312494455e-05,3.655149094008028e-06]
[0.5299335023997461, 0.14969955104991753, 0.2830978211029208, -0.8876169755492924, -0.23375963035263086, -0.39685049144539725,0.0014924388346491892]
[0.33396655357455396, 0.2655536177182347, 0.9141936867128284, -0.5086391686140125, -0.20897894661783203, -0.7610222071598075,0.34417901770991616]
[0.15788410771008196, 0.2740820919954575, 0.9939941319749789, -0.37104705430304785, -0.19894610232275614, -0.727006076389142,0.5424082380982794]
[-0.020471953263283965, 0.3604541010996811, 0.8919147995667556, -0.27023095986837636, -0.4367390756584713, -0.4813691724337858,0.7102942544833181]
[0.2071056555013615, -7.917768202625462e-05, -0.05999645134774635, 0.9999999803445624, -0.00019288009331495476, -4.576897060737221e-05,3.6532433355947783e-06]
[0.5496310886116238, 0.15804558872465715, 0.33397405733820257, -0.8808247326651945, -0.13587793023317243, -0.4509427910499735,0.048327813947022215]
[0.4240307751743182, 0.2205324695873408, 0.807444236092905, -0.6423125096394238, -0.12009228280178233, -0.7455932881193872,0.13077894434305107]
[0.2619097777145477, 0.31038603148930394, 0.9303478981070585, -0.47477934842061564, -0.24124803161583044, -0.8349602388401733,0.13865553400691982]
[0.035436363556696986, 0.3421601176592258, 0.9629302664800916, -0.3348819162325163, -0.2898635315470214, -0.7417852298231182,0.5035751265459714]
[0.20708140028194633, -9.060430961556679e-05, -0.06000260290154805, 0.9999999762050816, -0.00021070552896361545, -5.638849608885926e-05,3.6543227260726597e-06]
[0.5417600647932979, 0.1562836540578971, 0.3112863180544085, -0.8869758455887515, -0.17307820923206446, -0.4271054311773137,0.02997888406832931]
[0.42832525865943316, 0.240201662716355, 0.7930774884675351, -0.6456472701166988, -0.24731296834869138, -0.721127528980906,0.04416995838017919]
[0.2919079768000774, 0.30027999528242666, 0.9152820097621948, -0.5235920166489494, -0.2451754061842955, -0.8083193159286176,0.11117690317932068]
[-0.025283040760521725, 0.3889974052446563, 0.9016343559608543, -0.4033883265683861, -0.5169367294973258, -0.5277886566966858,0.5399012961155717]
[0.20711035049794482, -6.547322723328551e-05, -0.059987201231420276, 0.9999999780986538, -0.0002089628268049092, 1.1121977237852417e-05,3.6784235925896855e-06]
[0.5291403023889888, 0.1490648719684912, 0.2810840545572265, 0.8877108741415453, 0.2372660761500241, 0.39455570114429883,0.00010832246112576235]
[0.3526502677923987, 0.27563623508134266, 0.8893417102617734, -0.532174449232881, -0.21654436076088826, -0.7478887515306084,0.3325076100487417]
[0.0755316296737568, 0.23973458195181632, 1.009815631811076, -0.3292096789577208, -0.24206598248854236, -0.6778287051917161,0.6112064248848608]
[-0.13198191448551178, 0.3104949624730604, 0.926730667175112, -0.2903719360193316, -0.3905690440288656, -0.7389458408835428,0.4659388424028175]
[0.2071502505004995, -8.203117224184079e-05, -0.05997432341599665, 0.9999999718887506, -0.00023544671072221065, 2.781898381477e-05,3.6672615076899755e-06]
[0.5291409478829981, 0.14906539089815607, 0.28108528392177445, 0.8877109080940218, 0.2372635041869179, 0.3945571717214223,0.00010712153833046874]
[0.35266742273940127, 0.2756433535689168, 0.8893206857390425, -0.532193378762284, -0.21655515517580673, -0.7478819604350506,0.33248555701592825]
[0.07555253864099194, 0.23974739823820165, 1.0098113199104088, -0.32922483808569597, -0.24205327699241297, -0.6778421198307008,0.61118841421292]
[-0.1319285700428981, 0.3104501342946366, 0.9267318416702441, -0.2903948935886112, -0.39047348657344755, -0.7389945622277933,0.465927353842407]
[0.20710726133863405, -9.313844152740562e-05, -0.06000387981656308, 0.9999999540253192, -0.00030080975544610343, -3.807146075539737e-05,3.6626228821115298e-06]
[0.5351379403168963, 0.15397247543724246, 0.29624651663564366, -0.8867389751012225, -0.21010976259325317, -0.4115588034073508,0.012931706668116258]
[0.2591061785801766, 0.21360870984783165, 0.994510702921384, -0.42560623953655446, -0.18867752673325555, -0.8025053365139035,0.37315587177489434]
[0.10739223306143503, 0.2476065273764923, 1.0057934485979159, -0.34877277190484596, -0.21388137488981016, -0.6884746730990888,0.5988446673004261]
[0.052136407227096046, 0.38996271046273356, 0.9863110450760466, -0.5644019139545605, -0.30995395454984914, -0.46003003490882083,0.6113521019552712]
[0.2070626661777354, -6.840930466894395e-05, -0.060018897387588255, 0.9999999760508148, -0.0002119380627124, -5.447165802560789e-05,3.66962809420367e-06]
[0.543899537248791, 0.15746497240262886, 0.31774027922242004, -0.884704841403442, -0.16571515406606885, -0.43438518456542435,0.03384291270313877]
[0.21844220304483525, 0.1939947050756613, 1.0217927177203725, -0.4046852762803088, -0.22532749701284074, -0.8504625855255601,0.24934060414027664]
[0.17399787521088864, 0.2056765923190254, 1.0569135369862606, -0.3178578358930822, -0.15272971577044, -0.7621804315000643,0.5428821418322981]
[-0.12062398651281081, 0.36722066845660917, 0.9486193121624822, -0.1962238012949644, -0.34680532366638306, -0.6211741908032381,0.6748073146920922]
[0.20715879840484053, -5.4064561409871394e-05, -0.05997190536399567, 0.9999999864367903, -0.00016272737664057907, 2.5155250719593353e-05,3.66520128223468e-06]
[0.540715021958335, 0.1560741576272202, 0.30854164042547677, -0.8874469715623241, -0.17814667815918825, -0.42418735626749104,0.027689718461964927]
[0.4244521044963082, 0.24550963920384677, 0.8006788997701866, -0.6362101843256672, -0.25850372618306816, -0.7249086102496906,0.05403639232621346]
[0.2675756227268658, 0.2968412461061256, 0.9347977666735756, -0.49423338889131685, -0.24102655698179246, -0.8262215877393791,0.12246405222728386]
[0.023613906182301286, 0.46331506272262474, 0.995248082272182, -0.49604989703336455, -0.39974923701349274, -0.5050651303356464,0.5822750735514579]
[0.20708929907820853, -7.273951602757914e-05, -0.06001330713515936, 0.9999999750403914, -0.00021412348511704347, -6.369422657089723e-05,3.659988623435873e-06]
[0.5336457248935236, 0.15281948621181762, 0.2926464635212068, -0.8869000407003642, -0.217220244809002, -0.4075961420073973,0.009437588224514317]
[0.2560647567662269, 0.21109212278606104, 0.9974947361273695, -0.42098240165151857, -0.17677256027758542, -0.795722765074753,0.3979328593800927]
[0.0845325648431876, 0.2376761885840286, 1.0095002475596921, -0.33547118047299723, -0.22938120429201445, -0.6751733893890058,0.6156169624454488]
[0.06343736062552532, 0.4236561212982486, 0.9347188863454512, -0.5642385742854199, -0.41187366391953006, -0.5079904867648116,0.5039251746185235]
[0.207149740922114, -8.799225301349188e-05, -0.059972828079769225, 0.9999999635484096, -0.00026591766327959125, 4.6663226839458794e-05,3.6768721579691196e-06]
[0.5485862504059139, 0.15787138144972207, 0.3309418374099805, -0.8816660469376995, -0.141357292226303, -0.44789770037071236,0.04550546796073899]
[0.37192311711508086, 0.22002458600126068, 0.8732225758743, -0.6002520510011823, -0.15084200772344714, -0.7739779053706113,0.1337997233665116]
[0.15380454349692718, 0.24528327723311655, 1.0198724708087388, -0.4075077284225012, -0.2082589154051296, -0.8543413720702293,0.24630569502017308]
[-0.006257272521409299, 0.3119249482573848, 0.9432822956708058, -0.46240718313938434, -0.2597796370660391, -0.7494567232312023,0.3962433054961135]
[0.20720184433948774, -7.7634426132528e-05, -0.05996283952850634, 0.9999999757932608, -0.00019599323283588102, 9.993240118701441e-05,3.69402983254318e-06]
[0.5527800420111169, 0.16828366801477843, 0.3596755677395299, -0.8670636533780874, -0.12599640219410982, -0.4778357086875765,0.06323419271111037]
[0.3439013922445045, -0.3355772460043602, 0.9322334718705237, -0.06264481308559379, 0.24929752004291017, -0.15431901208308935,0.9539979121589447]
[0.6022924253183565, 0.0687076922248611, 0.2422601862891287, -0.1908984755494207, 0.9371183941719328, -0.13253608891572125,0.26038639072050135]
[-0.08402055335413869, 0.42139690863663515, 0.8800338826323335, -0.395710972337013, -0.450742170566703, -0.5426428439119659,0.5880332184460731]
[0.20715372480929833, -7.036733352054294e-05, -0.059978944796995254, 0.9999999618259044, -0.0002720007797948559, 4.84802761346092e-05,3.6645138507935215e-06]
[0.5337043126913571, 0.15278949288921778, 0.2925857957303243, -0.8870208869708065, -0.216847217100027, -0.4075285685136337,0.009575821569263246]
[0.2728814329400819, 0.22491773923150982, 0.9809396654118333, -0.4405641057815049, -0.1901006341366017, -0.7931562681232993,0.37505753149953697]
[0.08613056545739357, 0.23891965808604, 1.0090859421388352, -0.33657564589996997, -0.22874541242598315, -0.6765788645583132,0.6137046609844746]
[0.07579283351391945, 0.38034974530405186, 0.9177908191826284, -0.5287381483839668, -0.35391316050629884, -0.5506166524289144,0.5403727855211751]
[0.20706142123674096, -5.897946359275653e-05, -0.06000223948145787, 0.9999999866472765, -0.00015584072127479003, -4.9047468428134606e-05,3.66912165452003e-06]
[0.5482399096279613, 0.15771797022966177, 0.32977755092561023, -0.882109949941168, -0.14277147391890826, -0.44665328971473944,0.04471220456222201]
[0.4120992687680631, 0.218682419419377, 0.8283127875975278, -0.6352950537378614, -0.13912463765751723, -0.7504817218934179,0.11756579007842112]
[0.19209526377091357, 0.2783046702922022, 0.9874192467011802, -0.42569093453429246, -0.22227334850018426, -0.8535878207650573,0.20191488068836624]
[-0.05601679589661555, 0.3950628298706682, 0.8832214821066661, -0.4397233441653701, -0.34211189124330416, -0.6517734559000334,0.514581574339852]
[0.20717969694290023, -8.885073273325006e-05, -0.05996618756586693, 0.9999999669622724, -0.00024931172212600293, 6.24946024764129e-05,3.680241384792446e-06]
[0.5316376620506783, 0.15138471778740104, 0.2880844944943903, -0.8869348990295844, -0.2265450986798416, -0.4024902169720473,0.005042656969924138]
[0.2532205911327863, 0.20833404963672753, 0.999502369804339, -0.41763067248651015, -0.1500232542882451, -0.7745077001861047,0.45079426230117575]
[0.06897274934380497, 0.23148887516597078, 1.0122743133179368, -0.324193250725421, -0.24256152035689427, -0.6695152773637993,0.6227454844498767]
[-0.016298058267182503, 0.3094314090597957, 0.9690462916415767, -0.2827053953131713, -0.6258722965807932, -0.4089472103809209,0.6009356928616995]
[0.20715617903554912, -5.1385767271822625e-05, -0.059977221623779844, 0.9999999866036389, -0.00015679015915043368, 4.68621546272973e-05,3.675168829010114e-06]
[0.5550304289810448, 0.15738192744669915, 0.3507815795845072, -0.8751434663076262, -0.10758341192403109, -0.467533962367385,0.06294217100569315]
[0.36630410956470516, 0.24314107654779787, 0.8506644793258388, -0.5951883966032665, -0.10522671977834004, -0.7643538586749479,0.22459138167401185]
[0.12045537176913258, 0.22822131661799264, 1.0383229578965756, -0.37124621798598745, -0.19817306534960483, -0.8647375267913108,0.27410343222931255]
[-0.0035468846000959093, 0.3254515960634706, 0.963068468515015, -0.20249499230608173, -0.23236782246718812, -0.6828161449805099,0.6623919423776025]
[0.20718097269413993, -8.734147198530074e-05, -0.05996803201283041, 0.9999999768606675, -0.00020535638846008237, 6.398331348189084e-05,3.681564859619442e-06]
[0.5372282369402579, 0.1568072409006464, 0.30430254530175505, -0.8847024604526117, -0.2007855308755455, -0.42029230913957466,0.018468945239102006]
[0.1693322630797811, 0.09597381737312627, 1.0726865615873362, -0.30561592961757006, -0.05645150205809332, -0.7339544094236313,0.6039230550053397]
[-0.06252204477046794, 0.007305512070730824, 1.0433209380454944, -0.06556457013092971, -0.31746292742724946, -0.5488511028524731,0.7705070043487545]
[0.054590584025519855, 0.4367211666014449, 0.9594427114922175, -0.22205344261511584, -0.479870519321013, -0.6879912496238989,0.49707604423297574]
[0.20712275752063317, -8.731993855562467e-05, -0.05999976705819331, 0.9999999643689388, -0.0002664649341557244, -1.5654140435317458e-05,3.675353640123774e-06]
[0.5354021409517384, 0.15404244734536018, 0.2966350862219153, -0.8869323267850928, -0.2084736486873597, -0.41195066027168314,0.01365426703581573]
[0.29088065836195925, 0.23641607362485384, 0.962779121513612, -0.46192413242494074, -0.21343205473226534, -0.7960874709064746,0.32759363937958635]
[0.13256797643881313, 0.26014565925197586, 1.0005110649118456, -0.3609261626546798, -0.2025280813345511, -0.705820418605486,0.5749193143928024]
[0.0819271000866854, 0.3666989772602257, 0.9948789540769822, -0.49269885078456294, -0.2308449570396452, -0.5500370885087679,0.6335752911136399]
[0.20716462685388773, -5.307262077081443e-05, -0.05998148452584759, 0.9999999829908265, -0.00018236931652382442, 2.7318811597620003e-05,3.6690605075018583e-06]
[0.5455387542404966, 0.15712758460625637, 0.32178718312985244, -0.8843552562524043, -0.15590674713037286, -0.4383567544693934,0.03810804047744583]
[0.4055343992408421, 0.22674495265191213, 0.8307723624363108, -0.6312383574362044, -0.1841235480520167, -0.7479519743834546,0.09057869048441747]
[0.17862473505003768, 0.26715552152436506, 0.9993548234853298, -0.4184306995161379, -0.2166064504463365, -0.855217657052335,0.2158706890557158]
[-0.024367601694041712, 0.3598228056563347, 0.9498835835225883, -0.4473312493761226, -0.31514653238960755, -0.5947734753002031,0.5889158934293778]
[0.20708291651463986, -8.12663457951e-05, -0.060014656190929175, 0.9999999841160893, -0.00016780189861281274, -5.997444399677979e-05,3.662012706860704e-06]
[0.5493119764547605, 0.15796168081102357, 0.33300010168480376, -0.8811376195399848, -0.13743598452915648, -0.4499466918211029,0.047495474596599606]
[0.418542081061989, 0.21860305922845685, 0.8175220629038502, -0.63717071732377, -0.12421003621535434, -0.7499398192652443,0.12718337693624074]
[0.22870795034865637, 0.3022051240422031, 0.9551296793477716, -0.44713571566886606, -0.23575062240474795, -0.8463607403041091,0.1678236964226025]
[0.049786174050349526, 0.3724066883302606, 0.9272530633902413, -0.5140656356300309, -0.19746733056254173, -0.6593115577118361,0.5119096067592295]
[0.20715938889562466, -7.230771868291164e-05, -0.05998213401901298, 0.9999999843672434, -0.0001754496774979757, 2.1666880782853867e-05,3.6702058712019964e-06]
[0.5305428669926996, 0.15050486808820052, 0.28534724735871164, -0.8870933403433405, -0.23139106544557606, -0.3993944830740174,0.0027617459141075587]
[0.26754414060944, 0.2223396930371475, 0.9830206974412695, -0.4372746130879508, -0.15303755820652892, -0.7620211458667767,0.45243142218335275]
[-0.003194049814023948, 0.16868992495428597, 1.027439585199253, -0.24614361881533198, -0.2913501076326726, -0.6221831805339212,0.6836786698147143]
[-0.12899650007570163, 0.31522529905920443, 0.9237616438659216, -0.3045724630888103, -0.5142043905078341, -0.5061958296240109,0.6217678357568377]
[0.20717963835312883, -8.502348417322884e-05, -0.05997835108951159, 0.9999999773386458, -0.00020247742576371436, 6.566581872375776e-05,3.6879066821864415e-06]
[0.5544169719636209, 0.1574470177546603, 0.3485860373852291, -0.8759658733296594, -0.11104349798309375, -0.4654317779330411,0.06104416767861136]
[0.37933511295372657, 0.24354183928844592, 0.8361181346530834, -0.6079960924515935, -0.10675814395466765, -0.7575212260642332,0.21237947717491246]
[0.16430536136039964, 0.27344855062358536, 1.0004990184036457, -0.39677321716541053, -0.21961882662587745, -0.8612541340534823,0.22930307827735227]
[-0.09927916563149568, 0.440679805523276, 0.9549708084934906, -0.32437264887225264, -0.31321107363101547, -0.6308989827313476,0.6313855253385653]
[0.20707623269880532, -5.7983190030648075e-05, -0.05999494622743522, 0.9999999758733904, -0.0002163649944985865, -3.776284087948222e-05,3.6572842494245296e-06]
[0.5527761265550278, 0.16828426659116288, 0.3596640403454082, -0.8670679964519861, -0.12601551693367696, -0.4778241614707397,0.06322380671441533]
[0.3438922939334483, -0.33557293833112073, 0.9322418718685435, -0.06264885080283401, 0.24929340836763658, -0.1543330933720903,0.9539964435613651]
[0.6023101547705318, 0.06867065119695887, 0.24228337203356828, -0.19084089557349274, 0.9371178881155435, -0.13256466383819532,0.2604158717360318]
[-0.0839728918467472, 0.42139099610466235, 0.8800157033070714, -0.3957595855977431, -0.45073578737944503, -0.5426611348751142,0.587988514410773]
[0.20718212921577472, -5.885106621343293e-05, -0.05996645671384934, 0.9999999711448779, -0.00022803351248301687, 7.548196073201019e-05,3.6652969993305416e-06]
[0.5291386176503456, 0.14906373110671636, 0.2810802715505751, 0.8877107059672178, 0.23727388619758547, 0.3945513818868833,0.0001117632785540511]
[0.35265264484173514, 0.2756374489182863, 0.8893384177814625, -0.5321775515360212, -0.2165448098658619, -0.7478867514060976,0.33250685110613476]
[0.07553388740638795, 0.2397366071153692, 1.0098150320510155, -0.3292113089556978, -0.24206522129431038, -0.6778308773940159,0.6112034394100473]
[-0.1320511141273209, 0.310540205580447, 0.926693469785362, -0.2903321404699369, -0.39061761917197396, -0.7390188494638021,0.4658071102288609]
