[0.3687797325800355, -0.020041340045229804, 0.1646062930530268, -0.9998795837947291, -0.015510024241032937, 0.0005006492525607668,8.005528208349936e-05]
[0.3961496780776588, -0.052611080222248516, 0.19649999541203278, 0.9970371217314474, 0.00505942504367778, 0.06250123041961879,0.04455307288765165]
[0.41932512680705347, -0.08370616062777142, 0.23392911345707726, 0.9881883952796742, -0.004547325200519946, 0.12474321041074396,0.08889403087116864]
[0.4376761063047936, -0.11253364036574631, 0.2761607854677859, 0.9735458622418133, -0.012719731205868556, 0.18550340597625725,0.13279739802083143]
[0.4507810482701209, -0.1383139525511323, 0.32228512467303116, 0.9534412161999817, -0.018903897866720722, 0.24407904136240482,0.1761190264115558]
[0.4584451212821024, -0.1603231062353721, 0.3712509857975448, 0.9283182555394995, -0.02259870356637325, 0.29979559904552605,0.21871697195726336]
[0.4607054587789595, -0.17793491447278503, 0.42190787217690495, 0.8987231828523053, -0.023370746861860373, 0.35201560239226665,0.26045242265594454]
[0.4578228575690649, -0.1906603504518231, 0.47305198049111674, 0.8652925502905452, -0.02086770050872952, 0.40014691765375016,0.3011906136973154]
[0.45026039408638296, -0.1981811906208193, 0.5234741836420669, 0.8287391203926753, -0.014829743019981072, 0.44365046744845876,0.3408017191645322]
[0.43865025968730176, -0.20037536629897598, 0.5720076666290573, 0.7898359597934369, -0.005098781847280042, 0.4820472555294565,0.37916171019417744]
[0.4237508943735854, -0.19733190056285566, 0.6175729596337984, 0.7493991239642647, 0.008374767163676557, 0.5149246115724357,0.4161531697266326]
[0.4106907633724788, -0.23530493689910142, 0.5916595057753451, 0.7710475652822691, 0.0006812872516010992, 0.46189060905774393,0.4383403394444009]
[0.3934820438089174, -0.2710070402769551, 0.5649088980779047, 0.7923254860833067, -0.006066532082429755, 0.40751663310589076,0.45399748350996844]
[0.37245623101082104, -0.3039003510374008, 0.5374677501113247, 0.8131161546768302, -0.011866000714722935, 0.3526400391572064,0.46297550671046056]
[0.34802215117702995, -0.33350022461693907, 0.5094921727094018, 0.833304969911638, -0.01672249241219273, 0.2981223174681447,0.46523786302869985]
[0.32065749227371904, -0.3593871336012562, 0.48114617959353173, 0.8527801632593074, -0.02064929980573622, 0.2448333641241529,0.46086464757085943]
[0.2908984018191328, -0.38121717747497075, 0.4525999746594635, 0.8714334834458011, -0.023667436539715217, 0.1936350930799848,0.4500544268253132]
[0.25932738744995715, -0.39873087444475747, 0.42402814312978804, 0.8891608594202887, -0.0258053880539974, 0.14536472064194134,0.43312370751904933]
[0.22655981237480294, -0.411759951163642, 0.3956077701937824, 0.9058630375845925, -0.027098812777311132, 0.10081806804604816,0.41050399345138905]
[0.19322932649919639, -0.4202318974789063, 0.3675165118462816, 0.9214461893660775, -0.027590195821585926, 0.0607332347066182,0.38273643071875507]
[0.15997261341639496, -0.4241721130559168, 0.33993064338242773, 0.9358224854002307, -0.027328457564566578, 0.02577499406768261,0.3504640936063036]
[0.12741386213285114, -0.42370353918006054, 0.3130231113944781, 0.948910632795531, -0.026368519790451402, -0.003479744294979766,0.31442201499145594]
[0.09614938919286518, -0.41904374023950136, 0.2869616151443942, 0.9606363721811909, -0.024770832323897738, -0.026555078515576126,0.2754251152556239]
[0.06673284100734297, -0.410499473180792, 0.26190674285092075, 0.9709329314865803, -0.022600863339797366, -0.04308755956701022,0.23435423132883906]
[0.03966139729861928, -0.39845885732220687, 0.23801018773669227, 0.9797414336680768, -0.01992855675824799, -0.05283566306390251,0.19214049153719]
[0.015363374686356669, -0.383381328971271, 0.2154130676390655, 0.9870112558830966, -0.016827760339724655, -0.055687049502087214,0.14974832139217326]
[-0.005812404979835517, -0.36578563301609546, 0.19424437061236396, 0.9927003379103935, -0.013375628278323993, -0.051663416695779465,0.10815739945130538]
[-0.023605163012665006, -0.3462361648416443, 0.17461954725826181, 0.9967754379285304, -0.009652002249985444, -0.04092279496261867,0.06834391009739245]
[-0.03784836694680105, -0.3253280285372664, 0.15663926853886842, 0.9992123340888152, -0.005738775006815912, -0.023759186241024906,0.031261460864260494]
[-0.048473391455640585, -0.3036712196334809, 0.14038836558159895, -0.9999959706529441, 0.0017192407172189348, 0.0005995017679873867,0.002177954743062599]
