[0.35379858792950997, -0.04653762946297189, 0.10362742627279953, -0.9998797362921991, -0.015494779020678015, 0.0006481687013751555,6.821053981164627e-05]
[0.39764557994153016, -0.063379098295654, 0.13491955203921774, 0.9977784890926868, -0.006799719557536887, 0.05903321564585006,0.03011527798916834]
[0.43885484694928534, -0.07837276687247081, 0.17124987635446604, 0.9907385383859013, -0.028618686527601453, 0.12049123809302927,0.055677471936250826]
[0.47678134054406945, -0.0912655829438841, 0.21215639963114297, 0.9788841765704479, -0.049369825948323544, 0.18301632505934318,0.07650760686102781]
[0.5108564224544234, -0.10183294197536885, 0.2570716342714252, 0.9624306069830255, -0.06848479397376572, 0.24589995388463012,0.09257630591135575]
[0.540602820293037, -0.10988489512300112, 0.3053373297174582, 0.9416795648448211, -0.08543166741171031, 0.30844560641973656,0.10393428326247615]
[0.5656466678251025, -0.11527193697242555, 0.3562218566899221, 0.9170131966754101, -0.09972666666021059, 0.36997940694553183,0.11070965412384616]
[0.5426611775783158, -0.19876863162709907, 0.35957051876529306, 0.9152441561929148, -0.1023391611191761, 0.3530087638966982,0.16504436757511082]
[0.5073943593570873, -0.27796427909722093, 0.3629249246743928, 0.9134555182521567, -0.10493753454502489, 0.3280281239426379,0.21675949787949164]
[0.4606191359848675, -0.3510595612789651, 0.3662849081814058, 0.9116474215382673, -0.10752161350891164, 0.2954449042194613,0.2646703421273769]
[0.4033708852166023, -0.41639021254524355, 0.36965030267076837, 0.90982000646875, -0.11009122606568125, 0.25584221053444695,0.30765604346641195]
[0.33692432629412106, -0.4724651120819286, 0.37302094116249135, 0.9079734151771466, -0.11264620177167774, 0.20996876054776056,0.3446856976319165]
[0.26276490918774226, -0.5180004833758667, 0.37639665632751523, 0.9061077914965194, -0.11518637170237116, 0.15872492251668535,0.3748428589894915]
[0.22652950944888992, -0.5169742384932108, 0.3397462729416935, 0.9248779432336215, -0.10694167524932284, 0.11519678423946303,0.3462570852931404]
[0.19111632620609914, -0.5107727165564155, 0.30414889848583404, 0.9418615223142549, -0.09721812811987159, 0.07685583653663633,0.31231184533891254]
[0.1571558839048692, -0.4995991591613205, 0.26987932242219, 0.9569024800212459, -0.08616468146708614, 0.044418177103139216,0.27375229120447436]
[0.1252472171580213, -0.48375045237689407, 0.23719854004355284, 0.969862419292986, -0.07394476920975666, 0.018495737919884583,0.23142378103486116]
[0.09594413191690636, -0.4636114756177488, 0.20635027337524, 0.9806219692954363, -0.06073451241340577, -0.00041800006337558724,0.18625707399450248]
[0.0697424246796098, -0.4396472732029295, 0.17755773702201072, 0.9890819718755819, -0.04672079656583589, -0.011960131734165396,0.13925148231837994]
[0.04706840955691611, -0.4123932234326192, 0.15102070134840656, 0.9951644682172486, -0.03209924096951633, -0.015908001390979924,0.09145630333009704]
[0.028269070849960796, -0.382443437959416, 0.12691290051914078, 0.9988134759819004, -0.017072080532497112, -0.01218618344297775,0.043950895284852166]
[0.013604116935683773, -0.35043767606241677, 0.10537982724051803, -0.9999955492737506, 0.001845981100110309, 0.0008705833837909072,0.002176205652031881]
