[0.2859894942653282, 0.028552204866067892, 0.16643972772661408, -0.9998794942853437, -0.015511888430253851, 0.0006065223512875841,0.00010176271534563678]
[0.3297357703113042, 0.005676556441907284, 0.20606024750010893, -0.9973307294636092, 0.016188127543839772, -0.07020263982766183,0.011872234643793868]
[0.36694958381187925, -0.025634364474761848, 0.2513123846481621, -0.9886455756339412, 0.04739974739456807, -0.1419281349849755,0.01376932191689022]
[0.39569428055091166, -0.06378457622536547, 0.3016378699812779, -0.9739066624080666, 0.0776904040340479, -0.21315759120471411,0.005818535039949976]
[0.4144332205186637, -0.106766129217009, 0.35637350595789796, 0.9532478090708211, -0.1066370377261091, 0.282504881795697,0.011753656804564227]
[0.42211716338190003, -0.15225917917126658, 0.414763379814004, 0.9268527580749083, -0.13383080873456704, 0.3486387515829408,0.038526619071443245]
[0.41824638241905615, -0.19775010505901497, 0.47597315256488604, 0.8949534030031081, -0.15888165717807837, 0.4103100588241727,0.07389642138296247]
[0.40290390242280716, -0.24066127212790367, 0.5391061068138507, 0.8578275300399483, -0.18142265952141598, 0.46637705309705935,0.11709052763670029]
[0.37675787700289765, -0.27848536001151547, 0.6032205952405154, 0.815796097295297, -0.2011141334189528, 0.5158281543385416,0.16718596881496986]
[0.3410328566310561, -0.3089169039785885, 0.6673484991558203, 0.7692200813478405, -0.21764744545685788, 0.557801754681197,0.22313058600717162]
[0.29745144829071235, -0.3299738495684455, 0.7305142833816506, 0.7184969250702113, -0.23074847968344392, 0.5916026315522526,0.2837668658051543]
[0.2481495277594229, -0.3401024873527827, 0.7917542204868617, 0.664056625106676, -0.24018072863385698, 0.6167146361791499,0.3478578355697345]
[0.24164560866619716, -0.37258576344253636, 0.742721034177515, 0.7066859010567555, -0.23484979578011336, 0.5524272407816123,0.3745193644019698]
[0.22942289927339915, -0.40138944074164085, 0.6921621936869549, 0.7471606110419894, -0.2271879636937749, 0.4865577885374804,0.3916607829149532]
[0.21210030427819787, -0.4257051634267509, 0.6405749165639901, 0.7852661262835481, -0.21729327794446748, 0.4204277776202549,0.3992257833320301]
[0.1904136315632507, -0.4448449030859234, 0.5884653152841103, 0.8207990209826763, -0.20527811108551924, 0.35534904908537535,0.3973372844035167]
[0.16519418300275537, -0.45825744763124304, 0.536342360769012, 0.853568244274552, -0.19126837408321795, 0.2925996839723454,0.3862940413479151]
[0.13734501677065475, -0.46554102953458587, 0.48471181341882386, 0.8833962196197547, -0.1754026400403171, 0.2334006219913768,0.36656402262422316]
[0.10781557073347453, -0.46645177144227595, 0.4340702042379181, 0.9101198645903148, -0.1578311860707346, 0.17889343536318142,0.33877468554420004]
[0.07757537957207167, -0.4609077508503765, 0.38489894799620866, 0.933591524521033, -0.13871495973372963, 0.13011966888952362,0.3037003408899047]
[0.047587639168643864, -0.4489886145070472, 0.33765866852493837, 0.9536798140546231, -0.118224476943709, 0.08800212704069107,0.2622468511773599]
[0.018783369948881284, -0.4309308035704297, 0.2927838132252749, 0.9702703612074964, -0.0965386587326929, 0.053328451341470906,0.21543395695639017]
[-0.007963093569566261, -0.4071185782736598, 0.2506776297138479, 0.9832664492175762, -0.07384361465317403, 0.026737287346674313,0.1643755696061758]
[-0.031856605946268025, -0.3780711520103872, 0.2117075723033723, 0.9925895521021327, -0.05033138096680946, 0.008707290873529418,0.11025840663326056]
[-0.05220109200360915, -0.3444263556508975, 0.17620119979694432, 0.9981797605477044, -0.02619862206660354, -0.00045083113701384033,0.0543193757882508]
[-0.06841627573503989, -0.3069213501638413, 0.14444261895498864, -0.9999960954710111, 0.0016453038249018908, 0.0005991076731939549,0.002177863184987462]
