[0.3649463968929802, 0.03769533607453831, 0.15750069337846595, -0.9998784424698403, -0.015583626996471728, 0.0004981577288418068,5.18902560886999e-05]
[0.36326488338344154, 0.018114705548968636, 0.16315248299128848, 0.9945351749839029, 0.09605373141398396, -0.01201653945063308,0.03910331419227361]
[0.3622372905755207, -0.002903659627515237, 0.1705320981105188, 0.98141051789204, 0.17297423958894342, -0.02827021434856291,0.07819272849946536]
[0.36182364005173034, -0.025077476723941304, 0.1798591447853944, 0.9610946416958077, 0.24552206410690422, -0.04927556145626288,0.1165672543361237]
[0.3619517834343055, -0.048099517238500866, 0.1913215856285968, 0.9342642462585597, 0.31296254429861226, -0.07496051962470081,0.15357631499244842]
[0.36252031972011045, -0.07164249495344359, 0.20506994467681927, 0.9016700694532086, 0.3746585287382353, -0.10516470918099241,0.1885801066889736]
[0.3634022837249057, -0.09536438220010794, 0.22121228972473264, 0.8641234585005693, 0.4300777344243031, -0.13964126753164632,0.22096177774363865]
[0.3644494987740668, -0.11891407096036997, 0.2398101242027381, 0.8224822385759945, 0.47879828911685673, -0.17806038006542288,0.2501392944276235]
[0.36549747005732436, -0.14193728701449537, 0.2608752999532469, 0.7776361220084876, 0.520512394969357, -0.22001445370019776,0.27557675626559747]
[0.3663706816322109, -0.16408265827169574, 0.28436803868546956, 0.7304919058945425, 0.5550280839734528, -0.2650248471582906,0.2967949322546488]
[0.36688815025893834, -0.1850078328880408, 0.31019612401739055, 0.6819587061592168, 0.5822690682615983, -0.31255004022047705,0.31338080285428466]
[0.3668690833285152, -0.20438553896610076, 0.3382152984668083, 0.6329334720553419, 0.6022727204213324, -0.36199509445158834,0.3249959104069518]
[0.33874372137907394, -0.23155379923267644, 0.3144970658432453, 0.6720585720018093, 0.5868863469386999, -0.3579137629160008,0.2753169625924747]
[0.3092175726721551, -0.2540730620299829, 0.2921404612487845, 0.7110903003707612, 0.5667745882735499, -0.34809125033904176,0.22792461965169916]
[0.2791430200165392, -0.27219483149026613, 0.27123008144855293, 0.7495519905406963, 0.5418864115772979, -0.33296027689812335,0.18348946681563127]
[0.24923898529810157, -0.28633123364754365, 0.2518278759310183, 0.7869577683165043, 0.5122200163430852, -0.313032642574592,0.1426137806334461]
[0.2200605112774605, -0.2970132381628105, 0.23397285088226372, 0.8228176686466668, 0.47782402953829317, -0.2888891871715881,0.10582210777522644]
[0.19197973899584356, -0.30484319895693573, 0.21768113480364185, 0.8566428912696504, 0.4387981611366298, -0.2611686180721355,0.0735532701827567]
[0.1651793033700945, -0.31044464672703953, 0.20294640094848138, 0.8879511376607355, 0.39529330484010183, -0.23055540485888568,0.046153933374647224]
[0.1396584370767627, -0.3144124368315394, 0.18974063601456184, 0.9162719700520142, 0.347511075001155, -0.19776695646540238,0.023873847175399986]
[0.1152513164159296, -0.3172663468817481, 0.17801523899059277, 0.9411521323765354, 0.2957027771375447, -0.16354030928951183,0.006862838606240932]
[0.09165644603416512, -0.3194110277726537, 0.16770242880760955, -0.9621607727585274, -0.24016781590300773, 0.12861856343347272,0.004830394331992478]
[0.0684752052040257, -0.3211048484671538, 0.15871693457563799, -0.9788945076430295, -0.18125155085997466, 0.09373730877594029,0.011257671189420568]
[0.04525710685426151, -0.32243965736854924, 0.15095793777133307, -0.9909822688296296, -0.1193426168202241, 0.05961128283368858,0.0125689154147531]
[0.027709365356148687, -0.3232771363565472, 0.14491303723469817, -0.9977410788877547, -0.059745053057706415, 0.029354489649048934,0.009032279472838307]
[0.009366553270262184, -0.32410124425631515, 0.13972958001096125, -0.9999956609306264, 0.0016746302070039978, 0.0006482492597099387,0.00233527439222124]
