[0.2344130445042282, -0.03450288464642768, 0.15132379096923232, -0.9998795910143596, -0.015506181788734358, 0.0005994825195780367,4.9193504706563585e-05]
[0.25697747962752243, -0.04568663178882863, 0.1731979674592614, 0.9973844212304881, 0.057342837694841955, 0.017295390867597057,0.0404596676526731]
[0.2808280982913784, -0.05465392270425558, 0.19670095429689477, 0.9912225378595726, 0.09834021412953535, 0.03591683668873438,0.08072833186967428]
[0.3056285723739196, -0.06119461047388239, 0.22177225035927753, 0.9814707415893961, 0.13825829113193744, 0.05514118963797705,0.12066183134092735]
[0.33102424661861485, -0.06514322129567697, 0.24833018829799347, 0.9682267541256458, 0.17686475036794663, 0.07484216150816562,0.1601701081144237]
[0.3259491292940506, -0.10318828611627945, 0.24303102053687534, 0.9682784203079811, 0.17837148626329016, 0.05554398701290463,0.16593787741445976]
[0.3163308819439426, -0.140911818084242, 0.23761693819576118, 0.9683441120340321, 0.17982622508910776, 0.03595072408221818,0.16935098138832252]
[0.30217900135064, -0.17775121792069654, 0.2320914215999795, 0.9684237148373169, 0.18122744331608967, 0.016351757046035583,0.17042518115381952]
[0.28357495469005833, -0.21314227194763702, 0.22645800570134533, 0.9685170995082111, 0.18257365465180983, -0.00297221354773534,0.16921186286401596]
[0.26067259787640357, -0.24652861506634907, 0.22072027693952975, 0.9686241223550225, 0.18386341077106333, -0.021753539819662722,0.1657960773869763]
[0.23369732196515652, -0.27737125490000897, 0.21488187009779175, 0.9687446254749684, 0.18509530202046443, -0.039741634847772656,0.16029404930608895]
[0.2029439214638583, -0.3051579832312548, 0.20894646515723594, 0.9688784370347696, 0.186267958096961, -0.05670655692563997,0.15285021569199753]
[0.16877320246017377, -0.3294125006712121, 0.20291778415368597, 0.9690253715605757, 0.18738004869993272, -0.07244211596426861,0.1436338624966934]
[0.13528023742630169, -0.3274680223053513, 0.18417218381665476, 0.9783217924609948, 0.1586959295467574, -0.06894369504916771,0.11379296662871792]
[0.10371554781506548, -0.32189917494298337, 0.1662543841672155, 0.986046098674263, 0.1287696728285925, -0.06161693218371938,0.08564354218007336]
[0.07448610569438426, -0.3131247746857348, 0.14916257047324047, 0.9921331580250006, 0.09768516435081376, -0.05075456342345199,0.059610231544499105]
[0.04792243041776009, -0.301606820434312, 0.13289042302282933, 0.996522841174051, 0.0655307043625314, -0.036695239522990405,0.03607510499635955]
[0.024274935005310506, -0.28783722142860085, 0.11742736730491846, 0.9991602791974635, 0.03239870228012442, -0.019817693439662363,0.015372689788794818]
[0.003712534445660394, -0.27232446409583794, 0.10275885365400433, -0.9999961022910415, 0.0016146445503741494, 0.0005343687322453101,0.0022142212533987743]
