[0.24565609564049648, 0.041221294406937205, 0.15812814817762372, -0.9998805580012328, -0.015446570838975712, 0.0005076487948396297,0.00012439116197842976]
[0.2521288453425047, 0.02473989625614618, 0.1681984870217957, -0.999687335221623, 0.013669275909405667, 0.0033142675688259127,0.020673614199879557]
[0.2578848662692466, 0.0076150021153411065, 0.1786890248054316, -0.9982432540844692, 0.04174510847179109, 0.00252792282745962,0.04196857395369897]
[0.26286114723163306, -0.010231723226548289, 0.18962931995927865, -0.9956122780144496, 0.06871507042751275, -0.0019787686870503924,0.06348634055845293]
[0.26695732793835836, -0.028869547114358098, 0.20104566942263324, -0.991861533829889, 0.09451821271168587, -0.010260230566476403,0.08468608411735569]
[0.2700379913284011, -0.04834897114298033, 0.21296074950889107, -0.987060988921924, 0.11909865900876594, -0.02229570617872748,0.105019117577608]
[0.27193709825844825, -0.06869272011044406, 0.22539328725022073, -0.9812831199016482, 0.14240574908511322, -0.03798841044001562,0.12393918628035519]
[0.2724643692667925, -0.08988785428547862, 0.23835776532204134, -0.9746025741902629, 0.16439415960881787, -0.05716607774230772,0.14091281781223589]
[0.27141333392285194, -0.11187939027277952, 0.25186416335586104, -0.9670958260510023, 0.18502400210428138, -0.07958290470106551,0.155429544036473]
[0.2685706965986295, -0.13456574902366186, 0.26591773813191033, -0.9588408285786829, 0.204260897789527, -0.10492286120364243,0.1670118088088474]
[0.2637266111145753, -0.1577962701777056, 0.2805188448035988, -0.9499166631731002, 0.22207602914546828, -0.1328043184802968,0.17522437986207404]
[0.25668541771634756, -0.18137094331145584, 0.2956628009471456, -0.940403188026118, 0.23844616816798092, -0.16278591903083808,0.1796830915851754]
[0.24727637560511653, -0.2050424125161207, 0.3113397948548877, -0.9303806871491715, 0.253353681355101, -0.19437359064817034,0.18006275678826864]
[0.235363923377505, -0.22852021490277263, 0.32753483910305087, -0.9199295214580601, 0.2667865115826186, -0.22702858589026412,0.17610409982788403]
[0.2208570180547075, -0.2514771200321533, 0.3442277700275567, -0.909129783415397, 0.27873813712125484, -0.26017640953891685,0.16761958042151323]
[0.20371713995165586, -0.27355734963949735, 0.36139329333822834, -0.8980609567080005, 0.2892075081470982, -0.29321648018476243,0.15449799680292356]
[0.18396460379709983, -0.294386378839683, 0.379001075696043, -0.8868015824069648, 0.2981989611935753, -0.32553235838815525,0.1367077782199019]
[0.1616828839633018, -0.3135819543016196, 0.39701588167345514, -0.8754289330222955, 0.305722112087528, -0.3565023631314735,0.11429889977537663]
[0.13702074055704397, -0.3307659141850126, 0.41539775511779065, -0.8640186958219939, 0.31179172800355337, -0.38551039069420673,0.08740337685364136]
[0.11201320428796352, -0.3364853049790448, 0.37721219251556576, -0.88487005638035, 0.3043278177740682, -0.3471257983731123,0.06239585526410798]
[0.0861612018430147, -0.33852922247189926, 0.34081273822774133, -0.9059758616334844, 0.2900552347294922, -0.3056159754964917,0.040921564789397236]
[0.05994749724764958, -0.3373628890350681, 0.3065886509599813, -0.9266328786742668, 0.26882057220148464, -0.26180743773232723,0.023321099226707793]
[0.03385066516859436, -0.3335059664712809, 0.27480640514152155, -0.946108177874654, 0.2405857524518262, -0.21656767173328045,0.009810965085932037]
[0.008337466510422865, -0.32750361500895836, 0.24560673377822861, -0.9636544659006441, 0.20543234386105785, -0.1707846386162,0.00047922670090537077]
[-0.016143596771366217, -0.3198975331623641, 0.21900785115577812, 0.9785259979514891, -0.1635635791767548, 0.1253458784964611,0.004715680638310164]
[-0.03916759097899012, -0.31119834942038666, 0.1949146091106125, 0.9899947397576555, -0.11530400632400417, 0.08111770911266132,0.005942949277911229]
[-0.06033743801397964, -0.30186064900635495, 0.17313306349503185, 0.9973664425636631, -0.06109675171054289, 0.03892500856540783,0.0034942648020411765]
[-0.07928735068880718, -0.2922617725541172, 0.15338967556030977, -0.9999962940431397, 0.0014984250020391623, 0.0004679423397835675,0.0022243319146963312]
