[0.22866092716676475, -0.004920504761500661, 0.11336870145474062, -0.9998799138405177, -0.015485280959190172, 0.0005953629848574421,9.754388970553011e-05]
[0.23342840702439027, -0.020489189686484936, 0.12390525594075724, 0.9985500949588774, 0.049955092230969805, -0.009848586010847524,0.01747003066394924]
[0.23767163355519214, -0.036877331286327475, 0.13460688315019778, 0.9956953711867639, 0.08342355625353072, -0.021046383294388286,0.03447155072654207]
[0.24132364957603733, -0.054028350480367804, 0.14550220075121142, 0.9913885282483136, 0.11580582116056368, -0.034159383025744866,0.05070438239709738]
[0.24431968835508083, -0.07187844324154487, 0.1566177119232804, 0.9857069373517084, 0.14702263369787286, -0.049137233336224315,0.06596750061445535]
[0.24659796439026133, -0.0903567626948982, 0.16797744288966782, 0.9787321599693279, 0.17700060027982184, -0.06590871473113338,0.08006364883545568]
[0.24810046433462707, -0.1093856922931194, 0.179602600681768, 0.9705495377097535, 0.2056724200933501, -0.08438207359360829,0.09280148770559438]
[0.2435398318179691, -0.1370711694418249, 0.18660465445218444, 0.9649066647792317, 0.2228853346424556, -0.10249424034458914,0.09365995175167402]
[0.2362572077286055, -0.16480039228841498, 0.19351804520000218, 0.9588271188150628, 0.23969570172080476, -0.12144347306593643,0.09191305484565312]
[0.22620309105299924, -0.19231054406801856, 0.20034150660738878, 0.9523261934050152, 0.25609133792502664, -0.14089293172159376,0.08741412806507894]
[0.21335394990942683, -0.21932941122220861, 0.20707375516252668, 0.9454195266151234, 0.2720606427104338, -0.16048564591673797,0.08005799671181807]
[0.19771362071728363, -0.24557805597974014, 0.2137134864666765, 0.9381230795415257, 0.28759260839189665, -0.17984950643150077,0.0697834813277129]
[0.17931441960739983, -0.27077367749436554, 0.22025937183136998, 0.9304531145704916, 0.302676829357589, -0.1986025513140121,0.05657530528131642]
[0.15821794200846304, -0.2946326292429313, 0.22671005517839454, 0.9224261733754603, 0.3173035104871076, -0.2163584763751815,0.04046537538530784]
[0.1345155300936613, -0.31687355741982015, 0.23306415025433075, 0.9140590546801638, 0.3314634747665188, -0.23273229620035332,0.02153341027849779]
[0.10832839187780319, -0.3372206225428199, 0.2393202381704785, -0.9053687918171066, -0.34514817009395987, 0.24734607904070666,9.310001329930599e-05]
[0.07980736016440926, -0.35540676445287056, 0.24547686527805287, -0.8963726301108452, -0.35834967527047296, 0.2598346772134608,0.02423961095169554]
[0.049132284195691864, -0.3711769693814826, 0.25153254138754644, -0.8870880041156333, -0.3710607051718438, 0.2698513739545004,0.050685915266324356]
[0.016511051692906814, -0.38429149680332303, 0.25748573834015215, -0.8775325147370926, -0.3832746150982735, 0.2770733680458325,0.07916819891979186]
[0.0051481760711001995, -0.37313804777622567, 0.23632068779881488, -0.8993460613420438, -0.3558834392166153, 0.24148761152136444,0.0787868841979009]
[-0.004847453458109607, -0.36176614056474365, 0.21650394827133682, -0.9200384644447375, -0.32428016265904236, 0.206353290408623,0.07609152111457292]
[-0.01368119057377308, -0.3504854249277543, 0.19803381442660686, -0.9391945273019745, -0.2885496512396162, 0.17201816382163332,0.0711511768767792]
[-0.021614476673014464, -0.33953454692251117, 0.18087569026600442, -0.956404704048059, -0.24882554081496217, 0.13882072918215885,0.06406791289109103]
[-0.028947144443995182, -0.32906887763013976, 0.16496504702482426, -0.971270459074448, -0.20528965278504668, 0.10708651816639517,0.05497573479003922]
[-0.03599717900171934, -0.3191524682680157, 0.15021111415271515, -0.9834095577014473, -0.15817080282444718, 0.07712451752574401,0.044039161569392415]
[-0.043078904498497717, -0.30975476033037863, 0.13650119818207107, -0.9924612198195785, -0.10774301234941026, 0.04922375538992389,0.03145142841624751]
[-0.05048067012269131, -0.3007523589393257, 0.12370550900319699, -0.9980910695257585, -0.05432313995893373, 0.023650091930436417,0.017432342057556074]
[-0.05844316560806248, -0.2919359365310383, 0.11168236083278638, -0.999995816001457, 0.0017320423698233517, 0.0006432510846760051,0.002225811504085717]
