[0.34519494421523417, -0.018051118514351105, 0.10662765569659269, -0.9998796834820897, -0.015498641843330638, 0.0006365174032989048,7.42048774342504e-05]
[0.3773427222548626, -0.034155744260877155, 0.1196127390424212, 0.9967803368188617, 0.06667637355979845, 0.03794084697197458,0.023317664360745775]
[0.4085766804729593, -0.04976577327124466, 0.1343726839835074, 0.9889625965698688, 0.11835510556769649, 0.0739320147675271,0.049790649365686265]
[0.4387238149302991, -0.06473330868037862, 0.15074394097460778, 0.976392475580582, 0.17015181052161932, 0.10703348197866165,0.07905649082372262]
[0.4676264828292041, -0.07892122349577753, 0.1685405322233927, 0.9590722298666248, 0.22168204473098915, 0.13697465311928889,0.11079473518808833]
[0.49514369352573884, -0.0922054370760383, 0.1875567198369794, 0.9370402535951796, 0.27256329287823355, 0.1635215109288292,0.14465659328633793]
[0.5211520437706946, -0.10447703611287694, 0.2075699957543961, 0.9103706565751877, 0.3224182791697819, 0.18647982325690493,0.18026923315455756]
[0.5455462886960746, -0.1156441911037952, 0.22834434689833874, 0.8791725297627402, 0.3708782148208233, 0.20569783494648347,0.2172404506076909]
[0.5682395486109034, -0.125633821679195, 0.2496337440515797, 0.8435889071561093, 0.4175859525208636, 0.22106839951711701,0.2551636547695317]
[0.5891631601990629, -0.1343929677291763, 0.27118579889674044, 0.8037954352304479, 0.46219901954654297, 0.23253051318499504,0.2936231003699001]
[0.6082661890137032, -0.14188982801762148, 0.2927455305281804, 0.7599987637192333, 0.5043925024700795, 0.2400702221367744,0.33219929416000865]
[0.625514628032202, -0.14811443379999786, 0.3140591806104662, 0.7124346740632144, 0.5438617579427102, 0.24372088288013097,0.3704744993761869]
[0.6408903142758648, -0.15307893177258328, 0.3348780152608212, 0.6613659641945967, 0.5803249257968859, 0.2435627647973072,0.4080382598581689]
[0.654389601926312, -0.15681745834277638, 0.3549620516964809, 0.6070801104828027, 0.6135252226908765, 0.2397219935932579,0.4444928642464049]
[0.6660218358208593, -0.15938559556589965, 0.3740836487166231, 0.549886729618634, 0.6432329966949284, 0.2323688440168674,0.4794586706718848]
[0.6758076735398708, -0.16085940796465079, 0.39203090216837067, 0.4901148649383507, 0.6692475255674847, 0.22171539989874461,0.512579213523141]
[0.6464515303258922, -0.23384831164673792, 0.38021832156132895, 0.5444236052062803, 0.6444695975502445, 0.17485074657872357,0.5076308622892091]
[0.6081404344203026, -0.3010445710561831, 0.36739887986033753, 0.5965985751233146, 0.616673657043861, 0.1299424635142437,0.49688901884105985]
[0.5619923927109297, -0.36119029111525125, 0.35369929521889887, 0.646387439305229, 0.5860419801333212, 0.08766610212623534,0.4806794465835186]
[0.5093143529466733, -0.413247682166958, 0.33926081050016826, 0.6935546103146224, 0.5527768719367752, 0.04865151803338234,0.4594047911767728]
[0.45155798279406617, -0.45642830691525205, 0.32423741558616426, 0.7378829374331438, 0.5170991606146661, 0.013474181630979791,0.4335385509571422]
[0.39027094319887934, -0.49021332110598503, 0.30879388326886614, 0.7791752587375844, 0.47924654931237864, -0.01735273674373004,0.4036180665813899]
[0.3270455011660103, -0.5143640411758678, 0.29310364478218404, 0.8172558044344421, 0.4394718383984297, -0.04338539640784017,0.3702366280521852]
[0.2634664167688944, -0.5289225503401208, 0.27734653319974645, 0.8519714405263435, 0.3980410313811285, -0.06425533237692858,0.3340348097513871]
[0.20106005155683077, -0.5342024423192646, 0.26170642470660577, 0.883192743088991, 0.35523133880640806, -0.07967443328317489,0.29569115503470117]
[0.14124658032137835, -0.5307701833769373, 0.2463688091301541, 0.9108148947199726, 0.3113290952508336, -0.08943878154321384,0.2559123411690189]
[0.08529704837520757, -0.5194179331001963, 0.23151832206920114, 0.9347583960710457, 0.26662760522015394, -0.09343130210156657,0.2154229627891555]
[0.034296808113611216, -0.501128987879854, 0.21733627147846432, 0.9549695867831176, 0.22142493433954707, -0.09162318280203641,0.1749550775062958]
[-0.01088339949705455, -0.47703728535357875, 0.20399819164279454, 0.9714209715972931, 0.17602166267222868, -0.08407404670710447,0.13523766073608054]
[-0.0496077694597848, -0.4483826222434496, 0.19167145711131894, 0.9841113489049393, 0.13071861732460976, -0.0709308742506844,0.09698611817820649]
[-0.0814865661148082, -0.4164633836601819, 0.18051298836242524, 0.9930657405132397, 0.08581460168596311, -0.052425690724518755,0.06089200364931082]
[-0.10637784058050757, -0.3825886535342002, 0.17066707974794487, 0.9983351229285685, 0.041604138706853776, -0.028872052013811413,0.027613087153974245]
[-0.12437988513217674, -0.34803157093752707, 0.16226337863659684, -0.9999959619864024, 0.0016247544572880802, 0.000660378466599206,0.0022360867882132767]
