[0.3081990065630265, -0.018076735506692577, 0.13010972983011543, -0.9998803685017604, -0.01545504008042838, 0.0006147433344085774,0.00011185494767417244]
[0.3216239380068876, -0.040974120814996746, 0.14460472773078975, -0.9962361187931852, 0.07160377142753428, -0.04009597314681312,0.027907140065838235]
[0.33278310163692404, -0.06857523173390448, 0.16117502975449524, -0.9826002288675406, 0.1578961274776009, -0.08299352224958419,0.05174628896493063]
[0.34034911119101946, -0.10053643802194807, 0.17964456012038005, -0.9591218938262625, 0.2422879054554982, -0.12755175644985042,0.07150044111520996]
[0.3430943328016751, -0.1361838081742196, 0.1997999616170753, -0.9260868217453853, 0.3236720632992134, -0.17324168778361537,0.0871028796484118]
[0.33996849037759896, -0.17454686327027694, 0.2213948539382542, -0.8839125613530778, 0.40098566814880426, -0.21953892976291559,0.0985481412308342]
[0.330165354808368, -0.21440973021380413, 0.24415483408261543, -0.8331416564876398, 0.4732261481433468, -0.26593090927749286,0.10589024709239678]
[0.31317478319081465, -0.25437638433680715, 0.26778310410795864, -0.7744327529861859, 0.5394664863955376, -0.3119237449855524,0.10924009553492167]
[0.28881732744412963, -0.2929459106909891, 0.29196659661679836, -0.7085498202196726, 0.5988690960678824, -0.3570486948905318,0.10876206838082589]
[0.2572597286597351, -0.32859321656453677, 0.31638245652410824, -0.636349682959049, 0.650698140137113, -0.400868083413089,0.10466991506988471]
[0.21901078351247133, -0.3598504186621205, 0.34070472920140404, -0.5587680890086469, 0.6943300883902359, -0.44298062717497266,0.0972219883015176]
[0.17489823840517424, -0.3853842122727432, 0.36461110020954624, -0.47680456352706696, 0.7292623368905085, -0.48302608877133874,0.08671591410474325]
[0.15877494345914986, -0.3921643070268344, 0.3451448040713777, -0.5352323246929834, 0.7069538282082991, -0.4609341783003349,0.03580958893887268]
[0.14148319336290982, -0.3973982288433347, 0.3255013589896754, 0.5918452138734004, -0.6798890310348704, 0.4328728386507986,0.009552688208779792]
[0.12314222653800769, -0.40095989689697975, 0.3057960826319365, 0.6462300017576686, -0.6482007875687971, 0.39981528846613984,0.04868530509519843]
[0.10388858602980634, -0.4027405835367276, 0.28614537412760255, 0.6979849839149709, -0.6120592442989545, 0.36280889964687774,0.08105643734110664]
[0.08387358189039507, -0.4026512635504029, 0.2666653606416294, 0.7467234433139541, -0.5716707340910278, 0.3229519727794249,0.10629531629876787]
[0.06326043332649342, -0.40062451879643723, 0.24747053825944343, 0.7920769963924739, -0.5272763311394897, 0.28136993093005636,0.12419607229849074]
[0.04222116723607911, -0.3966159566284641, 0.2286724249713045, 0.8336987914194163, -0.4791500913438734, 0.2391914294538247,0.13471813250932027]
[0.020933354801646712, -0.39060511383748664, 0.21037824343154204, 0.8712665292640133, -0.4275969936762098, 0.19752487391448145,0.13798322422807846]
[-0.00042322940733765385, -0.3825958316723461, 0.1926896508222351, 0.9044852783522405, -0.3729506009637973, 0.15743582244520818,0.1342691040255124]
[-0.021669940887109353, -0.3726161014939839, 0.17570153257593776, 0.9330900575282658, -0.3155704611899519, 0.11992572334359808,0.12400019938199221]
[-0.0426325080698472, -0.3607173943945278, 0.15950087591543297, 0.9568481627322778, -0.25583927288861064, 0.08591240403393162,0.10773541087684323]
[-0.06314410547186489, -0.34697350130098964, 0.1441657381604651, 0.9755612158325757, -0.194159840452383, 0.05621268457964276,0.08615337840805617]
[-0.0830481840381025, -0.33147892233807014, 0.1297643235450231, 0.9890669165854837, -0.13095184716585082, 0.03152743869214026,0.06003556320589635]
[-0.10220099352549496, -0.31434685522724304, 0.11635418089971555, 0.9972404815152832, -0.06664847549716506, 0.012429368807987454,0.030247537620527776]
[-0.120473741316222, -0.29570684196964087, 0.10398153300015264, -0.9999957564799963, 0.0016929056145291589, 0.0006462994358092889,0.0022810939524687394]
