[0.351035902467951, -0.04291591625137089, 0.10084372012999254, -0.9998801261979514, -0.015475443147009934, 0.000492732075661903,3.329976144354603e-05]
[0.3501252554103994, -0.016594735219159995, 0.11880343709945487, -0.9995498742599415, 0.005577424070485921, -0.0017188803488331602,0.029427651248785436]
[0.34726169046663724, 0.011804097658325111, 0.13763466211922645, -0.9978120318065662, 0.022782325194903922, -0.002049682026189072,0.06203155361876491]
[0.34214482385577566, 0.041874910505412484, 0.15758181338428814, -0.9946076008374072, 0.035848391659041905, -0.000156282477141364,0.09731694995068796]
[0.3344479973979051, 0.07314195763070962, 0.17886541227365937, -0.9898759254802423, 0.04453176987269726, 0.004238556485932416,0.13470192376337786]
[0.3238346456117834, 0.10505549124010682, 0.20166250367257782, -0.9835558710492127, 0.048638438574039156, 0.011339480940761943,0.17356142137496533]
[0.3099786397408083, 0.13699154244231498, 0.22608883296544985, -0.9755870552410175, 0.048026487245734564, 0.02127359491454193,0.21323880586893063]
[0.2925875350891097, 0.1682562695319033, 0.25218366174995177, -0.9659111132362667, 0.0426078306984354, 0.03408709932798152,0.253058024471176]
[0.27142737697634417, 0.19809546185198057, 0.27989799079561484, -0.9544729778749612, 0.03234934103375419, 0.04974358806085182,0.2923361593919204]
[0.2970129145280067, 0.1551474529893926, 0.2698900268513325, -0.9605466568457892, 0.035130738868070235, 0.014948076080472418,0.2754859456132998]
[0.3160459153203262, 0.10898189032775624, 0.26029705560341493, -0.9661609390638985, 0.037226125687822194, -0.015314768872330136,0.25477973476677396]
[0.3281628261255308, 0.06059760270281097, 0.2511205352360766, -0.9713210269569905, 0.03863117122007092, -0.04065578931764345,0.23106319913898637]
[0.33315238149573223, 0.011025271091058025, 0.24235934591940825, -0.976032376800217, 0.039342693356401615, -0.06082619860915934,0.2052148276317839]
[0.33095620117324126, -0.03869560329836076, 0.23400984878364872, -0.9803006791760129, 0.03935865989910266, -0.07571906605785673,0.17812382584404857]
[0.3216659722178175, -0.08753906854262528, 0.22606595930019932, -0.9841318393097743, 0.03867818840004737, -0.08536741964014172,0.15066825897592176]
[0.30551744813122295, -0.13451394038084327, 0.21851923455988082, -0.9875319573260862, 0.03730154409554287, -0.08993906653623189,0.1236939464096314]
[0.2828815630306576, -0.17868343867709335, 0.21135897385710808, -0.9905073084701524, 0.035230135943603344, -0.08972830739093544,0.09799459291903585]
[0.25425301203029466, -0.2191828770621278, 0.2045723319104801, -0.993064323338949, 0.032466510773294266, -0.08514479100328301,0.07429360641785118]
[0.2202366887290948, -0.25523511201469545, 0.19814444397624517, -0.9952095681664015, 0.029014345558957797, -0.07669982050702087,0.0532280068762794]
[0.1815323968624005, -0.28616353155788715, 0.19205856204161917, -0.9969497252065692, 0.024878437835274558, -0.06499047853470372,0.03533477665491868]
[0.13891826601426777, -0.31140243793350625, 0.18629620122044752, -0.9982915732584179, 0.02006469427223259, -0.0506819860924624,0.021039940368701274]
[0.09323330149771594, -0.33050475078256997, 0.18083729541457427, -0.9992419683752711, 0.014580117432149936, -0.03448874686244062,0.010650594022733802]
[0.045359487158865355, -0.3431470254548541, 0.17566036125087847, -0.999807824801456, 0.008432790733943887, -0.017154554594712455,0.004350030215522559]
[-0.00379616167196325, -0.34913184335315545, 0.1707426692565687, -0.9999960961779889, 0.001631861652827506, 0.0005675443853222024,0.0021960304413346644]
