[0.2356467352602775, -0.0015560160329440742, 0.12004307600040307, -0.9998802580678982, -0.015461076305608178, 0.0006473476331279916,7.474347935516887e-05]
[0.24561000573092406, -0.027398940372407476, 0.14067463691945675, 0.999433060794081, 0.029326051249879418, 0.005917363449045791,0.015444239044914845]
[0.25195366361527566, -0.055070016499048, 0.16185614856527822, 0.9985456474838125, 0.041807684037384926, 0.009713346796587025,0.032624505215764]
[0.25441035075436474, -0.0840345873975327, 0.18356937528061681, 0.9972443761509571, 0.052852784299727666, 0.010483426034876833,0.05099348199159028]
[0.252784893451878, -0.11371966344341167, 0.20579093287078898, 0.9955567167915707, 0.062415155319590986, 0.008049215928858822,0.07004557202672092]
[0.24696046355224224, -0.14352315269860466, 0.2284913820407698, 0.9935110428668092, 0.07045578126028773, 0.0023148592080460204,0.0892548711026737]
[0.23690366032526317, -0.17282423336584368, 0.25163443459346013, 0.9911364177990087, 0.07694298301268851, -0.0067312298656468225,0.1080882473821928]
[0.22266827565572417, -0.20099475781420356, 0.2751762918953947, 0.9884623777096992, 0.08185254200940242, -0.019016639853798926,0.12601847732677274]
[0.2043975136590652, -0.2274115252642231, 0.2990651327695255, 0.9855187116494024, 0.08516779149581083, -0.034387233220707115,0.14253713366015575]
[0.1823244561813975, -0.25146920810380813, 0.3232407653128476, 0.9823352405836296, 0.08687967488945143, -0.05261134774506575,0.15716692809574703]
[0.15677059777405555, -0.2725936675031648, 0.3476344542039734, 0.9789415964074383, 0.08698677100270334, -0.07338581835343672,0.1694732254911564]
[0.12814231716776384, -0.29025535012890924, 0.3721689319112953, 0.9753670022622015, 0.08549528604810049, -0.09634366857103464,0.1790744663202296]
[0.09692520594756808, -0.3039824218337291, 0.39675859888891285, 0.9716400554228644, 0.08241901249024879, -0.12106328341328562,0.1856512603974995]
[0.06367623744416775, -0.31337326849566244, 0.4213099144107097, 0.9677885140119299, 0.07777925495261892, -0.14707884250815154,0.18895394606109395]
[0.060991545274232034, -0.32556317206074575, 0.3950004796908426, 0.9722443147461912, 0.08395940287613325, -0.14375436550042964,0.16439736467462462]
[0.05592775336240993, -0.33643562003130006, 0.3681010037867164, 0.9766070342938341, 0.08746195176971082, -0.1373435390757728,0.14044878011067558]
[0.04870389830224041, -0.3457644049968085, 0.3408464008607697, 0.9808086995960207, 0.08823399680244925, -0.12813851201067036,0.11751416231552621]
[0.03955769967214618, -0.3533637147308705, 0.31344882655235723, 0.9847783722243992, 0.08624882906739563, -0.11648198967699575,0.0959408315810033]
[0.02873766568245971, -0.35908433424827046, 0.28609607111111013, 0.9884432377684598, 0.08150618540607779, -0.10275693743072799,0.07601131008088191]
[0.016497174235141007, -0.3628085599774348, 0.258951085416501, 0.9917297132866645, 0.07403227180529598, -0.08737556422900605,0.05793884095630652]
[0.0030907100288566185, -0.3644445121237018, 0.23215259971406316, 0.9945645602743642, 0.0638795600835634, -0.07076784521762007,0.04186465493762255]
[-0.011227757327643507, -0.36392053851776407, 0.20581675599165591, 0.9968759905768037, 0.05112635950283641, -0.05336985018757544,0.027857025441692117]
[-0.026204457996008047, -0.36118035848792834, 0.18003963924138666, 0.9985947527777693, 0.03587616684623191, -0.03561214717352117,0.015912113336044493]
[-0.041583942008849045, -0.3561795023717632, 0.15490056156472706, 0.9996551868225056, 0.018256800378010196, -0.017908547024821652,0.005956562958531622]
[-0.05710614468067027, -0.34888346814586074, 0.130465927193823, -0.9999962349850704, 0.0015806750677996152, 0.0006454456100827023,0.0021482276366123765]
