[0.3101381165622448, 0.02386334866864836, 0.08925243551367953, -0.9998793403782136, -0.015526041667155904, 0.0004939084018158758,5.262574672894169e-05]
[0.33164644860212095, 0.014149605701460812, 0.1012997463497726, -0.996678815274022, 0.07474371167184228, -0.011758375960018238,0.030107430050929685]
[0.3535120074506676, 0.0014689709032268926, 0.1141541908167327, -0.9843844892892379, 0.16343500346718054, -0.0242910753337321,0.06071342971353326]
[0.3753302357908684, -0.014351714289499457, 0.1278455099068018, -0.963273312320344, 0.24961086531001947, -0.03704490823543212,0.0917966037738059]
[0.3966610969071813, -0.033428540169945106, 0.142394644995501, -0.9337198814222819, 0.332374469588723, -0.04995931785821574,0.12328204070957363]
[0.4170379290284054, -0.05581456331168553, 0.15781330213472147, -0.8961910409708347, 0.41087937978656275, -0.06297266323951885,0.1550941553842178]
[0.43597721685397994, -0.08149530135982228, 0.17410362678773827, -0.8512394017413402, 0.4843391022766657, -0.07602241585472871,0.18715690534011792]
[0.45298903077617864, -0.11038581953403455, 0.19125799302161822, -0.799495867108407, 0.5520358252839466, -0.08904536100964543,0.2193940057574743]
[0.4675878668282571, -0.14232949710598644, 0.20925890977701248, -0.7416612666728372, 0.6133282416420767, -0.10197780338246883,0.2517291424105841]
[0.47930361040603947, -0.17709851682424044, 0.22807904541100324, -0.6784972083779541, 0.6676583642115375, -0.11475577604626838,0.2840861819689868]
[0.4876923445243392, -0.21439607418692636, 0.24768137027289924, -0.6108162694530492, 0.7145572561787139, -0.12731525228546248,0.31638937900836267]
[0.4593366228640029, -0.2557448967930543, 0.2474391538179015, -0.6328901278851556, 0.6986568994622797, -0.15843741933230265,0.29364299244931075]
[0.4274319421220727, -0.2937684790484488, 0.2470671537908523, -0.6544084890541997, 0.6822285357824496, -0.18598492982591958,0.2678121735388118]
[0.392345587107168, -0.32816045392176757, 0.24657102201315276, -0.6753566977111108, 0.6652929572866215, -0.20965183082870528,0.2394258166358365]
[0.35447129001760197, -0.3586534405254311, 0.2459565877955657, -0.6957208726207993, 0.6478713768603211, -0.2292078662045275,0.20904281981171494]
[0.31422523535725666, -0.38502131749632856, 0.24522984732263906, -0.7154879190084585, 0.6299853992062816, -0.24450132225547677,0.17724146793335746]
[0.27204187049793555, -0.40708110323529556, 0.2443969527243445, -0.7346455399204285, 0.6116569915511956, -0.2554604040162988,0.14460856593366986]
[0.22836955841363, -0.4246944263897826, 0.24346420085417975, -0.7531822464885091, 0.5929084540210718, -0.26209312412737246,0.11172852370822632]
[0.20171701067674208, -0.41974586041552825, 0.23270626772844458, -0.7940275839584262, 0.5494644729570578, -0.24687966846774165,0.08160525821554271]
[0.17525788790280483, -0.41350022713876977, 0.22215990374699104, -0.8316843093288333, 0.5031592540111255, -0.2283006589994947,0.05487060979783198]
[0.14907193364739785, -0.405976347941399, 0.21186050579093582, -0.865948227988661, 0.45423396350564876, -0.20685520448143535,0.03187627989886745]
[0.12323913832781012, -0.39719928726300796, 0.20184176410054624, -0.8966337505779302, 0.40294451681033133, -0.18307651706737607,0.012908237506408399]
[0.09783914311931996, -0.38720047510199085, 0.19213545986405148, 0.9235749667457573, -0.34956012379941787, 0.15752365451542102,0.0018162923816051066]
[0.07295062368830167, -0.3760177629714915, 0.18277127450931985, 0.946626604093656, -0.2943617557014128, 0.13077303448628733,0.012150829343836636]
[0.04865066167064966, -0.3636954110225941, 0.1737766118920775, 0.965664866526935, -0.2376405424741242, 0.10340984256960839,0.018020615634603245]
[0.025014112020960554, -0.3502840050123805, 0.16517643449349748, 0.9805881469681506, -0.17969611026346133, 0.07601945523345292,0.019422574694411474]
[0.0021129744567822684, -0.335840302775466, 0.1569931146521577, 0.9913176101491122, -0.12083486887116712, 0.04917899675417235,0.01642426714937111]
[-0.01998422279745079, -0.3204270108399902, 0.14924630176105774, 0.9977976419870966, -0.061368259462257865, 0.023449145406127258,0.009161875096576124]
[-0.041213018899120275, -0.3041124927985349, 0.14195280626024182, -0.9999961628617878, 0.0016109729854274727, 0.0006337011485994619,0.002162741453706204]
