[0.2294724686160216, -0.05378756602031964, 0.08520552887449309, -0.9998787120790353, -0.015564342231897217, 0.0005550410336665044,6.566208369843093e-05]
[0.2660545494803261, -0.07567678701525125, 0.12040120702106968, 0.996093134893089, 0.06135273657412037, 0.05477674082721558,0.03215302471111266]
[0.2981700953413434, -0.09784720975582215, 0.16058719873116342, 0.9861787934962616, 0.10598134633963978, 0.10542849299535942,0.07144350461044648]
[0.3253176899912176, -0.11975779603827588, 0.205319824846734, 0.9702870295963314, 0.14892441885365554, 0.15046031980475025,0.1171592498716237]
[0.347091182228975, -0.14083453486735373, 0.25407859990690523, 0.9486261545719311, 0.1896737342980278, 0.18902116535154279,0.16853276366527914]
[0.36318958260176437, -0.16048411010741837, 0.30627454597736514, 0.9214593605326423, 0.22774439941966715, 0.22036435217367425,0.22468797856322067]
[0.3734244270915069, -0.17810852579326766, 0.36125985645151876, 0.8891020065627548, 0.26268038936868027, 0.24386136199369482,0.28465465233117493]
[0.37772440357712767, -0.19312028220078153, 0.4183387143055088, 0.8519183111619344, 0.2940597705126909, 0.25901360144877655,0.347384508488153]
[0.37613711382619275, -0.2049576742271852, 0.47677904425071116, 0.8103174892258858, 0.3214995409145784, 0.26546193235247284,0.4117688360209684]
[0.36882792437609324, -0.21309977522857929, 0.5358249581871694, 0.7647493787629835, 0.3446600298029695, 0.2629937868943262,0.47665723491082046]
[0.3560759414789956, -0.21708067452571372, 0.5947096387784824, 0.7156996088309161, 0.3632488027490882, 0.2515477325044514,0.5408771722789724]
[0.33523710570513, -0.2630815861601113, 0.549971898250786, 0.7618943403419937, 0.34284653467091103, 0.1942683230612856,0.5140360750705563]
[0.30592618159590307, -0.30328702734757235, 0.5050541415335289, 0.8048420804144949, 0.31897944018972996, 0.1416462619353317,0.4800184150739031]
[0.26965721927179587, -0.33618022904439704, 0.46046401635005, 0.8442080304826636, 0.2918979294737905, 0.09465439851384481,0.4394871384687824]
[0.22821567692620875, -0.36062213095029105, 0.4167025884907909, 0.8796838338786086, 0.2618832749256969, 0.054171840206535773,0.3932415472142565]
[0.18356711238729007, -0.37589922640887014, 0.3742567764539535, 0.9109905905362274, 0.22924499646846377, 0.020964658453043857,0.34220368005703455]
[0.1377576953233222, -0.3817496279200632, 0.3335919988647461, 0.9378815931833687, 0.19431795247469624, -0.004331370185759917,0.2874019654528858]
[0.09281171179976389, -0.37836605012911667, 0.2951451650598671, 0.9601447559352374, 0.15745916606038654, -0.02122560391155107,0.22995245685189195]
[0.05063140664736758, -0.3663756347481289, 0.2593181333104356, 0.9776047094287209, 0.11904441933997004, -0.02938462056806323,0.1710380144905422]
[0.012904391255061824, -0.3467977802741169, 0.22647175286314547, 0.9901245401481709, 0.07946465076301241, -0.028641266951315573,0.11188584406844974]
[-0.018976560456534314, -0.32098231932139004, 0.19692059546228888, 0.9976071553498055, 0.03912219279716923, -0.01900045369038897,0.053743840439345776]
[-0.04397717597897224, -0.2905314414412113, 0.17092846947514892, -0.9999962589531554, 0.0015731110368693009, 0.0006415435322352265,0.002143787129395081]
