[0.386716481160647, 0.02385111256036909, 0.16338215262583045, -0.9998790843882409, -0.015542599211780033, 0.00048795971350729984,7.815365280245137e-05]
[0.3965401451639825, 0.0250436371502641, 0.16855023142201286, 0.9996772892235904, 0.02153947888784699, 0.0129354572379253,0.003747293137699669]
[0.40859496765369036, -0.020470455199679057, 0.17352366313064613, 0.9989670139768789, 0.02962463336984977, 0.03188422465699581,0.013064543690565665]
[0.4152413026299255, -0.06794755578034804, 0.178947990403989, 0.9977456260962877, 0.03790332567232102, 0.04871571659924587,0.02633975066182941]
[0.41621718836543103, -0.11671913624271521, 0.18481146855087233, 0.9960119434473977, 0.04636673817295892, 0.06280852263695368,0.043190549724466225]
[0.4113465352567055, -0.1660847895468428, 0.19110137413346098, 0.9937651935613037, 0.055005931543986746, 0.07360367357528332,0.06314734196517262]
[0.40054271993414375, -0.21532363730430498, 0.19780404089320366, 0.9910050147654106, 0.06381185319514009, 0.0806161819896774,0.08566294007922987]
[0.3838106225088688, -0.26370610181171966, 0.20490489811748272, 0.987731456958393, 0.07277534578281215, 0.08344514308043466,0.11012368536027271]
[0.36124707726285626, -0.3105058259524058, 0.21238851134173933, 0.9839449820287259, 0.08188715577708118, 0.08178221338732805,0.1358618255165888]
[0.33303973771746526, -0.3550115232648327, 0.22023862527521895, 0.9796464639165262, 0.09113794207831603, 0.07541831503442167,0.1621689212116331]
[0.29946438726213187, -0.39653854396489524, 0.22843820883217747, 0.974837188318757, 0.10051828467503787, 0.06424844593110632,0.18831003136372326]
[0.2539490180920703, -0.415508501667475, 0.2191320448705336, 0.9778173222882048, 0.09425467208592593, 0.04339452077596323,0.18195124783777755]
[0.2115229070949733, -0.42497697486416697, 0.20824429972581157, 0.9814354938185461, 0.08614081036817492, 0.025736379200724666,0.16941597046293327]
[0.16941442362832318, -0.4300331856380288, 0.19757659483040965, 0.9847359779183583, 0.07797126044888505, 0.010450180865767352,0.1552621333650277]
[0.12687750763205843, -0.42406175461367585, 0.18210157937805613, 0.9894457114007186, 0.06476365959800875, -0.0019246253252601286,0.12961152882192545]
[0.08684895130765591, -0.41351950454759745, 0.1672689820510881, 0.993293154514722, 0.05150733297668819, -0.010117218992748717,0.10302109358609138]
[0.04983720013915049, -0.3988608860940306, 0.1531068494191287, 0.9962743466275882, 0.038218529398253064, -0.014058046810956263,0.07602066549477354]
[0.01628052458646655, -0.3805979167762652, 0.13964085337591445, 0.998386349950587, 0.02491359627466839, -0.013739505235908932,0.04914503992143811]
[-0.01345956466558845, -0.3592899171245294, 0.1268942057943917, 0.9996272545241851, 0.011608950717858998, -0.009216257085684692,0.022926946613129866]
[-0.03910342827053016, -0.3355324901822552, 0.11488758317188377, -0.9999961816675405, 0.001678949509040285, 0.0006047611345502052,0.0021099864587465745]
