[0.37971805675675174, 0.08044107099070348, 0.14229560783622963, -0.9998781754949138, -0.015597657120930067, 0.0005880982280864031,3.7440281084024126e-05]
[0.41244185992001076, 0.07265801550202393, 0.15881901324637493, -0.99783880891791, 0.04882104567695371, -0.03861075193290573,0.021057700526682113]
[0.44441305432090267, 0.061008260495775526, 0.1774069731712387, -0.9896527662313706, 0.11311967453179533, -0.07742143182841618,0.04239414367640072]
[0.460096753500685, -0.0031106909464417506, 0.1870800301793801, -0.9822548681246005, 0.1498918116938169, -0.10459836861647945,0.04203570048709085]
[0.4659497918175836, -0.07080861246052395, 0.19732504064337672, -0.9728711196491717, 0.18637423242764492, -0.13232494026300867,0.03572870308260157]
[0.4612009909264373, -0.14048508251050987, 0.20811902911492722, -0.9615149821833079, 0.22245481572417852, -0.15954846317086446,0.02338978191370051]
[0.4453552249951864, -0.2103792489669764, 0.21943739291677605, -0.9482064231135467, 0.25802227773911707, -0.18521073127202947,0.00510572014624783]
[0.41822593531558494, -0.27862002120887996, 0.23125398163401195, 0.9329718544532053, -0.2929665549775511, 0.20827419893159937,0.018867287089922486]
[0.37995810365978744, -0.3432827045189473, 0.24354118197400348, 0.9158440486659108, -0.327179182803371, 0.22774778630562684,0.04810828095284569]
[0.3310404357381489, -0.4024501994364603, 0.25627000769400043, 0.8968620320461802, -0.3605536679067628, 0.24271173613167643,0.08203999742152643]
[0.2723058845943719, -0.45427665230897396, 0.2694101942762212, 0.8760709560915153, -0.3929858533889734, 0.25234097135676437,0.11994095674023778]
[0.204920065843068, -0.4970512843518069, 0.2829302980122826, 0.8535219473811052, -0.42437427515444354, 0.2559264351047175,0.16096092612959678]
[0.1303575663141345, -0.5292600528599765, 0.29679779914214244, 0.8292719365546793, -0.4546205083361876, 0.25289393756221457,0.20413942536236696]
[0.05036660759045785, -0.5496428142878362, 0.310979208677422, 0.8033834670610286, -0.48362950252082454, 0.24282008749992318,0.2484268790831439]
[0.03320849239888378, -0.531492976095847, 0.2864196153261942, 0.839434888031857, -0.44338936880810637, 0.20200495399954493,0.24072585017512116]
[0.016643424148595383, -0.5115170989733834, 0.262548543869334, 0.8722274894750799, -0.40062883101814156, 0.16356211961682804,0.2279543361892631]
[0.0008143168081677747, -0.4897851523633153, 0.2394698493738022, 0.9015776636989218, -0.35560999566938856, 0.128071853423525,0.21046816305530588]
[-0.014140984371318235, -0.46638341768592895, 0.2172821041701954, 0.927323362390275, -0.3086090597971476, 0.09606672659264534,0.18868760907407114]
[-0.02809139500169826, -0.44141380476776215, 0.1960779412099636, 0.949325224202566, -0.25991449639310327, 0.068024535357438,0.16309118874688544]
[-0.04091419690086949, -0.4149929713955321, 0.17594344113068022, 0.9674675460958002, -0.20982514711069555, 0.04436202757772886,0.13420866365678039]
[-0.05249653430567642, -0.3872512585128789, 0.1569575678644514, 0.9816590906868065, -0.1586482359643201, 0.025429516954371217,0.10261338394590293]
[-0.0627367803783476, -0.35833145618504847, 0.13919165723200114, 0.9918337230936588, -0.10669731840068872, 0.011506455626479756,0.06891407301262686]
[-0.07154575548343037, -0.3283874178171887, 0.12270896253465491, 0.9979508720388374, -0.05429018066014812, 0.0027980216090480866,0.03374617542608804]
[-0.07884778103251383, -0.2975825421906925, 0.10756426069211938, -0.9999958113007883, 0.0017467047698388886, 0.0005672375017955485,0.002237106376988079]
