[0.2515734809996466, -0.027824833518833098, 0.1347829226195301, -0.9998801157954378, -0.015475132848114906, 0.0005165334832649586,8.656440431988769e-05]
[0.2637360628338823, -0.05210865917759805, 0.15289858378170137, 0.9990406413884919, 0.026857606265902566, 0.022298024998594887,0.026443598864350795]
[0.2733721904616226, -0.0772734938244815, 0.17238834502387484, 0.9968594135948334, 0.03733232284499384, 0.04237223427600435,0.055517573441403734]
[0.2708775176312359, -0.1148890209698522, 0.1821199681302097, 0.995833823864717, 0.03990300821256458, 0.04175655905618619,0.07056298575281182]
[0.26320434044094776, -0.15283544105289776, 0.19193874570732053, 0.9946545929901748, 0.04240409224782332, 0.03812321323439997,0.08608573759266173]
[0.2502551242313021, -0.1904002385773705, 0.20184200638265226, 0.9933218285431722, 0.04483572750452578, 0.031367168172998706,0.1015756035650096]
[0.23203032242378724, -0.22685406430601285, 0.2118269633404464, 0.9918356905867691, 0.04719807937377283, 0.02146281167319256,0.11650601656899602]
[0.20863081650548873, -0.2614642119394631, 0.22189071641657077, 0.990196391618857, 0.04949132580596081, 0.00846613533249793,0.13034584476497676]
[0.1802585011081788, -0.2935084151695673, 0.23203025433624871, 0.9884041964975541, 0.05171565703101567, -0.007484770562068099,0.14257143252948157]
[0.14721497531684344, -0.3222887094398931, 0.2422424570917956, 0.986459422348295, 0.053871275277063646, -0.026170943397885192,0.15267866740954977]
[0.10989833665135337, -0.3471450984267676, 0.25252409845729085, 0.9843624384526578, 0.055958394487694726, -0.047295491709652394,0.16019483235685125]
[0.0687981098934064, -0.3674687658225746, 0.2628718486369468, 0.9821136661189703, 0.0579772400379736, -0.07048821847985305,0.16469000429738193]
[0.024488378400563223, -0.38271457848922, 0.27328227704376024, 0.9797135785347563, 0.0599280484493512, -0.09531185426994229,0.16578776637405934]
[-0.022380779918034634, -0.3924126373890003, 0.2837518552048723, 0.9771627006010761, 0.06181106710363226, -0.12126979849528283,0.16317501190573241]
[-0.07109341685865106, -0.3961786477343111, 0.2942769597899023, 0.9744616087488318, 0.0636265539561511, -0.14781523708459465,0.15661063307428708]
[-0.12087923261613262, -0.3937228992771999, 0.30485387575836775, 0.9716109307371099, 0.0653747772483113, -0.17436147687778686,0.1459329063402016]
[-0.12151921678409705, -0.3816873449035469, 0.2647836442907743, 0.9840184094997175, 0.052605890975878304, -0.133938821460522,0.10488461329502449]
[-0.12005919199994669, -0.3672742954541399, 0.22731922020133907, 0.9929215493328112, 0.03714653170785784, -0.09125705080438211,0.06632558127218796]
[-0.1164047987882372, -0.35109928192503875, 0.19271940481991937, 0.9982593327737835, 0.019074149969052125, -0.046686067098623274,0.03057601137921416]
[-0.1105543259635937, -0.33378456630236175, 0.16117135004373115, -0.9999964741448767, 0.0015186362236423315, 0.0006301237146707375,0.002085278384256486]
