[0.3323700713564098, -0.04599072834986459, 0.10840872068901852, -0.9998810019124649, -0.015415076097305441, 0.0005867052826773472,0.00011497978691200326]
[0.3662718031426825, -0.07459859527039517, 0.14456369270369376, -0.9961192936351075, 0.052329533740243954, -0.07072119011345004,0.002546765666606041]
[0.39326960818047807, -0.10869384831890912, 0.18634559527484412, -0.9827499899339717, 0.11877222308426365, -0.1417444762106436,0.0020297221906271094]
[0.41199785580406484, -0.14679421429291384, 0.23319104329992768, 0.9600267429299455, -0.1827877565556302, 0.21197999403407994,0.001330805016463731]
[0.4214353605511698, -0.18715588832160668, 0.2844225601094391, 0.9283463091397166, -0.24329291683424373, 0.28093961047814736,0.007390682603022695]
[0.4209573448780334, -0.2278534961819208, 0.33926292397680724, 0.8882417997076896, -0.2992648882899194, 0.3481551712689178,0.015968988934104672]
[0.4103684065130768, -0.26686953515099393, 0.39685200039234153, 0.8403735121289327, -0.34975856724336957, 0.4131831994931325,0.026850482464316767]
[0.3899148523738569, -0.30218876391849137, 0.45626561899951845, 0.785517513489986, -0.39392247716417383, 0.4756092856902558,0.039788507769901976]
[0.3602758476795811, -0.3318927700492572, 0.5165359986825397, 0.7245521883338072, -0.4310129939089449, 0.5350521193566693,0.05450830243436305]
[0.3225339386554285, -0.354249962049989, 0.5766731831621058, 0.6584430031378544, -0.4604066186789817, 0.5911671161744703,0.07071066291126685]
[0.2781265776980517, -0.36779650938108, 0.6356869237705052, 0.5882257733060304, -0.4816100740799256, 0.6436496002953352,0.08807592294666275]
[0.22878125142468542, -0.3714042700661414, 0.6926084365415052, 0.5149887468424186, -0.49426804074038627, 0.6922375065193068,0.10626819418936298]
[0.1764376312465557, -0.36433247050551165, 0.746511467584138, 0.43985384093831476, -0.49816839754846404, 0.7367135731398846,0.12493981530029348]
[0.12316078889097963, -0.34626079259537335, 0.7965321236408337, 0.3639573831306833, -0.49324487678023093, 0.7769070025058141,0.1437359532342244]
[0.13487491898917456, -0.3753611404706163, 0.7548458189733663, 0.42988991451918784, -0.49771003215387205, 0.727694344961576,0.19478276514881937]
[0.1426946875664159, -0.4014728117131278, 0.7102397412252672, 0.4951972896262731, -0.4957581497426888, 0.6726967306228557,0.23766070335631923]
[0.1467260485592728, -0.4240776317913869, 0.6632525331000358, 0.5591744085403981, -0.48742568058006186, 0.6131109543284566,0.2717262306569044]
[0.14714522686167408, -0.44271819823343994, 0.6144604394986961, 0.6211222387432975, -0.4728268573552761, 0.5502052731027232,0.2965064669648977]
[0.14419260860356176, -0.45700850723689923, 0.5644679270356725, 0.6803567081114598, -0.45215280640156524, 0.48529508335047183,0.3117070282601688]
[0.13816509173296618, -0.4666429546206893, 0.5138976892921129, 0.7362174544788722, -0.4256696239118286, 0.4197177660074403,0.31721637394235497]
[0.12940712503107937, -0.47140347161468854, 0.46338023329296296, 0.788076309354739, -0.39371543893076216, 0.35480720497972157,0.31310658101651134]
[0.11830070000554227, -0.47116460531240584, 0.4135432527664301, 0.8353453968455359, -0.35669650026114674, 0.2918684907086159,0.29963053716518767]
[0.10525458842659786, -0.4658964085135179, 0.36500099940390884, 0.8774847340334645, -0.31508233849622064, 0.2321533164246682,0.27721561856973626]
[0.09069313774603824, -0.455665062573316, 0.3183438644407197, 0.9140092259382573, -0.26940006773981584, 0.17683655969252943,0.24645399075211036]
[0.07504494669578057, -0.44063121804626687, 0.2741283793818349, 0.9444949566363244, -0.2202279040023397, 0.12699451651490937,0.20808974016618087]
[0.058731743718916096, -0.4210460995798132, 0.2328678366649258, 0.9685846880067633, -0.16818798857847952, 0.08358522010259535,0.1630031092868079]
[0.04215778155928251, -0.39724548188291237, 0.19502371865131707, 0.9859924887723253, -0.11393861475291814, 0.047431232184995335,0.11219216713369752]
[0.025700042643922335, -0.36964170089899795, 0.16099810682878501, 0.9965074288399529, -0.0581659647936764, 0.019205242385439983,0.05675229926023927]
[0.009699522443880613, -0.33871391688321417, 0.13112722285704684, -0.9999962872378045, 0.0015754712504993638, 0.0005812481529967123,0.002146054875871575]
