[0.24297423066305796, -0.0523666467073372, 0.16224468368864695, -0.9998798928030638, -0.015489284657930924, 0.0005283278804675351,5.38383712589163e-05]
[0.2695784028589618, -0.029218066896659216, 0.19373174337669902, -0.998323347184761, -0.0453818857811406, -0.025680551373672283,0.025129428762053773]
[0.2932119641159491, -0.002868860573493427, 0.2265351834937896, -0.994298263897528, -0.07775473332542591, -0.051507408318293195,0.051692850029639435]
[0.31337870525440176, 0.02629018555378175, 0.26063339920469936, -0.9874872215698912, -0.11244315594478117, -0.07680244946397835,0.07954186114045536]
[0.3296167962044545, 0.05779886683256287, 0.2959748697710445, -0.9775869595938311, -0.14923967284142325, -0.10142351345519746,0.10846440614633904]
[0.34151178679222505, 0.09113032323127183, 0.332475633062603, -0.9643136245065067, -0.187895318685851, -0.12523685612982147,0.13824005452033464]
[0.34870970567195086, 0.12569620800831582, 0.37001752630727686, -0.9474078731400346, -0.22812160823400432, -0.14811785701458235,0.168641496086864]
[0.3636417853536639, 0.07488830685586785, 0.3501294761432112, -0.9562281599531666, -0.2062281725216213, -0.15262878468292337,0.14071993837828356]
[0.37037769192938375, 0.022670674212801563, 0.33039215100128105, -0.964055773408509, -0.18508443556467966, -0.15301810662466914,0.1136911452771371]
[0.3688970198402239, -0.029586046583121188, 0.31085314564946764, -0.9709406027426442, -0.16472926129089333, -0.14955578881906917,0.08815714634114344]
[0.35940795484372723, -0.08054761507148794, 0.2915557223680322, -0.9769346178950096, -0.1451960767444255, -0.14260176782950063,0.0646651951845822]
[0.34233396434312724, -0.12895337673935584, 0.2725388600885402, -0.9820914709177236, -0.12651277656792298, -0.13259594016661422,0.043694127375068406]
[0.31829471239808005, -0.17364991778975028, 0.25383736453834727, -0.9864660925288349, -0.10870165867574277, -0.12004607982143066,0.025642472804735403]
[0.2880820220483532, -0.21362036482190383, 0.23548203613579186, -0.9901142860783123, -0.09177939132322503, -0.10551398471488874,0.010818634921225692]
[0.25263180752669745, -0.24800868079534763, 0.2174998916660342, 0.9930923212030829, 0.0757570116105453, 0.08960019934105455,0.0005666015850232925]
[0.2129929623219839, -0.2761384936840954, 0.19991443510577467, 0.9954565294424316, 0.06063995529339339, 0.07292769893598555,0.008405030657133378]
[0.17029421714373438, -0.297526178991776, 0.18274597236470555, 0.9972629040681639, 0.04642811760733186, 0.0561249490983622,0.012693311375618388]
[0.12570997722213306, -0.3118880954342699, 0.16601196417944242, 0.9985667063551702, 0.03311594464904619, 0.03980877316580731,0.013532507085613335]
[0.08042611469949038, -0.3191420392569039, 0.14972741093803404, 0.9994220804775915, 0.020692554696650056, 0.02456746730502192,0.011124872322225508]
[0.035606633535220936, -0.3194031326586939, 0.1339052628352356, 0.9998816791638969, 0.009141888693594166, 0.010944599958860199,0.0057679524305165345]
[-0.007637953793421673, -0.3129744927078636, 0.11855684846491957, -0.999996302181102, 0.0015571110326457144, 0.0005760819678150149,0.002153870683370901]
