[0.3101864302954241, -0.04472013709781501, 0.08148643149695117, -0.9998806694781507, -0.015437631378866263, 0.0005700313862149461,3.749072514485154e-05]
[0.32804189907390385, -0.0755211862704352, 0.10941887391141047, 0.9986612178435419, 0.03584691347252639, 0.022067114795643408,0.030063486397009]
[0.3412718855739797, -0.1087393291442274, 0.13977609867259455, 0.9956280421527266, 0.05346407025331404, 0.04072914741661177,0.06486548713910543]
[0.34945788219734364, -0.1436904322358278, 0.17253196933408999, 0.9907602975312756, 0.06808710362691037, 0.05483311417112242,0.10368948232937458]
[0.3522455985638174, -0.1796122966807714, 0.20763476834665553, 0.9840416620987984, 0.07953899668024435, 0.06389771669164973,0.14578284214038442]
[0.3493602005628075, -0.21567024060930484, 0.24499938774068364, 0.9754607627540953, 0.08766919611646279, 0.06755193391409903,0.19033430748017388]
[0.34062231044407076, -0.2509661255742608, 0.28450016143035917, 0.9650116047476714, 0.09235487980858827, 0.06554149330130737,0.23648993960356993]
[0.3259639387635569, -0.2845512052099415, 0.3259646644401748, 0.9526939994183272, 0.09350199879647197, 0.05773308463069846,0.2833697419139909]
[0.30544339685392397, -0.31544296523834786, 0.3691687774996695, 0.9385139842779191, 0.09104608489601687, 0.04411625421106938,0.3300846374102825]
[0.2707247357090262, -0.337909468691231, 0.34633109176112103, 0.949073731197888, 0.08600692353605899, 0.009087009849250321,0.3029509665044519]
[0.2342802244839659, -0.3557438502256802, 0.324158652909185, 0.9586801082666394, 0.08027670016045235, -0.019962805036332226,0.2721940260922255]
[0.19681914625654168, -0.36885895062962215, 0.3027055436703581, 0.9673153807855205, 0.07385789042342612, -0.04265923285380563,0.23880149909556664]
[0.159039935938791, -0.37728401765265956, 0.28202112854072736, 0.9749638559117254, 0.0667540562812088, -0.058778745625093144,0.2037999869933425]
[0.12161054083495607, -0.38115915439852055, 0.2621497649286135, 0.98161191433236, 0.058969848193325264, -0.06825232348388041,0.16823265730490036]
[0.08515030794562767, -0.38072642166081366, 0.2431305501124364, 0.9872480375343736, 0.050511005744501396, -0.07116622496427737,0.13313646798507575]
[0.05021397035063782, -0.3763179504785712, 0.22499710626774488, 0.9918628306125914, 0.041384356667365466, -0.06775940752547756,0.09951946022865497]
[0.017278227683638663, -0.36834151933401066, 0.2077774055249967, 0.9954490405676008, 0.03159781424835129, -0.05841763023077104,0.06833861460397798]
[-0.013268678475097613, -0.35726413240172766, 0.19149363670872405, 0.9980015700548935, 0.02116037310148951, -0.04366434408802746,0.0404787578062368]
[-0.04113410120625694, -0.3435941981837825, 0.17616211508164892, 0.999517486556372, 0.01008210329713982, -0.024148547592594504,0.01673298868424973]
[-0.06612466127475596, -0.32786294949610323, 0.16179323607675958, -0.9999960269551225, 0.0016258571648689497, 0.0006298538379235941,0.002214937153200734]
