[0.3406412728581409, 0.0473387438782121, 0.11964543421485008, -0.9998737639749976, -0.015872199473469746, 0.0006037126672999625,0.0004061149602452809]
[0.3593694546700663, 0.008569438241952474, 0.13647403273040654, 0.9991860581892748, 0.028436786098992924, 0.02672489331699234,0.010215204047656985]
[0.37285640113201096, -0.03326218867807459, 0.15433973028631795, 0.9974902398698999, 0.040640815419797555, 0.05145250817244546,0.026724237857571713]
[0.3806462008367039, -0.0773886370169868, 0.17320601912346534, 0.9947922846806277, 0.05246695607706789, 0.07259708639645052,0.04863323870205059]
[0.3823998136313217, -0.12297443693644526, 0.19303183019652329, 0.9910998278142154, 0.0638982715106152, 0.08925955718640793,0.07530520337582984]
[0.37790541922455684, -0.16913439578867723, 0.21377168506796249, 0.9864221513730173, 0.07491825199182064, 0.10064550497223368,0.10596733991189349]
[0.36708585445730774, -0.21495345293857904, 0.23537587190005416, 0.9807701688148441, 0.08551084611535723, 0.10608472146133491,0.1397276029709555]
[0.3500028862104237, -0.2595076676585586, 0.257790644517882, 0.9741564064899573, 0.09566049168265964, 0.10504820204955463,0.17559396707108457]
[0.32685814594881135, -0.30188582550705256, 0.2809584433734085, 0.9665949823003945, 0.10535214591106647, 0.09716221030584096,0.2124960480388221]
[0.29799063722543706, -0.34121112202256204, 0.3048181371055734, 0.958101581518108, 0.1145713149036552, 0.0822190930945033,0.249308632069701]
[0.26387081677040936, -0.37666237038907124, 0.329305283265091, 0.9486934298036036, 0.12330408231603507, 0.0601845945826341,0.28487662962517607]
[0.22509134060004538, -0.40749418252724745, 0.3543524066559014, 0.9383892634719095, 0.13153713715773616, 0.031201488572712925,0.31804093896830526]
[0.1823546563532156, -0.433055590981556, 0.3798892936388608, 0.927209297057762, 0.13925780066734839, -0.00441057613551777,0.3476646821595444]
[0.13645770925080175, -0.45280661171169684, 0.40584330064794627, 0.9151751882368537, 0.14645405220221402, -0.046159044840204035,0.3726592652928825]
[0.08827410920708563, -0.466332294730052, 0.4321396750855854, 0.9023100001648501, 0.15311455408525212, -0.0933861892049148,0.3920097149249835]
[0.03873417837626661, -0.4733538693125354, 0.45870188669225537, 0.8886381613006309, 0.1592286753533944, -0.14528047329156396,0.40479875408110727]
[-0.011196640311155543, -0.473736661721072, 0.4854519674266726, 0.8741854227848334, 0.16478651435414837, -0.20089134808072684,0.41022910372598004]
[-0.03321790165152912, -0.46307747032132623, 0.4221119016820293, 0.911755173844997, 0.14079667847398167, -0.17993616979276114,0.34132356071312214]
[-0.05133126319890636, -0.44389488047850484, 0.3613095228872681, 0.9431110577120739, 0.11497913833029945, -0.1540470484897376,0.27127631194344237]
[-0.06449506184328803, -0.4172267997442398, 0.3042762391913578, 0.9678761473755382, 0.08755978091253727, -0.12311519166367502,0.20097685859235365]
[-0.07189641076113908, -0.3844007543685375, 0.2521319448093047, 0.9857479589289836, 0.05878451217812897, -0.08713956759420159,0.13134701502058665]
[-0.07299957535698412, -0.34697291387652496, 0.2058456725452941, 0.996502268770728, 0.028915034136077374, -0.04623067602047179,0.06332356378467471]
[-0.06758004209879868, -0.30665461300834745, 0.1662021132405535, -0.9999959044664452, 0.00177562241403765, 0.0006118452648160142,0.0021595973585947434]
