[0.26465543280901127, -0.00942642877013715, 0.10538333391535293, -0.9998800717607312, -0.015474016655048557, 0.0006280714279389892,4.9301076724012744e-05]
[0.28861212405205683, -0.04383077106034063, 0.13108691295505423, 0.9994932576867942, 0.014469926214307323, 0.025501380459015628,0.012390668612996904]
[0.30665300023233305, -0.08290024291889334, 0.1580988941792656, 0.9982676272258209, 0.012907866923440323, 0.04888070828872172,0.03009664037080611]
[0.31805527782558174, -0.12558822331916372, 0.18633831078175644, 0.9961924118658635, 0.010786763242270424, 0.06870013130731624,0.052579618085211985]
[0.32227667777906577, -0.1707438967533854, 0.21571893008075566, 0.9932576734978474, 0.008107018436821385, 0.08423036441805268,0.07923834929950953]
[0.31896997135390087, -0.2171426563251875, 0.2461494523545215, 0.9894543518688447, 0.004870518732954145, 0.09483735671392818,0.10937202286961661]
[0.30799248564504594, -0.2635185038798529, 0.27753373479908, 0.9847743112754882, 0.0010806338194984321, 0.09999508497934465,0.14219483486544085]
[0.28941029651304906, -0.3085976198189417, 0.309771040731738, 0.9792103863497807, -0.003257786312065959, 0.0992961718273973,0.17685213132298508]
[0.26349697168284625, -0.35113223799149856, 0.3427563140170221, 0.9727564267899078, -0.008138418195188221, 0.09246014103267852,0.21243780880160748]
[0.23072686698030206, -0.38993394577558754, 0.37638047853755147, 0.9654073408894241, -0.013553475377722083, 0.07933916873452387,0.24801263227205128]
[0.19176312050960803, -0.4239055369148213, 0.4105307623720521, 0.9571591377193613, -0.01949372255873446, 0.05992123763006598,0.28262311501717813]
[0.15211733068349323, -0.42444023089798366, 0.37664918807375375, 0.9672267792356306, -0.016241847328197494, 0.029793682081251365,0.2516364370135575]
[0.1134131782322695, -0.41948717062322705, 0.34370627419788113, 0.9759617561632302, -0.013237228922205684, 0.005748067724169422,0.21746352796430835]
[0.07647807593711774, -0.4092809834816875, 0.3118272266485542, 0.9833534586428123, -0.010502848323985955, -0.011875108700866471,0.1810100752600392]
[0.04209186318943696, -0.3941823566877217, 0.28113023533747694, 0.9893941793746032, -0.008061724511805203, -0.022860742800292513,0.14321854927407462]
[0.010967674376562535, -0.3746689410256808, 0.2517258306134603, 0.994079141456645, -0.005936825046070196, -0.027123106675128645,0.10505118615932908]
[-0.016265497500017573, -0.3513233620366672, 0.2237162944462971, 0.997406518554526, -0.00415097573690025, -0.024707527298999964,0.06747254434317171]
[-0.039078105721669906, -0.32481865024927215, 0.1971951305245165, 0.9993774473258502, -0.0027267697029894063, -0.01578971517989706,0.031431948682705844]
[-0.05705284381667097, -0.29590146769653863, 0.17224659695997852, -0.9999960320444946, 0.0016864761358003097, 0.0006727423921821428,0.0021538596016686773]
