[0.37315884272295974, 0.010348716797709753, 0.16733767467131402, -0.9998803685696628, -0.01545254541633532, 0.0006776046668430043,9.078032439786074e-05]
[0.40101514084354484, -0.026240462066584428, 0.17555183334207547, -0.998509579829535, 0.03582900369764227, -0.03936197114090343,0.012063859688459747]
[0.42428014055255503, -0.0698180965644295, 0.18533603865809575, -0.9927019397497392, 0.08786496038873769, -0.08061810605802194,0.017981338343090236]
[0.4414817479211867, -0.11973270699046758, 0.19658217943459005, -0.9823727228141224, 0.14024787172550018, -0.12231250926703115,0.01772055371702295]
[0.45125483230129765, -0.17503083555143134, 0.2091678002883223, -0.9674762660087726, 0.19256204076213823, -0.1636547076754293,0.011254857747369184]
[0.452403325132675, -0.23447755531676856, 0.22295772273356743, 0.9480066897827418, -0.24438730746790963, 0.20385374728787367,0.0013452852655754717]
[0.4439578627392908, -0.2965898321586606, 0.2378057956830393, 0.9239982513953447, -0.29530288768204604, 0.2421299722579115,0.019912621107567828]
[0.4252263022105319, -0.35968169534516514, 0.2535567531751478, 0.895525326447907, -0.34489123430692875, 0.2777267095830041,0.04418485003721036]
[0.3958346929430368, -0.421919617344933, 0.270048155967549, 0.8627020178809081, -0.39274188470023086, 0.30992168825559946,0.07380777394773065]
[0.3557566548532656, -0.48138601046534024, 0.2871123927456429, 0.8256813952087647, -0.4384552583133515, 0.33803802503975067,0.10833980658421517]
[0.30532958244679764, -0.5361483408173209, 0.3045787161039376, 0.7846543702311911, -0.48164636904781966, 0.3614546148610003,0.14725778708044876]
[0.24525664182232604, -0.5843310587263633, 0.3222752881748113, 0.7398482188695217, -0.5219484175594441, 0.3796157719945151,0.18996401789759332]
[0.17659413134615415, -0.624187364377898, 0.3400312108061533, 0.691524762096543, -0.5590162298246429, 0.3920399786954549,0.23579443018109955]
[0.10072440935886703, -0.6541677780697986, 0.35767851552577373, 0.6399782221280396, -0.5925295096843582, 0.3983276104857413,0.28402776286794146]
[0.01931522544296741, -0.6729825698950715, 0.3750540891716647, 0.5855327730933609, -0.6221958747850708, 0.3981675218112129,0.3338956268188563]
[-0.06573310326324089, -0.679655321785067, 0.3920015120047128, 0.5285398082722363, -0.6477536473275474, 0.3913423920027421,0.3845933120414078]
[-0.15235068022322637, -0.6735652372891915, 0.40837278634217594, 0.46937494864887047, -0.668974373293412, 0.3777327491790932,0.43529118490403823]
[-0.1453448122103406, -0.6622748785305849, 0.3893969684392957, 0.5313358773516454, -0.6473671850655924, 0.3399751217849181,0.4278023255038928]
[-0.13857590225164845, -0.6487310754039742, 0.36956823290627383, 0.5909013986746393, -0.6210115591709214, 0.3025015987933268,0.4167408825012705]
[-0.13211766530989205, -0.6329369121653221, 0.34907495221655316, 0.6476488094296103, -0.5901535011869079, 0.26568038433782165,0.4020992390683555]
[-0.12603329924522164, -0.6149139761768176, 0.3281141282361287, 0.7011815053231383, -0.5550779767820356, 0.2298825991786264,0.3839100505056089]
[-0.12037493103625163, -0.5947028099274134, 0.3068889804717994, 0.7511326593488777, -0.5161061863226446, 0.19547775547807564,0.36224657294753326]
[-0.11518323326226776, -0.572363162361269, 0.2856064435465038, 0.7971686167111645, -0.47359248743711674, 0.16282921289553356,0.33722247819763485]
[-0.11048721162587781, -0.5479740294303446, 0.26447460628052644, 0.83899197228782, -0.4279209949753273, 0.1322896744903924,0.30899115605328614]
[-0.1063041618224967, -0.5216334765657606, 0.24370012551952006, 0.8763442996988958, -0.37950189110192345, 0.10419678027336167,0.27774451212576784]
[-0.10263979169505116, -0.4934582387104441, 0.22348564816731775, 0.9090085044285171, -0.3287674812443367, 0.07886885484618256,0.24371127566884807]
[-0.09948850238268375, -0.46358309662759695, 0.2040272747503847, 0.9368107771158048, -0.2761680342491246, 0.05660086344115681,0.20715483821618078]
[-0.09683382011115999, -0.4321600313479881, 0.18551209726457968, 0.9596221270518249, -0.22216744735538596, 0.03766062784703417,0.16837064981252065]
[-0.09464896840646994, -0.39935716179474445, 0.16811584304294433, 0.9773594800537175, -0.16723877844742516, 0.02228535022836399,0.1276832052297375]
[-0.09289756886399722, -0.3653574737771925, 0.15200065495065032, 0.9899863291933585, -0.11185968948042284, 0.010678488761237972,0.08544265771486115]
[-0.09153445719147561, -0.33035735162554997, 0.1373130363809728, 0.9975129312929716, -0.056507845966712905, 0.003007024376917534,0.04202110245939179]
[-0.09050660007810928, -0.29456492669688583, 0.124181987320481, -0.9999960466194519, 0.0016563179548832218, 0.0006008472095711373,0.0021914239504488577]
