[-0.0003448507646135468, 0.00015035778703342828, -0.00042630797880161, 0.00010060967769209839, 0.00020019881108357396, 0.0001542239281286939]
[0.0559652064623985, -0.029342293373768494, -0.08391774696869528, 0.056321969369332155, -0.02994717298191115, -0.04972645451107416]
[0.11227526368941054, -0.058834944534570416, -0.16740918595858895, 0.11254332906097221, -0.060094544774905875, -0.09960713295027701]
[0.1685853209164226, -0.08832759569537234, -0.2509006249484826, 0.16876468875261227, -0.0902419165679006, -0.14948781138947986]
[0.22489537814343463, -0.11782024685617426, -0.3343920639383763, 0.22498604844425232, -0.12038928836089532, -0.19936848982868272]
[0.2812054353704467, -0.1473128980169762, -0.4178835029282699, 0.2812074081358924, -0.15053666015389006, -0.24924916826788557]
[0.3375154925974587, -0.1768055491777781, -0.5013749419181636, 0.33742876782753245, -0.1806840319468848, -0.2991298467070884]
[0.39382554982447077, -0.20629820033858004, -0.5848663809080572, 0.3936501275191725, -0.21083140373987952, -0.3490105251462913]
[0.4501356070514828, -0.23579085149938195, -0.668357819897951, 0.44987148721081255, -0.24097877553287422, -0.3988912035854941]
[0.5064456642784948, -0.26528350266018386, -0.7518492588878446, 0.5060928469024526, -0.271126147325869, -0.448771882024697]
[0.5627557215055069, -0.2947761538209858, -0.8353406978777382, 0.5623142065940927, -0.3012735191188637, -0.49865256046389983]
[0.619065778732519, -0.32426880498178773, -0.918832136867632, 0.6185355662857328, -0.33142089091185845, -0.5485332389031028]
[0.675375835959531, -0.35376145614258964, -1.0023235758575255, 0.6747569259773728, -0.36156826270485315, -0.5984139173423055]
[0.7316858931865431, -0.3832541073033916, -1.0858150148474193, 0.7309782856690129, -0.3917156344978479, -0.6482945957815085]
[0.7879959504135551, -0.4127467584641935, -1.1693064538373128, 0.7871996453606529, -0.4218630062908426, -0.6981752742207112]
[0.8443060076405672, -0.4422394096249954, -1.2527978928272065, 0.843421005052293, -0.45201037808383737, -0.7480559526599142]
[0.9006160648675792, -0.4717320607857973, -1.3362893318171003, 0.899642364743933, -0.482157749876832, -0.7979366310991169]
[0.9569261220945913, -0.5012247119465992, -1.419780770806994, 0.9558637244355732, -0.5123051216698268, -0.8478173095383199]
[1.0132361793216031, -0.5307173631074011, -1.5032722097968876, 1.012085084127213, -0.5424524934628215, -0.8976979879775226]
[1.0695462365486155, -0.5602100142682032, -1.5867636487867813, 1.0683064438188532, -0.5725998652558163, -0.9475786664167256]
[1.1258562937756273, -0.5897026654290051, -1.6702550877766749, 1.1245278035104933, -0.602747237048811, -0.9974593448559284]
[1.1821663510026394, -0.619195316589807, -1.7537465267665686, 1.1807491632021334, -0.6328946088418057, -1.0473400232951313]
[1.243897926992552, -0.6000941294364098, -1.7539405999939264, 1.2410841359531806, -0.5548095065184838, -1.1147657192921616]
[1.305629502982465, -0.5809929422830128, -1.7541346732212844, 1.3014191087042275, -0.47672440419516193, -1.182191415289192]
[1.3673610789723776, -0.5618917551296156, -1.7543287464486421, 1.3617540814552747, -0.3986393018718401, -1.2496171112862222]
[1.4290926549622904, -0.5427905679762186, -1.7545228196759999, 1.4220890542063218, -0.32055419954851816, -1.3170428072832525]
[1.490824230952203, -0.5236893808228215, -1.7547168929033576, 1.4824240269573687, -0.24246909722519633, -1.3844685032802828]
[1.5525558069421157, -0.5045881936694244, -1.7549109661307156, 1.5427589997084157, -0.1643839949018745, -1.4518941992773131]
[1.6142873829320286, -0.4854870065160273, -1.7551050393580734, 1.6030939724594628, -0.08629889257855261, -1.5193198952743434]
[1.6760189589219412, -0.4663858193626302, -1.7552991125854311, 1.66342894521051, -0.008213790255230613, -1.5867455912713737]
[1.737750534911854, -0.4472846322092331, -1.7554931858127891, 1.723763917961557, 0.06987131206809116, -1.654171287268404]
[1.7994821109017667, -0.428183445055836, -1.7556872590401469, 1.784098890712604, 0.14795641439141305, -1.7215969832654343]