[-0.00037624576228889595, 0.0002589466289544262, -0.0004094139245935935, 9.702406548850462e-05, 0.00026805988506151124, 1.8346276179137533e-05]
[0.03603263607605963, -0.010031820509973892, -0.13156525647986358, -0.08751347155451938, 0.027328744266700625, 0.003782736156557469]
[0.07244151791440816, -0.02032258764890221, -0.2627210990351336, -0.17512396717452727, 0.05438942864833974, 0.0075471260369358]
[0.10885039975275669, -0.030613354787830525, -0.3938769415904036, -0.26273446279453516, 0.08145011302997886, 0.011311515917314132]
[0.1452592815911052, -0.040904121926758845, -0.5250327841456736, -0.35034495841454305, 0.10851079741161797, 0.015075905797692463]
[0.18166816342945374, -0.051194889065687164, -0.6561886267009436, -0.43795545403455094, 0.1355714817932571, 0.018840295678070797]
[0.21807704526780228, -0.06148565620461548, -0.7873444692562136, -0.5255659496545588, 0.1626321661748962, 0.022604685558449127]
[0.2544859271061508, -0.0717764233435438, -0.9185003118114836, -0.6131764452745667, 0.18969285055653531, 0.02636907543882746]
[0.2908948089444993, -0.08206719048247212, -1.0496561543667535, -0.7007869408945746, 0.21675353493817442, 0.03013346531920579]
[0.3273036907828479, -0.09235795762140044, -1.1808119969220237, -0.7883974365145826, 0.24381421931981356, 0.033897855199584125]
[0.3637125726211964, -0.10264872476032876, -1.3119678394772936, -0.8760079321345904, 0.2708749037014527, 0.03766224507996246]
[0.40012145445954495, -0.11293949189925706, -1.4431236820325637, -0.9636184277545983, 0.2979355880830918, 0.04142663496034078]
[0.43653033629789345, -0.12323025903818538, -1.5742795245878336, -1.0512289233746062, 0.3249962724647309, 0.045191024840719116]
[0.472939218136242, -0.1335210261771137, -1.7054353671431037, -1.138839418994614, 0.35205695684637, 0.04895541472109745]
[0.5093480999745905, -0.14381179331604202, -1.8365912096983736, -1.226449914614622, 0.3791176412280091, 0.05271980460147578]
[0.6587750368731828, -0.15630952916228325, -1.8610755248612323, -1.198402620367493, 0.3998541159434984, 0.12330968080569175]
[0.808201973771775, -0.1688072650085245, -1.885559840024091, -1.1703553261203639, 0.42059059065898763, 0.19389955700990774]
[0.9576289106703673, -0.18130500085476572, -1.9100441551869496, -1.1423080318732348, 0.4413270653744769, 0.2644894332141237]
[1.1070558475689596, -0.19380273670100698, -1.9345284703498082, -1.1142607376261058, 0.46206354008996614, 0.3350793094183397]
[1.256482784467552, -0.2063004725472482, -1.9590127855126669, -1.0862134433789767, 0.4828000148054554, 0.40566918562255566]
[1.405909721366144, -0.21879820839348946, -1.9834971006755255, -1.0581661491318477, 0.5035364895209447, 0.47625906182677163]
[1.5553366582647365, -0.23129594423973068, -2.007981415838384, -1.0301188548847187, 0.5242729642364339, 0.5468489380309876]
[1.7047635951633286, -0.2437936800859719, -2.032465731001243, -1.0020715606375896, 0.5450094389519232, 0.6174388142352035]
[1.854190532061921, -0.25629141593221316, -2.0569500461641015, -0.9740242663904606, 0.5657459136674124, 0.6880286904394195]