[-0.0003578532774346499, 0.0002640643645603902, -0.00027338086562700425, 0.00010069843029114622, 0.00027331288734977477, 1.0371547007004267e-05]
[0.055474401095875765, -0.010534960933754148, -0.13362775063654503, 0.04565118872255765, 0.027264663764824334, 0.03228970940437137]
[0.11130665546918618, -0.021333986232068686, -0.26698212040746305, 0.09120167901482415, 0.05425601464229889, 0.06456904726173573]
[0.1671389098424966, -0.032133011530383226, -0.4003364901783811, 0.13675216930709067, 0.08124736551977345, 0.0968483851191001]
[0.222971164215807, -0.04293203682869776, -0.5336908599492991, 0.18230265959935715, 0.10823871639724801, 0.12912772297646447]
[0.27880341858911745, -0.053731062127012306, -0.6670452297202172, 0.2278531498916237, 0.1352300672747226, 0.16140706083382883]
[0.33463567296242785, -0.06453008742532684, -0.8003995994911351, 0.2734036401838902, 0.16222141815219712, 0.1936863986911932]
[0.3904679273357383, -0.07532911272364139, -0.9337539692620532, 0.31895413047615667, 0.18921276902967168, 0.22596573654855756]
[0.44630018170904867, -0.08612813802195592, -1.0671083390329712, 0.36450462076842316, 0.21620411990714625, 0.2582450744059219]
[0.5021324360823591, -0.09692716332027046, -1.2004627088038893, 0.4100551110606897, 0.2431954707846208, 0.2905244122632863]
[0.5579646904556695, -0.107726188618585, -1.3338170785748074, 0.45560560135295625, 0.2701868216620954, 0.32280375012065066]
[0.6137969448289801, -0.11852521391689955, -1.4671714483457254, 0.5011560916452228, 0.29717817253956996, 0.3550830879780151]
[0.6696291992022904, -0.12932423921521408, -1.6005258181166433, 0.5467065819374892, 0.32416952341704447, 0.3873624258353794]
[0.7254614535756008, -0.1401232645135286, -1.7338801878875614, 0.5922570722297558, 0.35116087429451903, 0.41964176369274375]
[0.7812937079489113, -0.15092228981184316, -1.8672345576584795, 0.6378075625220222, 0.3781522251719936, 0.4519211015501081]
[0.8371259623222217, -0.1617213151101577, -2.0005889274293978, 0.6833580528142887, 0.40514357604946816, 0.4842004394074725]
[0.892958216695532, -0.17252034040847222, -2.1339432972003154, 0.7289085431065552, 0.4321349269269427, 0.5164797772648368]
[0.9487904710688425, -0.18331936570678675, -2.2672976669712335, 0.7744590333988217, 0.4591262778044173, 0.5487591151222012]
[1.004622725442153, -0.1941183910051013, -2.4006520367421516, 0.8200095236910883, 0.48611762868189184, 0.5810384529795656]
[1.052980869519182, -0.1840792930734689, -2.370733835702222, 0.6580408666197781, 0.4682530009036519, 0.553761425109545]
[1.101339013596211, -0.1740401951418365, -2.3408156346622926, 0.49607220954846803, 0.450388373125412, 0.5264843972395243]
[1.14969715767324, -0.1640010972102041, -2.310897433622363, 0.33410355247715795, 0.4325237453471721, 0.49920736936950366]
[1.198055301750269, -0.15396199927857168, -2.2809792325824336, 0.1721348954058478, 0.4146591175689322, 0.47193034149948304]
[1.246413445827298, -0.14392290134693927, -2.251061031542504, 0.01016623833453767, 0.39679448979069226, 0.44465331362946237]
[1.294771589904327, -0.13388380341530687, -2.2211428305025747, -0.15180241873677236, 0.3789298620124524, 0.41737628575944175]
[1.3431297339813562, -0.12384470548367446, -2.191224629462645, -0.3137710758080825, 0.36106523423421244, 0.3900992578894211]
[1.391487878058385, -0.11380560755204205, -2.1613064284227157, -0.47573973287939264, 0.3432006064559725, 0.3628222300194005]
[1.4398460221354141, -0.10376650962040965, -2.131388227382786, -0.6377083899507028, 0.3253359786777326, 0.33554520214937983]