[-0.00041928945185709665, 0.00021884814971251387, -0.00040124862510371173, -2.7199631499108534e-05, 0.00016751075453136366, -3.2468427436427305e-05]
[-0.008230103101291719, -0.03480956670612824, -0.10896208162551636, 0.04664820698582593, 0.09294299109179513, -0.01630696079189764]
[-0.01604091675072634, -0.06983798156196899, -0.21752291462592901, 0.09332361360315097, 0.1857184714290589, -0.03258145315635885]
[-0.023851730400160965, -0.10486639641780976, -0.3260837476263417, 0.13999902022047603, 0.2784939517663227, -0.048855945520820065]
[-0.031662544049595585, -0.1398948112736505, -0.4346445806267543, 0.18667442683780106, 0.3712694321035864, -0.06513043788528128]
[-0.03947335769903021, -0.17492322612949124, -0.5432054136271669, 0.23334983345512608, 0.46404491244085017, -0.08140493024974249]
[-0.04728417134846483, -0.20995164098533203, -0.6517662466275796, 0.28002524007245116, 0.556820392778114, -0.0976794226142037]
[-0.05509498499789946, -0.24498005584117277, -0.7603270796279923, 0.32670064668977616, 0.6495958731153777, -0.11395391497866492]
[-0.06290579864733407, -0.2800084706970135, -0.8688879126284049, 0.3733760533071012, 0.7423713534526415, -0.13022840734312613]
[-0.07071661229676869, -0.31503688555285425, -0.9774487456288176, 0.4200514599244262, 0.8351468337899052, -0.14650289970758734]
[-0.07852742594620332, -0.350065300408695, -1.08600957862923, 0.4667268665417513, 0.927922314127169, -0.16277739207204855]
[-0.08633823959563794, -0.38509371526453573, -1.1945704116296427, 0.5134022731590763, 1.0206977944644327, -0.17905188443650977]
[-0.09414905324507257, -0.4201221301203766, -1.3031312446300556, 0.5600776797764014, 1.1134732748016967, -0.19532637680097098]
[-0.10195986689450719, -0.4551505449762173, -1.4116920776304682, 0.6067530863937264, 1.2062487551389602, -0.2116008691654322]
[-0.10977068054394182, -0.49017895983205806, -1.5202529106308809, 0.6534284930110514, 1.299024235476224, -0.2278753615298934]
[-0.11758149419337643, -0.5252073746878988, -1.6288137436312935, 0.7001038996283765, 1.3917997158134878, -0.24414985389435462]
[-0.003390561866501482, -0.4909732369745015, -1.670858992785826, 0.6908563883141363, 1.3203646059168548, -0.2594610668097281]
[0.11080037046037347, -0.45673909926110423, -1.7129042419403584, 0.6816088769998963, 1.2489294960202217, -0.27477227972510154]
[0.22499130278724844, -0.42250496154770695, -1.7549494910948908, 0.6723613656856561, 1.1774943861235887, -0.290083492640475]
[0.3391822351141234, -0.38827082383430966, -1.7969947402494235, 0.663113854371416, 1.1060592762269557, -0.30539470555584847]
[0.45337316744099837, -0.35403668612091244, -1.839039989403956, 0.6538663430571758, 1.0346241663303224, -0.320705918471222]
[0.5675640997678733, -0.3198025484075151, -1.8810852385584884, 0.6446188317429358, 0.9631890564336895, -0.3360171313865954]
[0.6817550320947481, -0.28556841069411787, -1.9231304877130209, 0.6353713204286956, 0.8917539465370564, -0.3513283443019689]
[0.7959459644216231, -0.2513342729807206, -1.9651757368675533, 0.6261238091144555, 0.8203188366404233, -0.36663955721734237]
[0.9101368967484982, -0.21710013526732336, -2.007220986022086, 0.6168762978002154, 0.7488837267437903, -0.38195077013271583]
[1.0243278290753732, -0.18286599755392602, -2.0492662351766184, 0.6076287864859753, 0.6774486168471572, -0.3972619830480893]
[1.138518761402248, -0.1486318598405288, -2.091311484331151, 0.5983812751717351, 0.6060135069505241, -0.41257319596346276]
[1.252709693729123, -0.11439772212713145, -2.1333567334856833, 0.5891337638574949, 0.5345783970538911, -0.4278844088788362]
[1.366900626055998, -0.08016358441373422, -2.175401982640216, 0.5798862525432549, 0.463143287157258, -0.4431956217942097]