[-0.0002516367137133102, 0.00024095895328102301, -0.00036906586628759896, 0.00015076516620649016, 0.00030309537786621377, 0.0001419354074574386]
[0.062201597323137306, -0.015838073393976217, -0.12520722575752607, 0.03133561019524919, -0.026715116628406508, -0.04481001548116279]
[0.12465483135998792, -0.03191710574123346, -0.25004538564876455, 0.0625204552242919, -0.05373332863467923, -0.08976196636978302]
[0.18710806539683855, -0.047996138088490695, -0.374883545540003, 0.09370530025333461, -0.08075154064095195, -0.13471391725840326]
[0.24956129943368915, -0.06407517043574794, -0.4997217054312415, 0.1248901452823773, -0.10776975264722467, -0.17966586814702348]
[0.3120145334705398, -0.08015420278300517, -0.62455986532248, 0.15607499031142, -0.1347879646534974, -0.22461781903564373]
[0.3744677675073904, -0.09623323513026241, -0.7493980252137185, 0.18725983534046273, -0.16180617665977012, -0.26956976992426396]
[0.436921001544241, -0.11231226747751964, -0.8742361851049569, 0.2184446803695054, -0.18882438866604284, -0.31452172081288415]
[0.4993742355810916, -0.1283912998247769, -0.9990743449961954, 0.2496295253985481, -0.21584260067231556, -0.3594736717015044]
[0.5618274696179423, -0.14447033217203412, -1.1239125048874339, 0.28081437042759083, -0.2428608126785883, -0.40442562259012466]
[0.6242807036547929, -0.16054936451929136, -1.2487506647786724, 0.3119992154566335, -0.269879024684861, -0.4493775734787449]
[0.6867339376916435, -0.1766283968665486, -1.3735888246699108, 0.34318406048567623, -0.29689723669113377, -0.49432952436736516]
[0.7491871717284941, -0.19270742921380585, -1.4984269845611493, 0.37436890551471896, -0.32391544869740646, -0.5392814752559854]
[0.8116404057653447, -0.20878646156106306, -1.6232651444523878, 0.4055537505437616, -0.35093366070367915, -0.5842334261446055]
[0.8740936398021953, -0.2248654939083203, -1.7481033043436263, 0.4367385955728043, -0.3779518727099519, -0.6291853770332257]
[0.9365468738390459, -0.24094452625557755, -1.8729414642348647, 0.46792344060184704, -0.40497008471622464, -0.674137327921846]
[0.9990001078758965, -0.2570235586028348, -1.9977796241261032, 0.4991082856308897, -0.43198829672249733, -0.7190892788104662]
[1.0614533419127472, -0.27310259095009204, -2.1226177840173417, 0.5302931306599324, -0.4590065087287701, -0.7640412296990865]
[1.1385448990156737, -0.26099408522033674, -2.1398659149872588, 0.6092081808148795, -0.47273357573210295, -0.8646391971237712]
[1.2156364561186002, -0.24888557949058138, -2.1571140459571754, 0.6881232309698266, -0.4864606427354358, -0.9652371645484559]
[1.2927280132215266, -0.23677707376082607, -2.1743621769270924, 0.7670382811247737, -0.5001877097387687, -1.0658351319731407]
[1.3698195703244531, -0.22466856803107074, -2.191610307897009, 0.8459533312797207, -0.5139147767421015, -1.1664330993978254]
[1.4469111274273798, -0.2125600623013154, -2.208858438866926, 0.9248683814346678, -0.5276418437454344, -1.26703106682251]
[1.5240026845303063, -0.2004515565715601, -2.2261065698368427, 1.0037834315896148, -0.5413689107487673, -1.3676290342471948]
[1.6010942416332328, -0.18834305084180478, -2.24335470080676, 1.082698481744562, -0.5550959777521002, -1.4682270016718795]
[1.6781857987361593, -0.17623454511204945, -2.2606028317766764, 1.1616135318995089, -0.568823044755433, -1.568824969096564]
[1.7552773558390857, -0.16412603938229411, -2.2778509627465935, 1.240528582054456, -0.5825501117587659, -1.669422936521249]
[1.8323689129420122, -0.15201753365253878, -2.2950990937165106, 1.3194436322094032, -0.5962771787620987, -1.7700209039459338]
[1.9094604700449387, -0.13990902792278348, -2.312347224686427, 1.3983586823643503, -0.6100042457654317, -1.8706188713706182]
[1.9865520271478654, -0.12780052219302815, -2.3295953556563442, 1.4772737325192973, -0.6237313127687645, -1.971216838795303]
[2.0636435842507916, -0.11569201646327282, -2.346843486626261, 1.5561887826742442, -0.6374583797720974, -2.071814806219988]
[2.1407351413537183, -0.10358351073351751, -2.364091617596178, 1.6351038328291914, -0.6511854467754302, -2.1724127736446723]
[2.217826698456645, -0.09147500500376218, -2.381339748566095, 1.7140188829841385, -0.664912513778763, -2.273010741069357]
[2.2949182555595713, -0.07936649927400685, -2.3985878795360116, 1.7929339331390857, -0.678639580782096, -2.373608708494042]