[-0.00025323620640804734, 0.0001568284139272791, -0.0003888290624729507, 0.000147525759362388, 0.00030277538404188675, 9.791803039504998e-05]
[0.06130899817767847, -0.03562250411343272, -0.11145271115200023, 0.052906319316074174, -0.007483269742422862, -0.029390149995136013]
[0.12287123256176499, -0.07140183664079272, -0.2225165932415275, 0.10566511287278596, -0.01526931486888761, -0.058878218020667075]
[0.18443346694585153, -0.10718116916815272, -0.3335804753310548, 0.15842390642949775, -0.023055359995352357, -0.08836628604619813]
[0.24599570132993803, -0.14296050169551272, -0.44464435742058206, 0.21118269998620953, -0.030841405121817107, -0.1178543540717292]
[0.30755793571402457, -0.17873983422287273, -0.5557082395101094, 0.26394149354292135, -0.03862745024828186, -0.14734242209726028]
[0.3691201700981111, -0.21451916675023272, -0.6667721215996366, 0.3167002870996331, -0.0464134953747466, -0.1768304901227913]
[0.43068240448219763, -0.25029849927759273, -0.777836003689164, 0.3694590806563449, -0.054199540501211355, -0.2063185581483224]
[0.4922446388662841, -0.2860778318049527, -0.8888998857786912, 0.4222178742130567, -0.0619855856276761, -0.23580662617385345]
[0.5538068732503707, -0.32185716433231276, -0.9999637678682186, 0.47497666776976855, -0.06977163075414086, -0.26529469419938456]
[0.6153691076344572, -0.35763649685967275, -1.1110276499577458, 0.5277354613264803, -0.07755767588060561, -0.2947827622249156]
[0.6769313420185438, -0.39341582938703273, -1.2220915320472732, 0.5804942548831921, -0.08534372100707034, -0.3242708302504466]
[0.7384935764026302, -0.4291951619143927, -1.3331554141368003, 0.6332530484399038, -0.09312976613353509, -0.3537588982759777]
[0.8000558107867168, -0.46497449444175276, -1.4442192962263276, 0.6860118419966157, -0.10091581125999985, -0.3832469663015088]
[0.8616180451708033, -0.5007538269691127, -1.555283178315855, 0.7387706355533274, -0.1087018563864646, -0.41273503432703984]
[0.8974486491935029, -0.49116442559159135, -1.5786000563887956, 0.8426939634305265, -0.12074314585340702, -0.5350686668672815]
[0.9332792532162025, -0.4815750242140699, -1.6019169344617366, 0.9466172913077255, -0.13278443532034945, -0.6574022994075231]
[0.9691098572389021, -0.4719856228365485, -1.6252338125346775, 1.0505406191849247, -0.1448257247872919, -0.7797359319477648]
[1.0049404612616017, -0.46239622145902703, -1.6485506906076182, 1.1544639470621236, -0.15686701425423433, -0.9020695644880065]
[1.0407710652843014, -0.45280682008150563, -1.6718675686805589, 1.2583872749393228, -0.16890830372117674, -1.024403197028248]
[1.0766016693070009, -0.44321741870398423, -1.6951844467534998, 1.362310602816522, -0.18094959318811915, -1.1467368295684897]
[1.1124322733297005, -0.43362801732646283, -1.7185013248264407, 1.466233930693721, -0.1929908826550616, -1.2690704621087314]
[1.1482628773524002, -0.4240386159489414, -1.7418182028993814, 1.57015725857092, -0.20503217212200403, -1.3914040946489732]
[1.1840934813750998, -0.41444921457142, -1.765135080972322, 1.6740805864481192, -0.21707346158894647, -1.5137377271892145]
[1.2199240853977993, -0.4048598131938985, -1.788451959045263, 1.7780039143253181, -0.22911475105588888, -1.6360713597294563]
[1.255754689420499, -0.3952704118163771, -1.811768837118204, 1.8819272422025173, -0.24115604052283132, -1.758404992269698]
[1.2915852934431986, -0.3856810104388557, -1.8350857151911446, 1.9858505700797162, -0.25319732998977373, -1.8807386248099394]
[1.3274158974658983, -0.37609160906133426, -1.8584025932640853, 2.0897738979569156, -0.26523861945671623, -2.003072257350181]
[1.3632465014885977, -0.36650220768381286, -1.8817194713370262, 2.1936972258341143, -0.2772799089236586, -2.125405889890423]
[1.3990771055112972, -0.3569128063062914, -1.9050363494099671, 2.2976205537113135, -0.289321198390601, -2.247739522430664]
[1.4349077095339968, -0.34732340492877, -1.9283532274829078, 2.4015438815885126, -0.3013624878575435, -2.3700731549709064]
[1.4707383135566965, -0.3377340035512486, -1.9516701055558485, 2.5054672094657118, -0.3134037773244859, -2.4924067875111477]
[1.5065689175793961, -0.3281446021737272, -1.9749869836287894, 2.609390537342911, -0.3254450667914284, -2.6147404200513895]
[1.5423995216020958, -0.31855520079620575, -1.9983038617017304, 2.71331386522011, -0.33748635625837076, -2.7370740525916313]
[1.5782301256247955, -0.30896579941868435, -2.0216207397746713, 2.817237193097309, -0.34952764572531314, -2.8594076851318726]
[1.6140607296474951, -0.2993763980411629, -2.0449376178476117, 2.921160520974508, -0.36156893519225564, -2.981741317672115]
[1.6498913336701946, -0.2897869966636415, -2.0682544959205527, 3.025083848851707, -0.3736102246591981, -3.104074950212356]