[-0.00027473559294310945, 0.00016608087250347126, -0.0004579693905730764, 3.214598408352032e-05, 0.0002868983424848537, 4.2246187065941854e-05]
[0.019943607150456108, -0.027489474247458113, -0.11162655612927223, -0.029645462633642945, 0.09237238788744788, -0.013226419741600947]
[0.040161949893855325, -0.0551450293674197, -0.2227951428679714, -0.05932307125136941, 0.1844578774324109, -0.026495085670267836]
[0.06038029263725455, -0.08280058448738128, -0.3339637296066706, -0.08900067986909588, 0.2765433669773739, -0.03976375159893473]
[0.08059863538065376, -0.11045613960734287, -0.4451323163453697, -0.11867828848682234, 0.36862885652233696, -0.053032417527601614]
[0.10081697812405299, -0.13811169472730445, -0.5563009030840689, -0.1483558971045488, 0.4607143460673, -0.0663010834562685]
[0.12103532086745221, -0.16576724984726604, -0.6674694898227681, -0.17803350572227528, 0.552799835612263, -0.0795697493849354]
[0.1412536636108514, -0.1934228049672276, -0.7786380765614671, -0.20771111434000172, 0.644885325157226, -0.09283841531360228]
[0.16147200635425063, -0.2210783600871892, -0.8898066633001663, -0.2373887229577282, 0.7369708147021891, -0.10610708124226917]
[0.18169034909764986, -0.2487339152071508, -1.0009752500388656, -0.2670663315754547, 0.829056304247152, -0.11937574717093608]
[0.2019086918410491, -0.27638947032711236, -1.1121438367775647, -0.2967439401931811, 0.9211417937921151, -0.13264441309960295]
[0.2221270345844483, -0.30404502544707396, -1.2233124235162638, -0.3264215488109076, 1.0132272833370781, -0.14591307902826986]
[0.24234537732784753, -0.33170058056703555, -1.3344810102549631, -0.35609915742863407, 1.105312772882041, -0.15918174495693674]
[0.26256372007124673, -0.3593561356869971, -1.445649596993662, -0.38577676604636046, 1.197398262427004, -0.17245041088560362]
[0.2827820628146459, -0.3870116908069587, -1.5568181837323611, -0.41545437466408697, 1.289483751971967, -0.1857190768142705]
[0.30300040555804514, -0.4146672459269203, -1.6679867704710603, -0.4451319832818134, 1.38156924151693, -0.1989877427429374]
[0.32321874830144437, -0.4423228010468819, -1.7791553572097596, -0.4748095918995399, 1.4736547310618933, -0.21225640867160428]
[0.3434370910448436, -0.46997835616684347, -1.8903239439484587, -0.5044872005172664, 1.5657402206068562, -0.22552507460027119]
[0.46311548202754504, -0.42673153593958935, -1.9622146997706362, -0.5006105913624039, 1.5280846572180513, -0.2047523633889811]
[0.5827938730102464, -0.3834847157123352, -2.034105455592814, -0.4967339822075414, 1.4904290938292462, -0.183979652177691]
[0.7024722639929479, -0.3402378954850811, -2.1059962114149915, -0.4928573730526789, 1.452773530440441, -0.16320694096640087]
[0.8221506549756494, -0.29699107525782703, -2.177886967237169, -0.4889807638978164, 1.415117967051636, -0.14243422975511077]
[0.9418290459583509, -0.25374425503057285, -2.2497777230593465, -0.48510415474295393, 1.3774624036628311, -0.12166151854382068]
[1.0615074369410522, -0.21049743480331878, -2.321668478881524, -0.48122754558809144, 1.339806840274026, -0.10088880733253058]
[1.1811858279237537, -0.16725061457606466, -2.3935592347037016, -0.47735093643322896, 1.3021512768852208, -0.08011609612124049]
[1.3008642189064552, -0.12400379434881059, -2.4654499905258795, -0.47347432727836647, 1.2644957134964159, -0.05934338490995039]
[1.4205426098891567, -0.08075697412155647, -2.5373407463480566, -0.469597718123504, 1.226840150107611, -0.03857067369866027]
[1.5402210008718582, -0.03751015389430229, -2.6092315021702346, -0.4657211089686415, 1.1891845867188058, -0.017797962487370173]
[1.6598993918545595, 0.005736666332951779, -2.681122257992412, -0.461844499813779, 1.1515290233300006, 0.0029747487239199233]
[1.779577782837261, 0.04898348656020593, -2.7530130138145896, -0.4579678906589165, 1.1138734599411957, 0.023747459935210033]