[-0.0002798252126821055, 0.00019421726464496913, -0.0003649960610152547, 3.081374385160984e-05, 0.00027582856121632915, -3.9175396797652695e-05]
[0.05028939905622346, 0.0030591146706115905, -0.15869945985571093, 0.050028994645617574, 0.028449542514362634, -0.016126279510425685]
[0.10085862332512903, 0.005924012076578212, -0.3170339236504066, 0.10002717554738354, 0.05662325646750894, -0.03221338362405372]
[0.1514278475940346, 0.008788909482544833, -0.47536838744510235, 0.15002535644914952, 0.08479697042065525, -0.04830048773768175]
[0.20199707186294016, 0.011653806888511455, -0.633702851239798, 0.20002353735091546, 0.11297068437380155, -0.06438759185130978]
[0.2525662961318457, 0.014518704294478076, -0.7920373150344937, 0.25002171825268144, 0.14114439832694786, -0.08047469596493781]
[0.3031355204007513, 0.017383601700444697, -0.9503717788291894, 0.30001989915444743, 0.16931811228009416, -0.09656180007856585]
[0.35370474466965685, 0.020248499106411317, -1.108706242623885, 0.3500180800562133, 0.19749182623324044, -0.11264890419219387]
[0.40427396893856243, 0.02311339651237794, -1.2670407064185807, 0.4000162609579793, 0.22566554018638676, -0.1287360083058219]
[0.45484319320746797, 0.02597829391834456, -1.4253751702132764, 0.45001444185974526, 0.25383925413953307, -0.14482311241944992]
[0.5054124174763736, 0.028843191324311183, -1.5837096340079722, 0.5000126227615113, 0.2820129680926794, -0.16091021653307797]
[0.5559816417452791, 0.0317080887302778, -1.7420440978026677, 0.5500108036632773, 0.31018668204582567, -0.176997320646706]
[0.6065508660141847, 0.034572986136244425, -1.9003785615973636, 0.6000089845650433, 0.338360395998972, -0.19308442476033405]
[0.6571200902830903, 0.037437883542211045, -2.058713025392059, 0.6500071654668091, 0.36653410995211827, -0.20917152887396206]
[0.7827339169868903, -1.028971986540006e-05, -2.0554965157443577, 0.586589602049249, 0.38724220071025944, -0.19034530716897327]
[0.9083477436906904, -0.037458462981941845, -2.052280006096656, 0.5231720386316889, 0.4079502914684006, -0.17151908546398448]
[1.0339615703944904, -0.07490663624401829, -2.0490634964489547, 0.4597544752141287, 0.42865838222654185, -0.15269286375899566]
[1.1595753970982905, -0.11235480950609474, -2.045846986801253, 0.3963369117965686, 0.449366472984683, -0.13386664205400686]
[1.2851892238020906, -0.14980298276817117, -2.0426304771535517, 0.33291934837900844, 0.4700745637428242, -0.11504042034901805]
[1.4108030505058906, -0.1872511560302476, -2.0394139675058502, 0.26950178496144833, 0.49078265450096537, -0.09621419864402926]