[-0.0002639213995649925, 0.0002548783346298933, -0.00041092564177613866, -4.481350711049714e-05, 0.00031529764705506835, -2.4363663714055406e-05]
[0.025937394859124274, 0.004356612842060332, -0.09248863355089877, 0.09848875390070826, -0.014024631256886563, 0.07331417376981975]
[0.05213871111781354, 0.008458347349490771, -0.1845663414600214, 0.197022321308527, -0.028364560160828195, 0.14665271120335355]
[0.07834002737650281, 0.01256008185692121, -0.27664404936914405, 0.29555588871634575, -0.04270448906476983, 0.21999124863688735]
[0.10454134363519207, 0.01666181636435165, -0.36872175727826667, 0.3940894561241645, -0.05704441796871146, 0.29332978607042115]
[0.13074265989388134, 0.020763550871782086, -0.4607994651873893, 0.4926230235319833, -0.07138434687265309, 0.36666832350395495]
[0.1569439761525706, 0.024865285379212527, -0.552877173096512, 0.591156590939802, -0.08572427577659472, 0.44000686093748875]
[0.18314529241125987, 0.028967019886642964, -0.6449548810056346, 0.6896901583476208, -0.10006420468053635, 0.5133453983710226]
[0.20934660866994914, 0.033068754394073405, -0.7370325889147572, 0.7882237257554395, -0.11440413358447798, 0.5866839358045564]
[0.2355479249286384, 0.037170488901503845, -0.8291102968238798, 0.8867572931632584, -0.12874406248841963, 0.6600224732380902]
[0.2617492411873277, 0.04127222340893428, -0.9211880047330024, 0.9852908605710771, -0.14308399139236125, 0.733361010671624]
[0.28795055744601694, 0.04537395791636472, -1.0132657126421252, 1.0838244279788958, -0.1574239202963029, 0.8066995481051578]
[0.3141518737047062, 0.04947569242379516, -1.1053434205512478, 1.1823579953867145, -0.1717638492002445, 0.8800380855386916]
[0.3403531899633955, 0.0535774269312256, -1.1974211284603704, 1.2808915627945334, -0.18610377810418616, 0.9533766229722254]
[0.36655450622208474, 0.057679161438656035, -1.289498836369493, 1.3794251302023521, -0.20044370700812777, 1.0267151604057592]
[0.392755822480774, 0.06178089594608648, -1.3815765442786156, 1.477958697610171, -0.21478363591206945, 1.1000536978392932]
[0.4189571387394633, 0.06588263045351692, -1.4736542521877383, 1.5764922650179896, -0.22912356481601104, 1.1733922352728268]
[0.44515845499815254, 0.06998436496094736, -1.5657319600968609, 1.6750258324258085, -0.2434634937199527, 1.2467307727063608]
[0.4713597712568418, 0.0740860994683778, -1.6578096680059835, 1.7735593998336272, -0.25780342262389433, 1.3200693101398944]
[0.4975610875155311, 0.07818783397580824, -1.7498873759151063, 1.872092967241446, -0.272143351527836, 1.3934078475734284]
[0.5237624037742203, 0.08228956848323866, -1.8419650838242287, 1.9706265346492646, -0.28648328043177756, 1.466746385006962]
[0.5499637200329096, 0.08639130299066912, -1.9340427917333516, 2.0691601020570833, -0.3008232093357192, 1.540084922440496]
[0.5761650362915989, 0.09049303749809955, -2.026120499642474, 2.167693669464902, -0.31516313823966086, 1.6134234598740296]
[0.6023663525502881, 0.09459477200553, -2.118198207551597, 2.266227236872721, -0.3295030671436025, 1.6867619973075636]
[0.6285676688089774, 0.09869650651296043, -2.2102759154607194, 2.3647608042805395, -0.3438429960475441, 1.7601005347410972]
[0.6547689850676667, 0.10279824102039087, -2.302353623369842, 2.4632943716883586, -0.35818292495148574, 1.8334390721746312]
[0.6809703013263559, 0.10689997552782131, -2.3944313312789647, 2.5618279390961773, -0.3725228538554274, 1.9067776096081648]
[0.7071716175850452, 0.11100171003525175, -2.4865090391880873, 2.660361506503996, -0.38686278275936903, 1.9801161470416988]
[0.8159285940200258, 0.09558565631439471, -2.5065327504059196, 2.6728142610615064, -0.41018335088860125, 2.1056692460919857]
[0.9246855704550063, 0.08016960259353768, -2.526556461623752, 2.685267015619017, -0.4335039190178335, 2.2312223451422724]
[1.0334425468899868, 0.06475354887268064, -2.5465801728415838, 2.6977197701765268, -0.4568244871470657, 2.3567754441925595]
[1.1421995233249675, 0.04933749515182361, -2.566603884059416, 2.710172524734037, -0.4801450552762979, 2.482328543242846]
[1.250956499759948, 0.033921441430966565, -2.5866275952772484, 2.7226252792915475, -0.5034656234055301, 2.6078816422931332]
[1.3597134761949285, 0.01850538771010954, -2.6066513064950807, 2.735078033849058, -0.5267861915347624, 2.73343474134342]
[1.468470452629909, 0.003089333989252499, -2.6266750177129126, 2.747530788406568, -0.5501067596639946, 2.8589878403937066]
[1.5772274290648896, -0.012326719731604527, -2.646698728930745, 2.759983542964078, -0.5734273277932268, 2.9845409394439937]
[1.6859844054998703, -0.02774277345246156, -2.666722440148577, 2.7724362975215886, -0.596747895922459, 3.1100940384942803]