[-0.0003407800593482335, 0.0001363046666860157, -0.0003580587941502955, 0.00013171596726913037, 0.00018120374369257064, 0.0001394532170948537]
[-0.009827935990649773, -0.040784040186455664, -0.07329896848289305, -0.04550356382939873, 0.060989803875729325, 0.06455432010448314]
[-0.019315091921951313, -0.08170438503959734, -0.1462398781716358, -0.09113884362606658, 0.12179840400776608, 0.12896918699187143]
[-0.028802247853252853, -0.12262472989273902, -0.21918078786037856, -0.13677412342273443, 0.18260700413980283, 0.19338405387925972]
[-0.03828940378455439, -0.1635450747458807, -0.2921216975491213, -0.1824094032194023, 0.2434156042718396, 0.257798920766648]
[-0.04777655971585593, -0.20446541959902237, -0.3650626072378641, -0.22804468301607017, 0.3042242044038763, 0.3222137876540363]
[-0.05726371564715747, -0.24538576445216406, -0.43800351692660683, -0.273679962812738, 0.3650328045359131, 0.3866286545414246]
[-0.06675087157845902, -0.28630610930530576, -0.5109444266153496, -0.31931524260940586, 0.42584140466794984, 0.4510435214288129]
[-0.07623802750976055, -0.3272264541584474, -0.5838853363040923, -0.36495052240607373, 0.4866500047999866, 0.5154583883162012]
[-0.08572518344106209, -0.3681467990115891, -0.6568262459928351, -0.4105858022027416, 0.5474586049320234, 0.5798732552035895]
[-0.09521233937236363, -0.40906714386473075, -0.7297671556815779, -0.4562210819994095, 0.6082672050640601, 0.6442881220909777]
[-0.10469949530366518, -0.4499874887178725, -0.8027080653703206, -0.5018563617960773, 0.6690758051960969, 0.708702988978366]
[-0.11418665123496671, -0.49090783357101414, -0.8756489750590634, -0.5474916415927451, 0.7298844053281336, 0.7731178558657543]
[-0.12367380716626825, -0.5318281784241559, -0.9485898847478061, -0.593126921389413, 0.7906930054601704, 0.8375327227531426]
[-0.1331609630975698, -0.5727485232772975, -1.0215307944365488, -0.6387622011860808, 0.8515016055922071, 0.9019475896405309]
[-0.14264811902887134, -0.6136688681304392, -1.0944717041252916, -0.6843974809827488, 0.9123102057242439, 0.9663624565279192]
[-0.15213527496017287, -0.6545892129835809, -1.1674126138140344, -0.7300327607794166, 0.9731188058562806, 1.0307773234153075]
[4.4849029061516665e-05, -0.6551960528108185, -1.1968597845062288, -0.7480822045730575, 0.9038778269129912, 1.0299650991285727]
[0.1522249730182959, -0.6558028926380562, -1.2263069551984234, -0.7661316483666983, 0.834636847969702, 1.029152874841838]
[0.3044050970075303, -0.656409732465294, -1.2557541258906177, -0.7841810921603393, 0.7653958690264127, 1.0283406505551032]
[0.4565852209967647, -0.6570165722925316, -1.2852012965828121, -0.8022305359539802, 0.6961548900831233, 1.0275284262683686]
[0.6087653449859991, -0.6576234121197693, -1.3146484672750067, -0.820279979747621, 0.6269139111398339, 1.0267162019816338]
[0.7609454689752335, -0.658230251947007, -1.344095637967201, -0.8383294235412619, 0.5576729321965446, 1.025903977694899]
[0.9184592407935067, -0.654457870002476, -1.3613525811288447, -0.8676175138306778, 0.48674358997716466, 1.0201023577518613]
[1.07597301261178, -0.650685488057945, -1.378609524290488, -0.8969056041200937, 0.41581424775778475, 1.0143007378088238]
[1.2334867844300532, -0.6469131061134141, -1.3958664674521317, -0.9261936944095095, 0.3448849055384049, 1.008499117865786]
[1.3910005562483265, -0.6431407241688831, -1.4131234106137753, -0.9554817846989253, 0.273955563319025, 1.0026974979227483]
[1.5485143280665996, -0.6393683422243521, -1.4303803537754187, -0.9847698749883412, 0.20302622109964508, 0.9968958779797107]
[1.706028099884873, -0.6355959602798211, -1.4476372969370623, -1.014057965277757, 0.13209687888026517, 0.9910942580366731]