[-0.0003634478259852969, 9.441385642006139e-05, -0.00045371380480396795, 0.00014529135797758386, 0.00017789174980986644, 8.882512573205048e-05]
[0.012322837743875622, -0.035508750856479525, -0.08319859010156289, -0.09711424496145099, -0.036097903922668734, -0.03100740813764853]
[0.02500912331373654, -0.07111191556937911, -0.1659434663983218, -0.19437378128087957, -0.07237369959514733, -0.062103641401029114]
[0.03769540888359746, -0.10671508028227869, -0.24868834269508072, -0.29163331760030814, -0.10864949526762595, -0.0931998746644097]
[0.05038169445345838, -0.14231824499517828, -0.33143321899183964, -0.3888928539197367, -0.14492529094010453, -0.12429610792779028]
[0.0630679800233193, -0.17792140970807788, -0.41417809528859856, -0.4861523902391653, -0.18120108661258313, -0.15539234119117085]
[0.07575426559318021, -0.21352457442097744, -0.4969229715853575, -0.5834119265585939, -0.21747688228506176, -0.18648857445455144]
[0.08844055116304113, -0.24912773913387704, -0.5796678478821163, -0.6806714628780225, -0.25375267795754036, -0.217584807717932]
[0.10112683673290206, -0.28473090384677663, -0.6624127241788753, -0.777930999197451, -0.29002847363001893, -0.2486810409813126]
[0.11381312230276297, -0.3203340685596762, -0.7451576004756342, -0.8751905355168796, -0.32630426930249756, -0.2797772742446932]
[0.1264994078726239, -0.3559372332725758, -0.8279024767723931, -0.9724500718363082, -0.36258006497497614, -0.31087350750807374]
[0.13918569344248483, -0.3915403979854754, -0.9106473530691521, -1.069709608155737, -0.3988558606474548, -0.34196974077145437]
[0.15187197901234573, -0.42714356269837495, -0.993392229365911, -1.1669691444751653, -0.4351316563199334, -0.37306597403483494]
[0.16455826458220665, -0.4627467274112746, -1.07613710566267, -1.264228680794594, -0.471407451992412, -0.40416220729821556]
[0.17724455015206755, -0.49834989212417413, -1.1588819819594287, -1.3614882171140226, -0.5076832476648906, -0.43525844056159607]
[0.18993083572192848, -0.5339530568370737, -1.2416268582561878, -1.4587477534334512, -0.5439590433373692, -0.4663546738249767]
[0.2026171212917894, -0.5695562215499733, -1.3243717345529467, -1.5560072897528796, -0.5802348390098477, -0.49745090708835726]
[0.21530340686165034, -0.6051593862628729, -1.4071166108497057, -1.6532668260723082, -0.6165106346823264, -0.5285471403517379]
[0.22798969243151124, -0.6407625509757725, -1.4898614871464644, -1.7505263623917369, -0.652786430354805, -0.5596433736151184]
[0.24067597800137217, -0.6763657156886721, -1.5726063634432235, -1.8477858987111655, -0.6890622260272836, -0.590739606878499]
[0.29974243572606385, -0.645179649909089, -1.6322174162513456, -1.8985644036377987, -0.698337189342402, -0.6827789193793857]
[0.3588088934507555, -0.613993584129506, -1.6918284690594676, -1.949342908564432, -0.7076121526575202, -0.7748182318802724]
[0.41787535117544716, -0.582807518349923, -1.7514395218675898, -2.000121413491065, -0.7168871159726385, -0.866857544381159]
[0.4769418089001388, -0.5516214525703399, -1.811050574675712, -2.0508999184176986, -0.7261620792877568, -0.9588968568820457]
[0.5360082666248305, -0.5204353867907568, -1.870661627483834, -2.1016784233443317, -0.7354370426028751, -1.0509361693829324]
[0.5950747243495221, -0.4892493210111738, -1.930272680291956, -2.152456928270965, -0.7447120059179934, -1.1429754818838191]
[0.6541411820742138, -0.45806325523159075, -1.9898837331000783, -2.203235433197598, -0.7539869692331117, -1.2350147943847058]
[0.7132076397989054, -0.42687718945200764, -2.0494947859082004, -2.2540139381242312, -0.7632619325482299, -1.3270541068855926]
[0.7722740975235971, -0.3956911236724246, -2.1091058387163226, -2.3047924430508644, -0.7725368958633483, -1.4190934193864793]
[0.8313405552482888, -0.36450505789284154, -2.1687168915244444, -2.3555709479774976, -0.7818118591784665, -1.5111327318873657]
[0.8904070129729804, -0.3333189921132585, -2.2283279443325665, -2.4063494529041307, -0.7910868224935849, -1.6031720443882524]
[0.9494734706976721, -0.30213292633367544, -2.2879389971406887, -2.457127957830764, -0.8003617858087031, -1.6952113568891392]
[1.0085399284223637, -0.27094686055409234, -2.347550049948811, -2.5079064627573975, -0.8096367491238214, -1.7872506693900259]
[1.0676063861470553, -0.23976079477450934, -2.407161102756933, -2.5586849676840306, -0.8189117124389398, -1.8792899818909126]
[1.1266728438717468, -0.2085747289949263, -2.466772155565055, -2.609463472610664, -0.828186675754058, -1.9713292943917993]
[1.1857393015964386, -0.1773886632153432, -2.526383208373177, -2.660241977537297, -0.8374616390691764, -2.063368606892686]
[1.2448057593211301, -0.14620259743576014, -2.585994261181299, -2.71102048246393, -0.8467366023842946, -2.1554079193935727]
[1.303872217045822, -0.11501653165617709, -2.6456053139894213, -2.7617989873905637, -0.856011565699413, -2.2474472318944594]
[1.3629386747705137, -0.08383046587659404, -2.7052163667975435, -2.812577492317197, -0.8652865290145313, -2.339486544395346]
[1.4220051324952052, -0.05264440009701099, -2.7648274196056652, -2.86335599724383, -0.8745614923296495, -2.431525856896233]
[1.481071590219897, -0.02145833431742794, -2.824438472413788, -2.914134502170463, -0.8838364556447678, -2.5235651693971195]
[1.5401380479445885, 0.00972773146215511, -2.8840495252219096, -2.9649130070970964, -0.8931114189598861, -2.615604481898006]
[1.5726160240197788, 0.06398782564709989, -2.929075305427082, -2.9939299007337192, -0.9067672451527053, -2.6895656332059024]
[1.6050940000949692, 0.11824791983204466, -2.9741010856322547, -3.022946794370342, -0.9204230713455246, -2.763526784513798]
[1.6375719761701597, 0.17250801401698942, -3.019126865837427, -3.051963688006965, -0.9340788975383438, -2.8374879358216942]
[1.67004995224535, 0.22676810820193422, -3.0641526460426, -3.080980581643588, -0.9477347237311631, -2.91144908712959]
[1.7025279283205403, 0.281028202386879, -3.109178426247772, -3.1099974752802106, -0.9613905499239823, -2.985410238437486]