[-0.00023077819239869513, 0.00018777401955993867, -0.00036720027570602554, 2.1127470810178295e-05, 0.00017029102415122566, 8.631902429723226e-05]
[0.013477553343803716, -0.1053349288959576, -0.018064119688030154, 0.0391757468850755, -0.001484013852795568, -0.12112055001321886]
[0.027185884880006127, -0.21085763181147513, -0.03576103910035428, 0.07833036629934083, -0.0031383187297423618, -0.24232741905073496]
[0.04089421641620854, -0.3163803347269927, -0.05345795851267841, 0.11748498571360616, -0.004792623606689156, -0.36353428808825106]
[0.05460254795241095, -0.4219030376425102, -0.07115487792500254, 0.15663960512787148, -0.006446928483635949, -0.48474115712576715]
[0.06831087948861336, -0.5274257405580278, -0.08885179733732666, 0.19579422454213682, -0.008101233360582744, -0.6059480261632832]
[0.08201921102481577, -0.6329484434735453, -0.10654871674965079, 0.23494884395640214, -0.009755538237529537, -0.7271548952007993]
[0.09572754256101819, -0.7384711463890629, -0.12424563616197493, 0.2741034633706675, -0.011409843114476332, -0.8483617642383154]
[0.1094358740972206, -0.8439938493045803, -0.14194255557429905, 0.3132580827849328, -0.013064147991423124, -0.9695686332758315]
[0.12314420563342302, -0.9495165522200979, -0.15963947498662318, 0.3524127021991981, -0.01471845286836992, -1.0907755023133476]
[0.17386429345261878, -0.9313240495074713, -0.22746925569844173, 0.43242558533065023, -0.04091637107450478, -1.1524165268155282]
[0.22458438127181457, -0.9131315467948445, -0.29529903641026023, 0.5124384684621024, -0.06711428928063963, -1.2140575513177088]
[0.27530446909101036, -0.8949390440822179, -0.36312881712207884, 0.5924513515935546, -0.09331220748677449, -1.2756985758198895]
[0.3260245569102061, -0.8767465413695912, -0.43095859783389734, 0.6724642347250067, -0.11951012569290935, -1.33733960032207]
[0.37674464472940183, -0.8585540386569646, -0.4987883785457159, 0.7524771178564588, -0.14570804389904418, -1.3989806248242507]
[0.4274647325485976, -0.8403615359443379, -0.5666181592575346, 0.8324900009879109, -0.17190596210517906, -1.4606216493264315]
[0.4781848203677934, -0.8221690332317113, -0.634447939969353, 0.912502884119363, -0.1981038803113139, -1.522262673828612]
[0.5289049081869892, -0.8039765305190846, -0.7022777206811714, 0.9925157672508151, -0.22430179851744877, -1.5839036983307926]
[0.5796249960061849, -0.785784027806458, -0.7701075013929901, 1.0725286503822673, -0.2504997167235836, -1.6455447228329732]
[0.6303450838253807, -0.7675915250938312, -0.8379372821048086, 1.1525415335137195, -0.27669763492971844, -1.7071857473351537]
[0.6810651716445764, -0.7493990223812046, -0.9057670628166272, 1.2325544166451716, -0.3028955531358533, -1.7688267718373343]
[0.7317852594637723, -0.731206519668578, -0.9735968435284459, 1.3125672997766238, -0.3290934713419882, -1.8304677963395153]
[0.7825053472829681, -0.7130140169559512, -1.0414266242402643, 1.3925801829080757, -0.35529138954812306, -1.8921088208416958]
[0.8332254351021637, -0.6948215142433246, -1.1092564049520828, 1.4725930660395279, -0.3814893077542579, -1.9537498453438764]
[0.8839455229213595, -0.6766290115306979, -1.1770861856639014, 1.55260594917098, -0.40768722596039275, -2.015390869846057]
[0.9346656107405553, -0.6584365088180713, -1.2449159663757199, 1.6326188323024322, -0.4338851441665276, -2.0770318943482375]
[0.985385698559751, -0.6402440061054446, -1.3127457470875386, 1.7126317154338844, -0.46008306237266244, -2.138672918850418]
[1.036105786378947, -0.622051503392818, -1.380575527799357, 1.7926445985653363, -0.4862809805787973, -2.200313943352599]
[1.0868258741981427, -0.6038590006801913, -1.4484053085111757, 1.8726574816967885, -0.5124788987849321, -2.2619549678547797]
[1.1375459620173385, -0.5856664979675646, -1.516235089222994, 1.9526703648282406, -0.538676816991067, -2.3235959923569602]
[1.1882660498365343, -0.5674739952549379, -1.5840648699348125, 2.032683247959693, -0.5648747351972019, -2.385237016859141]
[1.2389861376557298, -0.5492814925423113, -1.6518946506466312, 2.112696131091145, -0.5910726534033367, -2.4468780413613214]
[1.2897062254749259, -0.5310889898296847, -1.7197244313584499, 2.192709014222597, -0.6172705716094716, -2.508519065863502]
[1.3404263132941217, -0.5128964871170579, -1.7875542120702685, 2.2727218973540495, -0.6434684898156064, -2.5701600903656825]
[1.3911464011133174, -0.49470398440443125, -1.855383992782087, 2.3527347804855014, -0.6696664080217414, -2.631801114867863]
[1.4418664889325132, -0.47651148169180463, -1.9232137734939054, 2.4327476636169534, -0.6958643262278762, -2.6934421393700436]
[1.4925865767517088, -0.45831897897917795, -1.991043554205724, 2.5127605467484058, -0.722062244434011, -2.755083163872224]
[1.5433066645709046, -0.4401264762665513, -2.0588733349175423, 2.5927734298798577, -0.7482601626401458, -2.816724188374405]
[1.5940267523901004, -0.4219339735539246, -2.126703115629361, 2.67278631301131, -0.7744580808462808, -2.8783652128765858]
[1.6447468402092962, -0.40374147084129797, -2.1945328963411797, 2.752799196142762, -0.8006559990524156, -2.9400062373787663]
[1.6917468317997253, -0.3608877214915434, -2.257479473234879, 2.822770294890557, -0.8261764330875428, -2.9724927232911473]
[1.7387468233901542, -0.3180339721417888, -2.3204260501285785, 2.892741393638352, -0.8516968671226701, -3.0049792092035283]
[1.785746814980583, -0.27518022279203425, -2.383372627022278, 2.9627124923861468, -0.8772173011577973, -3.0374656951159094]
[1.8327468065710122, -0.23232647344227966, -2.4463192039159773, 3.032683591133942, -0.9027377351929246, -3.0699521810282904]