[-0.00036000390299317786, 9.272884382838242e-05, -0.00032403637780475947, 0.00013391442772370254, 0.000247251224270606, 0.0001021594863939157]
[-0.018271435321034167, -0.029505616720751693, -0.13537067951955953, 0.09980133200990765, -0.0033491440428228963, 0.009780285240145698]
[-0.036182866739075156, -0.05910396228533177, -0.2704173226613143, 0.1994687495920916, -0.006945539309916399, 0.01945841099389748]
[-0.05409429815711615, -0.08870230784991184, -0.40546396580306904, 0.29913616717427555, -0.010541934577009901, 0.029136536747649263]
[-0.07200572957515713, -0.11830065341449192, -0.5405106089448238, 0.3988035847564595, -0.014138329844103403, 0.038814662501401045]
[-0.08991716099319813, -0.147898998979072, -0.6755572520865786, 0.49847100233864344, -0.017734725111196906, 0.04849278825515283]
[-0.10782859241123913, -0.17749734454365207, -0.8106038952283333, 0.5981384199208274, -0.021331120378290408, 0.05817091400890461]
[-0.1257400238292801, -0.20709569010823214, -0.9456505383700881, 0.6978058375030113, -0.02492751564538391, 0.06784903976265638]
[-0.1436514552473211, -0.23669403567281222, -1.080697181511843, 0.7974732550851953, -0.028523910912477413, 0.07752716551640818]
[-0.1615628866653621, -0.2662923812373923, -1.2157438246535976, 0.8971406726673792, -0.032120306179570915, 0.08720529127015995]
[-0.17947431808340308, -0.29589072680197237, -1.3507904677953524, 0.9968080902495632, -0.03571670144666442, 0.09688341702391175]
[-0.19738574950144405, -0.32548907236655245, -1.4858371109371071, 1.096475507831747, -0.03931309671375792, 0.10656154277766351]
[-0.21529718091948508, -0.3550874179311325, -1.6208837540788619, 1.196142925413931, -0.04290949198085142, 0.1162396685314153]
[-0.23320861233752604, -0.3846857634957126, -1.7559303972206166, 1.295810342996115, -0.046505887247944924, 0.12591779428516708]
[-0.16795466031149658, -0.3683882691938264, -1.8026041770173928, 1.3583636021265433, -0.08298096442935482, 0.207254422756113]
[-0.10270070828546712, -0.35209077489194013, -1.8492779568141688, 1.4209168612569718, -0.11945604161076472, 0.2885910512270589]
[-0.037446756259437664, -0.3357932805900539, -1.8959517366109448, 1.4834701203874001, -0.1559311187921746, 0.3699276796980048]
[0.027807195766591797, -0.31949578628816766, -1.942625516407721, 1.5460233795178284, -0.1924061959735845, 0.45126430816895075]
[0.09306114779262131, -0.30319829198628145, -1.9892992962044973, 1.608576638648257, -0.2288812731549944, 0.5326009366398967]
[0.15831509981865072, -0.28690079768439525, -2.035973076001273, 1.6711298977786853, -0.2653563503364043, 0.6139375651108425]
[0.22356905184468023, -0.270603303382509, -2.0826468557980493, 1.7336831569091136, -0.3018314275178142, 0.6952741935817885]
[0.28882300387070964, -0.2543058090806227, -2.1293206355948255, 1.7962364160395419, -0.3383065046992241, 0.7766108220527344]
[0.3540769558967391, -0.23800831477873652, -2.1759944153916018, 1.8587896751699704, -0.374781581880634, 0.8579474505236804]
[0.41933090792276867, -0.22171082047685028, -2.222668195188378, 1.921342934300399, -0.4112566590620439, 0.9392840789946262]
[0.484584859948798, -0.20541332617496408, -2.2693419749851538, 1.983896193430827, -0.44773173624345375, 1.020620707465572]
[0.5498388119748274, -0.18911583187307784, -2.31601575478193, 2.0464494525612555, -0.48420681342486366, 1.101957335936518]
[0.615092764000857, -0.1728183375711916, -2.3626895345787062, 2.1090027116916836, -0.5206818906062736, 1.1832939644074638]
[0.6803467160268866, -0.15652084326930538, -2.4093633143754825, 2.171555970822112, -0.5571569677876835, 1.2646305928784098]
[0.7456006680529159, -0.14022334896741914, -2.4560370941722587, 2.2341092299525407, -0.5936320449690934, 1.3459672213493559]
[0.8108546200789453, -0.12392585466553291, -2.5027108739690345, 2.296662489082969, -0.6301071221505032, 1.4273038498203017]
[0.8761085721049746, -0.1076283603636467, -2.5493846537658107, 2.3592157482133973, -0.6665821993319131, 1.5086404782912475]
[0.9413625241310042, -0.09133086606176044, -2.596058433562587, 2.421769007343826, -0.7030572765133231, 1.5899771067621935]
[1.0066164761570338, -0.07503337175987423, -2.6427322133593627, 2.484322266474254, -0.7395323536947329, 1.6713137352331393]
[1.0718704281830633, -0.05873587745798797, -2.689405993156139, 2.5468755256046824, -0.7760074308761429, 1.7526503637040853]
[1.1371243802090927, -0.04243838315610177, -2.736079772952915, 2.609428784735111, -0.8124825080575527, 1.8339869921750311]
[1.202378332235122, -0.02614088885421556, -2.782753552749691, 2.6719820438655395, -0.8489575852389626, 1.915323620645977]
[1.2676322842611516, -0.009843394552329299, -2.8294273325464676, 2.7345353029959676, -0.8854326624203726, 1.996660249116923]
[1.332886236287181, 0.0064540997495569075, -2.8761011123432434, 2.7970885621263957, -0.9219077396017824, 2.0779968775878688]
[1.3981401883132103, 0.022751594051443114, -2.9227748921400196, 2.859641821256824, -0.9583828167831923, 2.159333506058815]
[1.46339414033924, 0.039049088353329375, -2.969448671936796, 2.9221950803872527, -0.9948578939646022, 2.240670134529761]
[1.5286480923652694, 0.05534658265521558, -3.0161224517335716, 2.9847483395176813, -1.0313329711460122, 2.3220067630007066]
[1.593902044391299, 0.07164407695710184, -3.0627962315303483, 3.04730159864811, -1.0678080483274222, 2.403343391471653]
[1.6591559964173284, 0.08794157125898805, -3.109470011327124, 3.109854857778538, -1.104283125508832, 2.4846800199425987]