[-0.0002657880092504783, 0.0001591122889905705, -0.00044905481456058993, -1.8335804994329408e-05, 0.0002662801871728959, -3.6410544953291435e-05]
[0.040534990163910996, -0.04427856540422732, -0.09069076515241706, -0.012148525365272863, 0.014832264603095155, 0.10196082336634102]
[0.08133576833707247, -0.0887162430974452, -0.18093247549027353, -0.024278714925551396, 0.029398249019017414, 0.20395805727763533]
[0.12213654651023394, -0.13315392079066307, -0.27117418582813, -0.03640890448582993, 0.04396423343493967, 0.3059552911889296]
[0.16293732468339542, -0.17759159848388098, -0.36141589616598646, -0.04853909404610846, 0.05853021785086193, 0.40795252510022395]
[0.20373810285655689, -0.22202927617709886, -0.451657606503843, -0.06066928360638701, 0.0730962022667842, 0.5099497590115183]
[0.24453888102971835, -0.2664669538703167, -0.5418993168416995, -0.07279947316666553, 0.08766218668270645, 0.6119469929228125]
[0.28533965920287985, -0.31090463156353465, -0.6321410271795559, -0.08492966272694408, 0.10222817109862872, 0.713944226834107]
[0.3261404373760413, -0.35534230925675253, -0.7223827375174123, -0.0970598522872226, 0.11679415551455097, 0.8159414607454012]
[0.3669412155492028, -0.3997799869499704, -0.8126244478552689, -0.10919004184750114, 0.13136013993047324, 0.9179386946566955]
[0.40774199372236425, -0.4442176646431883, -0.9028661581931254, -0.12132023140777969, 0.1459261243463955, 1.0199359285679899]
[0.44854277189552577, -0.48865534233640623, -0.9931078685309819, -0.13345042096805823, 0.1604921087623178, 1.1219331624792843]
[0.4893435500686872, -0.533093020029624, -1.0833495788688383, -0.14558061052833673, 0.17505809317824, 1.2239303963905783]
[0.5301443282418487, -0.5775306977228419, -1.1735912892066949, -0.15771080008861527, 0.18962407759416228, 1.3259276303018728]
[0.5709451064150102, -0.6219683754160599, -1.2638329995445512, -0.16984098964889383, 0.20419006201008455, 1.4279248642131672]
[0.6117458845881717, -0.6664060531092778, -1.3540747098824077, -0.18197117920917236, 0.21875604642600682, 1.5299220981244614]
[0.6525466627613331, -0.7108437308024956, -1.444316420220264, -0.19410136876945086, 0.23332203084192904, 1.6319193320357557]
[0.6933474409344945, -0.7552814084957135, -1.5345581305581206, -0.20623155832972942, 0.2478880152578513, 1.73391656594705]
[0.734148219107656, -0.7997190861889314, -1.6247998408959772, -0.21836174789000795, 0.2624539996737736, 1.8359137998583444]
[0.7699641966901357, -0.7706237727332308, -1.6545169322014412, -0.3286837413479571, 0.2152837748159514, 1.8815417315145768]
[0.8057801742726154, -0.7415284592775303, -1.6842340235069055, -0.4390057348059062, 0.16811354995812922, 1.9271696631708095]
[0.8415961518550952, -0.7124331458218298, -1.7139511148123696, -0.5493277282638553, 0.12094332510030703, 1.972797594827042]
[0.8774121294375749, -0.6833378323661292, -1.7436682061178337, -0.6596497217218045, 0.07377310024248485, 2.0184255264832744]
[0.9132281070200545, -0.6542425189104286, -1.773385297423298, -0.7699717151797536, 0.02660287538466266, 2.064053458139507]
[0.9490440846025343, -0.6251472054547281, -1.803102388728762, -0.8802937086377027, -0.020567349473159524, 2.1096813897957394]
[0.9848600621850139, -0.5960518919990276, -1.8328194800342263, -0.9906157020956519, -0.06773757433098171, 2.155309321451972]
[1.0206760397674937, -0.566956578543327, -1.8625365713396904, -1.100937695553601, -0.1149077991888039, 2.2009372531082048]
[1.0564920173499734, -0.5378612650876264, -1.8922536626451545, -1.2112596890115501, -0.16207802404662608, 2.246565184764437]
[1.092307994932453, -0.508765951631926, -1.9219707539506188, -1.3215816824694993, -0.20924824890444826, 2.2921931164206697]
[1.1281239725149328, -0.47967063817622535, -1.9516878452560829, -1.4319036759274484, -0.25641847376227045, 2.3378210480769024]
[1.1639399500974124, -0.45057532472052486, -1.981404936561547, -1.5422256693853975, -0.30358869862009263, 2.3834489797331346]
[1.1997559276798921, -0.42148001126482426, -2.011122027867011, -1.6525476628433466, -0.3507589234779148, 2.4290769113893673]
[1.235571905262372, -0.3923846978091238, -2.0408391191724755, -1.7628696563012958, -0.397929148335737, 2.4747048430456]
[1.2713878828448517, -0.3632893843534232, -2.0705562104779394, -1.873191649759245, -0.4450993731935592, 2.5203327747018323]
[1.3072038604273313, -0.3341940708977227, -2.1002733017834037, -1.983513643217194, -0.4922695980513814, 2.565960706358065]
[1.343019838009811, -0.3050987574420221, -2.129990393088868, -2.093835636675143, -0.5394398229092036, 2.6115886380142976]
[1.3788358155922906, -0.2760034439863216, -2.159707484394332, -2.2041576301330923, -0.5866100477670257, 2.65721656967053]
[1.4146517931747704, -0.24690813053062102, -2.189424575699796, -2.3144796235910414, -0.6337802726248479, 2.7028445013267626]