[-0.0003596889034582773, 0.00022781414560935076, -0.0004299514547190242, 1.747334851920357e-05, 0.00016987680715274678, 4.6179528346179666e-05]
[-0.03548580275639787, -0.03471346572421841, -0.07114631623900439, 0.011204791404368732, 0.052694352592483645, 0.08734365802760476]
[-0.07061191660933747, -0.06965474559404618, -0.14186268102328975, 0.02239210946021826, 0.10521882837781454, 0.17464113652686333]
[-0.10573803046227707, -0.10459602546387395, -0.21257904580757514, 0.03357942751606779, 0.15774330416314547, 0.2619386150261219]
[-0.14086414431521666, -0.1395373053337017, -0.2832954105918605, 0.044766745571917316, 0.21026777994847634, 0.3492360935253805]
[-0.17599025816815628, -0.17447858520352946, -0.35401177537614587, 0.055954063627766844, 0.26279225573380727, 0.4365335720246391]
[-0.21111637202109587, -0.20941986507335725, -0.42472814016043126, 0.06714138168361637, 0.3153167315191382, 0.5238310505238977]
[-0.24624248587403544, -0.24436114494318498, -0.4954445049447166, 0.07832869973946589, 0.367841207304469, 0.6111285290231562]
[-0.28136859972697503, -0.27930242481301276, -0.5661608697290019, 0.08951601779531543, 0.42036568308979994, 0.6984260075224148]
[-0.31649471357991465, -0.3142437046828405, -0.6368772345132874, 0.10070333585116495, 0.47289015887513086, 0.7857234860216734]
[-0.3516208274328543, -0.3491849845526683, -0.7075935992975727, 0.11189065390701448, 0.5254146346604618, 0.873020964520932]
[-0.38674694128579384, -0.3841262644224961, -0.7783099640818582, 0.12307797196286402, 0.5779391104457927, 0.9603184430201906]
[-0.42187305513873347, -0.41906754429232385, -0.8490263288661435, 0.13426529001871354, 0.6304635862311236, 1.0476159215194492]
[-0.456999168991673, -0.45400882416215155, -0.9197426936504287, 0.14545260807456306, 0.6829880620164545, 1.1349134000187076]
[-0.4921252828446126, -0.4889501040319793, -0.9904590584347142, 0.15663992613041258, 0.7355125378017853, 1.2222108785179662]
[-0.5272513966975522, -0.5238913839018071, -1.0611754232189996, 0.1678272441862621, 0.7880370135871162, 1.3095083570172248]
[-0.5623775105504918, -0.5588326637716349, -1.1318917880032848, 0.17901456224211165, 0.8405614893724471, 1.3968058355164834]
[-0.5975036244034314, -0.5937739436414626, -1.2026081527875703, 0.19020188029796117, 0.893085965157778, 1.484103314015742]
[-0.46978315877516374, -0.5873961269959925, -1.2456811923946594, 0.16919991850728788, 0.8738893847002601, 1.3946149771795577]
[-0.342062693146896, -0.5810183103505224, -1.2887542320017482, 0.1481979567166146, 0.8546928042427421, 1.3051266403433737]
[-0.2143422275186283, -0.5746404937050523, -1.3318272716088373, 0.1271959949259413, 0.8354962237852241, 1.2156383035071894]
[-0.08662176189036064, -0.5682626770595822, -1.3749003112159262, 0.10619403313526801, 0.8162996433277061, 1.1261499666710053]
[0.04109870373790703, -0.5618848604141122, -1.4179733508230152, 0.08519207134459472, 0.7971030628701882, 1.036661629834821]
[0.1688191693661748, -0.5555070437686421, -1.4610463904301043, 0.06419010955392143, 0.7779064824126701, 0.9471732929986367]
[0.29653963499444247, -0.549129227123172, -1.5041194300371932, 0.04318814776324814, 0.7587099019551522, 0.8576849561624525]
[0.42426010062271013, -0.5427514104777019, -1.5471924696442823, 0.02218618597257485, 0.7395133214976342, 0.7681966193262684]
[0.5519805662509779, -0.5363735938322318, -1.5902655092513713, 0.0011842241819015609, 0.7203167410401162, 0.6787082824900842]
[0.6797010318792455, -0.5299957771867617, -1.6333385488584602, -0.01981773760877173, 0.7011201605825983, 0.5892199456539]
[0.8074214975075132, -0.5236179605412916, -1.6764115884655493, -0.04081969939944502, 0.6819235801250803, 0.4997316088177157]
[0.935141963135781, -0.5172401438958215, -1.7194846280726384, -0.06182166119011831, 0.6627269996675623, 0.41024327198153143]
[1.0628624287640487, -0.5108623272503514, -1.7625576676797272, -0.08282362298079157, 0.6435304192100443, 0.32075493514534736]
[1.1905828943923162, -0.5044845106048813, -1.8056307072868163, -0.10382558477146489, 0.6243338387525263, 0.23126659830916307]
[1.3183033600205838, -0.49810669395941126, -1.8487037468939054, -0.12482754656213821, 0.6051372582950083, 0.141778261472979]
[1.4460238256488518, -0.49172887731394116, -1.8917767865009942, -0.1458295083528115, 0.5859406778374904, 0.05228992463679482]