[-0.00029686513608151444, 0.00022490094610638778, -0.00039441716636368085, 0.0001398306170283803, 0.00016531986504464413, -2.062615492359754e-05]
[0.05590768760584157, -0.04031442187030625, -0.09956139734776455, 0.014623578225339509, 0.01097423971212442, 0.07765580627946228]
[0.11211224034776465, -0.08085374468671888, -0.19872837752916542, 0.029107325833650638, 0.021783159559204197, 0.15533223871384816]
[0.16831679308968775, -0.12139306750313153, -0.2978953577105663, 0.043591073441961774, 0.032592079406283975, 0.23300867114823404]
[0.22452134583161082, -0.16193239031954415, -0.39706233789196715, 0.058074821050272896, 0.04340099925336375, 0.3106851035826199]
[0.2807258985735339, -0.2024717131359568, -0.496229318073368, 0.07255856865858402, 0.054209919100443524, 0.38836153601700574]
[0.336930451315457, -0.24301103595236945, -0.5953962982547689, 0.08704231626689517, 0.0650188389475233, 0.46603796845139167]
[0.3931350040573801, -0.2835503587687821, -0.6945632784361698, 0.1015260638752063, 0.07582775879460309, 0.5437144008857775]
[0.44933955679930315, -0.3240896815851947, -0.7937302586175706, 0.11600981148351741, 0.08663667864168285, 0.6213908333201634]
[0.5055441095412262, -0.36462900440160734, -0.8928972387989715, 0.13049355909182855, 0.09744559848876264, 0.6990672657545492]
[0.5617486622831493, -0.40516832721802, -0.9920642189803723, 0.14497730670013967, 0.1082545183358424, 0.7767436981889351]
[0.6179532150250724, -0.4457076500344326, -1.0912311991617731, 0.15946105430845078, 0.11906343818292218, 0.854420130623321]
[0.6741577677669955, -0.4862469728508453, -1.1903981793431742, 0.17394480191676195, 0.12987235803000197, 0.9320965630577069]
[0.7303623205089186, -0.5267862956672579, -1.2895651595245752, 0.18842854952507307, 0.14068127787708176, 1.0097729954920929]
[0.7865668732508417, -0.5673256184836706, -1.388732139705976, 0.2029122971333842, 0.15149019772416153, 1.0874494279264786]
[0.8427714259927648, -0.6078649413000832, -1.4878991198873768, 0.21739604474169533, 0.1622991175712413, 1.1651258603608645]
[0.9366919330951355, -0.6152415866542453, -1.5124014106235442, 0.12719015263959413, 0.19466671021726872, 1.1885836284132554]
[1.0306124401975063, -0.6226182320084076, -1.5369037013597115, 0.03698426053749293, 0.22703430286329612, 1.2120413964656462]
[1.124532947299877, -0.6299948773625699, -1.561405992095879, -0.053221631564608296, 0.2594018955093235, 1.235499164518037]
[1.2184534544022476, -0.637371522716732, -1.585908282832046, -0.14342752366670947, 0.291769488155351, 1.258956932570428]
[1.3123739615046186, -0.6447481680708942, -1.6104105735682135, -0.23363341576881064, 0.3241370808013784, 1.282414700622819]
[1.4062944686069891, -0.6521248134250565, -1.6349128643043809, -0.3238393078709119, 0.3565046734474058, 1.30587246867521]
[1.50021497570936, -0.6595014587792187, -1.6594151550405483, -0.4140451999730131, 0.38887226609343317, 1.3293302367276008]
[1.5941354828117307, -0.6668781041333809, -1.6839174457767156, -0.5042510920751143, 0.42123985873946057, 1.3527880047799916]
[1.6515937611250955, -0.6556450158419688, -1.6653711473724564, -0.6444967683712401, 0.4699807546245257, 1.3737075954716353]
[1.7090520394384603, -0.6444119275505567, -1.6468248489681974, -0.7847424446673661, 0.5187216505095908, 1.394627186163279]
[1.766510317751825, -0.6331788392591445, -1.628278550563938, -0.924988120963492, 0.567462546394656, 1.4155467768549228]
[1.8239685960651897, -0.6219457509677324, -1.6097322521596789, -1.065233797259618, 0.6162034422797211, 1.4364663675465665]
[1.8814268743785545, -0.6107126626763203, -1.5911859537554198, -1.205479473555744, 0.6649443381647863, 1.4573859582382103]
[1.9388851526919193, -0.5994795743849082, -1.5726396553511606, -1.3457251498518699, 0.7136852340498514, 1.4783055489298542]
[1.996343431005284, -0.5882464860934961, -1.5540933569469013, -1.4859708261479958, 0.7624261299349165, 1.499225139621498]
[2.0538017093186487, -0.5770133978020839, -1.5355470585426423, -1.6262165024441213, 0.8111670258199817, 1.5201447303131417]
[2.1112599876320135, -0.5657803095106718, -1.517000760138383, -1.7664621787402472, 0.8599079217050468, 1.5410643210047854]
[2.1687182659453783, -0.5545472212192597, -1.4984544617341238, -1.9067078550363736, 0.908648817590112, 1.5619839116964291]
[2.226176544258743, -0.5433141329278476, -1.4799081633298647, -2.046953531332499, 0.9573897134751771, 1.5829035023880729]
[2.283634822572108, -0.5320810446364355, -1.4613618649256055, -2.187199207628625, 1.0061306093602422, 1.6038230930797166]