[-0.0002804018805795394, 7.835434021696841e-05, -0.0004345642191569965, -2.7793106617934882e-05, 0.0003353691109468926, -3.086489433457018e-05]
[0.03401231322551949, -0.008024259078427928, -0.07457762409573279, 0.08354914496009079, -0.016330542704657135, -0.08505386833150749]
[0.06830502833161851, -0.016126872497072824, -0.1487206839723086, 0.16712608302679952, -0.03299645452026116, -0.17007687176868042]
[0.10259774343771755, -0.024229485915717722, -0.2228637438488844, 0.2507030210935082, -0.04966236633586518, -0.25509987520585337]
[0.13689045854381657, -0.03233209933436262, -0.2970068037254602, 0.33427995916021697, -0.06632827815146922, -0.34012287864302626]
[0.1711831736499156, -0.040434712753007515, -0.371149863602036, 0.4178568972269257, -0.08299418996707324, -0.4251458820801992]
[0.20547588875601464, -0.04853732617165241, -0.4452929234786118, 0.5014338352936344, -0.09966010178267726, -0.5101688855173722]
[0.23976860386211366, -0.05663993959029731, -0.5194359833551876, 0.5850107733603431, -0.11632601359828129, -0.595191888954545]
[0.2740613189682127, -0.0647425530089422, -0.5935790432317634, 0.6685877114270519, -0.13299192541388533, -0.680214892391718]
[0.3083540340743117, -0.07284516642758711, -0.6677221031083392, 0.7521646494937607, -0.14965783722948936, -0.7652378958288909]
[0.3426467491804107, -0.080947779846232, -0.741865162984915, 0.8357415875604693, -0.16632374904509337, -0.8502608992660639]
[0.37693946428650976, -0.0890503932648769, -0.8160082228614909, 0.9193185256271781, -0.1829896608606974, -0.9352839027032368]
[0.4112321793926088, -0.0971530066835218, -0.8901512827380667, 1.0028954636938867, -0.1996555726763014, -1.0203069061404098]
[0.44552489449870786, -0.1052556201021667, -0.9642943426146425, 1.0864724017605956, -0.21632148449190547, -1.1053299095775826]
[0.47981760960480685, -0.11335823352081159, -1.0384374024912182, 1.1700493398273042, -0.23298739630750948, -1.1903529130147554]
[0.5141103247109059, -0.1214608469394565, -1.1125804623677942, 1.253626277894013, -0.2496533081231135, -1.2753759164519285]
[0.5484030398170049, -0.12956346035810137, -1.1867235222443697, 1.3372032159607217, -0.26631921993871754, -1.3603989198891013]
[0.5826957549231039, -0.13766607377674628, -1.2608665821209455, 1.4207801540274303, -0.28298513175432155, -1.4454219233262742]
[0.616988470029203, -0.14576868719539118, -1.3350096419975215, 1.5043570920941394, -0.2996510435699256, -1.5304449267634472]
[0.651281185135302, -0.1538713006140361, -1.4091527018740972, 1.587934030160848, -0.3163169553855296, -1.61546793020062]
[0.685573900241401, -0.16197391403268097, -1.483295761750673, 1.6715109682275566, -0.3329828672011336, -1.7004909336377931]
[0.7198666153475, -0.17007652745132584, -1.5574388216272488, 1.7550879062942653, -0.34964877901673763, -1.785513937074966]
[0.7541593304535991, -0.17817914086997078, -1.6315818815038248, 1.838664844360974, -0.3663146908323417, -1.870536940512139]
[0.7884520455596981, -0.18628175428861565, -1.7057249413804005, 1.9222417824276827, -0.3829806026479457, -1.9555599439493119]
[0.8227447606657972, -0.19438436770726056, -1.7798680012569763, 2.0058187204943914, -0.3996465144635497, -2.040582947386485]
[0.8570374757718962, -0.20248698112590544, -1.854011061133552, 2.0893956585611, -0.4163124262791537, -2.1256059508236578]
[0.8913301908779953, -0.21058959454455037, -1.928154121010128, 2.172972596627809, -0.43297833809475783, -2.2106289542608306]
[0.9256229059840942, -0.21869220796319525, -2.002297180886704, 2.2565495346945177, -0.44964424991036184, -2.2956519576980035]
[0.9599156210901932, -0.22679482138184015, -2.0764402407632794, 2.3401264727612263, -0.46631016172596584, -2.3806749611351763]
[0.9942083361962922, -0.23489743480048503, -2.1505833006398554, 2.423703410827935, -0.48297607354156985, -2.465697964572349]
[1.0285010513023913, -0.24300004821912996, -2.2247263605164314, 2.507280348894644, -0.4996419853571739, -2.5507209680095224]
[1.0627937664084903, -0.25110266163777484, -2.298869420393007, 2.5908572869613526, -0.5163078971727779, -2.6357439714466953]
[1.1258987919945302, -0.26185137630316707, -2.307121107247313, 2.670682553402179, -0.5424192623210667, -2.7148092079580324]
[1.1890038175805704, -0.27260009096855936, -2.3153727941016187, 2.7505078198430053, -0.5685306274693555, -2.793874444469369]
[1.2521088431666105, -0.2833488056339516, -2.3236244809559246, 2.830333086283831, -0.5946419926176443, -2.872939680980706]
[1.3152138687526505, -0.29409752029934383, -2.3318761678102304, 2.9101583527246575, -0.6207533577659331, -2.9520049174920433]
[1.3783188943386904, -0.3048462349647361, -2.3401278546645363, 2.989983619165484, -0.6468647229142219, -3.03107015400338]
[1.4414239199247305, -0.31559494963012835, -2.348379541518842, 3.06980888560631, -0.6729760880625106, -3.110135390514717]