[-0.0003753350770088204, 0.00010433892563188607, -0.00038000406270466414, 0.0001231178713316794, 0.0002468526207453081, 4.111567566678076e-05]
[-0.004868451675829773, -0.018861218138822668, -0.07886945643654453, 0.10837098408002047, 0.015809309727709414, -0.07573872087465158]
[-0.009361568274650726, -0.03782677520327722, -0.1573589088103844, 0.21661885028870925, 0.03137176683467352, -0.15151855742496995]
[-0.01385468487347168, -0.056792332267731775, -0.23584836118422425, 0.32486671649739807, 0.046934223941637626, -0.2272983939752883]
[-0.018347801472292632, -0.07575788933218633, -0.3143378135580641, 0.4331145827060868, 0.06249668104860173, -0.3030782305256067]
[-0.022840918071113585, -0.09472344639664088, -0.392827265931904, 0.5413624489147756, 0.07805913815556584, -0.37885806707592506]
[-0.02733403466993454, -0.11368900346109544, -0.47131671830574384, 0.6496103151234645, 0.09362159526252994, -0.4546379036262434]
[-0.03182715126875549, -0.13265456052555, -0.5498061706795837, 0.7578581813321532, 0.10918405236949405, -0.5304177401765617]
[-0.036320267867576445, -0.15162011759000454, -0.6282956230534236, 0.866106047540842, 0.12474650947645816, -0.6061975767268801]
[-0.0408133844663974, -0.1705856746544591, -0.7067850754272634, 0.9743539137495307, 0.14030896658342226, -0.6819774132771985]
[-0.04530650106521835, -0.18955123171891364, -0.7852745278011033, 1.0826017799582195, 0.15587142369038637, -0.7577572498275169]
[-0.0497996176640393, -0.2085167887833682, -0.8637639801749432, 1.1908496461669082, 0.17143388079735047, -0.8335370863778352]
[-0.05429273426286026, -0.22748234584782276, -0.942253432548783, 1.2990975123755972, 0.18699633790431458, -0.9093169229281536]
[-0.05878585086168121, -0.2464479029122773, -1.020742884922623, 1.407345378584286, 0.2025587950112787, -0.985096759478472]
[-0.06327896746050216, -0.2654134599767319, -1.0992323372964627, 1.5155932447929747, 0.2181212521182428, -1.0608765960287903]
[-0.06777208405932311, -0.2843790170411864, -1.1777217896703025, 1.6238411110016635, 0.2336837092252069, -1.1366564325791086]
[-0.07226520065814407, -0.303344574105641, -1.2562112420441425, 1.7320889772103523, 0.249246166332171, -1.212436269129427]
[0.06572911203150295, -0.3391888320462041, -1.2830332671222295, 1.7677267993475672, 0.2510157280738051, -1.2486480131091473]
[0.20372342472114996, -0.37503308998676715, -1.3098552922003168, 1.8033646214847823, 0.2527852898154393, -1.2848597570888673]
[0.341717737410797, -0.41087734792733027, -1.3366773172784039, 1.8390024436219972, 0.2545548515570734, -1.3210715010685876]
[0.479712050100444, -0.44672160586789333, -1.3634993423564912, 1.8746402657592123, 0.25632441329870753, -1.3572832450483079]
[0.617706362790091, -0.48256586380845645, -1.3903213674345782, 1.9102780878964272, 0.25809397504034165, -1.3934949890280282]
[0.755700675479738, -0.5184101217490196, -1.4171433925126653, 1.945915910033642, 0.2598635367819758, -1.4297067330077482]
[0.893694988169385, -0.5542543796895827, -1.4439654175907526, 1.9815537321708572, 0.26163309852360994, -1.4659184769874685]
[1.0520141082816992, -0.5911375345164186, -1.4392047501350396, 1.9862753892526719, 0.27716963375976994, -1.5099697719894365]
[1.2103332283940131, -0.6280206893432546, -1.4344440826793268, 1.9909970463344866, 0.29270616899593, -1.5540210669914043]
[1.3686523485063273, -0.6649038441700905, -1.4296834152236138, 1.9957187034163013, 0.30824270423209, -1.5980723619933723]