[-0.0003145009188916248, 7.12934896185402e-05, -0.0004584111745007391, 2.7995272846581543e-05, 0.00031552062460526997, 8.938374385003556e-05]
[0.012249647879320166, -0.11335153601229253, -0.07445647661586503, 0.006839485609596054, -0.057198738055249276, -0.02978353475337552]
[0.024813796677531957, -0.2267743655142036, -0.14845454205722933, 0.013650975946345527, -0.11471299673510382, -0.05965645325060107]
[0.037377945475743746, -0.3401971950161147, -0.22245260749859364, 0.020462466283095, -0.17222725541495837, -0.08952937174782663]
[0.04994209427395554, -0.45362002451802574, -0.2964506729399579, 0.027273956619844473, -0.22974151409481292, -0.11940229024505218]
[0.06250624307216733, -0.5670428540199368, -0.37044873838132225, 0.03408544695659395, -0.28725577277466746, -0.14927520874227776]
[0.07507039187037912, -0.6804656835218479, -0.44444680382268653, 0.04089693729334342, -0.344770031454522, -0.1791481272395033]
[0.08763454066859092, -0.793888513023759, -0.5184448692640509, 0.04770842763009289, -0.40228429013437655, -0.20902104573672886]
[0.19302453878553544, -0.7964953264274519, -0.605249716330196, -0.0061478848489288015, -0.36821064727514907, -0.2028539326953091]
[0.29841453690248, -0.7991021398311448, -0.6920545633963411, -0.060004197327950495, -0.33413700441592165, -0.19668681965388932]
[0.4038045350194245, -0.8017089532348377, -0.7788594104624862, -0.11386050980697218, -0.3000633615566942, -0.19051970661246956]
[0.509194533136369, -0.8043157666385307, -0.8656642575286313, -0.16771682228599388, -0.26598971869746674, -0.18435259357104977]
[0.6145845312533135, -0.8069225800422236, -0.9524691045947763, -0.22157313476501558, -0.23191607583823928, -0.17818548052963]
[0.719974529370258, -0.8095293934459165, -1.0392739516609213, -0.2754294472440373, -0.19784243297901183, -0.17201836748821026]
[0.8253645274872026, -0.8121362068496094, -1.1260787987270664, -0.32928575972305896, -0.16376879011978435, -0.1658512544467905]
[0.9307545256041471, -0.8147430202533024, -1.2128836457932115, -0.38314207220208063, -0.12969514726055692, -0.1596841414053707]
[1.0361445237210918, -0.8173498336569953, -1.2996884928593566, -0.4369983846811024, -0.09562150440132944, -0.15351702836395092]
[1.1415345218380362, -0.8199566470606882, -1.3864933399255017, -0.4908546971601241, -0.06154786154210201, -0.14734991532253117]
[1.2469245199549808, -0.8225634604643811, -1.4732981869916468, -0.5447110096391458, -0.0274742186828745, -0.1411828022811114]
[1.3174210196744827, -0.7730473055259368, -1.5099380447895725, -0.520026293698454, 0.04085599519680691, -0.08614400789324017]
[1.3879175193939846, -0.7235311505874925, -1.5465779025874984, -0.49534157775776233, 0.10918620907648832, -0.03110521350536892]
[1.4584140191134867, -0.6740149956490482, -1.583217760385424, -0.47065686181707056, 0.17751642295616973, 0.02393358088250233]
[1.5289105188329886, -0.6244988407106038, -1.61985761818335, -0.44597214587637884, 0.24584663683585115, 0.07897237527037357]
[1.5994070185524905, -0.5749826857721595, -1.6564974759812756, -0.42128742993568713, 0.3141768507155326, 0.13401116965824483]
[1.6699035182719926, -0.5254665308337152, -1.6931373337792013, -0.39660271399499536, 0.382507064595214, 0.18904996404611607]
[1.7404000179914945, -0.4759503758952709, -1.7297771915771272, -0.37191799805430364, 0.45083727847489535, 0.24408875843398728]