[-0.00030196396311410467, 0.00011387143204011352, -0.0003587254582688715, 0.00011990173098386236, 0.00032037601905177127, -5.068960842180559e-06]
[0.02514833582210258, -0.04568638881360716, -0.08176054795454417, 0.02583460537967105, 0.06939347098838011, -0.04689661852658935]
[0.05059863560731927, -0.09148664905925444, -0.16316237045081947, 0.05154930902835824, 0.13846656595770845, -0.09378816809233652]
[0.07604893539253596, -0.13728690930490173, -0.24456419294709475, 0.07726401267704543, 0.2075396609270368, -0.14067971765808368]
[0.10149923517775264, -0.183087169550549, -0.32596601544337006, 0.10297871632573262, 0.27661275589636514, -0.18757126722383086]
[0.12694953496296932, -0.22888742979619625, -0.40736783793964537, 0.1286934199744198, 0.3456858508656935, -0.23446281678957803]
[0.15239983474818602, -0.27468769004184357, -0.4887696604359206, 0.154408123623107, 0.4147589458350218, -0.2813543663553252]
[0.1778501345334027, -0.32048795028749083, -0.570171482932196, 0.18012282727179418, 0.48383204080435016, -0.3282459159210724]
[0.20330043431861938, -0.3662882105331381, -0.6515733054284712, 0.20583753092048138, 0.5529051357736785, -0.37513746548681953]
[0.22875073410383606, -0.41208847077878535, -0.7329751279247465, 0.23155223456916857, 0.6219782307430068, -0.4220290150525667]
[0.25420103388905274, -0.4578887310244326, -0.8143769504210219, 0.25726693821785573, 0.6910513257123352, -0.4689205646183139]
[0.2796513336742694, -0.5036889912700799, -0.8957787729172971, 0.28298164186654295, 0.7601244206816635, -0.515812114184061]
[0.30510163345948615, -0.5494892515157273, -0.9771805954135724, 0.3086963455152301, 0.8291975156509919, -0.5627036637498082]
[0.33055193324470283, -0.5952895117613745, -1.0585824179098478, 0.33441104916391734, 0.8982706106203202, -0.6095952133155553]
[0.3560022330299195, -0.6410897720070218, -1.1399842404061231, 0.3601257528126045, 0.9673437055896486, -0.6564867628813026]
[0.3814525328151362, -0.686890032252669, -1.2213860629023983, 0.3858404564612917, 1.036416800558977, -0.7033783124470497]
[0.40690283260035287, -0.7326902924983163, -1.3027878853986736, 0.4115551601099789, 1.1054898955283052, -0.7502698620127969]
[0.47326194316563286, -0.7397182371159992, -1.3455029417504725, 0.48630061174282874, 1.0772538103132763, -0.8318462164410104]
[0.5396210537309127, -0.746746181733682, -1.3882179981022715, 0.5610460633756786, 1.0490177250982473, -0.9134225708692238]
[0.6059801642961927, -0.7537741263513649, -1.4309330544540704, 0.6357915150085285, 1.0207816398832184, -0.9949989252974374]
[0.6723392748614727, -0.7608020709690477, -1.4736481108058692, 0.7105369666413783, 0.9925455546681893, -1.076575279725651]
[0.7115636130840818, -0.7482599013379782, -1.49212951032525, 0.8065219575199947, 0.9363332707785615, -1.1541286970124498]
[0.7507879513066908, -0.7357177317069087, -1.5106109098446308, 0.902506948398611, 0.8801209868889337, -1.2316821142992487]
[0.7900122895292999, -0.7231755620758391, -1.5290923093640116, 0.9984919392772273, 0.823908702999306, -1.3092355315860476]
[0.829236627751909, -0.7106333924447695, -1.5475737088833923, 1.0944769301558437, 0.7676964191096782, -1.3867889488728464]
[0.8684609659745179, -0.6980912228137001, -1.5660551084027732, 1.1904619210344602, 0.7114841352200505, -1.4643423661596453]
[0.907685304197127, -0.6855490531826305, -1.5845365079221538, 1.2864469119130764, 0.6552718513304228, -1.5418957834464442]
[0.9469096424197361, -0.6730068835515609, -1.6030179074415347, 1.382431902791693, 0.5990595674407949, -1.619449200733243]
[0.9861339806423451, -0.6604647139204913, -1.6214993069609154, 1.4784168936703093, 0.5428472835511672, -1.6970026180200417]
[1.0253583188649542, -0.6479225442894219, -1.6399807064802963, 1.5744018845489256, 0.48663499966153945, -1.7745560353068406]
[1.0645826570875632, -0.6353803746583523, -1.658462105999677, 1.6703868754275422, 0.4304227157719116, -1.8521094525936397]
[1.1038069953101723, -0.6228382050272827, -1.6769435055190578, 1.7663718663061583, 0.37421043188228387, -1.9296628698804383]
[1.1430313335327813, -0.6102960353962132, -1.6954249050384385, 1.8623568571847746, 0.31799814799265613, -2.007216287167237]
[1.1822556717553905, -0.5977538657651437, -1.7139063045578193, 1.9583418480633912, 0.2617858641030284, -2.084769704454036]
[1.2214800099779994, -0.5852116961340741, -1.7323877040772002, 2.0543268389420075, 0.20557358021340055, -2.162323121740835]
[1.2607043482006084, -0.5726695265030046, -1.7508691035965809, 2.150311829820624, 0.14936129632377293, -2.239876539027634]
[1.2999286864232176, -0.560127356871935, -1.7693505031159615, 2.24629682069924, 0.09314901243414508, -2.3174299563144327]
[1.3391530246458268, -0.5475851872408655, -1.7878319026353424, 2.3422818115778568, 0.03693672854451724, -2.3949833736012316]
[1.3783773628684357, -0.535043017609796, -1.806313302154723, 2.438266802456473, -0.019275555345110384, -2.4725367908880305]
[1.4176017010910447, -0.5225008479787264, -1.824794701674104, 2.5342517933350894, -0.07548783923473812, -2.5500902081748293]
[1.4568260393136538, -0.5099586783476568, -1.8432761011934846, 2.6302367842137055, -0.13170012312436608, -2.627643625461628]
[1.4960503775362628, -0.4974165087165874, -1.8617575007128655, 2.726221775092322, -0.1879124070139936, -2.705197042748427]
[1.535274715758872, -0.4848743390855178, -1.8802389002322464, 2.8222067659709382, -0.24412469090362154, -2.782750460035226]
[1.574499053981481, -0.4723321694544482, -1.898720299751627, 2.918191756849555, -0.3003369747932493, -2.860303877322025]
[1.61372339220409, -0.45978999982337876, -1.9172016992710077, 3.014176747728171, -0.356549258682877, -2.9378572946088237]
[1.652947730426699, -0.4472478301923092, -1.9356830987903886, 3.1101617386067875, -0.4127615425725047, -3.0154107118956226]