[-0.0003264522223620503, 8.519970791986964e-05, -0.00044589546274664826, 6.213262254295415e-05, 0.00022708906632296078, 0.00010497791794961131]
[0.056864917538705456, -0.026292645020499533, -0.138590926729806, 0.01694804993428885, 0.03618176312726254, 0.016413368315301814]
[0.11405628729977296, -0.052670489748918935, -0.27673595799686534, 0.03383396724603475, 0.07213643718820212, 0.032721758712654016]
[0.17124765706084047, -0.07904833447733833, -0.4148809892639247, 0.05071988455778065, 0.1080911112491417, 0.04903014911000622]
[0.22843902682190798, -0.10542617920575774, -0.553026020530984, 0.06760580186952654, 0.14404578531008128, 0.06533853950735842]
[0.2856303965829755, -0.13180402393417714, -0.6911710517980434, 0.08449171918127243, 0.18000045937102085, 0.08164692990471062]
[0.342821766344043, -0.15818186866259654, -0.8293160830651027, 0.10137763649301834, 0.21595513343196043, 0.09795532030206283]
[0.40001313610511047, -0.18455971339101596, -0.9674611143321621, 0.11826355380476423, 0.25190980749290004, 0.11426371069941503]
[0.457204505866178, -0.21093755811943535, -1.1056061455992214, 0.13514947111651013, 0.2878644815538396, 0.13057210109676723]
[0.5143958756272455, -0.23731540284785474, -1.2437511768662808, 0.15203538842825604, 0.32381915561477914, 0.14688049149411944]
[0.5715872453883131, -0.26369324757627416, -1.3818962081333401, 0.16892130574000191, 0.35977382967571875, 0.16318888189147163]
[0.6287786151493805, -0.2900710923046936, -1.5200412394003995, 0.18580722305174782, 0.39572850373665835, 0.17949727228882384]
[0.685969984910448, -0.31644893703311294, -1.6581862706674588, 0.20269314036349373, 0.4316831777975979, 0.19580566268617605]
[0.7431613546715156, -0.34282678176153236, -1.7963313019345182, 0.2195790576752396, 0.46763785185853746, 0.21211405308352824]
[0.800352724432583, -0.3692046264899518, -1.9344763332015775, 0.23646497498698552, 0.5035925259194771, 0.22842244348088045]
[0.8575440941936505, -0.39558247121837115, -2.072621364468637, 0.2533508922987314, 0.5395471999804167, 0.24473083387823263]
[0.914735463954718, -0.42196031594679057, -2.210766395735696, 0.2702368096104773, 0.5755018740413562, 0.26103922427558485]
[1.0087930138300756, -0.3703835984092876, -2.2023684950172835, 0.23185711317628874, 0.5409836131977543, 0.20035133109091502]
[1.1028505637054329, -0.31880688087178466, -2.1939705942988708, 0.19347741674210017, 0.5064653523541525, 0.1396634379062452]
[1.1969081135807904, -0.26723016333428173, -2.185572693580458, 0.1550977203079116, 0.4719470915105505, 0.07897554472157536]
[1.2909656634561477, -0.21565344579677875, -2.177174792862045, 0.11671802387372304, 0.4374288306669486, 0.018287651536905536]
[1.3850232133315052, -0.16407672825927577, -2.168776892143632, 0.07833832743953445, 0.40291056982334666, -0.04240024164776429]
[1.4790807632068628, -0.11250001072177285, -2.1603789914252194, 0.03995863100534591, 0.3683923089797448, -0.10308813483243412]
[1.57313831308222, -0.06092329318426985, -2.1519810907068067, 0.0015789345711573193, 0.33387404813614285, -0.16377602801710395]