[-0.0002495961207378272, 0.00011468898135813532, -0.0003726366041307827, -2.728692317699455e-05, 0.00014631134282883096, 3.295589234841856e-05]
[-0.051709956895193115, -0.02716665284106623, -0.0702106130936827, 0.1002998056583178, 0.052424976163236235, -0.004235485175128904]
[-0.1031703176696484, -0.054447994663490595, -0.14004858958323463, 0.20062689823981258, 0.10470364098364364, -0.008503926242606227]
[-0.1546306784441037, -0.08172933648591496, -0.20988656607278652, 0.3009539908213074, 0.15698230580405104, -0.01277236731008355]
[-0.20609103921855898, -0.10901067830833933, -0.2797245425623385, 0.40128108340280216, 0.20926097062445845, -0.017040808377560872]
[-0.25755139999301424, -0.1362920201307637, -0.3495625190518904, 0.501608175984297, 0.26153963544486586, -0.021309249445038196]
[-0.30901176076746956, -0.16357336195318806, -0.41940049554144226, 0.6019352685657918, 0.31381830026527324, -0.02557769051251552]
[-0.3604721215419248, -0.19085470377561242, -0.4892384720309942, 0.7022623611472866, 0.3660969650856806, -0.029846131579992843]
[-0.41193248231638013, -0.2181360455980368, -0.5590764485205462, 0.8025894537287813, 0.41837562990608806, -0.034114572647470164]
[-0.46339284309083545, -0.24541738742046118, -0.6289144250100981, 0.9029165463102763, 0.4706542947264955, -0.03838301371494749]
[-0.5148532038652907, -0.2726987292428855, -0.69875240149965, 1.003243638891771, 0.5229329595469029, -0.04265145478242481]
[-0.566313564639746, -0.2999800710653099, -0.7685903779892019, 1.103570731473266, 0.5752116243673103, -0.04691989584990214]
[-0.6177739254142013, -0.32726141288773425, -0.8384283544787537, 1.2038978240547606, 0.6274902891877177, -0.05118833691737946]
[-0.6692342861886567, -0.3545427547101586, -0.9082663309683058, 1.3042249166362554, 0.6797689540081251, -0.055456777984856785]
[-0.7206946469631118, -0.381824096532583, -0.9781043074578576, 1.4045520092177501, 0.7320476188285324, -0.059725219052334105]
[-0.7721550077375672, -0.40910543835500734, -1.0479422839474095, 1.5048791017992451, 0.7843262836489399, -0.06399366011981143]
[-0.8236153685120224, -0.4363867801774317, -1.1177802604369615, 1.6052061943807396, 0.8366049484693473, -0.06826210118728875]
[-0.8750757292864777, -0.463668121999856, -1.1876182369265134, 1.7055332869622344, 0.8888836132897546, -0.07253054225476607]
[-0.9265360900609331, -0.4909494638222805, -1.2574562134160654, 1.8058603795437296, 0.9411622781101622, -0.0767989833222434]
[-0.9779964508353883, -0.5182308056447048, -1.3272941899056172, 1.906187472125224, 0.9934409429305695, -0.08106742438972073]
[-1.0294568116098435, -0.5455121474671292, -1.3971321663951692, 2.006514564706719, 1.045719607750977, -0.08533586545719804]
[-1.0809171723842987, -0.5727934892895535, -1.466970142884721, 2.106841657288214, 1.0979982725713842, -0.08960430652467535]
[-1.1323775331587542, -0.6000748311119779, -1.536808119374273, 2.207168749869709, 1.1502769373917918, -0.0938727475921527]
[-1.1838378939332095, -0.6273561729344023, -1.606646095863825, 2.3074958424512033, 1.202555602212199, -0.09814118865963001]
[-1.2352982547076647, -0.6546375147568266, -1.6764840723533767, 2.4078229350326983, 1.2548342670326065, -0.10240962972710733]
[-1.28675861548212, -0.681918856579251, -1.7463220488429287, 2.508150027614193, 1.307112931853014, -0.10667807079458465]
[-1.3382189762565755, -0.7092001984016754, -1.8161600253324808, 2.608477120195688, 1.3593915966734214, -0.11094651186206199]
[-1.3896793370310307, -0.7364815402240997, -1.8859980018220326, 2.7088042127771828, 1.4116702614938288, -0.1152149529295393]
[-1.4411396978054858, -0.7637628820465241, -1.9558359783115844, 2.8091313053586773, 1.463948926314236, -0.11948339399701663]
[-1.492600058579941, -0.7910442238689485, -2.025673954801136, 2.909458397940172, 1.5162275911346434, -0.12375183506449394]
[-1.5440604193543965, -0.8183255656913728, -2.0955119312906882, 3.009785490521667, 1.5685062559550509, -0.12802027613197128]
[-1.5955207801288518, -0.8456069075137972, -2.1653499077802403, 3.1101125831031617, 1.6207849207754583, -0.1322887171994486]