[-0.00036746682072408277, 0.00013369696868092973, -0.00033838642113792616, 7.528767848619111e-05, 0.00019035023708458, 1.011340651224657e-05]
[-0.0008218652259379032, 0.0013327824372238056, -0.11308501142602356, 0.06897137930621622, 0.06530399276574415, 0.056955061214477964]
[-0.0012762636311517237, 0.0025318679057666814, -0.2258316364309092, 0.13786747093394625, 0.13041763529440373, 0.11390000902244368]
[-0.0017306620363655443, 0.0037309533743095577, -0.33857826143579484, 0.20676356256167627, 0.19553127782306332, 0.1708449568304094]
[-0.0021850604415793646, 0.004930038842852433, -0.4513248864406805, 0.2756596541894063, 0.2606449203517229, 0.22778990463837512]
[-0.0026394588467931854, 0.00612912431139531, -0.5640715114455661, 0.3445557458171363, 0.32575856288038246, 0.28473485244634084]
[-0.0030938572520070057, 0.007328209779938186, -0.6768181364504517, 0.41345183744486635, 0.39087220540904205, 0.34167980025430655]
[-0.0035482556572208265, 0.008527295248481063, -0.7895647614553374, 0.48234792907259644, 0.45598584793770164, 0.39862474806227227]
[-0.0040026540624346464, 0.009726380717023937, -0.902311386460223, 0.5512440207003264, 0.5210994904663612, 0.455569695870238]
[-0.004457052467648467, 0.010925466185566814, -1.0150580114651087, 0.6201401123280564, 0.5862131329950208, 0.5125146436782038]
[-0.004911450872862288, 0.01212455165410969, -1.1278046364699943, 0.6890362039557865, 0.6513267755236803, 0.5694595914861694]
[-0.005365849278076108, 0.013323637122652564, -1.24055126147488, 0.7579322955835165, 0.7164404180523399, 0.6264045392941351]
[-0.005820247683289929, 0.014522722591195442, -1.3532978864797656, 0.8268283872112465, 0.7815540605809995, 0.6833494871021009]
[0.07380923653783575, -0.02652084684837422, -1.4182828330933708, 0.8575270779534582, 0.792036179425261, 0.6215822652885067]
[0.15343872075896142, -0.06756441628794388, -1.483267779706976, 0.8882257686956698, 0.8025182982695225, 0.5598150434749125]
[0.2330682049800871, -0.10860798572751354, -1.5482527263205812, 0.9189244594378815, 0.813000417113784, 0.49804782166131834]
[0.31269768920121277, -0.1496515551670832, -1.6132376729341864, 0.9496231501800931, 0.8234825359580454, 0.43628059984772416]
[0.39232717342233847, -0.19069512460665286, -1.6782226195477916, 0.9803218409223047, 0.833964654802307, 0.37451337803412993]
[0.4719566576434641, -0.23173869404622252, -1.7432075661613966, 1.0110205316645164, 0.8444467736465684, 0.31274615622053575]
[0.5515861418645899, -0.27278226348579215, -1.8081925127750018, 1.041719222406728, 0.8549288924908299, 0.2509789344069415]
[0.6312156260857155, -0.3138258329253618, -1.873177459388607, 1.0724179131489397, 0.8654110113350914, 0.1892117125933474]
[0.7108451103068412, -0.35486940236493153, -1.9381624060022122, 1.1031166038911513, 0.8758931301793529, 0.12744449077975323]
[0.7881779832363569, -0.3665144658794684, -1.9285514342828673, 1.0790915276838768, 0.8436441691521772, 0.010891598880383907]
[0.8655108561658725, -0.37815952939400527, -1.9189404625635225, 1.0550664514766022, 0.8113952081250015, -0.10566129301898541]
[0.9428437290953883, -0.38980459290854214, -1.9093294908441776, 1.0310413752693277, 0.7791462470978259, -0.22221418491835476]
[1.020176602024904, -0.40144965642307906, -1.8997185191248325, 1.0070162990620533, 0.7468972860706503, -0.33876707681772406]
[1.0975094749544196, -0.41309471993761593, -1.8901075474054876, 0.9829912228547786, 0.7146483250434746, -0.4553199687170934]
[1.1748423478839354, -0.4247397834521528, -1.8804965756861427, 0.9589661466475041, 0.682399364016299, -0.5718728606164627]
[1.2521752208134511, -0.43638484696668967, -1.8708856039667978, 0.9349410704402296, 0.6501504029891233, -0.688425752515832]