[-0.0003949746919396091, 0.00010160156981164903, -0.00046439753121418903, 1.7655560051288433e-05, 0.000318937390607843, 0.00015351386042716797]
[-0.0564836650901515, -0.02169813346016016, -0.07461845981872867, 0.014319253981485239, -0.04138635661522344, -0.097299198841186]
[-0.11257235548836339, -0.04349786849013197, -0.14877252210624314, 0.02862085240291919, -0.08309165062105472, -0.19475191154279917]
[-0.16866104588657527, -0.06529760352010379, -0.22292658439375762, 0.04292245082435314, -0.12479694462688601, -0.29220462424441235]
[-0.22474973628478717, -0.08709733855007559, -0.2970806466812721, 0.05722404924578709, -0.1665022386327173, -0.3896573369460255]
[-0.2808384266829991, -0.10889707358004741, -0.3712347089687866, 0.07152564766722104, -0.20820753263854855, -0.4871100496476387]
[-0.3369271170812109, -0.13069680861001923, -0.44538877125630105, 0.085827246088655, -0.24991282664437986, -0.5845627623492519]
[-0.39301580747942283, -0.15249654363999102, -0.5195428335438156, 0.10012884451008895, -0.29161812065021114, -0.682015475050865]
[-0.44910449787763473, -0.17429627866996283, -0.59369689583133, 0.1144304429315229, -0.3333234146560424, -0.7794681877524782]
[-0.5051931882758467, -0.19609601369993465, -0.6678509581188445, 0.12873204135295688, -0.3750287086618737, -0.8769209004540914]
[-0.5612818786740585, -0.21789574872990647, -0.742005020406359, 0.1430336397743908, -0.41673400266770494, -0.9743736131557046]
[-0.6173705690722705, -0.2396954837598783, -0.8161590826938735, 0.15733523819582476, -0.4584392966735363, -1.0718263258573177]
[-0.6734592594704822, -0.2614952187898501, -0.8903131449813879, 0.1716368366172587, -0.5001445906793676, -1.169279038558931]
[-0.7295479498686942, -0.2832949538198219, -0.9644672072689024, 0.18593843503869267, -0.5418498846851988, -1.266731751260544]
[-0.785636640266906, -0.3050946888497937, -1.038621269556417, 0.20024003346012662, -0.5835551786910301, -1.3641844639621572]
[-0.841725330665118, -0.3268944238797655, -1.1127753318439315, 0.21454163188156058, -0.6252604726968614, -1.4616371766637706]
[-0.8978140210633299, -0.3486941589097373, -1.1869293941314458, 0.2288432303029945, -0.6669657667026927, -1.5590898893653835]
[-0.9539027114615417, -0.3704938939397091, -1.2610834564189604, 0.24314482872442844, -0.7086710607085239, -1.6565426020669967]
[-1.0099914018597538, -0.39229362896968095, -1.335237518706475, 0.25744642714586247, -0.7503763547143553, -1.75399531476861]
[-1.0660800922579656, -0.41409336399965274, -1.4093915809939894, 0.2717480255672964, -0.7920816487201865, -1.8514480274702232]
[-1.1221687826561775, -0.4358930990296246, -1.4835456432815037, 0.2860496239887303, -0.8337869427260177, -1.9489007401718363]
[-1.1782574730543893, -0.4576928340595964, -1.5576997055690183, 0.30035122241016426, -0.8754922367318491, -2.0463534528734493]
[-1.2343461634526014, -0.4794925690895682, -1.6318537678565328, 0.31465282083159823, -0.9171975307376804, -2.1438061655750626]
[-1.2904348538508132, -0.50129230411954, -1.7060078301440473, 0.3289544192530322, -0.9589028247435116, -2.241258878276676]
[-1.3465235442490249, -0.5230920391495119, -1.7801618924315616, 0.3432560176744661, -1.000608118749343, -2.338711590978289]
[-1.4026122346472367, -0.5448917741794836, -1.8543159547190762, 0.3575576160959001, -1.042313412755174, -2.436164303679902]
[-1.4587009250454488, -0.5666915092094554, -1.9284700170065907, 0.37185921451733406, -1.0840187067610054, -2.5336170163815153]
[-1.5147896154436606, -0.5884912442394272, -2.002624079294105, 0.38616081293876797, -1.1257240007668368, -2.6310697290831286]
[-1.5708783058418725, -0.610290979269399, -2.0767781415816198, 0.40046241136020194, -1.167429294772668, -2.7285224417847416]
[-1.6269669962400843, -0.6320907142993708, -2.150932203869134, 0.41476400978163586, -1.2091345887784992, -2.825975154486355]
[-1.6830556866382964, -0.6538904493293427, -2.225086266156649, 0.4290656082030699, -1.2508398827843306, -2.9234278671879683]
[-1.7391443770365083, -0.6756901843593145, -2.299240328444163, 0.4433672066245038, -1.292545176790162, -3.0208805798895813]