[-0.00042679511110677026, 0.00023530997117759966, -0.00046468406879718316, 3.529809819191598e-05, 0.00030334661114572725, -4.012055387025981e-05]
[0.024861154936689594, -0.0029755486416742473, -0.09343994592078009, -0.08412803041757325, 0.00766788055486731, 0.08960024564237572]
[0.05014910498448596, -0.006186407254526094, -0.186415207772763, -0.1682913589333384, 0.015032414498588893, 0.1792406118386217]
[0.07543705503228233, -0.009397265867377942, -0.2793904696247459, -0.2524546874491036, 0.022396948442310476, 0.26888097803486766]
[0.10072500508007869, -0.012608124480229788, -0.3723657314767288, -0.33661801596486873, 0.02976148238603206, 0.35852134423111365]
[0.12601295512787505, -0.015818983093081634, -0.4653409933287117, -0.4207813444806339, 0.037126016329753646, 0.44816171042735964]
[0.15130090517567144, -0.019029841705933484, -0.5583162551806946, -0.5049446729963991, 0.044490550273475225, 0.5378020766236056]
[0.17658885522346776, -0.022240700318785327, -0.6512915170326774, -0.5891080015121641, 0.051855084217196805, 0.6274424428198515]
[0.20187680527126414, -0.025451558931637176, -0.7442667788846604, -0.6732713300279294, 0.05921961816091839, 0.7170828090160976]
[0.2271647553190605, -0.028662417544489022, -0.8372420407366432, -0.7574346585436945, 0.06658415210463997, 0.8067231752123435]
[0.2524527053668569, -0.03187327615734087, -0.9302173025886262, -0.8415979870594598, 0.07394868604836156, 0.8963635414085895]
[0.27774065541465326, -0.03508413477019272, -1.023192564440609, -0.9257613155752248, 0.08131321999208313, 0.9860039076048354]
[0.30302860546244964, -0.03829499338304457, -1.116167826292592, -1.0099246440909901, 0.08867775393580472, 1.0756442738010814]
[0.32831655551024597, -0.04150585199589641, -1.2091430881445748, -1.0940879726067552, 0.0960422878795263, 1.1652846399973273]
[0.3536045055580423, -0.04471671060874825, -1.3021183499965576, -1.1782513011225202, 0.10340682182324788, 1.2549250061935733]
[0.3788924556058387, -0.0479275692216001, -1.3950936118485404, -1.2624146296382854, 0.11077135576696946, 1.3445653723898192]
[0.40418040565363506, -0.05113842783445195, -1.4880688737005237, -1.3465779581540507, 0.11813588971069106, 1.4342057385860654]
[0.42946835570143144, -0.0543492864473038, -1.5810441355525064, -1.430741286669816, 0.12550042365441264, 1.5238461047823113]
[0.45475630574922776, -0.057560145060155644, -1.6740193974044892, -1.514904615185581, 0.13286495759813421, 1.6134864709785572]
[0.48004425579702414, -0.06077100367300749, -1.766994659256472, -1.599067943701346, 0.1402294915418558, 1.703126837174803]
[0.5053322058448205, -0.06398186228585934, -1.8599699211084553, -1.6832312722171114, 0.1475940254855774, 1.7927672033710493]
[0.5306201558926169, -0.06719272089871119, -1.952945182960438, -1.7673946007328765, 0.15495855942929898, 1.882407569567295]
[0.5559081059404133, -0.07040357951156304, -2.045920444812421, -1.8515579292486415, 0.16232309337302053, 1.972047935763541]
[0.5811960559882096, -0.07361443812441487, -2.1388957066644037, -1.9357212577644067, 0.1696876273167421, 2.061688301959787]
[0.606484006036006, -0.07682529673726674, -2.231870968516387, -2.019884586280172, 0.17705216126046372, 2.151328668156033]
[0.6317719560838023, -0.08003615535011857, -2.3248462303683697, -2.1040479147959372, 0.1844166952041853, 2.240969034352279]
[0.6570599061315987, -0.08324701396297042, -2.4178214922203525, -2.1882112433117022, 0.19178122914790688, 2.330609400548525]
[0.7201046507452658, -0.06146418136958502, -2.4629561017269035, -2.24963272096847, 0.13670647432383898, 2.3823400597080946]
[0.7831493953589328, -0.03968134877619963, -2.5080907112334545, -2.3110541986252375, 0.08163171949977106, 2.4340707188676642]
[0.8461941399725998, -0.017898516182814225, -2.553225320740006, -2.372475676282005, 0.02655696467570315, 2.485801378027234]
[0.9092388845862669, 0.003884316410571159, -2.598359930246557, -2.433897153938773, -0.028517790148364752, 2.5375320371868035]
[0.9722836291999339, 0.025667149003956558, -2.643494539753108, -2.4953186315955405, -0.08359254497243265, 2.589262696346373]
[1.035328373813601, 0.04744998159734197, -2.688629149259659, -2.556740109252308, -0.13866729979650058, 2.640993355505943]
[1.098373118427268, 0.06923281419072737, -2.73376375876621, -2.6181615869090757, -0.1937420546205685, 2.6927240146655125]
[1.161417863040935, 0.09101564678411274, -2.7788983682727615, -2.6795830645658434, -0.24881680944463638, 2.744454673825082]
[1.2244626076546021, 0.11279847937749814, -2.8240329777793125, -2.741004542222611, -0.30389156426870434, 2.7961853329846518]
[1.2875073522682692, 0.13458131197088352, -2.8691675872858635, -2.8024260198793787, -0.3589663190927722, 2.8479159921442214]
[1.3505520968819362, 0.15636414456426895, -2.9143021967924145, -2.8638474975361463, -0.4140410739168401, 2.8996466513037915]
[1.4135968414956033, 0.17814697715765437, -2.9594368062989655, -2.925268975192914, -0.46911582874090807, 2.951377310463361]
[1.4766415861092703, 0.19992980975103974, -3.004571415805517, -2.9866904528496816, -0.524190583564976, 3.003107969622931]
[1.5396863307229374, 0.22171264234442517, -3.049706025312068, -3.0481119305064492, -0.5792653383890439, 3.0548386287825005]
[1.6027310753366044, 0.2434954749378105, -3.094840634818619, -3.109533408163217, -0.6343400932131118, 3.10656928794207]