[-0.00040889580303282713, 0.0002022900990779064, -0.00044309290971877857, 8.391959834419538e-05, 0.0003297457228272904, 2.505502325433895e-05]
[-0.048154636986957614, -0.016304183356717926, -0.09563520622645984, 0.10073902094415604, 0.03974597106115395, -0.008541092981565253]
[-0.0959003781708824, -0.03281065681251376, -0.1908273195432009, 0.2013941222899679, 0.0791621963994806, -0.017107240986384845]
[-0.14364611935480717, -0.04931713026830959, -0.28601943285994197, 0.30204922363577974, 0.11857842173780726, -0.02567338899120444]
[-0.19139186053873197, -0.06582360372410542, -0.381211546176683, 0.4027043249815916, 0.15799464707613392, -0.03423953699602403]
[-0.23913760172265675, -0.08233007717990125, -0.47640365949342406, 0.5033594263274034, 0.19741087241446056, -0.04280568500084362]
[-0.2868833429065815, -0.09883655063569709, -0.5715957728101652, 0.6040145276732153, 0.23682709775278724, -0.05137183300566322]
[-0.3346290840905063, -0.11534302409149291, -0.6667878861269062, 0.7046696290190271, 0.2762433230911139, -0.05993798101048281]
[-0.3823748252744311, -0.13184949754728875, -0.7619799994436472, 0.805324730364839, 0.31565954842944055, -0.0685041290153024]
[-0.4301205664583559, -0.14835597100308456, -0.8571721127603883, 0.9059798317106508, 0.35507577376776717, -0.077070277020122]
[-0.47786630764228066, -0.1648624444588804, -0.9523642260771293, 1.0066349330564626, 0.39449199910609384, -0.08563642502494158]
[-0.5256120488262054, -0.18136891791467624, -1.0475563393938703, 1.1072900344022745, 0.4339082244444205, -0.09420257302976116]
[-0.5733577900101302, -0.19787539137047208, -1.1427484527106115, 1.2079451357480864, 0.4733244497827472, -0.10276872103458078]
[-0.621103531194055, -0.21438186482626792, -1.2379405660273526, 1.3086002370938983, 0.5127406751210738, -0.11133486903940036]
[-0.6688492723779798, -0.23088833828206373, -1.3331326793440936, 1.40925533843971, 0.5521569004594005, -0.11990101704421996]
[-0.7165950135619046, -0.24739481173785957, -1.4283247926608347, 1.5099104397855219, 0.5915731257977271, -0.12846716504903954]
[-0.7643407547458294, -0.2639012851936554, -1.5235169059775757, 1.6105655411313338, 0.6309893511360538, -0.13703331305385913]
[-0.8120864959297541, -0.2804077586494512, -1.6187090192943168, 1.7112206424771454, 0.6704055764743805, -0.14559946105867871]
[-0.859832237113679, -0.29691423210524703, -1.7139011326110578, 1.8118757438229574, 0.709821801812707, -0.15416560906349833]
[-0.9075779782976037, -0.3134207055610429, -1.8090932459277989, 1.9125308451687693, 0.7492380271510337, -0.1627317570683179]
[-0.9553237194815285, -0.3299271790168387, -1.90428535924454, 2.013185946514581, 0.7886542524893604, -0.1712979050731375]
[-1.0030694606654533, -0.3464336524726345, -1.999477472561281, 2.113841047860393, 0.8280704778276871, -0.17986405307795708]
[-1.050815201849378, -0.3629401259284304, -2.0946695858780218, 2.2144961492062047, 0.8674867031660137, -0.18843020108277667]
[-1.098560943033303, -0.37944659938422626, -2.1898616991947635, 2.3151512505520166, 0.9069029285043404, -0.1969963490875963]
[-1.1463066842172276, -0.39595307284002207, -2.2850538125115043, 2.4158063518978286, 0.9463191538426671, -0.2055624970924159]
[-1.1940524254011524, -0.4124595462958179, -2.3802459258282456, 2.5164614532436405, 0.9857353791809937, -0.21412864509723548]
[-1.2417981665850772, -0.42896601975161375, -2.4754380391449864, 2.6171165545894524, 1.0251516045193203, -0.22269479310205506]
[-1.289543907769002, -0.44547249320740956, -2.5706301524617277, 2.7177716559352643, 1.064567829857647, -0.23126094110687465]
[-1.3372896489529267, -0.46197896666320537, -2.6658222657784685, 2.8184267572810757, 1.1039840551959736, -0.23982708911169426]
[-1.3850353901368515, -0.47848544011900124, -2.7610143790952097, 2.9190818586268876, 1.1434002805343004, -0.24839323711651384]
[-1.4327811313207763, -0.49499191357479705, -2.8562064924119506, 3.0197369599726995, 1.182816505872627, -0.25695938512133343]