[-0.00026227446477111727, 0.00026696272909720875, -0.0002996152562504406, -1.6921747808318344e-05, 0.00020348852336926626, -5.5099147706627605e-06]
[-0.05501753110052566, -0.025330977549739665, -0.07267656941621391, 0.1003075598761907, 0.04645161985873681, 0.003393091550543936]
[-0.1097727877362802, -0.05092891782857654, -0.14505352357617737, 0.2006320415001897, 0.09269975119410435, 0.006791693015858535]
[-0.16452804437203475, -0.07652685810741341, -0.21743047773614085, 0.3009565231241887, 0.1389478825294719, 0.010190294481173133]
[-0.21928330100778928, -0.10212479838625028, -0.2898074318961043, 0.40128100474818773, 0.18519601386483944, 0.013588895946487732]
[-0.27403855764354385, -0.12772273866508715, -0.3621843860560678, 0.5016054863721867, 0.23144414520020698, 0.016987497411802333]
[-0.3287938142792984, -0.15332067894392404, -0.43456134021603127, 0.6019299679961857, 0.27769227653557454, 0.02038609887711693]
[-0.3835490709150529, -0.1789186192227609, -0.5069382943759947, 0.7022544496201848, 0.3239404078709421, 0.02378470034243153]
[-0.43830432755080745, -0.20451655950159778, -0.5793152485359582, 0.8025789312441838, 0.3701885392063096, 0.027183301807746127]
[-0.49305958418656204, -0.23011449978043466, -0.6516922026959218, 0.9029034128681829, 0.4164366705416772, 0.03058190327306073]
[-0.5478148408223166, -0.2557124400592715, -0.7240691568558851, 1.0032278944921817, 0.4626848018770447, 0.03398050473837533]
[-0.6025700974580711, -0.2813103803381084, -0.7964461110158487, 1.103552376116181, 0.5089329332124123, 0.03737910620368993]
[-0.6573253540938256, -0.3069083206169453, -0.8688230651758121, 1.2038768577401797, 0.5551810645477798, 0.04077770766900452]
[-0.7120806107295802, -0.33250626089578217, -0.9412000193357756, 1.304201339364179, 0.6014291958831474, 0.04417630913431912]
[-0.7668358673653347, -0.358104201174619, -1.013576973495739, 1.404525820988178, 0.6476773272185149, 0.04757491059963372]
[-0.8215911240010892, -0.3837021414534559, -1.0859539276557026, 1.504850302612177, 0.6939254585538824, 0.05097351206494832]
[-0.8763463806368438, -0.40930008173229276, -1.158330881815666, 1.6051747842361759, 0.74017358988925, 0.05437211353026292]
[-0.9311016372725982, -0.4348980220111296, -1.2307078359756294, 1.7054992658601749, 0.7864217212246175, 0.05777071499557752]
[-0.985856893908353, -0.46049596228996653, -1.303084790135593, 1.805823747484174, 0.8326698525599852, 0.061169316460892124]
[-1.0406121505441075, -0.48609390256880336, -1.3754617442955563, 1.906148229108173, 0.8789179838953526, 0.06456791792620671]
[-1.095367407179862, -0.5116918428476402, -1.4478386984555198, 2.006472710732172, 0.9251661152307201, 0.06796651939152132]
[-1.1501226638156163, -0.5372897831264771, -1.5202156526154833, 2.106797192356171, 0.9714142465660877, 0.07136512085683591]
[-1.204877920451371, -0.562887723405314, -1.592592606775447, 2.2071216739801702, 1.0176623779014553, 0.07476372232215052]
[-1.2596331770871256, -0.5884856636841509, -1.6649695609354103, 2.307446155604169, 1.0639105092368228, 0.07816232378746511]
[-1.3143884337228802, -0.6140836039629878, -1.7373465150953737, 2.4077706372281678, 1.1101586405721904, 0.0815609252527797]
[-1.3691436903586345, -0.6396815442418246, -1.8097234692553372, 2.5080951188521667, 1.1564067719075577, 0.0849595267180943]
[-1.4238989469943892, -0.6652794845206615, -1.8821004234153007, 2.608419600476166, 1.2026549032429255, 0.08835812818340891]
[-1.4786542036301438, -0.6908774247994983, -1.9544773775752642, 2.708744082100165, 1.248903034578293, 0.0917567296487235]
[-1.5334094602658983, -0.7164753650783352, -2.0268543317352274, 2.809068563724164, 1.2951511659136605, 0.09515533111403811]
[-1.5881647169016528, -0.7420733053571721, -2.099231285895191, 2.9093930453481627, 1.341399297249028, 0.0985539325793527]
[-1.6429199735374074, -0.767671245636009, -2.171608240055155, 3.009717526972162, 1.3876474285843956, 0.10195253404466731]
[-1.697675230173162, -0.7932691859148459, -2.243985194215118, 3.110042008596161, 1.4338955599197631, 0.1053511355099819]