[-0.0003997034397258403, 0.00015529375457745687, -0.00043239939535322236, -2.495579013395144e-05, 0.0002613988002844181, -3.259995643389857e-05]
[0.013377856674990569, -0.03608772085548337, -0.06713016580341798, 0.09271088419838489, 0.021633703565254594, -0.06563957284719803]
[0.02715541678970698, -0.0723307354655442, -0.13382793221148273, 0.18544672418690372, 0.04300600833022477, -0.13124654573796216]
[0.040932976904423386, -0.10857375007560503, -0.2005256986195475, 0.2781825641754226, 0.06437831309519494, -0.1968535186287263]
[0.0547105370191398, -0.14481676468566584, -0.26722346502761224, 0.3709184041639414, 0.08575061786016512, -0.2624604915194904]
[0.0684880971338562, -0.18105977929572667, -0.33392123143567704, 0.46365424415246026, 0.1071229226251353, -0.32806746441025453]
[0.08226565724857261, -0.21730279390578752, -0.4006189978437418, 0.5563900841409791, 0.12849522739010547, -0.3936744373010187]
[0.09604321736328902, -0.25354580851584835, -0.4673167642518065, 0.649125924129498, 0.14986753215507564, -0.4592814101917828]
[0.10982077747800544, -0.28978882312590915, -0.5340145306598713, 0.7418617641180167, 0.17123983692004582, -0.5248883830825469]
[0.12359833759272185, -0.32603183773597, -0.600712297067936, 0.8345976041065356, 0.192612141685016, -0.590495355973311]
[0.13737589770743824, -0.3622748523460308, -0.6674100634760008, 0.9273334440950545, 0.21398444644998618, -0.6561023288640752]
[0.15115345782215467, -0.3985178669560917, -0.7341078298840656, 1.0200692840835734, 0.2353567512149564, -0.7217093017548394]
[0.16493101793687107, -0.4347608815661525, -0.8008055962921303, 1.1128051240720922, 0.2567290559799265, -0.7873162746456035]
[0.1787085780515875, -0.47100389617621335, -0.8675033627001951, 1.2055409640606112, 0.2781013607448967, -0.8529232475363676]
[0.1924861381663039, -0.5072469107862742, -0.9342011291082598, 1.29827680404913, 0.29947366550986687, -0.9185302204271317]
[0.2062636982810203, -0.543489925396335, -1.0008988955163247, 1.3910126440376487, 0.3208459702748371, -0.9841371933178958]
[0.2200412583957367, -0.5797329400063957, -1.0675966619243893, 1.4837484840261674, 0.34221827503980723, -1.04974416620866]
[0.23381881851045314, -0.6159759546164566, -1.134294428332454, 1.5764843240146864, 0.36359057980477744, -1.1153511390994242]
[0.24759637862516953, -0.6522189692265175, -1.2009921947405189, 1.6692201640032052, 0.3849628845697476, -1.1809581119901882]
[0.26137393873988596, -0.6884619838365783, -1.2676899611485837, 1.7619560039917241, 0.4063351893347178, -1.2465650848809524]
[0.3379931015088652, -0.6709280093081755, -1.3069198653971026, 1.809223619887115, 0.36953373451797417, -1.3312741153481664]
[0.4146122642778445, -0.6533940347797726, -1.3461497696456215, 1.8564912357825059, 0.33273227970123054, -1.4159831458153807]
[0.49123142704682365, -0.6358600602513699, -1.3853796738941402, 1.9037588516778965, 0.29593082488448696, -1.5006921762825947]
[0.5678505898158029, -0.618326085722967, -1.424609578142659, 1.9510264675732873, 0.2591293700677433, -1.5854012067498087]
[0.6444697525847822, -0.6007921111945642, -1.463839482391178, 1.9982940834686782, 0.22232791525099968, -1.6701102372170227]
[0.7210889153537614, -0.5832581366661613, -1.503069386639697, 2.045561699364069, 0.18552646043425608, -1.754819267684237]
[0.7977080781227406, -0.5657241621377584, -1.5422992908882158, 2.09282931525946, 0.14872500561751245, -1.839528298151451]
[0.87432724089172, -0.5481901876093557, -1.5815291951367345, 2.140096931154851, 0.11192355080076882, -1.924237328618665]
[0.9509464036606992, -0.5306562130809529, -1.6207590993852534, 2.187364547050241, 0.07512209598402514, -2.008946359085879]
[1.0275655664296783, -0.51312223855255, -1.6599890036337723, 2.234632162945632, 0.038320641167281566, -2.093655389553093]
[1.1041847291986577, -0.4955882640241472, -1.6992189078822912, 2.281899778841023, 0.0015191863505379377, -2.178364420020307]
[1.180803891967637, -0.47805428949574436, -1.7384488121308102, 2.3291673947364138, -0.035282268466205635, -2.2630734504875214]
[1.2574230547366163, -0.4605203149673415, -1.777678716379329, 2.3764350106318046, -0.07208372328294932, -2.347782480954735]
[1.3340422175055953, -0.4429863404389387, -1.816908620627848, 2.4237026265271955, -0.10888517809969289, -2.4324915114219494]
[1.4106613802745744, -0.42545236591053587, -1.8561385248763667, 2.4709702424225863, -0.14568663291643646, -2.5172005418891636]
[1.4872805430435538, -0.40791839138213304, -1.8953684291248856, 2.518237858317977, -0.18248808773318015, -2.6019095723563774]
[1.563899705812533, -0.3903844168537302, -1.9345983333734045, 2.565505474213368, -0.21928954254992383, -2.686618602823591]
[1.6405188685815124, -0.3728504423253274, -1.9738282376219234, 2.6127730901087585, -0.2560909973666675, -2.771327633290806]
[1.7171380313504916, -0.35531646779692455, -2.013058141870442, 2.6600407060041493, -0.2928924521834111, -2.8560366637580197]
[1.7937571941194708, -0.3377824932685217, -2.052288046118961, 2.70730832189954, -0.32969390700015466, -2.9407456942252335]
[1.8703763568884502, -0.3202485187401189, -2.09151795036748, 2.754575937794931, -0.36649536181689835, -3.025454724692448]
[1.9469955196574293, -0.30271454421171606, -2.130747854615999, 2.801843553690322, -0.403296816633642, -3.110163755159662]