[-0.0003979557659610222, 0.00013139955827679017, -0.0003768250322480071, -4.760987278551454e-05, 0.0002955706137797165, 1.7469523182711555e-05]
[0.016621910524160014, -0.017691191191031137, -0.11732002625155949, -0.05649980890570319, 0.06474409791625488, 0.026647422995953313]
[0.03364177681428105, -0.035513781940339065, -0.23426322747087097, -0.11295200793862087, 0.12919262521873004, 0.053277376468723915]
[0.05066164310440209, -0.053336372689647, -0.3512064286901825, -0.16940420697153857, 0.1936411525212052, 0.07990732994149452]
[0.06768150939452312, -0.07115896343895492, -0.46814962990949394, -0.22585640600445622, 0.25808967982368036, 0.10653728341426512]
[0.08470137568464416, -0.08898155418826284, -0.5850928311288054, -0.28230860503737387, 0.3225382071261555, 0.13316723688703572]
[0.1017212419747652, -0.10680414493757079, -0.702036032348117, -0.33876080407029163, 0.3869867344286307, 0.15979719035980633]
[0.11874110826488624, -0.12462673568687871, -0.8189792335674284, -0.3952130031032093, 0.4514352617311058, 0.18642714383257694]
[0.13576097455500727, -0.14244932643618663, -0.9359224347867399, -0.45166520213612693, 0.515883789033581, 0.21305709730534753]
[0.1527808408451283, -0.16027191718549455, -1.0528656360060513, -0.5081174011690446, 0.5803323163360561, 0.23968705077811814]
[0.16980070713524933, -0.17809450793480247, -1.1698088372253628, -0.5645696002019622, 0.6447808436385313, 0.2663170042508887]
[0.18682057342537037, -0.1959170986841104, -1.2867520384446742, -0.62102179923488, 0.7092293709410065, 0.2929469577236593]
[0.20384043971549143, -0.21373968943341837, -1.403695239663986, -0.6774739982677978, 0.7736778982434817, 0.31957691119642995]
[0.22086030600561246, -0.2315622801827263, -1.5206384408832974, -0.7339261973007154, 0.8381264255459568, 0.3462068646692006]
[0.2378801722957335, -0.2493848709320342, -1.6375816421026088, -0.790378396333633, 0.9025749528484319, 0.37283681814197117]
[0.2549000385858545, -0.26720746168134213, -1.7545248433219203, -0.8468305953665507, 0.9670234801509071, 0.39946677161474176]
[0.39023053872678315, -0.2525794985678603, -1.7925276645871584, -0.8630843570870873, 0.9407601702706347, 0.46190350003442626]
[0.5255610388677118, -0.23795153545437855, -1.8305304858523965, -0.879338118807624, 0.9144968603903624, 0.5243402284541108]
[0.6608915390086404, -0.22332357234089678, -1.8685333071176347, -0.8955918805281606, 0.8882335505100901, 0.5867769568737952]
[0.796222039149569, -0.20869560922741498, -1.9065361283828728, -0.9118456422486974, 0.8619702406298178, 0.6492136852934797]
[0.9315525392904976, -0.19406764611393318, -1.944538949648111, -0.928099403969234, 0.8357069307495454, 0.7116504137131642]
[1.0668830394314264, -0.1794396830004514, -1.982541770913349, -0.9443531656897706, 0.809443620869273, 0.7740871421328486]
[1.2022135395723548, -0.16481171988696963, -2.020544592178587, -0.9606069274103073, 0.7831803109890008, 0.8365238705525331]
[1.3375440397132836, -0.15018375677348783, -2.0585474134438253, -0.9768606891308439, 0.7569170011087283, 0.8989605989722176]
[1.472874539854212, -0.13555579366000603, -2.0965502347090634, -0.9931144508513806, 0.730653691228456, 0.9613973273919021]
[1.6082050399951406, -0.12092783054652426, -2.1345530559743016, -1.0093682125719172, 0.7043903813481837, 1.0238340558115866]