[-0.00024137720443739852, 7.812386543637473e-05, -0.000346244195531753, 7.856468923428395e-05, 0.0003229191921878538, -2.660245658603344e-05]
[-0.04329391502034963, -0.02836527505602343, -0.05885525903240405, 0.09348198308406518, 0.05736851702956243, -0.019493346061634432]
[-0.08634645283626186, -0.05680867397748324, -0.11736427386927635, 0.18688540147889607, 0.114414114866937, -0.03896008966668283]
[-0.12939899065217408, -0.08525207289894304, -0.17587328870614866, 0.28028881987372695, 0.1714597127043116, -0.058426833271731225]
[-0.1724515284680863, -0.11369547182040285, -0.23438230354302095, 0.37369223826855785, 0.22850531054168616, -0.07789357687677963]
[-0.21550406628399854, -0.14213887074186266, -0.29289131837989324, 0.46709565666338876, 0.2855509083790607, -0.09736032048182802]
[-0.25855660409991077, -0.17058226966332246, -0.35140033321676556, 0.5604990750582196, 0.34259650621643534, -0.11682706408687642]
[-0.301609141915823, -0.19902566858478227, -0.4099093480536378, 0.6539024934530505, 0.3996421040538099, -0.1362938076919248]
[-0.3446616797317352, -0.22746906750624207, -0.46841836289051014, 0.7473059118478814, 0.45668770189118446, -0.15576055129697322]
[-0.3877142175476475, -0.25591246642770193, -0.5269273777273825, 0.8407093302427124, 0.5137332997285591, -0.17522729490202163]
[-0.4307667553635597, -0.2843558653491617, -0.5854363925642547, 0.9341127486375432, 0.5707788975659336, -0.19469403850707]
[-0.47381929317947197, -0.31279926427062155, -0.643945407401127, 1.0275161670323743, 0.6278244954033082, -0.21416078211211842]
[-0.5168718309953841, -0.3412426631920813, -0.7024544222379994, 1.120919585427205, 0.6848700932406828, -0.2336275257171668]
[-0.5599243688112965, -0.36968606211354116, -0.7609634370748717, 1.214323003822036, 0.7419156910780574, -0.25309426932221524]
[-0.6029769066272086, -0.3981294610350009, -0.8194724519117439, 1.3077264222168667, 0.7989612889154319, -0.2725610129272636]
[-0.6460294444431209, -0.42657285995646077, -0.8779814667486162, 1.4011298406116979, 0.8560068867528066, -0.292027756532312]
[-0.689081982259033, -0.4550162588779205, -0.9364904815854885, 1.4945332590065286, 0.9130524845901811, -0.3114945001373604]
[-0.7321345200749453, -0.4834596577993803, -0.9949994964223607, 1.5879366774013595, 0.9700980824275556, -0.33096124374240876]
[-0.7751870578908576, -0.5119030567208402, -1.0535085112592333, 1.6813400957961906, 1.0271436802649303, -0.3504279873474572]
[-0.8182395957067699, -0.5403464556423, -1.1120175260961054, 1.7747435141910215, 1.0841892781023048, -0.3698947309525056]
[-0.861292133522682, -0.5687898545637597, -1.1705265409329777, 1.8681469325858522, 1.1412348759396793, -0.389361474557554]
[-0.9043446713385942, -0.5972332534852195, -1.22903555576985, 1.961550350980683, 1.1982804737770538, -0.40882821816260234]
[-0.9473972091545065, -0.6256766524066795, -1.2875445706067223, 2.054953769375514, 1.2553260716144286, -0.4282949617676508]
[-0.9904497469704188, -0.6541200513281392, -1.3460535854435947, 2.148357187770345, 1.312371669451803, -0.4477617053726992]
[-1.0335022847863309, -0.682563450249599, -1.404562600280467, 2.2417606061651756, 1.3694172672891778, -0.46722844897774757]
[-1.0765548226022432, -0.7110068491710588, -1.463071615117339, 2.3351640245600067, 1.4264628651265523, -0.486695192582796]
[-1.1196073604181556, -0.7394502480925187, -1.5215806299542116, 2.428567442954838, 1.483508462963927, -0.5061619361878444]
[-1.1626598982340677, -0.7678936470139784, -1.5800896447910837, 2.5219708613496685, 1.5405540608013015, -0.5256286797928927]
[-1.2057124360499798, -0.7963370459354382, -1.638598659627956, 2.615374279744499, 1.597599658638676, -0.5450954233979411]
[-1.2487649738658921, -0.824780444856898, -1.6971076744648284, 2.7087776981393303, 1.6546452564760505, -0.5645621670029896]
[-1.2918175116818045, -0.8532238437783579, -1.7556166893017007, 2.8021811165341615, 1.7116908543134253, -0.584028910608038]
[-1.3348700494977166, -0.8816672426998177, -1.814125704138573, 2.895584534928992, 1.7687364521507998, -0.6034956542130864]