[-0.00024403740949896502, 0.0002523460750190054, -0.00039889265859116563, -2.4199827160842347e-05, 0.0002803703376530464, 0.00010676558248157164]
[-0.040959527402131435, -0.02665764598192802, -0.06760376162137899, 0.08846535697067273, 0.06379567406219659, -0.013245409277320926]
[-0.0816750173947639, -0.05356763803887504, -0.1348086305841668, 0.1769549137685063, 0.12731097778674014, -0.026597584137123424]
[-0.12239050738739637, -0.08047763009582207, -0.20201349954695463, 0.2654444705663399, 0.1908262815112837, -0.03994975899692592]
[-0.16310599738002884, -0.10738762215276909, -0.26921836850974246, 0.35393402736417345, 0.25434158523582723, -0.05330193385672842]
[-0.20382148737266134, -0.13429761420971612, -0.3364232374725303, 0.4424235841620071, 0.31785688896037084, -0.06665410871653092]
[-0.24453697736529378, -0.16120760626666314, -0.4036281064353181, 0.5309131409598407, 0.38137219268491435, -0.08000628357633341]
[-0.28525246735792625, -0.18811759832361016, -0.4708329753981059, 0.6194026977576742, 0.4448874964094579, -0.09335845843613591]
[-0.3259679573505587, -0.2150275903805572, -0.5380378443608937, 0.7078922545555077, 0.5084028001340014, -0.10671063329593841]
[-0.36668344734319125, -0.2419375824375042, -0.6052427133236816, 0.7963818113533414, 0.571918103858545, -0.12006280815574091]
[-0.4073989373358237, -0.26884757449445124, -0.6724475822864694, 0.8848713681511751, 0.6354334075830886, -0.13341498301554341]
[-0.44811442732845613, -0.29575756655139823, -0.7396524512492572, 0.9733609249490085, 0.698948711307632, -0.1467671578753459]
[-0.4888299173210886, -0.3226675586083453, -0.806857320212045, 1.0618504817468422, 0.7624640150321756, -0.1601193327351484]
[-0.5295454073137211, -0.3495775506652923, -0.8740621891748328, 1.1503400385446758, 0.8259793187567193, -0.1734715075949509]
[-0.5702608973063535, -0.37648754272223933, -0.9412670581376207, 1.2388295953425092, 0.8894946224812628, -0.1868236824547534]
[-0.6109763872989861, -0.4033975347791864, -1.0084719271004086, 1.327319152140343, 0.9530099262058064, -0.2001758573145559]
[-0.6516918772916185, -0.4303075268361334, -1.0756767960631963, 1.4158087089381763, 1.0165252299303498, -0.2135280321743584]
[-0.6924073672842509, -0.4572175188930804, -1.142881665025984, 1.50429826573601, 1.0800405336548933, -0.22688020703416087]
[-0.7331228572768835, -0.48412751095002743, -1.210086533988772, 1.5927878225338437, 1.143555837379437, -0.2402323818939634]
[-0.773838347269516, -0.5110375030069744, -1.2772914029515596, 1.681277379331677, 1.2070711411039805, -0.2535845567537659]
[-0.8145538372621485, -0.5379474950639215, -1.3444962719143476, 1.769766936129511, 1.2705864448285242, -0.2669367316135684]
[-0.8552693272547809, -0.5648574871208685, -1.4117011408771354, 1.8582564929273444, 1.3341017485530675, -0.2802889064733709]
[-0.8959848172474133, -0.5917674791778155, -1.4789060098399232, 1.9467460497251778, 1.397617052277611, -0.29364108133317335]
[-0.9367003072400458, -0.6186774712347626, -1.5461108788027111, 2.0352356065230115, 1.4611323560021547, -0.3069932561929759]
[-0.9774157972326782, -0.6455874632917096, -1.613315747765499, 2.123725163320845, 1.5246476597266982, -0.32034543105277835]
[-1.0181312872253108, -0.6724974553486566, -1.6805206167282867, 2.2122147201186784, 1.5881629634512417, -0.33369760591258085]
[-1.0588467772179433, -0.6994074474056036, -1.7477254856910744, 2.3007042769165125, 1.6516782671757855, -0.34704978077238335]
[-1.0995622672105756, -0.7263174394625506, -1.8149303546538622, 2.3891938337143457, 1.7151935709003288, -0.36040195563218586]
[-1.1402777572032081, -0.7532274315194977, -1.8821352236166502, 2.4776833905121793, 1.7787088746248725, -0.37375413049198836]
[-1.1809932471958406, -0.7801374235764447, -1.949340092579438, 2.566172947310013, 1.842224178349416, -0.38710630535179086]