[-0.00038921890188881036, 0.00015358395551423598, -0.0004596125280311725, 6.412749578998955e-05, 0.0002051560478975034, 7.68361887377722e-05]
[0.002574514606834885, 0.004200327412691643, -0.15614897241389905, -0.04437074550910018, 0.013516122075329264, -0.07648043679443806]
[0.00553824811555858, 0.00824707086986905, -0.31183833229976693, -0.08880561851399035, 0.026827088102761024, -0.15303770977761388]
[0.008501981624282276, 0.01229381432704646, -0.46752769218563484, -0.13324049151888054, 0.040138054130192787, -0.2295949827607897]
[0.01146571513300597, 0.016340557784223865, -0.6232170520715027, -0.1776753645237707, 0.053449020157624545, -0.30615225574396554]
[0.014429448641729667, 0.020387301241401277, -0.7789064119573706, -0.2221102375286609, 0.06675998618505631, -0.38270952872714137]
[0.01739318215045336, 0.024434044698578683, -0.9345957718432385, -0.26654511053355107, 0.08007095221248807, -0.4592668017103172]
[0.02035691565917706, 0.028480788155756092, -1.0902851317291065, -0.31097998353844125, 0.09338191823991984, -0.535824074693493]
[0.02332064916790075, 0.032527531612933494, -1.2459744916149742, -0.3554148565433314, 0.10669288426735159, -0.6123813476766689]
[0.026284382676624446, 0.036574275070110907, -1.4016638515008422, -0.3998497295482216, 0.12000385029478336, -0.6889386206598447]
[0.029248116185348144, 0.04062101852728832, -1.5573532113867101, -0.4442846025531118, 0.13331481632221512, -0.7654958936430205]
[0.032211849694071835, 0.04466776198446572, -1.7130425712725779, -0.48871947555800194, 0.14662578234964688, -0.8420531666261963]
[0.035175583202795534, 0.04871450544164313, -1.8687319311584458, -0.5331543485628921, 0.15993674837707864, -0.9186104396093722]
[0.1314162024519715, 0.010124866097654471, -1.849953814694453, -0.419950896719779, 0.17087586841729405, -0.9389430551284144]
[0.22765682170114748, -0.028464773246334188, -1.8311756982304601, -0.30674744487666583, 0.18181498845750943, -0.9592756706474567]
[0.32389744095032347, -0.06705441259032285, -1.8123975817664673, -0.19354399303355269, 0.19275410849772484, -0.9796082861664989]
[0.4201380601994994, -0.1056440519343115, -1.7936194653024744, -0.08034054119043954, 0.20369322853794025, -0.9999409016855411]
[0.5163786794486754, -0.14423369127830016, -1.7748413488384815, 0.03286291065267366, 0.21463234857815566, -1.0202735172045834]
[0.6126192986978515, -0.18282333062228884, -1.7560632323744887, 0.14606636249578675, 0.22557146861837107, -1.0406061327236256]
[0.7088599179470274, -0.22141296996627746, -1.7372851159104958, 0.25926981433889984, 0.23651058865858646, -1.0609387482426678]
[0.8051005371962033, -0.26000260931026614, -1.718506999446503, 0.37247326618201304, 0.24744970869880184, -1.08127136376171]
[0.9013411564453794, -0.29859224865425477, -1.6997288829825101, 0.48567671802512613, 0.25838882873901725, -1.1016039792807524]
[0.9975817756945553, -0.33718188799824345, -1.6809507665185173, 0.5988801698682394, 0.26932794877923266, -1.1219365947997946]
[1.0938223949437313, -0.3757715273422321, -1.6621726500545246, 0.7120836217113525, 0.2802670688194481, -1.1422692103188368]
[1.1900630141929074, -0.4143611666862208, -1.6433945335905318, 0.8252870735544656, 0.2912061888596635, -1.162601825837879]
[1.2863036334420832, -0.45295080603020943, -1.624616417126539, 0.9384905253975787, 0.3021453088998789, -1.1829344413569212]
[1.3825442526912592, -0.49154044537419805, -1.605838300662546, 1.0516939772406917, 0.31308442894009425, -1.2032670568759634]
[1.478784871940435, -0.5301300847181867, -1.5870601841985532, 1.1648974290838048, 0.32402354898030966, -1.2235996723950056]
[1.575025491189611, -0.5687197240621754, -1.5682820677345604, 1.2781008809269183, 0.3349626690205251, -1.243932287914048]
[1.6712661104387871, -0.607309363406164, -1.5495039512705675, 1.3913043327700314, 0.3459017890607405, -1.2642649034330902]