[-0.0003968209549372048, 0.00016261973726994228, -0.00046236396267662627, 0.0001274686000956038, 0.0002515107807186112, -3.123854084297051e-05]
[0.047059447017166633, -0.047170764198632004, -0.08120930119354591, 0.039792915361254955, -0.030241408134899374, 0.05905321759154737]
[0.09451571498927047, -0.09450414813453395, -0.1619562384244152, 0.0794583621224143, -0.06073432705051736, 0.11813767372393771]
[0.1419719829613743, -0.1418375320704359, -0.2427031756552845, 0.11912380888357366, -0.09122724596613534, 0.17722212985632804]
[0.18942825093347815, -0.18917091600633784, -0.3234501128861538, 0.158789255644733, -0.12172016488175333, 0.2363065859887184]
[0.236884518905582, -0.23650429994223982, -0.4041970501170231, 0.19845470240589236, -0.15221308379737133, 0.2953910421211088]
[0.2843407868776858, -0.28383768387814173, -0.48494398734789235, 0.2381201491670517, -0.18270600271298928, 0.35447549825349906]
[0.33179705484978966, -0.3311710678140437, -0.5656909245787617, 0.27778559592821106, -0.2131989216286073, 0.41355995438588944]
[0.3792533228218935, -0.3785044517499456, -0.6464378618096309, 0.3174510426893704, -0.24369184054422527, 0.47264441051827977]
[0.4267095907939974, -0.42583783568584765, -0.7271847990405004, 0.35711648945052976, -0.2741847594598433, 0.5317288666506702]
[0.4741658587661012, -0.4731712196217496, -0.8079317362713696, 0.3967819362116891, -0.3046776783754613, 0.5908133227830605]
[0.521622126738205, -0.5205046035576515, -0.8886786735022388, 0.43644738297284846, -0.33517059729107923, 0.6498977789154508]
[0.5690783947103089, -0.5678379874935534, -0.9694256107331081, 0.4761128297340078, -0.3656635162066972, 0.7089822350478411]
[0.6165346626824127, -0.6151713714294554, -1.0501725479639774, 0.5157782764951672, -0.39615643512231524, 0.7680666911802315]
[0.6639909306545165, -0.6625047553653574, -1.1309194851948468, 0.5554437232563265, -0.4266493540379332, 0.8271511473126218]
[0.7454012158960581, -0.6430304094570666, -1.1653639088544845, 0.5328514494006122, -0.3758695981262846, 0.7321170474891161]
[0.8268115011375996, -0.6235560635487758, -1.1998083325141224, 0.510259175544898, -0.3250898422146361, 0.6370829476656104]
[0.9082217863791412, -0.604081717640485, -1.2342527561737602, 0.48766690168918364, -0.2743100863029876, 0.5420488478421047]
[0.9896320716206828, -0.5846073717321942, -1.268697179833398, 0.4650746278334693, -0.22353033039133902, 0.447014748018599]
[1.0710423568622243, -0.5651330258239036, -1.3031416034930356, 0.44248235397775504, -0.17275057447969044, 0.3519806481950933]
[1.152452642103766, -0.5456586799156128, -1.3375860271526734, 0.41989008012204077, -0.12197081856804193, 0.2569465483715876]
[1.2338629273453074, -0.526184334007322, -1.3720304508123113, 0.3972978062663265, -0.07119106265639341, 0.16191244854808184]
[1.315273212586849, -0.5067099880990312, -1.406474874471949, 0.3747055324106121, -0.02041130674474484, 0.0668783487245761]
[1.3966834978283904, -0.48723564219074045, -1.4409192981315868, 0.35211325855489783, 0.030368449166903677, -0.028155751098929538]
[1.478093783069932, -0.46776129628244967, -1.4753637217912248, 0.32952098469918356, 0.0811482050785523, -0.12318985092243528]
[1.5595040683114736, -0.4482869503741589, -1.5098081454508625, 0.3069287108434693, 0.1319279609902007, -0.21822395074594092]
[1.6409143535530153, -0.4288126044658681, -1.5442525691105002, 0.28433643698775496, 0.18270771690184934, -0.31325805056944667]
[1.7223246387945566, -0.4093382585575774, -1.578696992770138, 0.2617441631320407, 0.23348747281349788, -0.40829215039295247]