[-0.0003346754396336138, 0.00018984384988129932, -0.0004060266691929826, 1.8639241857520972e-05, 0.00033767953685170937, 2.5574062970434852e-05]
[0.029844975810219748, -0.037449432284372586, -0.06021228656021014, 0.07077071219118311, 0.012985833073070352, -0.08899312521391298]
[0.06002462706007311, -0.07508870841862647, -0.1200185464512273, 0.1415227851405087, 0.025633986609288995, -0.1780118244907964]
[0.09020427830992647, -0.11272798455288036, -0.17982480634224446, 0.21227485808983432, 0.03828214014550764, -0.26703052376767983]
[0.12038392955977983, -0.15036726068713424, -0.2396310662332616, 0.2830269310391599, 0.05093029368172628, -0.3560492230445632]
[0.1505635808096332, -0.18800653682138813, -0.2994373261242788, 0.35377900398848555, 0.06357844721794494, -0.4450679223214467]
[0.18074323205948656, -0.225645812955642, -0.35924358601529593, 0.4245310769378111, 0.07622660075416357, -0.5340866215983301]
[0.21092288330933992, -0.2632850890898959, -0.4190498459063131, 0.49528314988713673, 0.08887475429038222, -0.6231053208752135]
[0.24110253455919328, -0.3009243652241498, -0.47885610579733023, 0.5660352228364622, 0.10152290782660085, -0.7121240201520969]
[0.2712821858090466, -0.33856364135840367, -0.5386623656883474, 0.6367872957857879, 0.1141710613628195, -0.8011427194289804]
[0.3014618370589, -0.37620291749265755, -0.5984686255793646, 0.7075393687351136, 0.12681921489903816, -0.8901614187058638]
[0.33164148830875334, -0.41384219362691144, -0.6582748854703817, 0.7782914416844391, 0.13946736843525678, -0.9791801179827472]
[0.36182113955860673, -0.4514814697611653, -0.7180811453613989, 0.8490435146337647, 0.15211552197147543, -1.0681988172596306]
[0.39200079080846006, -0.48912074589541915, -0.777887405252416, 0.9197955875830902, 0.16476367550769405, -1.157217516536514]
[0.42218044205831345, -0.5267600220296731, -0.8376936651434332, 0.9905476605324159, 0.17741182904391273, -1.2462362158133975]
[0.45236009330816684, -0.564399298163927, -0.8974999250344504, 1.0612997334817416, 0.19005998258013135, -1.3352549150902808]
[0.4825397445580202, -0.6020385742981809, -0.9573061849254675, 1.132051806431067, 0.20270813611635, -1.4242736143671642]
[0.5127193958078735, -0.6396778504324347, -1.0171124448164848, 1.2028038793803928, 0.21535628965256867, -1.5132923136440477]
[0.5428990470577268, -0.6773171265666886, -1.0769187047075017, 1.2735559523297182, 0.2280044431887873, -1.6023110129209313]
[0.5730786983075803, -0.7149564027009425, -1.136724964598519, 1.3443080252790438, 0.2406525967250059, -1.6913297121978146]
[0.6032583495574336, -0.7525956788351964, -1.1965312244895363, 1.4150600982283696, 0.2533007502612246, -1.7803484114746981]
[0.633438000807287, -0.7902349549694503, -1.2563374843805533, 1.485812171177695, 0.26594890379744324, -1.8693671107515815]
[0.6636176520571403, -0.8278742311037042, -1.3161437442715704, 1.5565642441270207, 0.27859705733366186, -1.9583858100284648]
[0.6937973033069937, -0.8655135072379581, -1.3759500041625876, 1.6273163170763463, 0.29124521086988053, -2.0474045093053483]
[0.7239769545568471, -0.9031527833722119, -1.4357562640536048, 1.698068390025672, 0.30389336440609915, -2.1364232085822317]
[0.8314151601781662, -0.8634600431215458, -1.4347494943504873, 1.747690085227714, 0.304608793138746, -2.046707894101233]
[0.9388533657994853, -0.8237673028708796, -1.4337427246473695, 1.797311780429756, 0.3053242218713928, -1.9569925796202345]
[1.0462915714208045, -0.7840745626202135, -1.4327359549442518, 1.8469334756317979, 0.3060396506040396, -1.867277265139236]
[1.1537297770421235, -0.7443818223695473, -1.4317291852411342, 1.89655517083384, 0.30675507933668644, -1.7775619506582374]
[1.2611679826634425, -0.7046890821188811, -1.4307224155380167, 1.946176866035882, 0.3074705080693333, -1.6878466361772388]
[1.3686061882847618, -0.664996341868215, -1.429715645834899, 1.995798561237924, 0.3081859368019801, -1.5981313216962403]