[-0.00039075698314938734, 8.833576477851324e-05, -0.0004575888665332428, 7.785395552595276e-05, 0.0003140359379631974, -2.08026633883307e-05]
[0.053771875210980084, -0.04572986663517209, -0.08840290711075707, 0.040843452200942036, -0.007668336037704655, 0.04354571078289836]
[0.10793450740510956, -0.09154806903512269, -0.1763482253549809, 0.08160905044635812, -0.015650708013372507, 0.08711222422918505]
[0.16209713959923902, -0.1373662714350733, -0.2642935435992047, 0.12237464869177418, -0.023633079989040354, 0.13067873767547172]
[0.2162597717933685, -0.1831844738350239, -0.35223886184342856, 0.1631402469371903, -0.03161545196470821, 0.17424525112175843]
[0.27042240398749795, -0.2290026762349745, -0.44018418008765237, 0.20390584518260635, -0.03959782394037606, 0.2178117645680451]
[0.32458503618162743, -0.2748208786349251, -0.5281294983318762, 0.2446714434280224, -0.047580195916043906, 0.2613782780143318]
[0.37874766837575685, -0.3206390810348757, -0.6160748165761, 0.2854370416734385, -0.05556256789171176, 0.3049447914606185]
[0.4329103005698864, -0.3664572834348263, -0.7040201348203239, 0.3262026399188546, -0.06354493986737962, 0.3485113049069052]
[0.4870729327640158, -0.4122754858347769, -0.7919654530645477, 0.36696823816427065, -0.07152731184304746, 0.39207781835319183]
[0.5412355649581453, -0.4580936882347275, -0.8799107713087715, 0.40773383640968675, -0.07950968381871532, 0.43564433179947853]
[0.6205926464730809, -0.4986422249891638, -0.9806929677117808, 0.41100572158634213, -0.07148360949632163, 0.4870251765000121]
[0.6999497279880165, -0.5391907617436, -1.0814751641147902, 0.4142776067629975, -0.06345753517392794, 0.5384060212005457]
[0.7793068095029521, -0.5797392984980363, -1.1822573605177995, 0.41754949193965296, -0.05543146085153424, 0.5897868659010792]
[0.8586638910178878, -0.6202878352524726, -1.283039556920809, 0.42082137711630835, -0.047405386529140545, 0.6411677106016128]
[0.9380209725328233, -0.6608363720069088, -1.3838217533238182, 0.42409326229296374, -0.039379312206746855, 0.6925485553021464]
[1.017378054047759, -0.701384908761345, -1.4846039497268277, 0.4273651474696191, -0.031353237884353166, 0.7439294000026799]
[1.0967351355626946, -0.7419334455157812, -1.5853861461298369, 0.4306370326462745, -0.023327163561959477, 0.7953102447032134]
[1.1760922170776302, -0.7824819822702176, -1.6861683425328464, 0.43390891782292995, -0.015301089239565774, 0.8466910894037472]
[1.2554492985925658, -0.8230305190246537, -1.7869505389358558, 0.43718080299958534, -0.007275014917172085, 0.8980719341042807]
[1.3348063801075014, -0.86357905577909, -1.887732735338865, 0.4404526881762407, 0.0007510594052216012, 0.9494527788048143]
[1.390811994366358, -0.8258134290648075, -1.888758188432897, 0.30177848280801256, 0.05566741464080413, 0.9546175316694323]
[1.4468176086252145, -0.7880478023505249, -1.889783641526929, 0.16310427743978445, 0.11058376987638666, 0.9597822845340503]
[1.502823222884071, -0.7502821756362423, -1.8908090946209608, 0.02443007207155634, 0.16550012511196918, 0.9649470373986683]
[1.5588288371429273, -0.7125165489219597, -1.8918345477149925, -0.11424413329667182, 0.2204164803475517, 0.9701117902632863]
[1.6148344514017838, -0.6747509222076772, -1.8928600008090244, -0.2529183386649, 0.2753328355831342, 0.9752765431279043]
[1.6708400656606404, -0.6369852954933946, -1.8938854539030563, -0.39159254403312804, 0.33024919081871673, 0.9804412959925224]
[1.726845679919497, -0.599219668779112, -1.8949109069970882, -0.5302667494013562, 0.38516554605429926, 0.9856060488571403]
[1.7828512941783534, -0.5614540420648295, -1.89593636009112, -0.6689409547695844, 0.4400819012898818, 0.9907708017217584]
[1.83885690843721, -0.5236884153505469, -1.896961813185152, -0.8076151601378125, 0.49499825652546436, 0.9959355545863764]
[1.8948625226960663, -0.4859227886362643, -1.897987266279184, -0.9462893655060407, 0.5499146117610468, 1.0011003074509943]
[1.9508681369549228, -0.4481571619219818, -1.8990127193732156, -1.0849635708742686, 0.6048309669966293, 1.0062650603156125]
[2.0068737512137793, -0.4103915352076992, -1.9000381724672475, -1.2236377762424968, 0.6597473222322119, 1.0114298131802304]
[2.062879365472636, -0.37262590849341665, -1.9010636255612794, -1.362311981610725, 0.7146636774677945, 1.0165945660448485]
[2.1188849797314924, -0.334860281779134, -1.9020890786553113, -1.5009861869789531, 0.7695800327033769, 1.0217593189094665]