[-0.0002326691472189779, 0.0001040110901593394, -0.0003365426907073754, 9.548946428328264e-05, 0.00019404743789941392, 6.444485587842053e-06]
[0.031808265888605594, -0.010789515723698587, -0.09558299891836022, -0.08776752900790438, 0.05245744880390356, 0.028155480051207226]
[0.06384920092443017, -0.021683042537556513, -0.19082945514601307, -0.17563054748009205, 0.1047208501699077, 0.05630451561682661]
[0.09589013596025474, -0.032576569351414446, -0.2860759113736659, -0.26349356595227974, 0.15698425153591186, 0.084453551182446]
[0.1279310709960793, -0.043470096165272365, -0.38132236760131877, -0.3513565844244674, 0.209247652901916, 0.11260258674806538]
[0.15997200603190387, -0.05436362297913029, -0.4765688238289716, -0.43921960289665507, 0.2615110542679201, 0.14075162231368477]
[0.19201294106772845, -0.06525714979298823, -0.5718152800566244, -0.5270826213688428, 0.3137744556339243, 0.16890065787930417]
[0.224053876103553, -0.07615067660684616, -0.6670617362842772, -0.6149456398410305, 0.3660378569999284, 0.19704969344492354]
[0.2560948111393776, -0.08704420342070407, -0.7623081925119302, -0.702808658313218, 0.41830125836593257, 0.22519872901054291]
[0.28813574617520216, -0.097937730234562, -0.857554648739583, -0.7906716767854057, 0.4705646597319367, 0.2533477645761623]
[0.3201766812110267, -0.10883125704841992, -0.9528011049672358, -0.8785346952575934, 0.5228280610979408, 0.2814968001417817]
[0.3522176162468513, -0.11972478386227785, -1.0480475611948885, -0.966397713729781, 0.5750914624639449, 0.30964583570740106]
[0.3842585512826759, -0.1306183106761358, -1.1432940174225414, -1.0542607322019688, 0.6273548638299492, 0.3377948712730205]
[0.41629948631850044, -0.1415118374899937, -1.2385404736501944, -1.1421237506741564, 0.6796182651959533, 0.36594390683863987]
[0.448340421354325, -0.15240536430385165, -1.333786929877847, -1.2299867691463442, 0.7318816665619574, 0.39409294240425924]
[0.48038135639014956, -0.16329889111770957, -1.4290333861055, -1.3178497876185318, 0.7841450679279616, 0.4222419779698786]
[0.5580402448848804, -0.20956452398671754, -1.4663353064355673, -1.33375574533294, 0.7843983282200829, 0.5195072262742613]
[0.6356991333796111, -0.2558301568557255, -1.5036372267656346, -1.3496617030473483, 0.7846515885122044, 0.616772474578644]
[0.7133580218743419, -0.3020957897247335, -1.5409391470957021, -1.3655676607617566, 0.7849048488043258, 0.7140377228830267]
[0.7910169103690727, -0.34836142259374153, -1.5782410674257694, -1.381473618476165, 0.7851581090964472, 0.8113029711874095]
[0.8686757988638035, -0.3946270554627495, -1.6155429877558367, -1.3973795761905732, 0.7854113693885686, 0.9085682194917921]
[0.9256155632801601, -0.41597631431022764, -1.6129637081015198, -1.3937436263245058, 0.7640121914047913, 0.9460650213601131]
[1.0459568549546137, -0.4506447576903963, -1.5974745672849757, -1.3869976769537748, 0.7107673353566245, 0.998725593703625]
[1.1662981466290674, -0.48531320107056497, -1.5819854264684319, -1.380251727583044, 0.6575224793084578, 1.0513861660471369]
[1.286639438303521, -0.5199816444507337, -1.5664962856518878, -1.373505778212313, 0.6042776232602911, 1.104046738390649]
[1.4069807299779744, -0.5546500878309023, -1.551007144835344, -1.366759828841582, 0.5510327672121244, 1.1567073107341608]
[1.5273220216524281, -0.589318531211071, -1.5355180040188, -1.3600138794708512, 0.49778791116395754, 1.2093678830776726]
[1.6476633133268819, -0.6239869745912396, -1.520028863202256, -1.3532679301001203, 0.44454305511579084, 1.2620284554211847]
[1.7680046050013354, -0.6586554179714084, -1.504539722385712, -1.3465219807293893, 0.3912981990676241, 1.3146890277646965]