[-0.00030936067203679585, 9.590087832567207e-05, -0.0004542080403329152, 1.7245611563687646e-05, 0.00016002628227074212, 5.998126749950927e-05]
[0.019350439206785912, -0.04265248454941719, -0.11159078085357442, -0.008494173657685056, 0.019915961466524364, 0.08822694646164606]
[0.03901023908560862, -0.08540086997716005, -0.22272735366681592, -0.0170055929269338, 0.039671896650777985, 0.1763939116557926]
[0.05867003896443133, -0.1281492554049029, -0.3338639264800574, -0.025517012196182545, 0.0594278318350316, 0.2645608768499391]
[0.07832983884325403, -0.17089764083264578, -0.44500049929329893, -0.03402843146543129, 0.07918376701928523, 0.3527278420440857]
[0.09798963872207674, -0.21364602626038864, -0.5561370721065404, -0.042539850734680036, 0.09893970220353884, 0.4408948072382322]
[0.11764943860089945, -0.2563944116881315, -0.6672736449197819, -0.05105127000392878, 0.11869563738779246, 0.5290617724323787]
[0.13730923847972215, -0.2991427971158743, -0.7784102177330233, -0.05956268927317752, 0.13845157257204607, 0.6172287376265253]
[0.15696903835854487, -0.3418911825436172, -0.889546790546265, -0.06807410854242626, 0.15820750775629971, 0.7053957028206719]
[0.17662883823736755, -0.38463956797136006, -1.0006833633595063, -0.076585527811675, 0.1779634429405533, 0.7935626680148183]
[0.19628863811619027, -0.42738795339910296, -1.1118199361727479, -0.08509694708092376, 0.19771937812480694, 0.8817296332089649]
[0.21594843799501298, -0.47013633882684575, -1.2229565089859893, -0.09360836635017249, 0.21747531330906056, 0.9698965984031115]
[0.2356082378738357, -0.5128847242545886, -1.334093081799231, -0.10211978561942124, 0.23723124849331417, 1.058063563597258]
[0.2552680377526584, -0.5556331096823315, -1.4452296546124723, -0.11063120488866998, 0.2569871836775678, 1.1462305287914045]
[0.3882130139248849, -0.5284656867984521, -1.4924910629784667, -0.16477419648428446, 0.27429231843295476, 1.1169613561986431]
[0.5211579900971114, -0.5012982639145727, -1.5397524713444612, -0.21891718807989893, 0.29159745318834174, 1.0876921836058817]
[0.654102966269338, -0.4741308410306933, -1.5870138797104556, -0.27306017967551344, 0.3089025879437287, 1.05842301101312]
[0.7870479424415644, -0.4469634181468139, -1.6342752880764502, -0.32720317127112786, 0.3262077226991157, 1.0291538384203587]
[0.9199929186137911, -0.4197959952629345, -1.6815366964424445, -0.3813461628667424, 0.34351285745450266, 0.9998846658275973]
[1.0529378947860175, -0.39262857237905513, -1.728798104808439, -0.4354891544623568, 0.36081799220988964, 0.9706154932348358]
[1.185882870958244, -0.3654611494951757, -1.7760595131744334, -0.48963214605797134, 0.37812312696527667, 0.9413463206420742]
[1.3188278471304704, -0.3382937266112963, -1.8233209215404278, -0.5437751376535858, 0.3954282617206636, 0.9120771480493128]
[1.4517728233026972, -0.3111263037274169, -1.8705823299064224, -0.5979181292492003, 0.4127333964760506, 0.8828079754565514]
[1.5847177994749237, -0.2839588808435375, -1.9178437382724167, -0.6520611208448147, 0.4300385312314376, 0.8535388028637899]
[1.71766277564715, -0.25679145795965813, -1.965105146638411, -0.7062041124404291, 0.44734366598682457, 0.8242696302710284]
[1.8506077518193766, -0.22962403507577872, -2.0123665550044056, -0.7603471040360437, 0.46464880074221154, 0.795000457678267]