[-0.00027857367755146356, 0.00021593091223248706, -0.00045407257680363244, 1.729506782233159e-05, 0.00026132819627289194, 1.5909924026225042e-05]
[0.03105197434828827, -0.052166431357419545, -0.09289746666690375, 0.0201198273007799, 0.0612628168448575, 0.03663089838452505]
[0.062382522374128, -0.10454879362707158, -0.18534086075700387, 0.04022235953373747, 0.12226430549344211, 0.07324588684502388]
[0.09371307039996775, -0.15693115589672363, -0.277784254847104, 0.06032489176669504, 0.18326579414202673, 0.10986087530552271]
[0.12504361842580747, -0.20931351816637564, -0.3702276489372041, 0.08042742399965261, 0.24426728279061133, 0.14647586376602154]
[0.15637416645164723, -0.2616958804360277, -0.4626710430273043, 0.10052995623261017, 0.30526877143919595, 0.18309085222652036]
[0.18770471447748696, -0.31407824270567974, -0.5551144371174044, 0.12063248846556775, 0.3662702600877806, 0.2197058406870192]
[0.21903526250332667, -0.3664606049753317, -0.6475578312075044, 0.1407350206985253, 0.42727174873636514, 0.256320829147518]
[0.2503658105291664, -0.41884296724498377, -0.7400012252976046, 0.16083755293148289, 0.48827323738494977, 0.29293581760801685]
[0.2816963585550062, -0.47122532951463586, -0.8324446193877048, 0.18094008516444043, 0.5492747260335343, 0.32955080606851567]
[0.3130269065808459, -0.5236076917842879, -0.9248880134778049, 0.201042617397398, 0.610276214682119, 0.3661657945290145]
[0.34435745460668565, -0.5759900540539399, -1.017331407567905, 0.2211451496303556, 0.6712777033307036, 0.40278078298951336]
[0.3756880026325254, -0.628372416323592, -1.1097748016580051, 0.24124768186331316, 0.7322791919792883, 0.4393957714500122]
[0.40701855065836506, -0.680754778593244, -1.202218195748105, 0.2613502140962707, 0.7932806806278727, 0.47601075991051095]
[0.4383490986842048, -0.7331371408628959, -1.2946615898382052, 0.2814527463292283, 0.8542821692764574, 0.5126257483710098]
[0.4696796467100446, -0.785519503132548, -1.3871049839283054, 0.30155527856218584, 0.915283657925042, 0.5492407368315086]
[0.5010101947358843, -0.8379018654022, -1.4795483780184056, 0.32165781079514344, 0.9762851465736266, 0.5858557252920075]
[0.532340742761724, -0.8902842276718521, -1.5719917721085057, 0.341760343028101, 1.0372866352222112, 0.6224707137525063]
[0.6209343839752471, -0.8336559295980462, -1.6352627614653434, 0.2735169506586243, 1.0563490845976817, 0.6159613448353536]
[0.7095280251887702, -0.7770276315242404, -1.6985337508221812, 0.20527355828914762, 1.0754115339731525, 0.6094519759182008]
[0.7981216664022933, -0.7203993334504345, -1.7618047401790191, 0.13703016591967093, 1.094473983348623, 0.602942607001048]
[0.8867153076158164, -0.6637710353766286, -1.8250757295358568, 0.06878677355019425, 1.1135364327240935, 0.5964332380838953]
[0.9753089488293395, -0.6071427373028228, -1.8883467188926946, 0.000543381180717506, 1.132598882099564, 0.5899238691667426]
[1.0639025900428627, -0.5505144392290169, -1.9516177082495323, -0.06770001118875912, 1.1516613314750348, 0.5834145002495897]
[1.1524962312563858, -0.493886141155211, -2.01488869760637, -0.13594340355823586, 1.1707237808505053, 0.5769051313324369]
[1.2410898724699089, -0.43725784308140514, -2.078159686963208, -0.2041867959277125, 1.1897862302259758, 0.5703957624152842]
[1.329683513683432, -0.38062954500759927, -2.141430676320046, -0.27243018829718924, 1.2088486796014464, 0.5638863934981315]
[1.418277154896955, -0.3240012469337934, -2.2047016656768834, -0.340673580666666, 1.2279111289769171, 0.5573770245809787]
[1.5068707961104781, -0.2673729488599875, -2.2679726550337214, -0.4089169730361427, 1.2469735783523876, 0.5508676556638259]
[1.5954644373240012, -0.21074465078618165, -2.331243644390559, -0.47716036540561924, 1.2660360277278582, 0.5443582867466732]
[1.6840580785375243, -0.15411635271237578, -2.394514633747397, -0.545403757775096, 1.285098477103329, 0.5378489178295205]
[1.7726517197510474, -0.09748805463856991, -2.4577856231042343, -0.6136471501445727, 1.3041609264787994, 0.5313395489123677]
[1.8612453609645705, -0.04085975656476404, -2.5210566124610723, -0.6818905425140495, 1.32322337585427, 0.5248301799952149]
[1.9498390021780936, 0.015768541509041833, -2.58432760181791, -0.750133934883526, 1.3422858252297405, 0.5183208110780622]
[2.0384326433916167, 0.0723968395828477, -2.6475985911747477, -0.8183773272530027, 1.3613482746052112, 0.5118114421609095]
[2.1270262846051398, 0.1290251376566535, -2.7108695805315857, -0.8866207196224796, 1.3804107239806818, 0.5053020732437566]