[-0.0002490636977956484, 0.0001760608331995428, -0.0003789074968949535, 0.00014995212009338843, 0.00016885154546564252, 0.0001209384759928156]
[-0.049492453002154956, -0.019371427301813952, -0.07680945002271995, -0.0992002028834427, 0.05377192721377023, -0.005448592164691066]
[-0.09873584230651426, -0.03891891543682745, -0.15323999254854495, -0.19855035788697878, 0.10737500288207481, -0.011018122805374947]
[-0.14797923161087356, -0.05846640357184094, -0.22967053507436996, -0.29790051289051483, 0.1609780785503794, -0.01658765344605883]
[-0.19722262091523288, -0.07801389170685444, -0.30610107760019495, -0.39725066789405095, 0.21458115421868398, -0.02215718408674271]
[-0.24646601021959216, -0.09756137984186793, -0.38253162012601993, -0.496600822897587, 0.2681842298869886, -0.02772671472742659]
[-0.2957093995239515, -0.11710886797688143, -0.458962162651845, -0.5959509779011231, 0.32178730555529317, -0.033296245368110475]
[-0.34495278882831076, -0.13665635611189492, -0.5353927051776699, -0.6953011329046592, 0.37539038122359775, -0.03886577600879435]
[-0.3941961781326701, -0.15620384424690842, -0.6118232477034949, -0.7946512879081953, 0.4289934568919023, -0.044435306649478236]
[-0.44343956743702945, -0.17575133238192192, -0.68825379022932, -0.8940014429117314, 0.48259653256020696, -0.05000483729016212]
[-0.4926829567413887, -0.1952988205169354, -0.7646843327551449, -0.9933515979152674, 0.5361996082285115, -0.055574367930846]
[-0.5419263460457481, -0.21484630865194893, -0.84111487528097, -1.0927017529188037, 0.5898026838968161, -0.06114389857152988]
[-0.5911697353501073, -0.2343937967869624, -0.917545417806795, -1.1920519079223395, 0.6434057595651207, -0.06671342921221377]
[-0.6404131246544666, -0.2539412849219759, -0.99397596033262, -1.2914020629258758, 0.6970088352334253, -0.07228295985289765]
[-0.6896565139588259, -0.2734887730569894, -1.0704065028584449, -1.3907522179294118, 0.7506119109017299, -0.07785249049358152]
[-0.7388999032631852, -0.2930362611920029, -1.14683704538427, -1.490102372932948, 0.8042149865700344, -0.0834220211342654]
[-0.7881432925675446, -0.3125837493270164, -1.223267587910095, -1.589452527936484, 0.857818062238339, -0.08899155177494929]
[-0.8373866818719038, -0.3321312374620298, -1.2996981304359199, -1.68880268294002, 0.9114211379066435, -0.09456108241563316]
[-0.8866300711762632, -0.3516787255970434, -1.376128672961745, -1.7881528379435563, 0.9650242135749483, -0.10013061305631706]
[-0.9358734604806225, -0.3712262137320569, -1.45255921548757, -1.8875029929470923, 1.0186272892432529, -0.10570014369700093]
[-0.9851168497849817, -0.39077370186707033, -1.5289897580133949, -1.9868531479506282, 1.0722303649115574, -0.11126967433768481]
[-1.034360239089341, -0.41032119000208384, -1.6054203005392198, -2.0862033029541642, 1.1258334405798618, -0.11683920497836868]
[-1.0836036283937005, -0.4298686781370974, -1.681850843065045, -2.1855534579577007, 1.1794365162481666, -0.12240873561905258]
[-1.1328470176980596, -0.44941616627211084, -1.7582813855908699, -2.284903612961237, 1.2330395919164712, -0.12797826625973646]
[-1.182090407002419, -0.46896365440712434, -1.834711928116695, -2.3842537679647724, 1.2866426675847757, -0.13354779690042035]
[-1.2313337963067783, -0.4885111425421378, -1.91114247064252, -2.4836039229683085, 1.34024574325308, -0.1391173275411042]
[-1.2805771856111376, -0.5080586306771513, -1.9875730131683451, -2.582954077971845, 1.393848818921385, -0.1446868581817881]
[-1.329820574915497, -0.5276061188121648, -2.06400355569417, -2.682304232975381, 1.4474518945896895, -0.15025638882247197]
[-1.379063964219856, -0.5471536069471783, -2.1404340982199948, -2.781654387978917, 1.501054970257994, -0.15582591946315585]
[-1.4283073535242155, -0.5667010950821918, -2.2168646407458197, -2.8810045429824527, 1.5546580459262986, -0.16139545010383974]
[-1.4775507428285748, -0.5862485832172053, -2.293295183271645, -2.980354697985989, 1.6082611215946032, -0.16696498074452362]
[-1.5267941321329341, -0.6057960713522188, -2.36972572579747, -3.0797048529895252, 1.6618641972629078, -0.1725345113852075]