[-0.0003371923154578127, 0.0002586895793408317, -0.00044036703576644243, -1.8367091337623265e-05, 0.00032010441921670463, 9.24824757042586e-05]
[-0.03236346618777667, -0.02134371002103668, -0.08291673674860893, 0.07798686800891963, 0.0656171066596274, -0.025801303346076592]
[-0.06438974006009553, -0.042946109621414194, -0.16539310646145142, 0.15599210310917688, 0.1309141089000381, -0.05169508916785744]
[-0.09641601393241439, -0.06454850922179171, -0.2478694761742939, 0.2339973382094341, 0.1962111111404488, -0.07758887498963829]
[-0.12844228780473324, -0.08615090882216922, -0.3303458458871364, 0.3120025733096914, 0.2615081133808595, -0.10348266081141914]
[-0.16046856167705212, -0.10775330842254674, -0.4128222155999789, 0.39000780840994864, 0.32680511562127024, -0.1293764466332]
[-0.19249483554937097, -0.12935570802292426, -0.49529858531282134, 0.46801304351020584, 0.3921021178616809, -0.15527023245498084]
[-0.22452110942168985, -0.15095810762330178, -0.5777749550256639, 0.5460182786104631, 0.4573991201020916, -0.1811640182767617]
[-0.25654738329400867, -0.17256050722367927, -0.6602513247385063, 0.6240235137107204, 0.5226961223425023, -0.20705780409854255]
[-0.28857365716632755, -0.1941629068240568, -0.7427276944513489, 0.7020287488109777, 0.587993124582913, -0.23295158992032342]
[-0.3205999310386464, -0.2157653064244343, -0.8252040641641913, 0.7800339839112349, 0.6532901268233238, -0.25884537574210426]
[-0.35262620491096525, -0.2373677060248118, -0.9076804338770338, 0.858039219011492, 0.7185871290637343, -0.28473916156388507]
[-0.3846524787832841, -0.25897010562518935, -0.9901568035898762, 0.9360444541117493, 0.7838841313041451, -0.31063294738566594]
[-0.416678752655603, -0.28057250522556687, -1.0726331733027188, 1.0140496892120066, 0.8491811335445558, -0.3365267332074468]
[-0.4487050265279219, -0.3021749048259444, -1.1551095430155613, 1.092054924312264, 0.9144781357849665, -0.3624205190292277]
[-0.48073130040024076, -0.3237773044263219, -1.237585912728404, 1.1700601594125213, 0.9797751380253773, -0.38831430485100854]
[-0.5127575742725595, -0.3453797040266994, -1.3200622824412462, 1.2480653945127784, 1.0450721402657879, -0.41420809067278935]
[-0.5447838481448783, -0.3669821036270769, -1.4025386521540886, 1.3260706296130356, 1.1103691425061986, -0.44010187649457017]
[-0.5768101220171973, -0.3885845032274544, -1.4850150218669314, 1.404075864713293, 1.1756661447466092, -0.4659956623163511]
[-0.6088363958895161, -0.41018690282783193, -1.5674913915797737, 1.48208109981355, 1.24096314698702, -0.4918894481381319]
[-0.640862669761835, -0.43178930242820945, -1.6499677612926162, 1.5600863349138074, 1.3062601492274308, -0.5177832339599128]
[-0.6728889436341539, -0.453391702028587, -1.7324441310054588, 1.6380915700140646, 1.3715571514678413, -0.5436770197816936]
[-0.7049152175064727, -0.47499410162896444, -1.8149205007183011, 1.7160968051143217, 1.436854153708252, -0.5695708056034744]
[-0.7369414913787916, -0.496596501229342, -1.8973968704311437, 1.794102040214579, 1.5021511559486629, -0.5954645914252553]
[-0.7689677652511104, -0.5181989008297195, -1.979873240143986, 1.8721072753148362, 1.5674481581890736, -0.6213583772470361]
[-0.8009940391234293, -0.539801300430097, -2.0623496098568284, 1.9501125104150936, 1.632745160429484, -0.6472521630688169]
[-0.8330203129957482, -0.5614037000304746, -2.144825979569671, 2.0281177455153507, 1.698042162669895, -0.6731459488905979]
[-0.865046586868067, -0.583006099630852, -2.2273023492825135, 2.106122980615608, 1.7633391649103056, -0.6990397347123787]
[-0.897072860740386, -0.6046084992312296, -2.3097787189953563, 2.1841282157158655, 1.8286361671507163, -0.7249335205341596]
[-0.9290991346127048, -0.6262108988316071, -2.3922550887081986, 2.2621334508161226, 1.893933169391127, -0.7508273063559404]