[-0.00042233065652119706, 0.00010151705486460827, -0.00044318304053714286, 4.0472071983543856e-05, 0.0002544848940475575, 0.00013478364650776342]
[0.03204240519572449, -0.018264354785801625, -0.09736730062795948, 0.09014893847043885, 0.010216327518929019, -0.05558934784935972]
[0.06450714104797017, -0.03663022662646786, -0.19429141821538182, 0.18025740486889416, 0.02017817014381048, -0.1113134793452272]
[0.09697187690021586, -0.05499609846713409, -0.2912155358028041, 0.27036587126734946, 0.03014001276869194, -0.1670376108410947]
[0.12943661275246154, -0.07336197030780033, -0.3881396533902265, 0.3604743376658048, 0.0401018553935734, -0.22276174233696217]
[0.16190134860470723, -0.09172784214846656, -0.48506377097764886, 0.4505828040642601, 0.050063698018454866, -0.27848587383282963]
[0.19436608445695291, -0.11009371398913279, -0.5819878885650711, 0.5406912704627154, 0.060025540643336324, -0.33421000532869716]
[0.2268308203091986, -0.12845958582979902, -0.6789120061524935, 0.6307997368611707, 0.06998738326821778, -0.3899341368245646]
[0.2592955561614443, -0.14682545767046526, -0.7758361237399158, 0.720908203259626, 0.07994922589309925, -0.4456582683204321]
[0.29176029201368997, -0.1651913295111315, -0.8727602413273382, 0.8110166696580813, 0.08991106851798071, -0.5013823998162996]
[0.32422502786593566, -0.18355720135179773, -0.9696843589147606, 0.9011251360565367, 0.09987291114286218, -0.557106531312167]
[0.35668976371818134, -0.20192307319246397, -1.0666084765021828, 0.9912336024549919, 0.10983475376774363, -0.6128306628080346]
[0.389154499570427, -0.22028894503313018, -1.163532594089605, 1.0813420688534472, 0.11979659639262509, -0.6685547943039021]
[0.4216192354226727, -0.23865481687379642, -1.2604567116770276, 1.1714505352519025, 0.12975843901750655, -0.7242789257997695]
[0.4540839712749184, -0.25702068871446265, -1.3573808292644498, 1.261559001650358, 0.139720281642388, -0.780003057295637]
[0.4865487071271641, -0.2753865605551289, -1.4543049468518723, 1.3516674680488132, 0.14968212426726948, -0.8357271887915044]
[0.5190134429794098, -0.2937524323957951, -1.5512290644392945, 1.4417759344472685, 0.15964396689215093, -0.891451320287372]
[0.5913867272697577, -0.29871706261785946, -1.5781190450789893, 1.5012984951616688, 0.1312127477506272, -0.997101462228872]
[0.6637600115601058, -0.3036816928399238, -1.6050090257186838, 1.5608210558760693, 0.10278152860910345, -1.102751604170372]
[0.7361332958504538, -0.30864632306198814, -1.6318990063583785, 1.6203436165904697, 0.07435030946757971, -1.2084017461118721]
[0.8085065801408018, -0.3136109532840525, -1.6587889869980732, 1.67986617730487, 0.04591909032605597, -1.314051888053372]
[0.8808798644311497, -0.3185755835061168, -1.6856789676377677, 1.7393887380192705, 0.01748787118453224, -1.4197020299948722]
[0.9532531487214978, -0.3235402137281811, -1.7125689482774624, 1.7989112987336708, -0.010943347956991506, -1.525352171936372]
[1.0256264330118459, -0.32850484395024543, -1.7394589289171571, 1.8584338594480712, -0.03937456709851525, -1.6310023138778722]
[1.0979997173021938, -0.33346947417230977, -1.7663489095568516, 1.9179564201624717, -0.067805786240039, -1.7366524558193723]
[1.1703730015925418, -0.3384341043943741, -1.7932388901965464, 1.9774789808768722, -0.09623700538156271, -1.8423025977608725]
[1.2427462858828897, -0.34339873461643844, -1.8201288708362409, 2.0370015415912723, -0.12466822452308646, -1.9479527397023724]
[1.315119570173238, -0.3483633648385028, -1.8470188514759358, 2.096524102305673, -0.15309944366461026, -2.0536028816438723]
[1.3874928544635858, -0.3533279950605671, -1.8739088321156303, 2.1560466630200734, -0.18153066280613395, -2.1592530235853724]
[1.459866138753934, -0.35829262528263145, -1.900798812755325, 2.215569223734474, -0.20996188194765775, -2.2649031655268725]
[1.532239423044282, -0.3632572555046958, -1.9276887933950195, 2.275091784448874, -0.23839310108918144, -2.3705533074683727]
[1.60461270733463, -0.36822188572676007, -1.9545787740347143, 2.3346143451632746, -0.2668243202307052, -2.476203449409873]
[1.6769859916249779, -0.37318651594882446, -1.9814687546744087, 2.3941369058776747, -0.2952555393722289, -2.5818535913513725]
[1.749359275915326, -0.37815114617088874, -2.0083587353141037, 2.4536594665920752, -0.32368675851375267, -2.687503733292873]
[1.821732560205674, -0.3831157763929531, -2.035248715953798, 2.5131820273064758, -0.35211797765527636, -2.7931538752343728]
[1.894105844496022, -0.3880804066150174, -2.0621386965934927, 2.5727045880208763, -0.38054919679680016, -2.8988040171758724]
[1.9664791287863699, -0.39304503683708175, -2.0890286772331876, 2.6322271487352764, -0.40898041593832385, -3.0044541591173726]
[2.038852413076718, -0.3980096670591461, -2.115918657872882, 2.691749709449677, -0.4374116350798476, -3.110104301058873]