[-0.00032586632468234455, 9.743462723577068e-05, -0.00045530331828658177, 0.0001424158579546031, 0.00022900973851935902, 0.0001323238640908997]
[0.007911885005310624, -0.044713581901832264, -0.05008879479494674, 0.06801901814758092, 0.09025853960017191, -0.0399825232487626]
[0.016149636335303592, -0.0895245984309003, -0.0997222862716069, 0.13589562043720724, 0.18028806946182446, -0.0800973703616161]
[0.02438738766529656, -0.13433561495996835, -0.14935577774826705, 0.20377222272683357, 0.27031759932347704, -0.1202122174744696]
[0.03262513899528953, -0.17914663148903637, -0.1989892692249272, 0.27164882501645987, 0.36034712918512957, -0.1603270645873231]
[0.0408628903252825, -0.22395764801810442, -0.24862276070158737, 0.3395254273060862, 0.45037665904678215, -0.2004419117001766]
[0.049100641655275466, -0.26876866454717246, -0.2982562521782475, 0.40740202959571253, 0.5404061889084347, -0.2405567588130301]
[0.05733839298526844, -0.31357968107624046, -0.34788974365490766, 0.47527863188533886, 0.6304357187700873, -0.2806716059258836]
[0.0655761443152614, -0.3583906976053085, -0.39752323513156784, 0.5431552341749651, 0.7204652486317398, -0.3207864530387371]
[0.07381389564525437, -0.40320171413437655, -0.447156726608228, 0.6110318364645915, 0.8104947784933924, -0.3609013001515906]
[0.08205164697524735, -0.4480127306634446, -0.49679021808488816, 0.6789084387542178, 0.9005243083550449, -0.4010161472644441]
[0.09028939830524031, -0.49282374719251265, -0.5464237095615484, 0.7467850410438442, 0.9905538382166976, -0.44113099437729764]
[0.09852714963523328, -0.5376347637215807, -0.5960572010382085, 0.8146616433334705, 1.08058336807835, -0.4812458414901511]
[0.10676490096522626, -0.5824457802506487, -0.6456906925148687, 0.8825382456230969, 1.1706128979400028, -0.5213606886030047]
[0.11500265229521922, -0.6272567967797167, -0.6953241839915287, 0.9504148479127231, 1.2606424278016553, -0.5614755357158581]
[0.12324040362521219, -0.6720678133087848, -0.744957675468189, 1.0182914502023495, 1.350671957663308, -0.6015903828287117]
[0.13147815495520515, -0.7168788298378528, -0.7945911669448491, 1.0861680524919757, 1.4407014875249602, -0.6417052299415651]
[0.13971590628519812, -0.7616898463669208, -0.8442246584215093, 1.1540446547816021, 1.5307310173866129, -0.6818200770544186]
[0.14795365761519108, -0.8065008628959889, -0.8938581498981694, 1.2219212570712283, 1.6207605472482653, -0.7219349241672721]
[0.15619140894518407, -0.8513118794250569, -0.9434916413748297, 1.2897978593608548, 1.710790077109918, -0.7620497712801256]
[0.16442916027517704, -0.896122895954125, -0.9931251328514897, 1.357674461650481, 1.8008196069715705, -0.8021646183929791]
[0.17266691160517, -0.940933912483193, -1.04275862432815, 1.4255510639401074, 1.8908491368332232, -0.8422794655058327]
[0.27132375295842853, -0.9421954887102048, -1.1115990624930046, 1.3987532098532376, 1.9572795447823554, -0.8000077348517748]
[0.36998059431168706, -0.9434570649372166, -1.1804395006578594, 1.3719553557663677, 2.0237099527314877, -0.7577360041977169]
[0.46863743566494553, -0.9447186411642283, -1.249279938822714, 1.3451575016794979, 2.0901403606806195, -0.715464273543659]
[0.5672942770182041, -0.9459802173912402, -1.318120376987569, 1.318359647592628, 2.1565707686297517, -0.6731925428896012]
[0.6659511183714626, -0.9472417936182519, -1.3869608151524235, 1.2915617935057582, 2.223001176578884, -0.6309208122355433]
[0.6737137965517737, -0.9750138704713236, -1.3860408442411079, 1.338500952325579, 2.085754172433477, -0.5663632958858938]
[0.6814764747320848, -1.0027859473243952, -1.3851208733297922, 1.3854401111453998, 1.9485071682880697, -0.5018057795362443]
[0.6892391529123959, -1.030558024177467, -1.3842009024184765, 1.4323792699652207, 1.8112601641426627, -0.4372482631865949]
[0.6970018310927071, -1.0583301010305388, -1.3832809315071608, 1.4793184287850414, 1.6740131599972554, -0.37269074683694536]
[0.7047645092730181, -1.0861021778836104, -1.3823609605958451, 1.5262575876048623, 1.5367661558518484, -0.3081332304872959]
[0.7451197395061901, -1.0407742195841387, -1.4020638844460993, 1.4499866443076004, 1.4554842427014323, -0.2756092210171523]
[0.7854749697393621, -0.9954462612846672, -1.4217668082963535, 1.3737157010103385, 1.374202329551016, -0.24308521154700868]
[0.8258301999725342, -0.9501183029851956, -1.4414697321466075, 1.2974447577130765, 1.2929204164005998, -0.2105612020768651]
[0.8661854302057062, -0.904790344685724, -1.4611726559968616, 1.2211738144158146, 1.2116385032501835, -0.1780371926067215]
[0.9065406604388783, -0.8594623863862523, -1.4808755798471158, 1.144902871118553, 1.1303565900997674, -0.14551318313657788]
[0.9468958906720502, -0.8141344280867807, -1.50057850369737, 1.068631927821291, 1.0490746769493513, -0.1129891736664343]
[0.9872511209052223, -0.768806469787309, -1.5202814275476242, 0.992360984524029, 0.967792763798935, -0.08046516419629066]
[1.0276063511383942, -0.7234785114878375, -1.5399843513978781, 0.9160900412267672, 0.8865108506485189, -0.04794115472614707]
[1.0679615813715664, -0.6781505531883658, -1.5596872752481323, 0.8398190979295053, 0.8052289374981026, -0.015417145256003462]
[1.1083168116047384, -0.6328225948888941, -1.5793901990983865, 0.7635481546322433, 0.7239470243476864, 0.01710686421414015]
[1.1486720418379104, -0.5874946365894225, -1.5990931229486407, 0.6872772113349814, 0.6426651111972702, 0.04963087368428376]
[1.1890272720710824, -0.542166678289951, -1.6187960467988947, 0.6110062680377196, 0.5613831980468541, 0.08215488315442732]
[1.2293825023042544, -0.49683871999047935, -1.6384989706491488, 0.5347353247404577, 0.4801012848964379, 0.11467889262457093]
[1.2697377325374264, -0.4515107616910077, -1.658201894499403, 0.4584643814431957, 0.39881937174602156, 0.1472029020947146]
[1.3100929627705984, -0.406182803391536, -1.6779048183496572, 0.38219343814593376, 0.31753745859560545, 0.1797269115648582]
[1.3504481930037704, -0.36085484509206445, -1.6976077421999112, 0.30592249484867207, 0.23625554544518934, 0.21225092103500176]
[1.3908034232369424, -0.3155268867925929, -1.7173106660501654, 0.22965155155141015, 0.15497363229477323, 0.24477493050514532]
[1.4311586534701144, -0.27019892849312116, -1.7370135899004195, 0.15338060825414826, 0.07369171914435699, 0.277298939975289]