[-0.00038903181648386465, 0.00015403377866718415, -0.0004529430051922745, -1.7722944786413564e-05, 0.00032826938174501663, 0.00013262039241634938]
[0.005195820681173452, -0.037427082368627504, -0.09166808462885406, -0.016467347971141858, 0.05848868437763255, 0.07972651666650342]
[0.010780673178830769, -0.07500819851592219, -0.18288322625251585, -0.0329169729974973, 0.11664909937352008, 0.1593204129405905]
[0.016365525676488087, -0.1125893146632169, -0.27409836787617764, -0.04936659802385275, 0.17480951436940761, 0.23891430921467757]
[0.021950378174145403, -0.15017043081051157, -0.36531350949983943, -0.06581622305020819, 0.23296992936529515, 0.31850820548876463]
[0.027535230671802722, -0.1877515469578063, -0.4565286511235012, -0.08226584807656365, 0.2911303443611827, 0.3981021017628517]
[0.03312008316946004, -0.22533266310510097, -0.547743792747163, -0.09871547310291909, 0.3492907593570702, 0.4776959980369388]
[0.03870493566711736, -0.2629137792523957, -0.6389589343708248, -0.11516509812927454, 0.40745117435295775, 0.5572898943110259]
[0.04428978816477467, -0.3004948953996903, -0.7301740759944866, -0.13161472315562997, 0.4656115893488453, 0.6368837905851129]
[0.04987464066243199, -0.3380760115469851, -0.8213892176181483, -0.14806434818198544, 0.5237720043447328, 0.7164776868592]
[0.05545949316008931, -0.3756571276942798, -0.9126043592418102, -0.16451397320834088, 0.5819324193406203, 0.7960715831332871]
[0.06104434565774662, -0.4132382438415744, -1.003819500865472, -0.18096359823469632, 0.6400928343365079, 0.8756654794073742]
[0.06662919815540394, -0.45081935998886913, -1.0950346424891337, -0.19741322326105176, 0.6982532493323954, 0.9552593756814612]
[0.20471096152859258, -0.46743606864165305, -1.1923494416778937, -0.19649679557380587, 0.7063520691825551, 0.913807261754665]
[0.34279272490178125, -0.48405277729443696, -1.2896642408666537, -0.19558036788656, 0.7144508890327148, 0.8723551478278687]
[0.4808744882749698, -0.5006694859472208, -1.3869790400554134, -0.1946639401993141, 0.7225497088828746, 0.8309030339010725]
[0.6189562516481585, -0.5172861946000047, -1.4842938392441734, -0.19374751251206823, 0.7306485287330343, 0.7894509199742762]
[0.7570380150213472, -0.5339029032527887, -1.5816086384329333, -0.19283108482482234, 0.738747348583194, 0.7479988060474799]
[0.8951197783945357, -0.5505196119055725, -1.6789234376216933, -0.19191465713757644, 0.7468461684333538, 0.7065466921206837]
[1.0332015417677245, -0.5671363205583565, -1.7762382368104532, -0.19099822945033057, 0.7549449882835135, 0.6650945781938874]
[1.171283305140913, -0.5837530292111404, -1.8735530359992132, -0.19008180176308467, 0.7630438081336732, 0.6236424642670911]
[1.2814227847978161, -0.565841235858045, -1.877492324150975, -0.1754248952719042, 0.7206826856134886, 0.5219713497256147]
[1.3915622644547192, -0.5479294425049498, -1.8814316123027366, -0.1607679887807237, 0.6783215630933038, 0.42030023518413817]
[1.501701744111622, -0.5300176491518545, -1.8853709004544983, -0.14611108228954323, 0.6359604405731192, 0.3186291206426617]
[1.6118412237685251, -0.5121058557987592, -1.88931018860626, -0.13145417579836274, 0.5935993180529344, 0.2169580061011852]
[1.7219807034254282, -0.4941940624456639, -1.8932494767580217, -0.11679726930718226, 0.5512381955327498, 0.11528689155970877]