[-0.00037870036385534434, 0.00013878548587520356, -0.0004219323587131285, -3.122371231434329e-05, 0.00031881197866212574, 9.599027561257856e-05]
[-0.0655960080000017, -0.037759408902608156, -0.04743520949194777, -0.08685161469575454, 0.050934963860852236, 0.012991112957194876]
[-0.13081331563614806, -0.07565760329109152, -0.09444848662518242, -0.17367200567919475, 0.10155111574304235, 0.025886235638777174]
[-0.19603062327229442, -0.11355579767957488, -0.14146176375841707, -0.26049239666263496, 0.15216726762523244, 0.03878135832035947]
[-0.2612479309084408, -0.15145399206805824, -0.1884750408916517, -0.34731278764607515, 0.20278341950742257, 0.05167648100194177]
[-0.32646523854458714, -0.1893521864565416, -0.23548831802488637, -0.43413317862951534, 0.25339957138961267, 0.06457160368352408]
[-0.3916825461807335, -0.22725038084502497, -0.282501595158121, -0.5209535696129556, 0.30401572327180276, 0.07746672636510636]
[-0.45689985381687986, -0.2651485752335083, -0.3295148722913557, -0.6077739605963958, 0.35463187515399286, 0.09036184904668866]
[-0.5221171614530262, -0.3030467696219917, -0.3765281494245903, -0.694594351579836, 0.405248027036183, 0.10325697172827096]
[-0.5873344690891726, -0.3409449640104751, -0.423541426557825, -0.7814147425632763, 0.45586417891837316, 0.11615209440985327]
[-0.6525517767253189, -0.3788431583989584, -0.4705547036910596, -0.8682351335467163, 0.5064803308005632, 0.12904721709143557]
[-0.7177690843614654, -0.4167413527874418, -0.5175679808242942, -0.9550555245301566, 0.5570964826827534, 0.14194233977301787]
[-0.7829863919976117, -0.45463954717592514, -0.5645812579575289, -1.0418759155135968, 0.6077126345649434, 0.15483746245460014]
[-0.8482036996337581, -0.4925377415644085, -0.6115945350907636, -1.128696306497037, 0.6583287864471336, 0.16773258513618247]
[-0.9134210072699044, -0.5304359359528918, -0.6586078122239982, -1.2155166974804772, 0.7089449383293236, 0.18062770781776474]
[-0.9786383149060508, -0.5683341303413753, -0.7056210893572329, -1.3023370884639174, 0.7595610902115137, 0.19352283049934707]
[-1.043855622542197, -0.6062323247298586, -0.7526343664904674, -1.3891574794473576, 0.8101772420937039, 0.20641795318092934]
[-1.1090729301783433, -0.6441305191183418, -0.7996476436237021, -1.4759778704307978, 0.8607933939758939, 0.21931307586251164]
[-1.17429023781449, -0.6820287135068254, -0.8466609207569369, -1.5627982614142382, 0.9114095458580842, 0.23220819854409397]
[-1.2395075454506361, -0.7199269078953087, -0.8936741978901714, -1.6496186523976781, 0.9620256977402742, 0.24510332122567627]
[-1.3047248530867825, -0.757825102283792, -0.9406874750234061, -1.7364390433811183, 1.0126418496224643, 0.25799844390725857]
[-1.3699421607229287, -0.7957232966722754, -0.9877007521566407, -1.8232594343645585, 1.0632580015046544, 0.27089356658884084]
[-1.4351594683590754, -0.8336214910607588, -1.0347140292898753, -1.910079825347999, 1.1138741533868446, 0.28378868927042317]
[-1.5003767759952216, -0.8715196854492421, -1.08172730642311, -1.996900216331439, 1.1644903052690347, 0.29668381195200544]
[-1.565594083631368, -0.9094178798377255, -1.1287405835563447, -2.0837206073148793, 1.2151064571512247, 0.3095789346335877]
[-1.6308113912675142, -0.9473160742262088, -1.1757538606895792, -2.1705409982983195, 1.2657226090334148, 0.32247405731517004]
[-1.6960286989036608, -0.9852142686146922, -1.222767137822814, -2.2573613892817597, 1.316338760915605, 0.33536917999675236]
[-1.761246006539807, -1.0231124630031756, -1.2697804149560485, -2.3441817802652, 1.3669549127977951, 0.34826430267833464]
[-1.8264633141759534, -1.061010657391659, -1.3167936920892833, -2.43100217124864, 1.417571064679985, 0.3611594253599169]
[-1.8916806218120996, -1.0989088517801422, -1.3638069692225179, -2.5178225622320802, 1.4681872165621752, 0.37405454804149924]
[-1.9568979294482463, -1.1368070461686257, -1.4108202463557526, -2.6046429532155204, 1.5188033684443654, 0.38694967072308156]
[-2.0221152370843924, -1.174705240557109, -1.4578335234889872, -2.6914633441989606, 1.5694195203265555, 0.39984479340466383]