[-0.00041346264641095587, 8.372954793856024e-05, -0.00038928822807626773, 7.16267620326505e-05, 0.00022931916467427982, 5.897167189150565e-05]
[-0.035287320975053674, -0.023733968223810614, -0.0873421035732924, -0.02431451701879303, -0.042946875686419986, 0.09290979601530096]
[-0.07016117930369639, -0.04755166599555979, -0.17429491891850854, -0.04870066079961871, -0.08612307053751425, 0.1857606203587104]
[-0.10503503763233912, -0.07136936376730897, -0.26124773426372466, -0.07308680458044439, -0.12929926538860853, 0.27861144470211985]
[-0.13990889596098183, -0.09518706153905813, -0.3482005496089408, -0.09747294836127007, -0.17247546023970278, 0.3714622690455293]
[-0.17478275428962456, -0.11900475931080731, -0.43515336495415696, -0.12185909214209577, -0.21565165509079706, 0.4643130933889388]
[-0.2096566126182673, -0.1428224570825565, -0.5221061802993731, -0.14624523592292143, -0.25882784994189134, 0.5571639177323482]
[-0.24453047094691, -0.16664015485430567, -0.6090589956445892, -0.17063137970374712, -0.3020040447929856, 0.6500147420757577]
[-0.2794043292755527, -0.19045785262605483, -0.6960118109898054, -0.1950175234845728, -0.34518023964407984, 0.7428655664191671]
[-0.31427818760419546, -0.21427555039780402, -0.7829646263350215, -0.2194036672653985, -0.3883564344951741, 0.8357163907625766]
[-0.34915204593283816, -0.23809324816955318, -0.8699174416802377, -0.2437898110462242, -0.4315326293462684, 0.928567215105986]
[-0.38402590426148087, -0.2619109459413024, -0.9568702570254538, -0.26817595482704987, -0.47470882419736266, 1.0214180394493955]
[-0.4188997625901236, -0.28572864371305157, -1.0438230723706698, -0.2925620986078755, -0.517885019048457, 1.1142688637928049]
[-0.45377362091876633, -0.3095463414848007, -1.130775887715886, -0.31694824238870123, -0.5610612138995512, 1.2071196881362145]
[-0.48864747924740903, -0.3333640392565499, -1.2177287030611021, -0.3413343861695269, -0.6042374087506455, 1.299970512479624]
[-0.5235213375760518, -0.3571817370282991, -1.3046815184063185, -0.36572052995035265, -0.6474136036017397, 1.3928213368230336]
[-0.5583951959046944, -0.3809994348000482, -1.3916343337515344, -0.39010667373117824, -0.690589798452834, 1.4856721611664427]
[-0.5932690542333373, -0.40481713257179747, -1.4785871490967508, -0.414492817512004, -0.7337659933039283, 1.5785229855098524]
[-0.62814291256198, -0.4286348303435466, -1.5655399644419667, -0.43887896129282966, -0.7769421881550225, 1.6713738098532618]
[-0.6630167708906227, -0.4524525281152958, -1.652492779787183, -0.46326510507365537, -0.8201183830061168, 1.7642246341966712]
[-0.6978906292192654, -0.47627022588704493, -1.739445595132399, -0.487651248854481, -0.8632945778572111, 1.8570754585400806]
[-0.7327644875479081, -0.5000879236587942, -1.8263984104776152, -0.5120373926353067, -0.9064707727083053, 1.9499262828834902]
[-0.7676383458765508, -0.5239056214305433, -1.9133512258228313, -0.5364235364161324, -0.9496469675593996, 2.0427771072268994]
[-0.8025122042051935, -0.5477233192022926, -2.0003040411680475, -0.5608096801969581, -0.9928231624104938, 2.1356279315703093]
[-0.8373860625338363, -0.5715410169740417, -2.0872568565132634, -0.5851958239777837, -1.0359993572615882, 2.2284787559137182]
[-0.872259920862479, -0.5953587147457908, -2.17420967185848, -0.6095819677586094, -1.0791755521126825, 2.321329580257128]
[-0.9071337791911217, -0.61917641251754, -2.2611624872036957, -0.6339681115394351, -1.1223517469637767, 2.4141804046005375]
[-0.9420076375197645, -0.6429941102892892, -2.348115302548912, -0.6583542553202608, -1.165527941814871, 2.507031228943947]