[-0.00025488580887778056, 7.786288946043385e-05, -0.0003030899949481025, 3.357152684646536e-05, 0.00031585188827421007, 2.6039064462857198e-05]
[-0.03202067502784635, -0.004725235557250119, -0.11922244270041414, 0.08907778656463967, -0.019140000331575317, 0.030488301640892942]
[-0.06378646424681492, -0.009528334003960671, -0.23814179540588018, 0.17812200160243288, -0.03859585255142484, 0.060950564217323026]
[-0.09555225346578347, -0.014331432450671224, -0.3570611481113462, 0.26716621664022605, -0.058051704771274366, 0.09141282679375311]
[-0.12731804268475205, -0.019134530897381777, -0.47598050081681226, 0.3562104316780193, -0.0775075569911239, 0.1218750893701832]
[-0.1590838319037206, -0.02393762934409233, -0.5948998535222783, 0.4452546467158125, -0.09696340921097342, 0.15233735194661327]
[-0.19084962112268916, -0.028740727790802882, -0.7138192062277443, 0.5342988617536056, -0.11641926143082294, 0.18279961452304336]
[-0.22261541034165772, -0.03354382623751343, -0.8327385589332102, 0.6233430767913989, -0.13587511365067245, 0.21326187709947342]
[-0.2543811995606263, -0.03834692468422399, -0.9516579116386764, 0.7123872918291921, -0.155330965870522, 0.24372413967590353]
[-0.2861469887795949, -0.043150023130934544, -1.0705772643441425, 0.8014315068669854, -0.17478681809037153, 0.2741864022523336]
[-0.31791277799856343, -0.04795312157764509, -1.1894966170496084, 0.8904757219047785, -0.19424267031022105, 0.3046486648287637]
[-0.2232233511953427, -0.04588437515793045, -1.2597655224013131, 0.821875405970364, -0.1510051566384798, 0.31882373403490516]
[-0.12853392439212194, -0.04381562873821581, -1.3300344277530176, 0.7532750900359496, -0.10776764296673855, 0.3329988032410467]
[-0.03384449758890118, -0.04174688231850117, -1.4003033331047223, 0.6846747741015351, -0.0645301292949973, 0.34717387244718817]
[0.060844929214319554, -0.03967813589878653, -1.4705722384564268, 0.6160744581671207, -0.021292615623256045, 0.36134894165332965]
[0.15553435601754034, -0.037609389479071886, -1.5408411438081315, 0.5474741422327061, 0.021944898048485234, 0.3755240108594712]
[0.2502237828207611, -0.035540643059357245, -1.611110049159836, 0.47887382629829167, 0.06518241172022646, 0.38969908006561266]
[0.34491320962398186, -0.033471896639642604, -1.6813789545115407, 0.41027351036387716, 0.10841992539196774, 0.40387414927175413]
[0.43960263642720254, -0.03140315021992796, -1.7516478598632452, 0.34167319442946276, 0.15165743906370896, 0.41804921847789567]
[0.5342920632304234, -0.02933440380021332, -1.82191676521495, 0.27307287849504813, 0.1948949527354503, 0.4322242876840372]
[0.6289814900336441, -0.02726565738049868, -1.8921856705666547, 0.20447256256063373, 0.23813246640719152, 0.4463993568901786]
[0.7236709168368648, -0.02519691096078404, -1.9624545759183591, 0.13587224662621922, 0.28136998007893277, 0.46057442609632016]
[0.8183603436400856, -0.023128164541069397, -2.0327234812700636, 0.06727193069180482, 0.324607493750674, 0.47474949530246163]
[0.9130497704433064, -0.021059418121354756, -2.1029923866217684, -0.0013283852426098086, 0.3678450074224153, 0.48892456450860317]
[1.0077391972465273, -0.018990671701640115, -2.173261291973473, -0.06992870117702427, 0.41108252109415655, 0.5030996337147446]
[1.1039512504354336, -0.01760551395824607, -2.1969894191817927, -0.19119494325710562, 0.462958747936568, 0.5175471915526745]
[1.2001633036243398, -0.01622035621485202, -2.2207175463901123, -0.312461185337187, 0.5148349747789794, 0.5319947493906042]
[1.2963753568132461, -0.014835198471457974, -2.244445673598432, -0.43372742741726833, 0.5667112016213909, 0.546442307228534]
[1.374967666879741, -0.013035627330361054, -2.2640031572920245, -0.5341390997414421, 0.6094035202409518, 0.558734747158139]
[1.453559976946236, -0.011236056189264133, -2.283560640985617, -0.6345507720656158, 0.6520958388605128, 0.5710271870877438]
[1.521825799067626, 0.0011159956489931854, -2.3038695596919796, -0.7417867409123842, 0.6939283868310817, 0.5890833329714424]
[1.5900916211890164, 0.013468047487250504, -2.3241784783983426, -0.8490227097591526, 0.7357609348016505, 0.6071394788551412]
[1.6583574433104067, 0.02582009932550782, -2.3444873971047056, -0.9562586786059211, 0.7775934827722193, 0.6251956247388398]
[1.7266232654317968, 0.03817215116376514, -2.364796315811068, -1.0634946474526894, 0.8194260307427882, 0.6432517706225385]