[-0.0004277449284897372, 0.000265709602217612, -0.00038785252929685043, 0.00011480718727607808, 0.0002262941419317599, -3.159434360888724e-05]
[-0.06456262670394262, -0.012959485424135048, -0.08185582018254177, 0.026452977080720922, -0.031486554046025364, -0.09148755315822092]
[-0.1286975084793955, -0.026184680450487708, -0.1633237878357867, 0.052791146974165766, -0.06319940223398249, -0.18294351197283296]
[-0.19283239025484844, -0.03940987547684037, -0.2447917554890316, 0.07912931686761061, -0.09491225042193963, -0.274399470787445]
[-0.2569672720303013, -0.05263507050319303, -0.3262597231422765, 0.10546748676105545, -0.12662509860989674, -0.365855429602057]
[-0.32110215380575424, -0.06586026552954569, -0.4077276907955214, 0.1318056566545003, -0.15833794679785387, -0.4573113884166691]
[-0.38523703558120714, -0.07908546055589835, -0.48919565844876634, 0.15814382654794515, -0.190050794985811, -0.5487673472312811]
[-0.44937191735666, -0.092310655582251, -0.5706636261020113, 0.18448199644139, -0.22176364317376812, -0.6402233060458931]
[-0.5135067991321128, -0.10553585060860367, -0.6521315937552562, 0.21082016633483483, -0.25347649136172523, -0.7316792648605052]
[-0.5776416809075658, -0.11876104563495633, -0.733599561408501, 0.23715833622827967, -0.2851893395496824, -0.8231352236751172]
[-0.6417765626830187, -0.13198624066130898, -0.815067529061746, 0.26349650612172454, -0.3169021877376395, -0.9145911824897293]
[-0.7059114444584716, -0.14521143568766165, -0.8965354967149909, 0.2898346760151694, -0.3486150359255967, -1.0060471413043413]
[-0.7700463262339245, -0.15843663071401431, -0.9780034643682358, 0.3161728459086142, -0.3803278841135538, -1.0975031001189532]
[-0.8341812080093773, -0.17166182574036695, -1.0594714320214806, 0.342511015802059, -0.41204073230151084, -1.1889590589335652]
[-0.8983160897848302, -0.18488702076671962, -1.1409393996747257, 0.3688491856955039, -0.443753580489468, -1.2804150177481772]
[-0.9624509715602831, -0.19811221579307228, -1.2224073673279705, 0.39518735558894874, -0.4754664286774251, -1.3718709765627892]
[-1.026585853335736, -0.21133741081942495, -1.3038753349812156, 0.4215255254823936, -0.5071792768653822, -1.4633269353774014]
[-1.090720735111189, -0.2245626058457776, -1.3853433026344604, 0.4478636953758384, -0.5388921250533394, -1.5547828941920134]
[-1.154855616886642, -0.23778780087213028, -1.4668112702877052, 0.47420186526928326, -0.5706049732412966, -1.6462388530066254]
[-1.2189904986620947, -0.2510129958984829, -1.5482792379409502, 0.5005400351627282, -0.6023178214292536, -1.7376948118212376]
[-1.2831253804375478, -0.2642381909248356, -1.629747205594195, 0.526878205056173, -0.6340306696172108, -1.8291507706358496]
[-1.3472602622130005, -0.27746338595118825, -1.71121517324744, 0.5532163749496178, -0.6657435178051679, -1.9206067294504616]
[-1.4113951439884536, -0.2906885809775409, -1.792683140900685, 0.5795545448430627, -0.6974563659931251, -2.0120626882650736]
[-1.4755300257639063, -0.3039137760038936, -1.87415110855393, 0.6058927147365075, -0.7291692141810822, -2.1035186470796856]
[-1.5396649075393594, -0.31713897103024624, -1.9556190762071748, 0.6322308846299524, -0.7608820623690393, -2.1949746058942976]
[-1.6037997893148122, -0.3303641660565989, -2.03708704386042, 0.6585690545233972, -0.7925949105569965, -2.28643056470891]
[-1.667934671090265, -0.3435893610829515, -2.1185550115136644, 0.6849072244168419, -0.8243077587449534, -2.3778865235235216]
[-1.7320695528657177, -0.3568145561093042, -2.2000229791669095, 0.7112453943102868, -0.8560206069329106, -2.4693424823381336]
[-1.7962044346411707, -0.37003975113565685, -2.2814909468201545, 0.7375835642037317, -0.8877334551208678, -2.5607984411527456]
[-1.8603393164166235, -0.3832649461620095, -2.362958914473399, 0.7639217340971766, -0.9194463033088248, -2.6522543999673576]
[-1.9244741981920765, -0.3964901411883622, -2.444426882126644, 0.7902599039906214, -0.951159151496782, -2.7437103587819696]
[-1.9886090799675293, -0.40971533621471484, -2.525894849779889, 0.8165980738840662, -0.9828719996847392, -2.835166317596582]
[-2.052743961742982, -0.4229405312410675, -2.6073628174331342, 0.8429362437775111, -1.0145848478726962, -2.926622276411194]
[-2.1168788435184354, -0.4361657262674202, -2.688830785086379, 0.8692744136709559, -1.0462976960606534, -3.018078235225806]
[-2.181013725293888, -0.44939092129377284, -2.770298752739624, 0.8956125835644008, -1.0780105442486105, -3.109534194040418]