[-0.0003900844613236032, 9.499409672031334e-05, -0.0003506451465185023, 2.7696363818385805e-05, 0.0003301730789466717, 4.8521075508567435e-05]
[0.039376285975170254, -0.031229677006564746, -0.0739269499563519, -0.08469879294334198, 0.05197942999203434, 0.020923361973278234]
[0.07914265641166411, -0.0625543481098498, -0.1475032547661853, -0.16942528225050235, 0.103628686905122, 0.0417982028710479]
[0.11890902684815796, -0.09387901921313486, -0.22107955957601874, -0.2541517715576627, 0.15527794381820967, 0.06267304376881756]
[0.15867539728465183, -0.12520369031641992, -0.2946558643858521, -0.3388782608648231, 0.20692720073129733, 0.08354788466658723]
[0.19844176772114566, -0.156528361419705, -0.3682321691956855, -0.42360475017198346, 0.25857645764438497, 0.1044227255643569]
[0.23820813815763953, -0.18785303252299004, -0.441808474005519, -0.5083312394791438, 0.31022571455747266, 0.12529756646212656]
[0.27797450859413336, -0.21917770362627512, -0.5153847788153524, -0.5930577287863043, 0.3618749714705603, 0.14617240735989623]
[0.31774087903062725, -0.25050237472956016, -0.5889610836251857, -0.6777842180934646, 0.413524228383648, 0.1670472482576659]
[0.3575072494671211, -0.28182704583284524, -0.6625373884350192, -0.762510707400625, 0.46517348529673563, 0.18792208915543557]
[0.3972736199036149, -0.3131517169361303, -0.7361136932448525, -0.8472371967077853, 0.5168227422098233, 0.20879693005320524]
[0.4370399903401088, -0.3444763880394154, -0.8096899980546861, -0.9319636860149458, 0.568471999122911, 0.22967177095097493]
[0.47680636077660266, -0.3758010591427004, -0.8832663028645195, -1.016690175322106, 0.6201212560359987, 0.25054661184874455]
[0.5165727312130965, -0.4071257302459855, -0.9568426076743529, -1.1014166646292665, 0.6717705129490864, 0.27142145274651425]
[0.5563391016495903, -0.43845040134927055, -1.0304189124841863, -1.1861431539364269, 0.7234197698621739, 0.2922962936442839]
[0.5961054720860842, -0.4697750724525556, -1.1039952172940197, -1.2708696432435873, 0.7750690267752617, 0.3131711345420536]
[0.6358718425225781, -0.5010997435558406, -1.177571522103853, -1.3555961325507475, 0.8267182836883493, 0.33404597543982323]
[0.675638212959072, -0.5324244146591257, -1.2511478269136864, -1.440322621857908, 0.8783675406014371, 0.3549208163375929]
[0.7154045833955658, -0.5637490857624108, -1.3247241317235199, -1.5250491111650684, 0.9300167975145246, 0.37579565723536257]
[0.7551709538320597, -0.5950737568656959, -1.3983004365333533, -1.6097756004722288, 0.9816660544276123, 0.39667049813313227]
[0.8009826387657146, -0.5909754735234165, -1.4218357917018527, -1.6709259984318257, 0.9250219852979645, 0.5097300355240144]
[0.8467943236993696, -0.5868771901811372, -1.4453711468703523, -1.7320763963914225, 0.8683779161683167, 0.6227895729148966]
[0.8926060086330246, -0.5827789068388578, -1.4689065020388516, -1.7932267943510194, 0.811733847038669, 0.7358491103057787]
[0.9384176935666796, -0.5786806234965785, -1.492441857207351, -1.8543771923106163, 0.7550897779090212, 0.8489086476966609]
[0.9842293785003345, -0.5745823401542991, -1.5159772123758506, -1.9155275902702131, 0.6984457087793734, 0.961968185087543]
[1.0300410634339896, -0.5704840568120197, -1.53951256754435, -1.97667798822981, 0.6418016396497257, 1.075027722478425]
[1.0758527483676446, -0.5663857734697404, -1.5630479227128493, -2.037828386189407, 0.5851575705200778, 1.1880872598693073]
[1.1216644333012995, -0.562287490127461, -1.5865832778813487, -2.0989787841490037, 0.5285135013904301, 1.3011467972601896]
[1.1674761182349545, -0.5581892067851817, -1.6101186330498483, -2.1601291821086006, 0.47186943226078226, 1.4142063346510718]
[1.2132878031686094, -0.5540909234429023, -1.6336539882183476, -2.2212795800681975, 0.41522536313113445, 1.5272658720419536]
[1.2590994881022644, -0.549992640100623, -1.657189343386847, -2.2824299780277943, 0.35858129400148675, 1.640325409432836]
[1.3049111730359195, -0.5458943567583436, -1.6807246985553466, -2.3435803759873908, 0.30193722487183894, 1.7533849468237181]
[1.3507228579695743, -0.5417960734160643, -1.704260053723846, -2.4047307739469876, 0.24529315574219124, 1.8664444842146]
[1.3965345429032294, -0.5376977900737849, -1.7277954088923453, -2.4658811719065845, 0.18864908661254332, 1.9795040216054822]
[1.4423462278368844, -0.5335995067315056, -1.7513307640608446, -2.527031569866182, 0.13200501748289561, 2.0925635589963645]
[1.4881579127705393, -0.5295012233892262, -1.774866119229344, -2.5881819678257783, 0.0753609483532478, 2.2056230963872467]
[1.5339695977041945, -0.5254029400469469, -1.7984014743978436, -2.6493323657853756, 0.01871687922359999, 2.318682633778129]
[1.5797812826378492, -0.5213046567046675, -1.821936829566343, -2.710482763744972, -0.03792718990604782, 2.4317421711690113]
[1.6255929675715042, -0.5172063733623882, -1.8454721847348425, -2.771633161704569, -0.09457125903569552, 2.544801708559893]
[1.6714046525051591, -0.5131080900201088, -1.869007539903342, -2.8327835596641657, -0.15121532816534344, 2.6578612459507753]
[1.7172163374388143, -0.5090098066778295, -1.8925428950718413, -2.8939339576237626, -0.20785939729499114, 2.7709207833416576]
[1.7630280223724693, -0.5049115233355501, -1.9160782502403406, -2.9550843555833595, -0.26450346642463884, 2.8839803207325394]
[1.8088397073061242, -0.5008132399932708, -1.9396136054088402, -3.0162347535429563, -0.32114753555428677, 2.9970398581234217]
[1.8546513922397792, -0.4967149566509914, -1.9631489605773396, -3.077385151502553, -0.3777916046839345, 3.110099395514304]