[-0.0003772564323343275, 0.00016830500034714646, -0.0003527242554612897, 0.00011794709435797301, 0.0003233516138463344, 0.00015302891716117983]
[0.0025885354721913974, -0.04401763261191717, -0.05523683137933561, 0.08345992772818263, -0.04610399988027795, 0.0690621653004378]
[0.005554327376717122, -0.08820357022418149, -0.11012093850320993, 0.16680190836200728, -0.09253135137440223, 0.1379713016837144]
[0.008520119281242848, -0.13238950783644582, -0.16500504562708426, 0.25014388899583195, -0.13895870286852652, 0.20688043806699102]
[0.011485911185768572, -0.17657544544871012, -0.21988915275095858, 0.3334858696296566, -0.1853860543626508, 0.27578957445026764]
[0.0144517030902943, -0.22076138306097448, -0.2747732598748329, 0.4168278502634813, -0.2318134058567751, 0.34469871083354425]
[0.017417494994820024, -0.2649473206732388, -0.32965736699870724, 0.5001698308973059, -0.27824075735089937, 0.41360784721682087]
[0.02038328689934575, -0.30913325828550314, -0.3845414741225816, 0.5835118115311306, -0.3246681088450237, 0.48251698360009754]
[0.02334907880387147, -0.3533191958977674, -0.43942558124645587, 0.6668537921649552, -0.3710954603391479, 0.5514261199833741]
[0.0263148707083972, -0.39750513351003175, -0.4943096883703302, 0.7501957727987799, -0.4175228118332722, 0.6203352563666507]
[0.029280662612922927, -0.4416910711222961, -0.5491937954942046, 0.8335377534326046, -0.4639501633273965, 0.6892443927499273]
[0.03224645451744865, -0.48587700873456036, -0.6040779026180788, 0.9168797340664292, -0.5103775148215207, 0.7581535291332039]
[0.035212246421974375, -0.5300629463468247, -0.6589620097419532, 1.000221714700254, -0.5568048663156451, 0.8270626655164806]
[0.1117530660402626, -0.5450389131408137, -0.7082200100527005, 0.9891904956302412, -0.4979810278823155, 0.7497168073854023]
[0.18829388565855082, -0.5600148799348026, -0.7574780103634479, 0.9781592765602285, -0.43915718944898596, 0.672370949254324]
[0.26483470527683906, -0.5749908467287916, -0.8067360106741952, 0.9671280574902159, -0.38033335101565635, 0.5950250911232456]
[0.34137552489512724, -0.5899668135227806, -0.8559940109849427, 0.9560968384202032, -0.32150951258232685, 0.5176792329921673]
[0.4179163445134154, -0.6049427803167695, -0.90525201129569, 0.9450656193501905, -0.26268567414899724, 0.440333374861089]
[0.4944571641317037, -0.6199187471107585, -0.9545100116064373, 0.9340344002801778, -0.20386183571566768, 0.3629875167300107]
[0.5709979837499919, -0.6348947139047474, -1.0037680119171846, 0.9230031812101652, -0.14503799728233818, 0.2856416585989324]
[0.6475388033682802, -0.6498706806987363, -1.053026012227932, 0.9119719621401525, -0.08621415884900857, 0.208295800467854]
[0.7240796229865684, -0.6648466474927253, -1.1022840125386795, 0.9009407430701398, -0.027390320415679015, 0.1309499423367757]
[0.8006204426048565, -0.6798226142867143, -1.151542012849427, 0.8899095240001271, 0.0314335180176506, 0.0536040842056974]
[0.8771612622231447, -0.6947985810807032, -1.2008000131601742, 0.8788783049301145, 0.0902573564509801, -0.023741773925380905]
[0.953702081841433, -0.7097745478746922, -1.2500580134709214, 0.8678470858601018, 0.1490811948843097, -0.10108763205645921]
[1.0302429014597212, -0.7247505146686811, -1.2993160137816688, 0.8568158667900891, 0.2079050333176392, -0.17843349018753762]
[1.0868005723375227, -0.7259307744879427, -1.3237044767854358, 0.8296722340848645, 0.2624101507332932, -0.25188618934444534]
[1.1433582432153242, -0.7271110343072043, -1.3480929397892027, 0.8025286013796398, 0.3169152681489472, -0.32533888850135306]
[1.1999159140931257, -0.7282912941264659, -1.37248140279297, 0.7753849686744151, 0.37142038556460116, -0.3987915876582607]
[1.2564735849709272, -0.7294715539457275, -1.3968698657967369, 0.7482413359691904, 0.42592550298025517, -0.47224428681516845]