[-0.00039027621690745917, 9.316592678487723e-05, -0.00044579326874494285, 0.0001465853261102268, 0.00029006653891094913, 0.00011364235666100342]
[-0.028800886569368217, 0.0018658904072621756, -0.09234817320255898, -0.049056599220913724, 0.0650646445405853, 0.030949632052643596]
[-0.057211496921828975, 0.003638614887739474, -0.184250553136373, -0.09825978376793768, 0.12983922254225966, 0.06178562174862619]
[-0.08562210727428973, 0.005411339368216772, -0.27615293307018707, -0.14746296831496164, 0.194613800543934, 0.09262161144460879]
[-0.11403271762675049, 0.007184063848694071, -0.3680553130040011, -0.19666615286198558, 0.25938837854560837, 0.12345760114059137]
[-0.14244332797921125, 0.00895678832917137, -0.4599576929378152, -0.24586933740900957, 0.3241629565472827, 0.15429359083657398]
[-0.170853938331672, 0.010729512809648668, -0.5518600728716292, -0.2950725219560335, 0.3889375345489571, 0.18512958053255657]
[-0.09293906579034993, -0.006898528052354778, -0.6616070335044804, -0.3380885108650813, 0.42814939501167587, 0.2054192252393144]
[-0.015024193249027845, -0.024526568914358223, -0.7713539941373315, -0.3811044997741291, 0.46736125547439467, 0.22570886994607225]
[0.06289067929229425, -0.042154609776361665, -0.8811009547701827, -0.42412048868317687, 0.5065731159371134, 0.2459985146528301]
[0.14080555183361632, -0.05978265063836512, -0.990847915403034, -0.46713647759222465, 0.5457849763998323, 0.26628815935958794]
[0.21872042437493844, -0.07741069150036857, -1.1005948760358852, -0.5101524665012724, 0.584996836862551, 0.2865778040663458]
[0.2966352969162605, -0.09503873236237201, -1.2103418366687362, -0.5531684554103202, 0.6242086973252698, 0.3068674487731036]
[0.3745501694575826, -0.11266677322437546, -1.3200887973015876, -0.596184444319368, 0.6634205577879886, 0.3271570934798615]
[0.45246504199890464, -0.13029481408637889, -1.4298357579344387, -0.6392004332284158, 0.7026324182507073, 0.3474467381866193]
[0.5303799145402268, -0.14792285494838234, -1.53958271856729, -0.6822164221374636, 0.7418442787134262, 0.3677363828933772]
[0.6082947870815489, -0.1655508958103858, -1.6493296792001413, -0.7252324110465114, 0.781056139176145, 0.38802602760013505]
[0.6862096596228711, -0.18317893667238924, -1.7590766398329922, -0.7682483999555592, 0.8202679996388638, 0.40831567230689286]
[0.764124532164193, -0.20080697753439267, -1.8688236004658434, -0.811264388864607, 0.8594798601015825, 0.4286053170136507]
[0.8420394047055151, -0.21843501839639612, -1.9785705610986948, -0.8542803777736547, 0.8986917205643014, 0.4488949617204086]
[0.9199542772468373, -0.23606305925839957, -2.088317521731546, -0.8972963666827025, 0.9379035810270201, 0.4691846064271664]
[1.04460000287147, -0.25739834267649936, -2.0692037585360863, -0.8703605929657274, 0.8839598254509052, 0.4452211270495825]
[1.1692457284961026, -0.2787336260945992, -2.0500899953406266, -0.8434248192487523, 0.8300160698747903, 0.4212576476719986]
[1.2938914541207351, -0.30006890951269893, -2.0309762321451674, -0.8164890455317773, 0.7760723142986754, 0.3972941682944146]
[1.4185371797453679, -0.3214041929307987, -2.0118624689497078, -0.7895532718148023, 0.7221285587225605, 0.3733306889168307]
[1.5431829053700006, -0.3427394763488985, -1.9927487057542481, -0.7626174980978272, 0.6681848031464456, 0.3493672095392467]
[1.667828630994633, -0.3640747597669983, -1.9736349425587887, -0.7356817243808521, 0.6142410475703306, 0.3254037301616628]
[1.7924743566192658, -0.3854100431850981, -1.954521179363329, -0.708745950663877, 0.5602972919942157, 0.3014402507840789]