[-0.00032877340344850126, 0.00011632484872325932, -0.0004596507391498861, 1.7269154927390673e-05, 0.00016300270993152566, 1.940860606008954e-05]
[0.04481374012301673, -0.024339843449130736, -0.09683992431988842, -0.05635126947082933, 0.05732728121352418, -0.02014967565175653]
[0.08995625364948197, -0.04879601174698473, -0.19322019790062694, -0.11271980809658605, 0.11449155971711683, -0.04031875990957315]
[0.13509876717594718, -0.07325218004483872, -0.2896004714813655, -0.16908834672234274, 0.17165583822070946, -0.060487844167389754]
[0.18024128070241244, -0.09770834834269272, -0.385980745062104, -0.2254568853480995, 0.22882011672430214, -0.08065692842520639]
[0.22538379422887767, -0.12216451664054671, -0.48236101864284253, -0.2818254239738562, 0.28598439522789476, -0.10082601268302299]
[0.27052630775534287, -0.1466206849384007, -0.5787412922235811, -0.3381939625996129, 0.3431486737314874, -0.1209950969408396]
[0.3156688212818081, -0.17107685323625468, -0.6751215658043196, -0.39456250122536957, 0.40031295223508, -0.1411641811986562]
[0.3608113348082734, -0.1955330215341087, -0.7715018393850581, -0.45093103985112637, 0.45747723073867275, -0.16133326545647286]
[0.40595384833473863, -0.2199891898319627, -0.8678821129657966, -0.507299578476883, 0.5146415092422654, -0.18150234971428947]
[0.45109636186120383, -0.2444453581298167, -0.9642623865465352, -0.5636681171026398, 0.571805787745858, -0.20167143397210607]
[0.4962388753876691, -0.2689015264276707, -1.0606426601272738, -0.6200366557283965, 0.6289700662494507, -0.2218405182299227]
[0.5413813889141342, -0.29335769472552464, -1.1570229337080122, -0.6764051943541531, 0.6861343447530432, -0.24200960248773928]
[0.5865239024405996, -0.31781386302337866, -1.2534032072887509, -0.7327737329799099, 0.743298623256636, -0.26217868674555594]
[0.6316664159670647, -0.3422700313212326, -1.3497834808694893, -0.7891422716056665, 0.8004629017602285, -0.2823477710033725]
[0.67680892949353, -0.36672619961908665, -1.446163754450228, -0.8455108102314233, 0.8576271802638212, -0.30251685526118915]
[0.7219514430199953, -0.39118236791694067, -1.5425440280309664, -0.9018793488571801, 0.914791458767414, -0.3226859395190058]
[0.7670939565464604, -0.41563853621479463, -1.6389243016117048, -0.9582478874829368, 0.9719557372710065, -0.34285502377682237]
[0.8122364700729258, -0.44009470451264865, -1.7353045751924434, -1.0146164261086934, 1.0291200157745992, -0.363024108034639]
[0.8573789835993909, -0.4645508728105026, -1.8316848487731818, -1.07098496473445, 1.0862842942781918, -0.3831931922924556]
[0.9025214971258562, -0.48900704110835663, -1.9280651223539205, -1.127353503360207, 1.1434485727817845, -0.40336227655027224]
[1.0308629291500462, -0.46530062636377695, -1.9740001438550923, -1.1249973707126864, 1.1584816536100835, -0.3265068499280235]
[1.1592043611742364, -0.4415942116191972, -2.019935165356264, -1.1226412380651656, 1.1735147344383825, -0.24965142330577478]
[1.2875457931984267, -0.4178877968746175, -2.0658701868574356, -1.120285105417645, 1.1885478152666815, -0.17279599668352605]
[1.4158872252226167, -0.39418138213003784, -2.1118052083586076, -1.1179289727701243, 1.2035808960949808, -0.09594057006127732]
[1.5442286572468067, -0.3704749673854581, -2.157740229859779, -1.1155728401226037, 1.2186139769232798, -0.019085143439028618]
[1.672570089270997, -0.3467685526408784, -2.203675251360951, -1.1132167074750832, 1.2336470577515788, 0.05777028318322014]
[1.800911521295187, -0.32306213789629873, -2.249610272862123, -1.1108605748275624, 1.2486801385798778, 0.13462570980546884]
[1.9292529533193772, -0.299355723151719, -2.295545294363295, -1.1085044421800418, 1.2637132194081768, 0.2114811364277176]
[2.057594385343567, -0.2756493084071393, -2.3414803158644664, -1.1061483095325213, 1.2787463002364758, 0.28833656304996624]
[2.185935817367757, -0.2519428936625596, -2.3874153373656384, -1.1037921768850005, 1.293779381064775, 0.365191989672215]
[2.3142772493919477, -0.22823647891797993, -2.43335035886681, -1.10143604423748, 1.308812461893074, 0.44204741629446376]
[2.4426186814161377, -0.2045300641734002, -2.4792853803679815, -1.0990799115899592, 1.3238455427213731, 0.5189028429167125]
[2.5709601134403277, -0.18082364942882048, -2.5252204018691535, -1.0967237789424387, 1.3388786235496721, 0.5957582695389612]