[-0.0002926099546414207, 8.862504362205925e-05, -0.00040245319728882123, -2.2269012838194158e-05, 0.0003109192430716945, -9.494207617422035e-06]
[-0.04953307947960565, -0.019460505853435343, -0.07683029236514707, -0.09936558112842427, 0.05390988704156748, -0.005571329217405282]
[-0.09877354900456987, -0.039009636750492745, -0.15325813153300533, -0.19870889324401034, 0.10750885484006327, -0.011133164227193142]
[-0.1480140185295341, -0.05855876764755015, -0.22968597070086358, -0.2980522053595964, 0.16110782263855905, -0.016694999236981003]
[-0.19725448805449833, -0.07810789854460755, -0.30611380986872183, -0.3973955174751825, 0.21470679043705485, -0.022256834246768862]
[-0.24649495757946255, -0.09765702944166496, -0.3825416490365801, -0.49673882959076854, 0.26830575823555064, -0.02781866925655672]
[-0.2957354271044268, -0.11720616033872236, -0.45896948820443834, -0.5960821417063547, 0.3219047260340464, -0.033380504266344584]
[-0.344975896629391, -0.13675529123577976, -0.5353973273722966, -0.6954254538219407, 0.3755036938325422, -0.03894233927613244]
[-0.39421636615435524, -0.15630442213283716, -0.6118251665401548, -0.7947687659375268, 0.429102661631038, -0.0445041742859203]
[-0.4434568356793195, -0.17585355302989458, -0.6882530057080132, -0.8941120780531129, 0.4827016294295338, -0.05006600929570817]
[-0.4926973052042837, -0.19540268392695198, -0.7646808448758714, -0.9934553901686989, 0.5363005972280296, -0.05562784430549602]
[-0.541937774729248, -0.2149518148240094, -0.8411086840437297, -1.092798702284285, 0.5898995650265254, -0.061189679315283886]
[-0.5911782442542122, -0.23450094572106678, -0.9175365232115879, -1.192142014399871, 0.6434985328250211, -0.06675151432507175]
[-0.6404187137791764, -0.2540500766181242, -0.9939643623794462, -1.291485326515457, 0.6970975006235169, -0.07231334933485961]
[-0.6896591833041406, -0.2735992075151816, -1.0703922015473044, -1.3908286386310431, 0.7506964684220127, -0.07787518434464746]
[-0.7388996528291049, -0.29314833841223903, -1.1468200407151627, -1.4901719507466293, 0.8042954362205085, -0.08343701935443533]
[-0.788140122354069, -0.31269746930929637, -1.2232478798830209, -1.5895152628622153, 0.8578944040190043, -0.08899885436422318]
[-0.8373805918790332, -0.33224660020635377, -1.2996757190508792, -1.6888585749778013, 0.9114933718175, -0.09456068937401103]
[-0.8866210614039975, -0.3517957311034112, -1.3761035582187375, -1.7882018870933876, 0.9650923396159959, -0.10012252438379891]
[-0.9358615309289617, -0.3713448620004686, -1.4525313973865956, -1.8875451992089736, 1.0186913074144917, -0.10568435939358677]
[-0.9851020004539259, -0.390893992897526, -1.528959236554454, -1.9868885113245596, 1.0722902752129875, -0.11124619440337462]
[-1.0343424699788901, -0.4104431237945834, -1.605387075722312, -2.0862318234401456, 1.125889243011483, -0.11680802941316248]
[-1.0835829395038545, -0.4299922546916409, -1.6818149148901707, -2.185575135555732, 1.1794882108099791, -0.12236986442295035]
[-1.1328234090288187, -0.4495413855886982, -1.7582427540580288, -2.284918447671318, 1.2330871786084747, -0.12793169943273822]
[-1.182063878553783, -0.4690905164857556, -1.8346705932258869, -2.384261759786904, 1.2866861464069705, -0.13349353444252607]
[-1.2313043480787471, -0.488639647382813, -1.9110984323937452, -2.48360507190249, 1.3402851142054664, -0.13905536945231392]
[-1.2805448176037113, -0.5081887782798704, -1.9875262715616036, -2.582948384018076, 1.3938840820039622, -0.1446172044621018]
[-1.3297852871286755, -0.5277379091769279, -2.063954110729462, -2.682291696133662, 1.447483049802458, -0.15017903947188965]
[-1.3790257566536397, -0.5472870400739852, -2.14038194989732, -2.781635008249248, 1.5010820176009536, -0.1557408744816775]
[-1.4282662261786039, -0.5668361709710427, -2.216809789065178, -2.880978320364834, 1.5546809853994494, -0.16130270949146536]
[-1.4775066957035683, -0.5863853018681001, -2.2932376282330367, -2.9803216324804205, 1.6082799531979453, -0.16686454450125324]
[-1.5267471652285325, -0.6059344327651575, -2.369665467400895, -3.0796649445960065, 1.661878920996441, -0.1724263795110411]