[-0.0004238454203040476, 7.17062422657122e-05, -0.0004026915398087638, 0.0001437382973792367, 0.00014841955347044689, -2.9983089449459044e-05]
[0.05296047014805695, -0.05944734329467866, -0.11054180147087851, -0.012115973992190332, 0.017217872241767216, -0.04734273027777726]
[0.10634478571641795, -0.11896639283162304, -0.22068091140194826, -0.0243756862817599, 0.034287324930063985, -0.09465547746610506]
[0.15972910128477893, -0.1784854423685674, -0.33082002133301797, -0.03663539857132947, 0.05135677761836075, -0.14196822465443285]
[0.21311341685313995, -0.2380044919055118, -0.44095913126408776, -0.04889511086089904, 0.06842623030665752, -0.18928097184276066]
[0.26649773242150093, -0.29752354144245613, -0.5510982411951575, -0.06115482315046861, 0.08549568299495429, -0.23659371903108845]
[0.3198820479898619, -0.3570425909794005, -0.6612373511262272, -0.07341453544003818, 0.10256513568325105, -0.28390646621941623]
[0.3732663635582229, -0.4165616405163449, -0.771376461057297, -0.08567424772960774, 0.11963458837154782, -0.331219213407744]
[0.42665067912658394, -0.4760806900532893, -0.8815155709883667, -0.09793396001917731, 0.1367040410598446, -0.37853196059607186]
[0.4800349946949449, -0.5355997395902337, -0.9916546809194365, -0.11019367230874688, 0.15377349374814137, -0.42584470778439965]
[0.5334193102633059, -0.595118789127178, -1.1017937908505062, -0.12245338459831645, 0.17084294643643813, -0.47315745497272743]
[0.5868036258316669, -0.6546378386641224, -1.211932900781576, -0.13471309688788602, 0.1879123991247349, -0.5204702021610552]
[0.6936105788006841, -0.6554041932024233, -1.2752308132977201, -0.10401374921674587, 0.22305838907776115, -0.48209773439821585]
[0.8004175317697013, -0.6561705477407241, -1.338528725813864, -0.07331440154560573, 0.2582043790307874, -0.4437252666353765]
[0.9072244847387185, -0.656936902279025, -1.4018266383300082, -0.04261505387446558, 0.2933503689838137, -0.40535279887253706]
[1.0100397976566755, -0.6387776048001977, -1.4376650199581347, -0.004243018039055205, 0.3273392390320544, -0.3471576170509967]
[1.1128551105746327, -0.6206183073213706, -1.4735034015862614, 0.034129017796355174, 0.36132810908029517, -0.2889624352294563]
[1.2156704234925897, -0.6024590098425433, -1.509341783214388, 0.07250105363176555, 0.3953169791285359, -0.2307672534079159]
[1.3184857364105467, -0.584299712363716, -1.5451801648425145, 0.11087308946717593, 0.4293058491767766, -0.17257207158637553]
[1.4213010493285039, -0.5661404148848889, -1.581018546470641, 0.14924512530258632, 0.4632947192250173, -0.11437688976483512]
[1.5241163622464609, -0.5479811174060616, -1.6168569280987677, 0.18761716113799667, 0.49728358927325805, -0.05618170794329474]