[-0.000370322588047145, 0.00013461877512899179, -0.0003799751224615733, 1.8944451205094026e-05, 0.00030364472093680206, -1.726554329195551e-05]
[0.019624877882636158, -0.023544560656510408, -0.10771833323142077, -0.012792840813256382, -0.029393109792113795, -0.10990254432362191]
[0.03962007835331946, -0.04722374008814981, -0.21505669134037997, -0.02560462607771786, -0.05908986430516439, -0.21978782310395187]
[0.05961527882400276, -0.0709029195197892, -0.32239504944933917, -0.03841641134217934, -0.088786618818215, -0.32967310188428184]
[0.07961047929468607, -0.0945820989514286, -0.42973340755829836, -0.05122819660664081, -0.11848337333126559, -0.4395583806646118]
[0.09960567976536938, -0.11826127838306802, -0.5370717656672577, -0.0640399818711023, -0.1481801278443162, -0.5494436594449418]
[0.11960088023605267, -0.1419404578147074, -0.6444101237762168, -0.07685176713556377, -0.1778768823573668, -0.6593289382252717]
[0.139596080706736, -0.16561963724634682, -0.7517484818851761, -0.08966355240002524, -0.2075736368704174, -0.7692142170056018]
[0.15959128117741928, -0.1892988166779862, -0.8590868399941352, -0.10247533766448672, -0.23727039138346798, -0.8790994957859316]
[0.1795864816481026, -0.21297799610962562, -0.9664251981030945, -0.1152871229289482, -0.2669671458965186, -0.9889847745662617]
[0.1995816821187859, -0.23665717554126503, -1.0737635562120538, -0.1280989081934097, -0.2966639004095692, -1.0988700533465916]
[0.21957688258946922, -0.2603363549729044, -1.181101914321013, -0.14091069345787116, -0.32636065492261984, -1.2087553321269218]
[0.23957208306015249, -0.2840155344045438, -1.288440272429972, -0.15372247872233263, -0.3560574094356704, -1.3186406109072515]
[0.2595672835308358, -0.30769471383618324, -1.3957786305389313, -0.1665342639867941, -0.385754163948721, -1.4285258896875814]
[0.2795624840015191, -0.33137389326782263, -1.5031169886478906, -0.17934604925125558, -0.4154509184617716, -1.5384111684679116]
[0.29955768447220243, -0.355053072699462, -1.6104553467568499, -0.19215783451571708, -0.4451476729748222, -1.6482964472482415]
[0.3195528849428857, -0.3787322521311014, -1.7177937048658087, -0.20496961978017852, -0.47484442748787276, -1.7581817260285713]
[0.339548085413569, -0.40241143156274084, -1.825132062974768, -0.21778140504464003, -0.5045411820009233, -1.8680670048089014]
[0.35954328588425233, -0.4260906109943802, -1.9324704210837274, -0.2305931903091015, -0.534237936513974, -1.9779522835892314]
[0.400959835525152, -0.39706317800588714, -1.9825657765464901, -0.3520351330943845, -0.54520643328686, -2.0229795378643343]
[0.44237638516605177, -0.3680357450173941, -2.032661132009253, -0.4734770758796676, -0.5561749300597462, -2.068006792139437]
[0.48379293480695146, -0.339008312028901, -2.082756487472016, -0.5949190186649506, -0.5671434268326322, -2.11303404641454]
[0.5252094844478512, -0.30998087904040794, -2.132851842934779, -0.7163609614502336, -0.5781119236055182, -2.158061300689643]
[0.5666260340887509, -0.28095344605191486, -2.182947198397542, -0.8378029042355167, -0.5890804203784044, -2.203088554964746]
[0.6080425837296506, -0.2519260130634218, -2.2330425538603045, -0.9592448470207997, -0.6000489171512904, -2.2481158092398488]
[0.6494591333705504, -0.22289858007492877, -2.2831379093230675, -1.0806867898060828, -0.6110174139241764, -2.2931430635149517]
[0.69087568301145, -0.1938711470864357, -2.3332332647858305, -1.2021287325913657, -0.6219859106970624, -2.3381703177900546]
[0.7322922326523498, -0.16484371409794263, -2.3833286202485935, -1.3235706753766487, -0.6329544074699486, -2.383197572065157]
[0.7737087822932495, -0.13581628110944954, -2.433423975711356, -1.4450126181619318, -0.6439229042428346, -2.42822482634026]
[0.8151253319341492, -0.10678884812095646, -2.483519331174119, -1.566454560947215, -0.6548914010157207, -2.473252080615363]
[0.856541881575049, -0.07776141513246343, -2.533614686636882, -1.6878965037324978, -0.6658598977886068, -2.5182793348904657]
[0.8979584312159486, -0.048733982143970345, -2.5837100420996446, -1.8093384465177809, -0.6768283945614928, -2.5633065891655686]
[0.9393749808568483, -0.019706549155477315, -2.6338053975624076, -1.930780389303064, -0.6877968913343788, -2.6083338434406715]
[0.980791530497748, 0.00932088383301577, -2.6839007530251706, -2.052222332088347, -0.698765388107265, -2.6533610977157744]
[1.0222080801386477, 0.0383483168215088, -2.7339961084879336, -2.17366427487363, -0.709733884880151, -2.6983883519908773]
[1.0636246297795475, 0.06737574981000194, -2.7840914639506966, -2.295106217658913, -0.7207023816530371, -2.7434156062659802]
[1.105041179420447, 0.09640318279849497, -2.834186819413459, -2.4165481604441963, -0.7316708784259232, -2.788442860541083]
[1.146457729061347, 0.125430615786988, -2.884282174876222, -2.5379901032294794, -0.7426393751988092, -2.833470114816186]