[-0.00038801516122255464, 0.0001182299225943595, -0.0004132091753383804, 8.700464634081584e-05, 0.0003053853906882509, 4.960377073448541e-05]
[-0.05217639057036115, -0.020017560978107196, -0.070409507925557, 0.0941396755757908, 0.061514542505893464, 0.006870729971989782]
[-0.10396476597949975, -0.04015335187880875, -0.14040580667577562, 0.18819234650524078, 0.12272369962109868, 0.013691856173245079]
[-0.15575314138863833, -0.06028914277951031, -0.21040210542599425, 0.28224501743469077, 0.18393285673630388, 0.020512982374500374]
[-0.20754151679777694, -0.08042493368021186, -0.28039840417621287, 0.37629768836414074, 0.2451420138515091, 0.02733410857575567]
[-0.25932989220691555, -0.10056072458091342, -0.3503947029264315, 0.4703503592935907, 0.3063511709667143, 0.03415523477701097]
[-0.3111182676160541, -0.12069651548161497, -0.4203910016766501, 0.5644030302230407, 0.3675603280819195, 0.04097636097826626]
[-0.3629066430251927, -0.14083230638231653, -0.49038730042686873, 0.6584557011524906, 0.42876948519712477, 0.047797487179521564]
[-0.4146950184343313, -0.16096809728301809, -0.5603835991770874, 0.7525083720819407, 0.48997864231232996, 0.05461861338077686]
[-0.46648339384346993, -0.18110388818371964, -0.630379897927306, 0.8465610430113907, 0.5511877994275352, 0.06143973958203215]
[-0.5182717692526085, -0.2012396790844212, -0.7003761966775246, 0.9406137139408406, 0.6123969565427404, 0.06826086578328745]
[-0.5700601446617471, -0.22137546998512275, -0.7703724954277432, 1.0346663848702906, 0.6736061136579456, 0.07508199198454275]
[-0.6218485200708856, -0.2415112608858243, -0.8403687941779618, 1.1287190557997406, 0.7348152707731508, 0.08190311818579804]
[-0.6736368954800243, -0.26164705178652586, -0.9103650929281805, 1.2227717267291907, 0.796024427888356, 0.08872424438705334]
[-0.7254252708891629, -0.2817828426872274, -0.9803613916783991, 1.3168243976586405, 0.8572335850035613, 0.09554537058830864]
[-0.7772136462983015, -0.301918633587929, -1.0503576904286178, 1.4108770685880905, 0.9184427421187664, 0.10236649678956393]
[-0.8290020217074401, -0.32205442448863053, -1.1203539891788363, 1.5049297395175405, 0.9796518992339717, 0.10918762299081923]
[-0.8807903971165787, -0.3421902153893321, -1.1903502879290548, 1.5989824104469905, 1.040861056349177, 0.11600874919207453]
[-0.9325787725257173, -0.36232600629003364, -1.2603465866792736, 1.6930350813764405, 1.102070213464382, 0.12282987539332982]
[-0.9843671479348559, -0.3824617971907352, -1.3303428854294923, 1.7870877523058903, 1.1632793705795874, 0.12965100159458512]
[-1.0361555233439945, -0.40259758809143675, -1.4003391841797108, 1.8811404232353404, 1.2244885276947926, 0.13647212779584042]
[-1.0879438987531331, -0.4227333789921383, -1.4703354829299293, 1.9751930941647904, 1.2856976848099977, 0.14329325399709572]
[-1.1397322741622717, -0.44286916989283986, -1.540331781680148, 2.0692457650942404, 1.346906841925203, 0.15011438019835102]
[-1.1915206495714104, -0.4630049607935414, -1.6103280804303668, 2.16329843602369, 1.4081159990404082, 0.1569355063996063]
[-1.2433090249805487, -0.483140751694243, -1.6803243791805853, 2.2573511069531405, 1.4693251561556133, 0.1637566326008616]
[-1.2950974003896873, -0.5032765425949446, -1.7503206779308038, 2.3514037778825903, 1.5305343132708187, 0.1705777588021169]
[-1.346885775798826, -0.5234123334956461, -1.8203169766810225, 2.4454564488120405, 1.5917434703860238, 0.1773988850033722]
[-1.3986741512079646, -0.5435481243963476, -1.8903132754312413, 2.5395091197414903, 1.652952627501229, 0.1842200112046275]
[-1.4504625266171032, -0.5636839152970492, -1.9603095741814598, 2.63356179067094, 1.7141617846164343, 0.1910411374058828]
[-1.5022509020262418, -0.5838197061977508, -2.0303058729316783, 2.7276144616003903, 1.7753709417316395, 0.19786226360713807]
[-1.5540392774353804, -0.6039554970984523, -2.1003021716818973, 2.82166713252984, 1.8365800988468446, 0.20468338980839337]
[-1.605827652844519, -0.6240912879991538, -2.1702984704321158, 2.9157198034592904, 1.89778925596205, 0.21150451600964867]
[-1.6576160282536576, -0.6442270788998554, -2.2402947691823343, 3.00977247438874, 1.958998413077255, 0.21832564221090398]