[-0.0002820119122146636, 0.00017260192408041775, -0.00032184374920340986, 1.9078775968850437e-05, 0.00023885921730659732, 8.622497679589003e-05]
[-0.05195594757428616, -0.028648831468456874, -0.07560897679278278, -0.005916824760550427, -0.04042366093802031, 0.10054868987973276]
[-0.10362988323635766, -0.057470264860994165, -0.15089610983636215, -0.011852728297069704, -0.08108618109334721, 0.20101115478266962]
[-0.15530381889842917, -0.08629169825353146, -0.22618324287994152, -0.017788631833588982, -0.12174870124867411, 0.3014736196856065]
[-0.20697775456050066, -0.11511313164606875, -0.3014703759235209, -0.023724535370108258, -0.16241122140400102, 0.40193608458854335]
[-0.2586516902225722, -0.14393456503860605, -0.37675750896710025, -0.029660438906627538, -0.20307374155932795, 0.5023985494914802]
[-0.3103256258846437, -0.17275599843114334, -0.4520446420106796, -0.035596342443146814, -0.24373626171465482, 0.6028610143944171]
[-0.3619995615467152, -0.20157743182368063, -0.527331775054259, -0.041532245979666094, -0.28439878186998174, 0.703323479297354]
[-0.41367349720878666, -0.2303988652162179, -0.6026189080978384, -0.047468149516185366, -0.32506130202530864, 0.8037859442002908]
[-0.4653474328708582, -0.25922029860875523, -0.6779060411414177, -0.05340405305270465, -0.3657238221806356, 0.9042484091032278]
[-0.5170213685329297, -0.2880417320012925, -0.7531931741849971, -0.059339956589223926, -0.4063863423359625, 1.0047108740061645]
[-0.5686953041950012, -0.3168631653938298, -0.8284803072285765, -0.0652758601257432, -0.44704886249128933, 1.1051733389091014]
[-0.6203692398570727, -0.3456845987863671, -0.9037674402721558, -0.07121176366226248, -0.48771138264661623, 1.2056358038120383]
[-0.6720431755191443, -0.3745060321789044, -0.9790545733157352, -0.07714766719878176, -0.5283739028019432, 1.3060982687149751]
[-0.7237171111812157, -0.40332746557144167, -1.0543417063593146, -0.08308357073530104, -0.5690364229572701, 1.406560733617912]
[-0.7753910468432872, -0.43214889896397896, -1.129628839402894, -0.08901947427182032, -0.609698943112597, 1.5070231985208489]
[-0.8270649825053586, -0.46097033235651624, -1.2049159724464733, -0.09495537780833958, -0.6503614632679239, 1.6074856634237857]
[-0.8787389181674302, -0.48979176574905353, -1.2802031054900527, -0.10089128134485886, -0.6910239834232508, 1.7079481283267224]
[-0.9304128538295018, -0.5186131991415909, -1.355490238533632, -0.10682718488137816, -0.7316865035785778, 1.8084105932296597]
[-0.9820867894915734, -0.5474346325341282, -1.4307773715772114, -0.11276308841789744, -0.7723490237339047, 1.9088730581325963]
[-1.0337607251536447, -0.5762560659266655, -1.5060645046207908, -0.1186989919544167, -0.8130115438892316, 2.009335523035533]
[-1.0854346608157162, -0.6050774993192027, -1.5813516376643701, -0.12463489549093598, -0.8536740640445584, 2.10979798793847]
[-1.1371085964777878, -0.63389893271174, -1.6566387707079495, -0.13057079902745525, -0.8943365841998853, 2.210260452841407]
[-1.1887825321398593, -0.6627203661042773, -1.7319259037515289, -0.13650670256397454, -0.9349991043552122, 2.310722917744344]
[-1.2404564678019308, -0.6915417994968146, -1.8072130367951083, -0.1424426061004938, -0.9756616245105391, 2.4111853826472807]
[-1.2921304034640024, -0.7203632328893519, -1.8825001698386876, -0.1483785096370131, -1.0163241446658662, 2.5116478475502175]
[-1.3438043391260739, -0.7491846662818892, -1.957787302882267, -0.15431441317353237, -1.056986664821193, 2.6121103124531544]
[-1.3954782747881453, -0.7780060996744265, -2.0330744359258466, -0.16025031671005166, -1.09764918497652, 2.7125727773560913]
[-1.4471522104502168, -0.8068275330669638, -2.1083615689694257, -0.16618622024657093, -1.1383117051318468, 2.813035242259028]