[-0.0003981252090961007, 0.00013525115853418868, -0.0004379131330631836, 1.8102699927524668e-05, 0.00022469849449713308, -5.197729349148972e-06]
[-0.03649366333098036, -0.038124425668187, -0.08158820030496897, 0.09405799081410911, 0.05338128045705239, 0.0014642128357506817]
[-0.07258920145286461, -0.0763841024949082, -0.16273848747687475, 0.1880978789282907, 0.10653786241960765, 0.0029336234008505123]
[-0.10868473957474888, -0.11464377932162938, -0.2438887746487805, 0.28213776704247223, 0.1596944443821629, 0.004403033965950343]
[-0.14478027769663313, -0.15290345614835057, -0.3250390618206863, 0.37617765515665386, 0.21285102634471817, 0.0058724445310501736]
[-0.18087581581851742, -0.1911631329750718, -0.40618934899259207, 0.4702175432708354, 0.26600760830727344, 0.007341855096150005]
[-0.21697135394040165, -0.22942280980179294, -0.4873396361644978, 0.5642574313850169, 0.3191641902698287, 0.008811265661249835]
[-0.25306689206228594, -0.2676824866285142, -0.5684899233364037, 0.6582973194991986, 0.37232077223238397, 0.010280676226349667]
[-0.28916243018417015, -0.30594216345523534, -0.6496402105083094, 0.7523372076133802, 0.4254773541949392, 0.011750086791449496]
[-0.3252579683060544, -0.34420184028195655, -0.7307904976802152, 0.8463770957275617, 0.47863393615749444, 0.013219497356549327]
[-0.36135350642793873, -0.38246151710867776, -0.811940784852121, 0.9404169838417433, 0.5317905181200497, 0.014688907921649159]
[-0.39744904454982294, -0.4207211939353989, -0.8930910720240267, 1.0344568719559248, 0.584947100082605, 0.01615831848674899]
[-0.4335445826717072, -0.4589808707621201, -0.9742413591959325, 1.1284967600701064, 0.6381036820451602, 0.01762772905184882]
[-0.46964012079359146, -0.49724054758884134, -1.0553916463678383, 1.222536648184288, 0.6912602640077155, 0.01909713961694865]
[-0.5057356589154758, -0.5355002244155626, -1.1365419335397442, 1.3165765362984696, 0.7444168459702708, 0.020566550182048483]
[-0.5418311970373599, -0.5737599012422837, -1.2176922207116498, 1.4106164244126511, 0.7975734279328259, 0.022035960747148312]
[-0.5779267351592442, -0.6120195780690049, -1.2988425078835557, 1.5046563125268329, 0.8507300098953813, 0.02350537131224814]
[-0.6140222732811286, -0.6502792548957261, -1.3799927950554616, 1.5986962006410144, 0.9038865918579365, 0.024974781877347974]
[-0.6501178114030127, -0.6885389317224473, -1.4611430822273672, 1.6927360887551959, 0.9570431738204918, 0.026444192442447802]
[-0.686213349524897, -0.7267986085491684, -1.5422933693992729, 1.7867759768693774, 1.010199755783047, 0.027913603007547635]
[-0.7223088876467814, -0.7650582853758897, -1.6234436565711787, 1.8808158649835591, 1.0633563377456023, 0.029383013572647467]
[-0.7584044257686655, -0.8033179622026108, -1.7045939437430844, 1.9748557530977406, 1.1165129197081574, 0.030852424137747296]
[-0.7944999638905498, -0.841577639029332, -1.7857442309149902, 2.068895641211922, 1.1696695016707128, 0.03232183470284713]
[-0.830595502012434, -0.8798373158560533, -1.866894518086896, 2.162935529326104, 1.222826083633268, 0.03379124526794696]
[-0.8666910401343183, -0.9180969926827743, -1.9480448052588017, 2.256975417440285, 1.2759826655958233, 0.035260655833046786]
[-0.9027865782562026, -0.9563566695094956, -2.0291950924307076, 2.351015305554467, 1.3291392475583785, 0.03673006639814662]