[-0.0003520685740570073, 0.00022970048563664136, -0.0004417511475365288, -2.787700998485576e-05, 0.00020466621131198792, 2.93185028237275e-05]
[0.018559871665415305, -0.007244275243024645, -0.07448648932134624, 0.07952995486799208, 0.04007314944718503, -0.0841217039734516]
[0.03747181190488762, -0.014718250971685932, -0.14853122749515596, 0.15908778674596902, 0.07994163268305807, -0.16827272644972693]
[0.05638375214435993, -0.02219222670034722, -0.2225759656689657, 0.23864561862394598, 0.11981011591893112, -0.2524237489260023]
[0.07529569238383224, -0.029666202429008505, -0.2966207038427754, 0.3182034505019229, 0.15967859915480415, -0.3365747714022776]
[0.09420763262330456, -0.0371401781576698, -0.3706654420165852, 0.3977612823798999, 0.19954708239067723, -0.42072579387855297]
[0.11311957286277687, -0.04461415388633108, -0.4447101801903949, 0.4773191142578768, 0.23941556562655025, -0.5048768163548283]
[0.1320315131022492, -0.05208812961499237, -0.5187549183642046, 0.5568769461358538, 0.2792840488624233, -0.5890278388311037]
[0.1509434533417215, -0.05956210534365365, -0.5927996565380143, 0.6364347780138306, 0.3191525320982963, -0.6731788613073789]
[0.1698553935811938, -0.06703608107231494, -0.6668443947118241, 0.7159926098918077, 0.3590210153341694, -0.7573298837836543]
[0.18876733382066613, -0.07451005680097623, -0.7408891328856338, 0.7955504417697846, 0.39888949857004247, -0.8414809062599297]
[0.20767927406013842, -0.08198403252963751, -0.8149338710594435, 0.8751082736477616, 0.43875798180591546, -0.9256319287362049]
[0.22659121429961074, -0.0894580082582988, -0.8889786092332532, 0.9546661055257385, 0.4786264650417885, -1.0097829512124803]
[0.24550315453908303, -0.09693198398696008, -0.9630233474070629, 1.0342239374037154, 0.5184949482776615, -1.0939339736887554]
[0.2644150947785554, -0.10440595971562139, -1.0370680855808727, 1.1137817692816925, 0.5583634315135346, -1.178084996165031]
[0.2833270350180277, -0.11187993544428267, -1.1111128237546823, 1.1933396011596693, 0.5982319147494076, -1.2622360186413064]
[0.3022389752575, -0.11935391117294394, -1.185157561928492, 1.2728974330376461, 0.6381003979852806, -1.3463870411175816]
[0.32115091549697233, -0.12682788690160524, -1.2592023001023018, 1.3524552649156234, 0.6779688812211537, -1.4305380635938572]
[0.3400628557364446, -0.13430186263026653, -1.3332470382761117, 1.4320130967936002, 0.7178373644570268, -1.5146890860701323]
[0.3589747959759169, -0.14177583835892782, -1.4072917764499213, 1.511570928671577, 0.7577058476928998, -1.5988401085464075]
[0.37788673621538926, -0.1492498140875891, -1.4813365146237312, 1.591128760549554, 0.797574330928773, -1.682991131022683]
[0.39679867645486155, -0.1567237898162504, -1.5553812527975408, 1.670686592427531, 0.8374428141646459, -1.7671421534989582]
[0.41571061669433385, -0.16419776554491167, -1.6294259909713504, 1.750244424305508, 0.8773112974005189, -1.8512931759752336]
[0.4346225569338062, -0.17167174127357296, -1.7034707291451603, 1.829802256183485, 0.917179780636392, -1.9354441984515092]
[0.4535344971732785, -0.17914571700223425, -1.77751546731897, 1.9093600880614618, 0.957048263872265, -2.0195952209277843]
[0.5318273009362783, -0.23274851822548012, -1.7327375458544279, 1.9579389415976618, 0.9310844782801153, -2.0752649182820075]
[0.6101201046992781, -0.286351319448726, -1.6879596243898858, 2.006517795133862, 0.9051206926879656, -2.130934615636231]
[0.688412908462278, -0.33995412067197184, -1.6431817029253437, 2.055096648670062, 0.8791569070958158, -2.1866043129904544]
[0.7667057122252778, -0.39355692189521774, -1.5984037814608016, 2.103675502206262, 0.8531931215036661, -2.242274010344678]
[0.8449985159882776, -0.44715972311846364, -1.5536258599962594, 2.152254355742462, 0.8272293359115164, -2.2979437076989013]
[0.9232913197512774, -0.5007625243417095, -1.5088479385317173, 2.200833209278662, 0.8012655503193665, -2.3536134050531246]
[1.0015841235142773, -0.5543653255649553, -1.4640700170671752, 2.249412062814862, 0.7753017647272168, -2.409283102407348]
[1.079876927277277, -0.6079681267882012, -1.4192920956026331, 2.297990916351062, 0.7493379791350671, -2.4649527997615714]