[-0.0004247404569435176, 0.0002072602293576864, -0.00031080829127283494, -1.6899425403060775e-05, 0.00029711616168270893, 9.955533748495782e-05]
[0.03795107333569377, -0.03845452926259747, -0.06441950947463403, 0.0817988978739309, -0.032626771368113545, -0.01002068252464694]
[0.07632688712833106, -0.07711631875455263, -0.12852821065799522, 0.16361469517326485, -0.0655506588979098, -0.020140920386778838]
[0.11470270092096836, -0.11577810824650779, -0.19263691184135642, 0.2454304924725988, -0.09847454642770605, -0.030261158248910736]
[0.15307851471360565, -0.15443989773846295, -0.2567456130247176, 0.32724628977193276, -0.1313984339575023, -0.04038139611104263]
[0.19145432850624294, -0.19310168723041812, -0.3208543142080788, 0.40906208707126673, -0.16432232148729858, -0.05050163397317453]
[0.22983014229888024, -0.23176347672237327, -0.38496301539144, 0.49087788437060065, -0.1972462090170948, -0.06062187183530643]
[0.26820595609151754, -0.27042526621432844, -0.4490717165748012, 0.5726936816699346, -0.23017009654689108, -0.07074210969743833]
[0.3300255392609659, -0.30342749342090186, -0.5337190239294644, 0.5460382739546952, -0.25727888323415654, -0.00796087626629885]
[0.3918451224304142, -0.33642972062747534, -0.6183663312841274, 0.5193828662394557, -0.28438766992142206, 0.05482035716484063]
[0.4536647055998625, -0.36943194783404876, -0.7030136386387905, 0.4927274585242163, -0.3114964566086875, 0.11760159059598008]
[0.5154842887693108, -0.4024341750406222, -0.7876609459934536, 0.4660720508089768, -0.33860524329595304, 0.18038282402711958]
[0.5773038719387592, -0.4354364022471956, -0.8723082533481168, 0.43941664309373735, -0.3657140299832185, 0.24316405745825903]
[0.6391234551082074, -0.468438629453769, -0.9569555607027798, 0.4127612353784979, -0.392822816670484, 0.3059452908893985]
[0.7009430382776558, -0.5014408566603425, -1.041602868057443, 0.38610582766325846, -0.4199316033577495, 0.368726524320538]
[0.7627626214471042, -0.5344430838669159, -1.1262501754121061, 0.35945041994801896, -0.44704039004501495, 0.4315077577516775]
[0.8245822046165526, -0.5674453110734894, -1.2108974827667693, 0.3327950122327795, -0.4741491767322805, 0.494288991182817]
[0.8864017877860009, -0.6004475382800628, -1.2955447901214323, 0.3061396045175401, -0.501257963419546, 0.5570702246139564]
[0.9482213709554492, -0.6334497654866362, -1.3801920974760955, 0.27948419680230063, -0.5283667501068114, 0.6198514580450959]
[0.9721223151141687, -0.6209318335489245, -1.3968374569390778, 0.13234123404627984, -0.5164569529114644, 0.7124178305272566]
[0.996023259272888, -0.6084139016112126, -1.4134828164020599, -0.014801728709740947, -0.5045471557161175, 0.8049842030094172]
[1.0199242034316074, -0.5958959696735007, -1.430128175865042, -0.16194469146576174, -0.4926373585207705, 0.8975505754915779]
[1.0438251475903269, -0.5833780377357889, -1.4467735353280242, -0.3090876542217825, -0.4807275613254235, 0.9901169479737386]
[1.0677260917490463, -0.5708601057980771, -1.4634188947910065, -0.4562306169778033, -0.46881776413007653, 1.0826833204558992]
[1.0916270359077658, -0.5583421738603652, -1.4800642542539886, -0.6033735797338241, -0.45690796693472957, 1.1752496929380598]
[1.115527980066485, -0.5458242419226533, -1.4967096137169706, -0.7505165424898449, -0.44499816973938255, 1.2678160654202206]
[1.1394289242252045, -0.5333063099849416, -1.513354973179953, -0.8976595052458657, -0.4330883725440356, 1.3603824379023814]
[1.163329868383924, -0.5207883780472298, -1.5300003326429352, -1.0448024680018864, -0.4211785753486886, 1.4529488103845418]
[1.1872308125426434, -0.5082704461095179, -1.5466456921059173, -1.1919454307579074, -0.4092687781533416, 1.5455151828667026]