[-0.00040979508089833416, 0.00014721328162092817, -0.0003860448469623634, 0.00013651884327980923, 0.00022344727453038615, -3.100167940317533e-05]
[0.04469909227889314, -0.03257893286872064, -0.08445929095152332, 0.04926093303931038, 0.00419546929384674, -0.08597501189672946]
[0.08980797963868462, -0.06530507901906221, -0.1685325370560843, 0.09838534723534095, 0.008167491313163093, -0.17191902211405574]
[0.1349168669984761, -0.09803122516940378, -0.25260578316064525, 0.1475097614313715, 0.012139513332479448, -0.257863032331382]
[0.18002575435826756, -0.13075737131974535, -0.3366790292652062, 0.1966341756274021, 0.0161115353517958, -0.3438070425487083]
[0.22513464171805903, -0.16348351747008694, -0.42075227536976717, 0.24575858982343268, 0.020083557371112153, -0.4297510527660346]
[0.27024352907785054, -0.1962096636204285, -0.5048255214743281, 0.2948830040194632, 0.02405557939042851, -0.5156950629833609]
[0.315352416437642, -0.22893580977077005, -0.588898767578889, 0.3440074182154938, 0.028027601409744862, -0.6016390732006871]
[0.36046130379743346, -0.26166195592111163, -0.67297201368345, 0.3931318324115244, 0.031999623429061215, -0.6875830834180134]
[0.4055701911572249, -0.2943881020714532, -0.7570452597880111, 0.44225624660755497, 0.03597164544837757, -0.7735270936353398]
[0.4506790785170164, -0.3271142482217948, -0.841118505892572, 0.49138066080358556, 0.03994366746769392, -0.859471103852666]
[0.4957879658768079, -0.35984039437213633, -0.9251917519971329, 0.5405050749996161, 0.04391568948701027, -0.9454151140699922]
[0.5408968532365994, -0.3925665405224779, -1.009264998101694, 0.5896294891956466, 0.04788771150632663, -1.0313591242873186]
[0.5860057405963909, -0.4252926866728195, -1.093338244206255, 0.6387539033916773, 0.051859733525642986, -1.117303134504645]
[0.6311146279561823, -0.458018832823161, -1.1774114903108157, 0.6878783175877078, 0.05583175554495934, -1.203247144721971]
[0.6762235153159738, -0.4907449789735026, -1.2614847364153767, 0.7370027317837384, 0.05980377756427569, -1.2891911549392974]
[0.7213324026757653, -0.5234711251238442, -1.3455579825199377, 0.786127145979769, 0.06377579958359204, -1.3751351651566237]
[0.7628955339988711, -0.5315107376661095, -1.4131703359215895, 0.839098972275282, 0.11594325097047807, -1.4166498365789053]
[0.804458665321977, -0.5395503502083748, -1.4807826893232412, 0.892070798570795, 0.16811070235736408, -1.4581645080011871]
[0.8460217966450827, -0.5475899627506401, -1.5483950427248927, 0.945042624866308, 0.22027815374425008, -1.4996791794234687]
[0.8875849279681886, -0.5556295752929055, -1.6160073961265444, 0.998014451161821, 0.27244560513113614, -1.5411938508457506]
[0.9291480592912944, -0.5636691878351707, -1.6836197495281962, 1.050986277457334, 0.32461305651802214, -1.5827085222680322]
[0.9543621383626344, -0.5320480605258003, -1.7083628141934775, 1.095842441912244, 0.43634126094458164, -1.545688342086889]
[0.9795762174339744, -0.50042693321643, -1.7331058788587588, 1.1406986063671538, 0.5480694653711411, -1.5086681619057458]
[1.0047902965053144, -0.4688058059070596, -1.7578489435240399, 1.1855547708220637, 0.6597976697977006, -1.4716479817246026]
[1.0300043755766546, -0.4371846785976892, -1.7825920081893212, 1.2304109352769736, 0.7715258742242601, -1.4346278015434595]
[1.0552184546479946, -0.40556355128831884, -1.8073350728546025, 1.2752670997318838, 0.8832540786508196, -1.3976076213623163]
[1.0804325337193346, -0.3739424239789485, -1.8320781375198836, 1.3201232641867937, 0.9949822830773791, -1.3605874411811731]
[1.1056466127906746, -0.3423212966695781, -1.8568212021851649, 1.3649794286417036, 1.1067104875039386, -1.32356726100003]
[1.1308606918620145, -0.3107001693602077, -1.8815642668504462, 1.4098355930966135, 1.2184386919304981, -1.2865470808188868]