[-0.00030397786520097725, 0.0001900006124211373, -0.0003861715598603155, 5.8158414392828206e-05, 0.0001593303830684789, 7.864106352784006e-06]
[0.04699155236529346, -0.010051476033238697, -0.10860624994859683, 0.04526522406757329, 0.011961874077760963, -0.07943229103238894]
[0.0942870825957879, -0.02029295267889853, -0.21682632833733334, 0.09047228972075375, 0.023764417772453448, -0.15887244617113067]
[0.14158261282628232, -0.030534429324558368, -0.3250464067260699, 0.13567935537393422, 0.03556696146714593, -0.23831260130987242]
[0.18887814305677678, -0.0407759059702182, -0.43326648511480637, 0.18088642102711466, 0.04736950516183842, -0.3177527564486141]
[0.2361736732872712, -0.05101738261587804, -0.541486563503543, 0.22609348668029516, 0.0591720488565309, -0.3971929115873559]
[0.2834692035177656, -0.061258859261537874, -0.6497066418922794, 0.2713005523334756, 0.07097459255122338, -0.4766330667260976]
[0.3307647337482601, -0.0715003359071977, -0.7579267202810159, 0.31650761798665605, 0.08277713624591587, -0.5560732218648393]
[0.37806026397875453, -0.08174181255285753, -0.8661467986697524, 0.3617146836398365, 0.09457967994060835, -0.635513377003581]
[0.42535579420924896, -0.09198328919851738, -0.974366877058489, 0.406921749293017, 0.10638222363530084, -0.7149535321423228]
[0.4726513244397434, -0.10222476584417722, -1.0825869554472256, 0.4521288149461975, 0.11818476732999332, -0.7943936872810646]
[0.5199468546702378, -0.11246624248983705, -1.1908070338359622, 0.49733588059937794, 0.1299873110246858, -0.8738338424198063]
[0.5672423849007322, -0.12270771913549688, -1.2990271122246986, 0.5425429462525584, 0.14178985471937827, -0.953273997558548]
[0.6145379151312267, -0.13294919578115671, -1.4072471906134352, 0.5877500119057388, 0.15359239841407077, -1.0327141526972898]
[0.6618334453617212, -0.14319067242681655, -1.5154672690021715, 0.6329570775589193, 0.16539494210876327, -1.1121543078360314]
[0.7091289755922157, -0.1534321490724764, -1.6236873473909081, 0.6781641432120998, 0.17719748580345576, -1.1915944629747732]
[0.75642450582271, -0.1636736257181362, -1.7319074257796445, 0.7233712088652802, 0.18900002949814823, -1.2710346181135148]
[0.8037200360532044, -0.17391510236379606, -1.8401275041683811, 0.7685782745184607, 0.2008025731928407, -1.3504747732522566]
[0.8510155662836989, -0.1841565790094559, -1.9483475825571177, 0.8137853401716412, 0.2126051168875332, -1.4299149283909984]
[0.9227834048910587, -0.1863097839697237, -1.9728884814932428, 0.8946122363577084, 0.15408512713686864, -1.4985029575831208]
[0.9945512434984186, -0.1884629889299915, -1.9974293804293681, 0.9754391325437755, 0.09556513738620408, -1.5670909867752432]
[1.0663190821057784, -0.1906161938902593, -2.0219702793654935, 1.0562660287298427, 0.03704514763553954, -1.6356790159673653]
[1.1380869207131383, -0.1927693988505271, -2.0465111783016185, 1.1370929249159099, -0.021474842115125042, -1.7042670451594877]
[1.209854759320498, -0.1949226038107949, -2.0710520772377436, 1.2179198211019768, -0.0799948318657896, -1.77285507435161]
[1.281622597927858, -0.1970758087710627, -2.0955929761738687, 1.298746717288044, -0.13851482161645412, -1.8414431035437324]
[1.3533904365352178, -0.1992290137313305, -2.1201338751099943, 1.3795736134741112, -0.1970348113671187, -1.9100311327358548]
[1.4251582751425778, -0.2013822186915983, -2.1446747740461194, 1.4604005096601784, -0.2555548011177833, -1.978619161927977]
[1.4969261137499377, -0.2035354236518661, -2.1692156729822445, 1.5412274058462456, -0.31407479086844786, -2.0472071911200995]
[1.5686939523572974, -0.2056886286121339, -2.19375657191837, 1.6220543020323128, -0.3725947806191124, -2.1157952203122217]
[1.6404617909646573, -0.2078418335724017, -2.218297470854495, 1.70288119821838, -0.431114770369777, -2.184383249504344]
[1.712229629572017, -0.20999503853266951, -2.2428383697906202, 1.783708094404447, -0.48963476012044144, -2.2529712786964664]
[1.7839974681793769, -0.21214824349293732, -2.2673792687267453, 1.8645349905905144, -0.5481547498711061, -2.3215593078885886]
[1.8557653067867368, -0.21430144845320512, -2.2919201676628704, 1.9453618867765812, -0.6066747396217707, -2.3901473370807107]
[1.9275331453940967, -0.21645465341347292, -2.316461066598996, 2.0261887829626484, -0.6651947293724352, -2.4587353662728333]
[1.9993009840014564, -0.21860785837374072, -2.341001965535121, 2.1070156791487156, -0.7237147191230997, -2.527323395464956]
[2.071068822608816, -0.22076106333400852, -2.365542864471246, 2.1878425753347828, -0.7822347088737642, -2.5959114246570776]
[2.142836661216176, -0.22291426829427632, -2.3900837634073717, 2.26866947152085, -0.840754698624429, -2.6644994538492]
[2.214604499823536, -0.22506747325454413, -2.414624662343497, 2.349496367706917, -0.8992746883750935, -2.7330874830413228]
[2.286372338430896, -0.22722067821481193, -2.439165561279622, 2.4303232638929844, -0.9577946781257579, -2.801675512233445]