[-0.00037285074616022484, 0.0002529110043223426, -0.00040839757883048833, 2.9926843194694186e-05, 0.00016670525020767712, 4.661351758272758e-05]
[0.061671507261920396, -0.036201854253231316, -0.07753470019285291, 0.03603598954267017, -0.054413754067432776, -0.03697400985683869]
[0.12371586527000102, -0.07265661951078498, -0.15466100280687534, 0.07204205224214565, -0.10899421338507323, -0.07399463323126011]
[0.18576022327808164, -0.10911138476833863, -0.23178730542089776, 0.10804811494162113, -0.1635746727027137, -0.11101525660568154]
[0.24780458128616226, -0.1455661500258923, -0.3089136080349202, 0.1440541776410966, -0.21815513202035414, -0.14803587998010295]
[0.3098489392942429, -0.18202091528344597, -0.3860399106489426, 0.18006024034057208, -0.27273559133799463, -0.1850565033545244]
[0.3718932973023235, -0.2184756805409996, -0.46316621326296503, 0.21606630304004756, -0.32731605065563507, -0.2220771267289458]
[0.4339376553104042, -0.2549304457985533, -0.5402925158769875, 0.2520723657395231, -0.38189650997327557, -0.2590977501033672]
[0.49598201331848474, -0.29138521105610693, -0.6174188184910099, 0.2880784284389985, -0.43647696929091595, -0.29611837347778863]
[0.5580263713265654, -0.3278399763136606, -0.6945451211050323, 0.324084491138474, -0.49105742860855645, -0.33313899685221005]
[0.620070729334646, -0.3642947415712143, -0.7716714237190547, 0.36009055383794947, -0.5456378879261969, -0.3701596202266315]
[0.6821150873427266, -0.40074950682876787, -0.8487977263330772, 0.39609661653742495, -0.6002183472438374, -0.4071802436010529]
[0.7441594453508072, -0.43720427208632157, -0.9259240289470996, 0.43210267923690043, -0.6547988065614778, -0.44420086697547434]
[0.8000454362540793, -0.4536150830499634, -0.9867947846719591, 0.4727735018621118, -0.6813116932926081, -0.49024050199092595]
[0.8559314271573515, -0.47002589401360517, -1.0476655403968187, 0.5134443244873232, -0.7078245800237385, -0.5362801370063776]
[0.9118174180606236, -0.486436704977247, -1.1085362961216783, 0.5541151471125346, -0.7343374667548688, -0.5823197720218292]
[0.9785283743607731, -0.4729587731515332, -1.1638890857573292, 0.6192540800691981, -0.7203837990673772, -0.6628398304142112]
[1.0452393306609227, -0.45948084132581934, -1.2192418753929803, 0.6843930130258616, -0.7064301313798856, -0.7433598888065933]
[1.1119502869610725, -0.4460029095001055, -1.2745946650286313, 0.749531945982525, -0.692476463692394, -0.8238799471989754]
[1.178661243261222, -0.4325249776743917, -1.3299474546642822, 0.8146708789391885, -0.6785227960049025, -0.9044000055913575]
[1.2453721995613716, -0.4190470458486779, -1.3853002442999331, 0.8798098118958521, -0.6645691283174109, -0.9849200639837395]
[1.3120831558615211, -0.4055691140229641, -1.4406530339355843, 0.9449487448525156, -0.6506154606299193, -1.0654401223761216]
[1.3787941121616707, -0.39209118219725025, -1.4960058235712352, 1.010087677809179, -0.6366617929424278, -1.1459601807685038]
[1.4455050684618205, -0.3786132503715364, -1.5513586132068862, 1.0752266107658426, -0.6227081252549361, -1.2264802391608858]
[1.51221602476197, -0.3651353185458226, -1.6067114028425373, 1.140365543722506, -0.6087544575674446, -1.3070002975532677]
[1.5789269810621196, -0.35165738672010877, -1.6620641924781883, 1.2055044766791694, -0.594800789879953, -1.38752035594565]
[1.6456379373622694, -0.33817945489439494, -1.7174169821138392, 1.270643409635833, -0.5808471221924614, -1.4680404143380321]
[1.7123488936624187, -0.32470152306868116, -1.7727697717494904, 1.3357823425924964, -0.5668934545049699, -1.548560472730414]
[1.7790598499625685, -0.3112235912429673, -1.8281225613851413, 1.40092127554916, -0.5529397868174782, -1.6290805311227963]
[1.8457708062627178, -0.2977456594172535, -1.8834753510207922, 1.4660602085058234, -0.5389861191299867, -1.7096005895151782]
[1.9124817625628676, -0.2842677275915396, -1.9388281406564434, 1.531199141462487, -0.5250324514424951, -1.7901206479075604]
[1.9791927188630172, -0.27078979576582585, -1.9941809302920943, 1.5963380744191507, -0.5110787837550035, -1.8706407062999424]
[2.0459036751631667, -0.257311863940112, -2.0495337199277452, 1.6614770073758138, -0.497125116067512, -1.9511607646923244]
[2.1126146314633165, -0.24383393211439816, -2.1048865095633964, 1.7266159403324775, -0.48317144838002035, -2.0316808230847068]
[2.179325587763466, -0.23035600028868436, -2.160239299199047, 1.7917548732891406, -0.4692177806925288, -2.1122008814770883]
[2.2460365440636156, -0.21687806846297056, -2.2155920888346983, 1.8568938062458045, -0.4552641130050372, -2.1927209398694707]