[-0.0003798900344476053, 0.00015549534759351502, -0.00039873361162001686, 0.00011353728684238007, 0.0002491173910001976, 0.00015112606196154843]
[-0.07181957278903414, -0.010412587433646713, -0.07398448602649706, 0.033028891656535005, -0.03543963709086462, 0.08031823184596333]
[-0.14325925554362068, -0.02098067021488694, -0.1475702384413741, 0.06594424602622763, -0.07112839157272943, 0.1604853376299651]
[-0.21469893829820724, -0.03154875299612717, -0.22115599085625112, 0.09885960039592025, -0.10681714605459425, 0.24065244341396688]
[-0.28613862105279375, -0.0421168357773674, -0.2947417432711282, 0.13177495476561288, -0.14250590053645906, 0.3208195491979687]
[-0.3575783038073803, -0.05268491855860763, -0.3683274956860052, 0.1646903091353055, -0.17819465501832388, 0.40098665498197045]
[-0.4290179865619669, -0.06325300133984786, -0.4419132481008822, 0.1976056635049981, -0.2138834095001887, 0.4811537607659722]
[-0.5004576693165534, -0.07382108412108809, -0.5154990005157593, 0.23052101787469073, -0.2495721639820535, 0.5613208665499739]
[-0.5718973520711399, -0.08438916690232831, -0.5890847529306363, 0.2634363722443834, -0.2852609184639183, 0.6414879723339758]
[-0.6433370348257265, -0.09495724968356854, -0.6626705053455133, 0.296351726614076, -0.32094967294578314, 0.7216550781179776]
[-0.714776717580313, -0.10552533246480877, -0.7362562577603904, 0.3292670809837686, -0.35663842742764795, 0.8018221839019793]
[-0.7862164003348996, -0.116093415246049, -0.8098420101752675, 0.36218243535346123, -0.39232718190951277, 0.8819892896859811]
[-0.8576560830894862, -0.12666149802728924, -0.8834277625901444, 0.39509778972315385, -0.4280159363913776, 0.9621563954699829]
[-0.9290957658440726, -0.13722958080852946, -0.9570135150050215, 0.42801314409284646, -0.4637046908732424, 1.0423235012539847]
[-1.0005354485986593, -0.1477976635897697, -1.0305992674198985, 0.4609284984625391, -0.4993934453551072, 1.1224906070379863]
[-1.0719751313532457, -0.15836574637100992, -1.1041850198347756, 0.4938438528322317, -0.535082199836972, 1.2026577128219882]
[-1.1434148141078322, -0.16893382915225014, -1.1777707722496527, 0.5267592072019244, -0.5707709543188368, 1.28282481860599]
[-1.2148544968624189, -0.17950191193349038, -1.2513565246645297, 0.559674561571617, -0.6064597088007017, 1.3629919243899917]
[-1.2862941796170053, -0.1900699947147306, -1.3249422770794066, 0.5925899159413096, -0.6421484632825665, 1.4431590301739936]
[-1.3577338623715918, -0.20063807749597082, -1.3985280294942837, 0.6255052703110021, -0.6778372177644312, 1.523326135957995]
[-1.4291735451261784, -0.21120616027721106, -1.4721137819091608, 0.6584206246806948, -0.7135259722462961, 1.6034932417419971]
[-1.500613227880765, -0.22177424305845128, -1.5456995343240376, 0.6913359790503874, -0.7492147267281608, 1.6836603475259986]
[-1.5720529106353516, -0.23234232583969153, -1.619285286738915, 0.7242513334200801, -0.7849034812100257, 1.7638274533100007]
[-1.6434925933899378, -0.24291040862093172, -1.6928710391537918, 0.7571666877897726, -0.8205922356918904, 1.8439945590940023]
[-1.7149322761445247, -0.253478491402172, -1.7664567915686689, 0.7900820421594653, -0.8562809901737554, 1.9241616648780042]
[-1.786371958899111, -0.2640465741834122, -1.8400425439835457, 0.8229973965291578, -0.8919697446556201, 2.004328770662006]
[-1.8578116416536976, -0.2746146569646524, -1.913628296398423, 0.8559127508988505, -0.927658499137485, 2.0844958764460078]
[-1.929251324408284, -0.28518273974589264, -1.9872140488132999, 0.8888281052685432, -0.9633472536193497, 2.164662982230009]
[-2.000691007162871, -0.2957508225271329, -2.060799801228177, 0.9217434596382358, -0.9990360081012146, 2.244830088014011]
[-2.072130689917457, -0.3063189053083731, -2.134385553643054, 0.9546588140079284, -1.0347247625830793, 2.324997193798013]
[-2.143570372672044, -0.31688698808961335, -2.207971306057931, 0.987574168377621, -1.0704135170649443, 2.405164299582015]
[-2.2150100554266303, -0.32745507087085357, -2.281557058472808, 1.0204895227473136, -1.106102271546809, 2.4853314053660163]
[-2.2864497381812168, -0.3380231536520938, -2.3551428108876853, 1.0534048771170064, -1.1417910260286739, 2.5654985111500186]
[-2.3578894209358032, -0.348591236433334, -2.428728563302562, 1.0863202314866989, -1.1774797805105386, 2.64566561693402]
[-2.42932910369039, -0.3591593192145743, -2.5023143157174395, 1.1192355858563916, -1.2131685349924035, 2.725832722718022]
[-2.5007687864449766, -0.3697274019958145, -2.575900068132316, 1.152150940226084, -1.2488572894742682, 2.8059998285020233]
[-2.572208469199563, -0.3802954847770547, -2.649485820547193, 1.1850662945957768, -1.2845460439561331, 2.8861669342860257]
[-2.6436481519541495, -0.39086356755829493, -2.7230715729620703, 1.2179816489654693, -1.3202347984379978, 2.966334040070027]