[-0.0003538023526044043, 0.0002310541888315143, -0.000426450416998847, -4.068311985605533e-05, 0.00030435052555422004, -8.30225518644312e-06]
[-0.0437827728689756, -0.03019116018830727, -0.06388084849536861, -0.009454077977147493, -0.05324302656461054, 0.10077732478731934]
[-0.08721174338534679, -0.060613374565446056, -0.12733524657373838, -0.01886747283443893, -0.1067904036547753, 0.20156295182982512]
[-0.13064071390171797, -0.09103558894258484, -0.19078964465210815, -0.02828086769173037, -0.16033778074494007, 0.3023485788723309]
[-0.17406968441808918, -0.12145780331972363, -0.2542440427304779, -0.037694262549021806, -0.2138851578351048, 0.4031342059148367]
[-0.21749865493446038, -0.15188001769686243, -0.3176984408088477, -0.047107657406313244, -0.2674325349252696, 0.5039198329573426]
[-0.26092762545083154, -0.1823022320740012, -0.38115283888721746, -0.05652105226360468, -0.32097991201543435, 0.6047054599998483]
[-0.30435659596720277, -0.21272444645114, -0.44460723696558724, -0.06593444712089612, -0.3745272891055991, 0.7054910870423541]
[-0.34778556648357395, -0.24314666082827877, -0.508061635043957, -0.07534784197818756, -0.42807466619576384, 0.8062767140848598]
[-0.3912145369999452, -0.2735688752054176, -0.5715160331223268, -0.084761236835479, -0.48162204328592867, 0.9070623411273657]
[-0.43464350751631636, -0.3039910895825564, -0.6349704312006965, -0.09417463169277043, -0.5351694203760934, 1.0078479681698715]
[-0.47807247803268754, -0.33441330395969515, -0.6984248292790664, -0.10358802655006187, -0.5887167974662582, 1.1086335952123771]
[-0.5215014485490587, -0.3648355183368339, -0.7618792273574361, -0.11300142140735331, -0.6422641745564229, 1.209419222254883]
[-0.56493041906543, -0.39525773271397274, -0.8253336254358059, -0.12241481626464475, -0.6958115516465877, 1.3102048492973888]
[-0.6083593895818011, -0.4256799470911115, -0.8887880235141756, -0.13182821112193618, -0.7493589287367525, 1.4109904763398946]
[-0.6517883600981723, -0.4561021614682503, -0.9522424215925454, -0.1412416059792276, -0.8029063058269172, 1.5117761033824004]
[-0.6952173306145435, -0.48652437584538905, -1.015696819670915, -0.15065500083651906, -0.8564536829170819, 1.612561730424906]
[-0.7386463011309147, -0.5169465902225279, -1.0791512177492848, -0.16006839569381048, -0.9100010600072467, 1.7133473574674118]
[-0.782075271647286, -0.5473688045996667, -1.1426056158276547, -0.16948179055110194, -0.9635484370974116, 1.814132984509918]
[-0.8255042421636571, -0.5777910189768055, -1.2060600139060245, -0.1788951854083934, -1.0170958141875763, 1.9149186115524237]
[-0.8689332126800283, -0.6082132333539443, -1.2695144119843942, -0.1883085802656848, -1.070643191277741, 2.0157042385949295]
[-0.9123621831963995, -0.638635447731083, -1.3329688100627641, -0.19772197512297623, -1.1241905683679059, 2.116489865637435]
[-0.9557911537127707, -0.6690576621082218, -1.3964232081411339, -0.2071353699802677, -1.1777379454580705, 2.2172754926799407]
[-0.9992201242291419, -0.6994798764853606, -1.4598776062195036, -0.2165487648375591, -1.2312853225482352, 2.3180611197224468]
[-1.042649094745513, -0.7299020908624994, -1.5233320042978733, -0.22596215969485056, -1.2848326996384, 2.4188467467649524]
[-1.0860780652618844, -0.7603243052396382, -1.5867864023762432, -0.235375554552142, -1.338380076728565, 2.5196323738074584]
[-1.1295070357782555, -0.790746519616777, -1.650240800454613, -0.24478894940943344, -1.3919274538187296, 2.620418000849964]
[-1.1729360062946268, -0.8211687339939158, -1.7136951985329827, -0.2542023442667249, -1.4454748309088945, 2.72120362789247]
[-1.2163649768109979, -0.8515909483710545, -1.7771495966113524, -0.2636157391240163, -1.4990222079990592, 2.8219892549349757]