[-0.00032240905948732745, 9.15708264663806e-05, -0.0003781753713578695, -2.8975568704403543e-05, 0.00023020185614974764, 1.001476114215194e-05]
[-0.07651593903036048, -0.02780337325971976, -0.06748585394890896, -0.08038362468922783, 0.05050832493935181, -0.0011748676370390218]
[-0.15270946900123364, -0.0556983173459059, -0.13459353252646006, -0.16073827380975125, 0.10078644802255388, -0.0023597500352201956]
[-0.2289029989721068, -0.08359326143209204, -0.20170121110401118, -0.2410929229302747, 0.15106457110575597, -0.0035446324334013693]
[-0.30509652894297995, -0.11148820551827818, -0.26880888968156225, -0.3214475720507981, 0.201342694188958, -0.004729514831582543]
[-0.3812900589138531, -0.1393831496044643, -0.3359165682591133, -0.4018022211713215, 0.25162081727216007, -0.005914397229763717]
[-0.4574835888847263, -0.16727809369065047, -0.4030242468366645, -0.482156870291845, 0.3018989403553622, -0.0070992796279448905]
[-0.5336771188555994, -0.1951730377768366, -0.47013192541421556, -0.5625115194123684, 0.35217706343856425, -0.008284162026126064]
[-0.6098706488264726, -0.22306798186302274, -0.5372396039917666, -0.6428661685328918, 0.40245518652176626, -0.009469044424307238]
[-0.6860641787973457, -0.2509629259492089, -0.6043472825693177, -0.7232208176534153, 0.4527333096049683, -0.010653926822488412]
[-0.7622577087682189, -0.278857870035395, -0.6714549611468688, -0.8035754667739387, 0.5030114326881704, -0.011838809220669586]
[-0.838451238739092, -0.3067528141215811, -0.7385626397244198, -0.883930115894462, 0.5532895557713725, -0.013023691618850758]
[-0.9146447687099653, -0.3346477582077673, -0.8056703183019711, -0.9642847650149856, 0.6035676788545746, -0.014208574017031933]
[-0.9908382986808384, -0.3625427022939534, -0.8727779968795222, -1.044639414135509, 0.6538458019377766, -0.015393456415213107]
[-1.0670318286517115, -0.39043764638013956, -0.9398856754570732, -1.1249940632560325, 0.7041239250209788, -0.01657833881339428]
[-1.1432253586225847, -0.4183325904663257, -1.0069933540346243, -1.2053487123765558, 0.7544020481041808, -0.017763221211575454]
[-1.2194188885934578, -0.44622753455251185, -1.0741010326121754, -1.2857033614970792, 0.8046801711873828, -0.018948103609756628]
[-1.295612418564331, -0.474122478638698, -1.1412087111897264, -1.3660580106176026, 0.8549582942705849, -0.020132986007937802]
[-1.371805948535204, -0.5020174227248841, -1.2083163897672775, -1.4464126597381262, 0.9052364173537869, -0.021317868406118975]
[-1.4479994785060772, -0.5299123668110702, -1.2754240683448286, -1.5267673088586495, 0.955514540436989, -0.02250275080430015]
[-1.5241930084769504, -0.5578073108972563, -1.3425317469223796, -1.607121957979173, 1.005792663520191, -0.023687633202481323]
[-1.6003865384478235, -0.5857022549834425, -1.4096394254999307, -1.6874766070996963, 1.0560707866033932, -0.024872515600662497]
[-1.6765800684186967, -0.6135971990696286, -1.4767471040774818, -1.7678312562202196, 1.1063489096865953, -0.026057397998843667]
[-1.75277359838957, -0.6414921431558148, -1.5438547826550333, -1.8481859053407435, 1.1566270327697974, -0.027242280397024848]
[-1.8289671283604432, -0.669387087242001, -1.6109624612325844, -1.9285405544612668, 1.2069051558529995, -0.028427162795206018]
[-1.9051606583313163, -0.6972820313281871, -1.6780701398101354, -2.0088952035817904, 1.2571832789362014, -0.02961204519338719]
[-1.9813541883021895, -0.7251769754143732, -1.7451778183876865, -2.089249852702314, 1.3074614020194035, -0.030796927591568365]
[-2.057547718273063, -0.7530719195005594, -1.8122854969652376, -2.169604501822837, 1.3577395251026056, -0.03198180998974954]
[-2.1337412482439357, -0.7809668635867455, -1.8793931755427886, -2.2499591509433605, 1.4080176481858078, -0.03316669238793071]
[-2.209934778214809, -0.8088618076729317, -1.9465008541203397, -2.330313800063884, 1.4582957712690097, -0.03435157478611189]
[-2.286128308185682, -0.8367567517591178, -2.0136085326978908, -2.4106684491844073, 1.5085738943522118, -0.03553645718429306]