[-0.0004267687642682816, 0.00011324296054127103, -0.00042293055572439897, -1.8827579185476395e-05, 0.00031617332071576243, 3.767580908409229e-05]
[0.05151711360129181, -0.040833217604773125, -0.0561721348345898, 0.053475902115272506, -0.03383932503360417, 0.05363935370849271]
[0.1034609959668519, -0.08177967817008752, -0.1119213391134552, 0.10697063180973049, -0.0679948233879241, 0.10724103160790133]
[0.155404878332412, -0.12272613873540192, -0.1676705433923206, 0.16046536150418847, -0.10215032174224405, 0.16084270950730994]
[0.2073487606979721, -0.16367259930071631, -0.223419747671186, 0.21396009119864645, -0.13630582009656397, 0.21444438740671856]
[0.2592926430635322, -0.20461905986603074, -0.2791689519500514, 0.26745482089310446, -0.17046131845088394, 0.2680460653061272]
[0.3112365254290923, -0.2455655204313451, -0.3349181562289168, 0.3209495505875624, -0.20461681680520385, 0.3216477432055358]
[0.3631804077946524, -0.28651198099665953, -0.3906673605077822, 0.3744442802820204, -0.2387723151595238, 0.3752494211049444]
[0.41512429016021246, -0.3274584415619739, -0.4464165647866476, 0.4279390099764784, -0.2729278135138437, 0.42885109900435303]
[0.4670681725257726, -0.3684049021272883, -0.502165769065513, 0.4814337396709364, -0.3070833118681637, 0.48245277690376165]
[0.5511581381368502, -0.40345618387298887, -0.5973053836005232, 0.5182721301746969, -0.32138461262830015, 0.5192557015769103]
[0.635248103747928, -0.43850746561868936, -0.6924449981355333, 0.5551105206784572, -0.3356859133884366, 0.5560586262500588]
[0.7193380693590056, -0.47355874736438985, -0.7875846126705435, 0.5919489111822177, -0.3499872141485731, 0.5928615509232074]
[0.8034280349700833, -0.5086100291100903, -0.8827242272055535, 0.6287873016859782, -0.36428851490870956, 0.6296644755963559]
[0.8875180005811609, -0.543661310855791, -0.9778638417405638, 0.6656256921897385, -0.37858981566884603, 0.6664674002695046]
[0.9716079661922385, -0.5787125926014914, -1.073003456275574, 0.702464082693499, -0.3928911164289825, 0.7032703249426531]
[1.0556979318033162, -0.613763874347192, -1.1681430708105842, 0.7393024731972595, -0.40719241718911897, 0.7400732496158016]
[1.139787897414394, -0.6488151560928925, -1.2632826853455943, 0.7761408637010199, -0.42149371794925544, 0.7768761742889502]
[1.2238778630254716, -0.683866437838593, -1.3584222998806044, 0.8129792542047803, -0.4357950187093919, 0.8136790989620988]
[1.2604447899659714, -0.6490923664271429, -1.4076258481242334, 0.7493128642051907, -0.3763687076920043, 0.7496624809374578]
[1.2970117169064714, -0.6143182950156928, -1.4568293963678625, 0.6856464742056012, -0.3169423966746167, 0.6856458629128168]
[1.3335786438469712, -0.5795442236042426, -1.5060329446114915, 0.6219800842060116, -0.25751608565722917, 0.6216292448881757]
[1.370145570787471, -0.5447701521927925, -1.5552364928551206, 0.558313694206422, -0.19808977463984154, 0.5576126268635349]
[1.406712497727971, -0.5099960807813424, -1.6044400410987496, 0.49464730420683245, -0.1386634636224539, 0.49359600883889376]
[1.4432794246684708, -0.47522200936989223, -1.6536435893423787, 0.4309809142072428, -0.07923715260506636, 0.4295793908142528]
[1.4798463516089706, -0.44044793795844206, -1.7028471375860077, 0.3673145242076533, -0.019810841587678762, 0.3655627727896118]
[1.5164132785494706, -0.40567386654699195, -1.7520506858296367, 0.3036481342080637, 0.03961546942970884, 0.3015461547649708]
[1.5529802054899704, -0.37089979513554183, -1.8012542340732658, 0.23998174420847418, 0.09904178044709638, 0.23752953674032984]
[1.5895471324304702, -0.33612572372409166, -1.8504577823168948, 0.17631535420888456, 0.1584680914644841, 0.17351291871568875]
[1.62611405937097, -0.30135165231264155, -1.8996613305605239, 0.11264896420929493, 0.21789440248187159, 0.10949630069104777]
[1.66268098631147, -0.2665775809011914, -1.948864878804153, 0.04898257420970531, 0.2773207134992592, 0.045479682666406784]
[1.6992479132519698, -0.23180350948974124, -1.998068427047782, -0.014683815789884204, 0.3367470245166468, -0.01853693535823417]