[-0.0002939937260908465, 0.0002568046048336825, -0.000408116260963709, 0.0001249270502974298, 0.00030612766862425644, 0.00013663900372584692]
[-0.04092745799810107, -0.0224373352450294, -0.09344063250596513, 0.0878798519650566, 0.04991753554183313, -0.007556089632018206]
[-0.08156092227011129, -0.04513147509489248, -0.18647314875096654, 0.17563477687981577, 0.09952894341504201, -0.01524881826776226]
[-0.12219438654212152, -0.06782561494475556, -0.27950566499596796, 0.26338970179457494, 0.1491403512882509, -0.02294154690350631]
[-0.16282785081413173, -0.09051975479461864, -0.3725381812409694, 0.3511446267093341, 0.19875175916145976, -0.030634275539250366]
[-0.20346131508614196, -0.11321389464448173, -0.4655706974859708, 0.43889955162409333, 0.24836316703466868, -0.03832700417499442]
[-0.2440947793581522, -0.1359080344943448, -0.5586032137309722, 0.5266544765388524, 0.29797457490787754, -0.04601973281073847]
[-0.2847282436301624, -0.1586021743442079, -0.6516357299759736, 0.6144094014536117, 0.34758598278108643, -0.05371246144648253]
[-0.3253617079021726, -0.18129631419407097, -0.744668246220975, 0.7021643263683708, 0.39719739065429527, -0.06140519008222658]
[-0.36599517217418287, -0.20399045404393407, -0.8377007624659766, 0.7899192512831301, 0.4468087985275042, -0.06909791871797064]
[-0.40662863644619307, -0.22668459389379714, -0.9307332787109779, 0.8776741761978892, 0.4964202064007131, -0.07679064735371469]
[-0.4472621007182033, -0.24937873374366024, -1.0237657949559793, 0.9654291011126483, 0.546031614273922, -0.08448337598945874]
[-0.4878955649902135, -0.2720728735935233, -1.1167983112009807, 1.0531840260274075, 0.5956430221471308, -0.09217610462520279]
[-0.5285290292622238, -0.2947670134433864, -1.2098308274459821, 1.1409389509421668, 0.6452544300203398, -0.09986883326094685]
[-0.569162493534234, -0.3174611532932495, -1.3028633436909836, 1.228693875856926, 0.6948658378935486, -0.1075615618966909]
[-0.6097959578062442, -0.34015529314311255, -1.395895859935985, 1.316448800771685, 0.7444772457667574, -0.11525429053243495]
[-0.6504294220782544, -0.3628494329929756, -1.4889283761809864, 1.4042037256864441, 0.7940886536399663, -0.122947019168179]
[-0.6910628863502646, -0.3855435728428387, -1.5819608924259876, 1.4919586506012033, 0.8437000615131752, -0.13063974780392304]
[-0.7316963506222749, -0.4082377126927018, -1.6749934086709894, 1.5797135755159628, 0.8933114693863842, -0.13833247643966712]
[-0.7723298148942851, -0.4309318525425649, -1.7680259249159906, 1.667468500430722, 0.9429228772595931, -0.14602520507541117]
[-0.8129632791662953, -0.45362599239242796, -1.861058441160992, 1.755223425345481, 0.992534285132802, -0.15371793371115522]
[-0.8535967434383056, -0.4763201322422911, -1.9540909574059935, 1.8429783502602402, 1.042145693006011, -0.16141066234689927]
[-0.8942302077103158, -0.49901427209215415, -2.047123473650995, 1.9307332751749993, 1.0917571008792197, -0.16910339098264332]
[-0.934863671982326, -0.5217084119420172, -2.1401559898959963, 2.0184882000897586, 1.1413685087524286, -0.17679611961838737]
[-0.9754971362543362, -0.5444025517918802, -2.2331885061409977, 2.1062431250045175, 1.1909799166256374, -0.18448884825413142]
[-1.0161306005263464, -0.5670966916417434, -2.326221022385999, 2.193998049919277, 1.2405913244988465, -0.1921815768898755]
[-1.0567640647983567, -0.5897908314916065, -2.4192535386310006, 2.281752974834036, 1.2902027323720553, -0.19987430552561955]
[-1.0973975290703668, -0.6124849713414695, -2.512286054876002, 2.369507899748795, 1.3398141402452641, -0.2075670341613636]
[-1.1380309933423771, -0.6351791111913326, -2.6053185711210034, 2.4572628246635544, 1.389425548118473, -0.21525976279710765]