[-0.0003870979882769632, 0.00013414238193032446, -0.0004350410523290549, 0.0001250439645978929, 0.0001859898478313582, 9.976921260967941e-05]
[0.06922485386015094, -0.05851644885749026, -0.09217275997922522, 0.06491291651536157, -0.012599978087120545, 0.005140769386848499]
[0.13883680570857884, -0.11716704009691084, -0.1839104789061214, 0.12970078906612525, -0.025385946022072448, 0.01018176956108732]
[0.20844875755700676, -0.17581763133633144, -0.2756481978330176, 0.19448866161688894, -0.03817191395702435, 0.015222769735326139]
[0.27806070940543465, -0.234468222575752, -0.3673859167599137, 0.2592765341676526, -0.05095788189197625, 0.02026376990956496]
[0.3476726612538626, -0.29311881381517263, -0.45912363568680997, 0.3240644067184163, -0.06374384982692816, 0.02530477008380378]
[0.4172846131022905, -0.3517694050545932, -0.5508613546137061, 0.38885227926918, -0.07652981776188006, 0.0303457702580426]
[0.4868965649507184, -0.4104199962940138, -0.6425990735406023, 0.4536401518199437, -0.08931578569683196, 0.035386770432281424]
[0.5565085167991463, -0.46907058753343434, -0.7343367924674984, 0.5184280243707073, -0.10210175363178386, 0.04042777060652024]
[0.6261204686475742, -0.527721178772855, -0.8260745113943946, 0.583215896921471, -0.11488772156673577, 0.04546877078075906]
[0.6957324204960021, -0.5863717700122756, -0.9178122303212909, 0.6480037694722347, -0.12767368950168767, 0.05050977095499788]
[0.76534437234443, -0.6450223612516961, -1.009549949248187, 0.7127916420229984, -0.14045965743663957, 0.055550771129236697]
[0.8349563241928579, -0.7036729524911167, -1.1012876681750832, 0.7775795145737621, -0.15324562537159148, 0.06059177130347552]
[0.8921158976792536, -0.6879204092747513, -1.138311039660618, 0.845955287540253, -0.15669626312816262, -0.0639998569386109]
[0.9492754711656493, -0.672167866058386, -1.1753344111461528, 0.914331060506744, -0.16014690088473377, -0.18859148518069732]
[1.006435044652045, -0.6564153228420206, -1.2123577826316878, 0.9827068334732348, -0.1635975386413049, -0.31318311342278365]
[1.0635946181384406, -0.6406627796256552, -1.2493811541172226, 1.0510826064397258, -0.16704817639787606, -0.4377747416648701]
[1.1207541916248362, -0.6249102364092898, -1.2864045256027574, 1.1194583794062167, -0.17049881415444723, -0.5623663699069565]
[1.1779137651112317, -0.6091576931929245, -1.3234278970882922, 1.1878341523727076, -0.17394945191101838, -0.6869579981490429]
[1.2350733385976274, -0.5934051499765591, -1.360451268573827, 1.2562099253391985, -0.17740008966758952, -0.8115496263911293]
[1.292232912084023, -0.5776526067601937, -1.397474640059362, 1.3245856983056896, -0.18085072742416067, -0.9361412546332158]
[1.3493924855704187, -0.5619000635438283, -1.4344980115448969, 1.3929614712721805, -0.1843013651807318, -1.060732882875302]
[1.4065520590568144, -0.5461475203274629, -1.4715213830304317, 1.4613372442386714, -0.18775200293730296, -1.1853245111173885]
[1.46371163254321, -0.5303949771110975, -1.5085447545159665, 1.5297130172051623, -0.1912026406938741, -1.309916139359475]
[1.5208712060296055, -0.5146424338947322, -1.5455681260015013, 1.5980887901716532, -0.19465327845044525, -1.4345077676015612]
[1.5780307795160013, -0.4988898906783668, -1.5825914974870363, 1.666464563138144, -0.1981039162070164, -1.5590993958436477]
[1.6351903530023968, -0.48313734746200143, -1.6196148689725711, 1.734840336104635, -0.20155455396358754, -1.683691024085734]
[1.6923499264887925, -0.46738480424563605, -1.656638240458106, 1.803216109071126, -0.20500519172015869, -1.8082826523278206]
[1.7495094999751881, -0.4516322610292707, -1.6936616119436407, 1.871591882037617, -0.20845582947672986, -1.932874280569907]
[1.8066690734615838, -0.4358797178129053, -1.7306849834291755, 1.9399676550041078, -0.211906467233301, -2.0574659088119933]
[1.8638286469479795, -0.4201271745965399, -1.7677083549147103, 2.008343427970599, -0.21535710498987215, -2.18205753705408]
[1.9209882204343751, -0.40437463138017454, -1.8047317264002452, 2.07671920093709, -0.2188077427464433, -2.3066491652961663]
[1.9781477939207708, -0.38862208816380917, -1.8417550978857802, 2.1450949739035807, -0.22225838050301444, -2.4312407935382527]