[-0.0002778904833240503, 0.00022070761082382262, -0.000452437719174803, -1.695157463998953e-05, 0.00026515317846431685, 2.2079849679279562e-05]
[-0.026636639873606063, -0.044687268348328556, -0.06717863121204921, 0.07555236142162634, 0.0592308427949736, -0.029183588602335258]
[-0.052995389263888075, -0.08959524430748093, -0.13390482470492363, 0.15112167441789268, 0.11819653241148288, -0.058389257054349795]
[-0.07935413865417008, -0.1345032202666333, -0.20063101819779802, 0.22669098741415897, 0.17716222202799214, -0.08759492550636433]
[-0.1057128880444521, -0.1794111962257857, -0.26735721169067245, 0.30226030041042534, 0.23612791164450145, -0.11680059395837887]
[-0.13207163743473413, -0.22431917218493808, -0.33408340518354684, 0.37782961340669163, 0.29509360126101075, -0.1460062624103934]
[-0.15843038682501612, -0.26922714814409043, -0.40080959867642124, 0.4533989264029579, 0.35405929087751997, -0.17521193086240794]
[-0.18478913621529816, -0.31413512410324285, -0.4675357921692957, 0.5289682393992243, 0.4130249804940293, -0.2044175993144225]
[-0.21114788560558015, -0.3590431000623952, -0.5342619856621701, 0.6045375523954907, 0.4719906701105386, -0.23362326776643702]
[-0.23750663499586216, -0.40395107602154756, -0.6009881791550444, 0.6801068653917569, 0.5309563597270478, -0.26282893621845155]
[-0.2638653843861442, -0.4488590519807, -0.6677143726479189, 0.7556761783880233, 0.5899220493435572, -0.2920346046704661]
[-0.2902241337764262, -0.49376702793985233, -0.7344405661407933, 0.8312454913842896, 0.6488877389600664, -0.32124027312248066]
[-0.3165828831667082, -0.5386750038990047, -0.8011667596336677, 0.9068148043805558, 0.7078534285765756, -0.35044594157449516]
[-0.34294163255699023, -0.5835829798581571, -0.8678929531265421, 0.9823841173768223, 0.766819118193085, -0.3796516100265097]
[-0.36930038194727227, -0.6284909558173095, -0.9346191466194166, 1.0579534303730886, 0.8257848078095943, -0.40885727847852427]
[-0.3956591313375542, -0.6733989317764618, -1.001345340112291, 1.1335227433693549, 0.8847504974261035, -0.43806294693053877]
[-0.42201788072783625, -0.7183069077356142, -1.0680715336051654, 1.2090920563656213, 0.9437161870426128, -0.4672686153825533]
[-0.4483766301181183, -0.7632148836947666, -1.1347977270980398, 1.2846613693618876, 1.0026818766591221, -0.4964742838345679]
[-0.4747353795084003, -0.808122859653919, -1.201523920590914, 1.3602306823581538, 1.0616475662756313, -0.5256799522865824]
[-0.5010941288986823, -0.8530308356130714, -1.2682501140837885, 1.4357999953544203, 1.1206132558921407, -0.5548856207385969]
[-0.5274528782889644, -0.8979388115722238, -1.334976307576663, 1.5113693083506865, 1.17957894550865, -0.5840912891906115]
[-0.5538116276792463, -0.9428467875313761, -1.4017025010695374, 1.5869386213469527, 1.2385446351251592, -0.6132969576426259]
[-0.5801703770695283, -0.9877547634905285, -1.4684286945624119, 1.6625079343432192, 1.2975103247416684, -0.6425026260946406]
[-0.6065291264598104, -1.032662739449681, -1.5351548880552863, 1.7380772473394857, 1.3564760143581778, -0.6717082945466551]
[-0.6328878758500923, -1.0775707154088332, -1.6018810815481606, 1.8136465603357517, 1.415441703974687, -0.7009139629986696]
[-0.6592466252403744, -1.1224786913679856, -1.668607275041035, 1.8892158733320181, 1.4744073935911963, -0.7301196314506841]