[-0.00038245292833849476, 0.0002646440570668318, -0.0003930539779508635, 0.0001257359504789335, 0.00031291985281090007, -1.4206172427755348e-05]
[0.022794401837953095, -0.02869719098500597, -0.10201420859877025, -0.032200997753027163, 0.0616760682889912, 0.04535164371633016]
[0.045971256604244684, -0.05765902602707877, -0.20363536321958964, -0.06452773145653326, 0.1230392167251715, 0.09071749360508807]
[0.06914811137053628, -0.08662086106915157, -0.305256517840409, -0.09685446516003936, 0.1844023651613518, 0.136083343493846]
[0.09232496613682786, -0.11558269611122438, -0.4068776724612284, -0.12918119886354545, 0.2457655135975321, 0.1814491933826039]
[0.11550182090311945, -0.14454453115329718, -0.5084988270820479, -0.16150793256705154, 0.3071286620337124, 0.22681504327136182]
[0.13867867566941106, -0.17350636619536997, -0.6101199817028672, -0.19383466627055765, 0.3684918104698927, 0.27218089316011973]
[0.16185553043570264, -0.20246820123744277, -0.7117411363236865, -0.22616139997406376, 0.429854958906073, 0.31754674304887764]
[0.18503238520199422, -0.23143003627951558, -0.813362290944506, -0.25848813367756984, 0.4912181073422533, 0.36291259293763556]
[0.2082092399682858, -0.26039187132158836, -0.9149834455653254, -0.2908148673810759, 0.5525812557784336, 0.4082784428263935]
[0.23138609473457739, -0.2893537063636612, -1.0166046001861448, -0.323141601084582, 0.6139444042146139, 0.4536442927151514]
[0.254562949500869, -0.318315541405734, -1.118225754806964, -0.35546833478808815, 0.6753075526507942, 0.4990101426039093]
[0.2777398042671606, -0.34727737644780676, -1.2198469094277835, -0.38779506849159423, 0.7366707010869745, 0.5443759924926672]
[0.30091665903345216, -0.3762392114898796, -1.321468064048603, -0.4201218021951003, 0.7980338495231548, 0.5897418423814251]
[0.32409351379974377, -0.4052010465319524, -1.4230892186694222, -0.45244853589860645, 0.8593969979593351, 0.635107692270183]
[0.3472703685660353, -0.4341628815740252, -1.5247103732902416, -0.48477526960211254, 0.9207601463955154, 0.680473542158941]
[0.37044722333232694, -0.463124716616098, -1.626331527911061, -0.5171020033056186, 0.9821232948316957, 0.7258393920476989]
[0.49523352197076465, -0.45465063141609346, -1.6365424418658379, -0.5930683078447941, 0.9598705538838164, 0.7709330425922647]
[0.6200198206092025, -0.44617654621608893, -1.6467533558206144, -0.6690346123839697, 0.937617812935937, 0.8160266931368304]
[0.7448061192476401, -0.4377024610160844, -1.6569642697753912, -0.7450009169231451, 0.9153650719880577, 0.8611203436813962]
[0.8695924178860779, -0.42922837581607987, -1.667175183730168, -0.8209672214623207, 0.8931123310401784, 0.9062139942259619]
[0.9943787165245156, -0.42075429061607533, -1.6773860976849446, -0.8969335260014961, 0.8708595900922991, 0.9513076447705278]
[1.1191650151629533, -0.4122802054160708, -1.6875970116397214, -0.9728998305406716, 0.8486068491444199, 0.9964012953150936]
[1.2439513138013911, -0.4038061202160662, -1.697807925594498, -1.0488661350798472, 0.8263541081965405, 1.0414949458596594]
[1.368737612439829, -0.3953320350160617, -1.7080188395492748, -1.1248324396190226, 0.8041013672486612, 1.086588596404225]
[1.4935239110782668, -0.38685794981605715, -1.7182297535040516, -1.2007987441581984, 0.7818486263007819, 1.1316822469487908]
[1.6183102097167041, -0.3783838646160526, -1.7284406674588282, -1.2767650486973738, 0.7595958853529026, 1.1767758974933566]
[1.7430965083551422, -0.3699097794160481, -1.738651581413605, -1.3527313532365492, 0.7373431444050232, 1.2218695480379225]