[-0.00039275493141044393, 0.000209814551387133, -0.00038707921665803724, 0.00014258737483974215, 0.00019176870385351208, -2.6889734017210287e-05]
[0.025971905855777497, -0.07090306610043362, -0.056003103050302185, 0.030324255089073587, -0.03367083968628463, -0.05694995279322247]
[0.05233656664296544, -0.14201594675225437, -0.11161912688394633, 0.06050592280330743, -0.06753344807642277, -0.11387301585242773]
[0.07870122743015338, -0.21312882740407513, -0.16723515071759049, 0.09068759051754127, -0.10139605646656091, -0.17079607891163298]
[0.10506588821734132, -0.2842417080558959, -0.22285117455123463, 0.12086925823177512, -0.13525866485669905, -0.22771914197083826]
[0.13143054900452927, -0.3553545887077167, -0.2784671983848788, 0.15105092594600897, -0.1691212732468372, -0.28464220503004356]
[0.1577952097917172, -0.4264674693595374, -0.33408322221852293, 0.1812325936602428, -0.20298388163697534, -0.34156526808924875]
[0.18415987057890515, -0.4975803500113582, -0.3896992460521671, 0.21141426137447666, -0.2368464900271135, -0.39848833114845406]
[0.2850304260829619, -0.5541796500910061, -0.4962379664727463, 0.2166754464850153, -0.2416955943369343, -0.4051863123954904]
[0.3859009815870187, -0.6107789501706541, -0.6027766868933255, 0.22193663159555393, -0.2465446986467551, -0.41188429364252677]
[0.4867715370910755, -0.6673782502503021, -0.7093154073139046, 0.22719781670609254, -0.2513938029565759, -0.4185822748895631]
[0.5876420925951322, -0.7239775503299499, -0.8158541277344838, 0.23245900181663118, -0.2562429072663967, -0.4252802561365995]
[0.6885126480991891, -0.7805768504095979, -0.9223928481550631, 0.2377201869271698, -0.2610920115762175, -0.43197823738363583]
[0.7893832036032459, -0.8371761504892459, -1.0289315685756422, 0.24298137203770842, -0.2659411158860383, -0.4386762186306722]
[0.8902537591073028, -0.8937754505688937, -1.1354702889962214, 0.24824255714824706, -0.2707902201958591, -0.44537419987770854]
[0.9911243146113594, -0.9503747506485416, -1.2420090094168006, 0.2535037422587857, -0.27563932450567985, -0.4520721811247449]
[1.0919948701154163, -1.0069740507281897, -1.3485477298373798, 0.2587649273693243, -0.2804884288155007, -0.45877016237178125]
[1.1508856774342202, -0.9578484255533262, -1.3702351814774716, 0.21980764447591267, -0.23576044352927217, -0.3821694441297348]
[1.2097764847530241, -0.9087228003784625, -1.3919226331175634, 0.180850361582501, -0.19103245824304363, -0.30556872588768835]
[1.2686672920718278, -0.859597175203599, -1.4136100847576551, 0.14189307868908935, -0.1463044729568151, -0.2289680076456419]
[1.3275580993906317, -0.8104715500287355, -1.435297536397747, 0.10293579579567769, -0.10157648767058658, -0.15236728940359545]
[1.3864489067094357, -0.7613459248538719, -1.4569849880378387, 0.06397851290226603, -0.05684850238435801, -0.075766571161549]
[1.4453397140282394, -0.7122202996790084, -1.4786724396779305, 0.025021230008854367, -0.012120517098129502, 0.0008341470804974493]
[1.5042305213470433, -0.6630946745041448, -1.5003598913180225, -0.013936052884557293, 0.032607468188099065, 0.07743486532254396]
[1.5631213286658472, -0.6139690493292813, -1.5220473429581143, -0.05289333577796895, 0.07733545347432752, 0.15403558356459035]
[1.622012135984651, -0.5648434241544177, -1.543734794598206, -0.09185061867138061, 0.12206343876055609, 0.23063630180663686]
[1.680902943303455, -0.515717798979554, -1.5654222462382978, -0.13080790156479227, 0.16679142404678465, 0.30723702004868325]
[1.7397937506222587, -0.46659217380469065, -1.5871096978783896, -0.16976518445820393, 0.2115194093330131, 0.38383773829072965]
[1.7986845579410626, -0.41746654862982707, -1.6087971495184814, -0.20872246735161562, 0.2562473946192417, 0.46043845653277615]