[-0.00037997217964846897, 0.00019360465451701003, -0.0004058408539755476, 2.4074610208479896e-05, 0.00023512680866843993, 9.198745881811021e-05]
[0.02978606131456008, -0.02015559462001829, -0.09156073084632543, 0.06525048676845577, 0.02831059546174661, -0.0629019573520687]
[0.059952094808768626, -0.04050479389455359, -0.18271562083867532, 0.13047689892670306, 0.05638606411482478, -0.12589590216295551]
[0.09011812830297718, -0.060853993169088884, -0.2738705108310252, 0.19570331108495034, 0.08446153276790296, -0.18888984697384234]
[0.12028416179718572, -0.08120319244362419, -0.3650254008233751, 0.26092972324319763, 0.11253700142098112, -0.25188379178472914]
[0.15045019529139428, -0.10155239171815948, -0.456180290815725, 0.32615613540144495, 0.1406124700740593, -0.31487773659561596]
[0.18061622878560282, -0.12190159099269478, -0.5473351808080749, 0.3913825475596922, 0.16868793872713747, -0.3778716814065028]
[0.21078226227981137, -0.1422507902672301, -0.6384900708004247, 0.4566089597179395, 0.19676340738021564, -0.4408656262173896]
[0.2409482957740199, -0.16259998954176538, -0.7296449607927746, 0.5218353718761868, 0.2248388760332938, -0.5038595710282764]
[0.2711143292682285, -0.18294918881630068, -0.8207998507851245, 0.5870617840344341, 0.252914344686372, -0.5668535158391632]
[0.301280362762437, -0.20329838809083597, -0.9119547407774744, 0.6522881961926814, 0.28098981333945017, -0.62984746065005]
[0.33144639625664557, -0.2236475873653713, -1.0031096307698244, 0.7175146083509287, 0.30906528199252836, -0.692841405460937]
[0.3616124297508541, -0.24399678663990657, -1.0942645207621742, 0.7827410205091759, 0.3371407506456065, -0.7558353502718237]
[0.3917784632450627, -0.2643459859144419, -1.1854194107545242, 0.8479674326674232, 0.3652162192986847, -0.8188292950827106]
[0.4219444967392712, -0.2846951851889772, -1.276574300746874, 0.9131938448256706, 0.39329168795176284, -0.8818232398935973]
[0.4521105302334798, -0.3050443844635125, -1.367729190739224, 0.9784202569839179, 0.42136715660484103, -0.9448171847044842]
[0.4822765637276883, -0.3253935837380478, -1.4588840807315737, 1.043646669142165, 0.44944262525791917, -1.0078111295153709]
[0.5124425972218969, -0.3457427830125831, -1.5500389707239237, 1.1088730813004124, 0.47751809391099737, -1.0708050743262578]
[0.5426086307161054, -0.36609198228711837, -1.6411938607162735, 1.1740994934586597, 0.5055935625640755, -1.1337990191371445]
[0.572774664210314, -0.3864411815616537, -1.7323487507086235, 1.239325905616907, 0.5336690312171537, -1.1967929639480315]
[0.6414610949398123, -0.36142457093696423, -1.7848177190021315, 1.2865746172585342, 0.48556085047445796, -1.2575384143620731]
[0.7101475256693105, -0.33640796031227477, -1.8372866872956397, 1.3338233289001615, 0.4374526697317622, -1.3182838647761148]
[0.7788339563988088, -0.3113913496875853, -1.8897556555891477, 1.3810720405417887, 0.3893444889890665, -1.3790293151901565]
[0.847520387128307, -0.28637473906289584, -1.942224623882656, 1.4283207521834158, 0.34123630824637075, -1.4397747656041981]
[0.9162068178578053, -0.2613581284382064, -1.994693592176164, 1.475569463825043, 0.293128127503675, -1.5005202160182398]
[0.9848932485873036, -0.23634151781351695, -2.047162560469672, 1.5228181754666703, 0.24501994676097932, -1.5612656664322815]
[1.053579679316802, -0.21132490718882746, -2.0996315287631804, 1.5700668871082974, 0.19691176601828358, -1.6220111168463232]
[1.1222661100463003, -0.186308296564138, -2.152100497056688, 1.6173155987499246, 0.14880358527558785, -1.6827565672603648]
[1.1909525407757984, -0.16129168593944856, -2.2045694653501964, 1.664564310391552, 0.10069540453289216, -1.7435020176744063]
[1.2596389715052967, -0.13627507531475908, -2.2570384336437046, 1.711813022033179, 0.05258722379019637, -1.8042474680884482]
[1.328325402234795, -0.11125846469006961, -2.309507401937213, 1.7590617336748062, 0.004479043047500686, -1.8649929185024896]
[1.397011832964293, -0.08624185406538021, -2.3619763702307206, 1.8063104453164334, -0.04362913769519505, -1.9257383689165315]
[1.4656982636937914, -0.06122524344069069, -2.414445338524229, 1.8535591569580605, -0.09173731843789079, -1.986483819330573]
[1.5343846944232897, -0.03620863281600123, -2.466914306817737, 1.9008078685996879, -0.13984549918058653, -2.047229269744615]
[1.603071125152788, -0.011192022191311823, -2.5193832751112453, 1.948056580241315, -0.18795367992328227, -2.1079747201586563]
[1.6717575558822864, 0.013824588433377694, -2.571852243404753, 1.9953052918829424, -0.236061860665978, -2.168720170572698]
[1.7404439866117847, 0.038841199058067155, -2.6243212116982613, 2.0425540035245695, -0.28417004140867375, -2.2294656209867396]
[1.8091304173412828, 0.06385780968275656, -2.6767901799917695, 2.0898027151661966, -0.3322782221513694, -2.2902110714007815]
[1.877816848070781, 0.08887442030744602, -2.7292591482852773, 2.137051426807824, -0.3803864028940652, -2.350956521814823]
[1.9465032788002794, 0.11389103093213554, -2.781728116578786, 2.1843001384494514, -0.42849458363676096, -2.411701972228865]
[2.0151897095297775, 0.13890764155682495, -2.8341970848722937, 2.231548850091078, -0.4766027643794566, -2.4724474226429063]
[2.0838761402592763, 0.16392425218151446, -2.886666053165802, 2.2787975617327056, -0.5247109451221523, -2.533192873056948]
[2.152562570988774, 0.18894086280620387, -2.93913502145931, 2.326046273374333, -0.5728191258648481, -2.5939383234709896]
[2.2212490017182724, 0.21395747343089327, -2.991603989752818, 2.37329498501596, -0.6209273066075438, -2.654683773885031]
[2.2899354324477708, 0.23897408405558276, -3.044072958046326, 2.420543696657587, -0.6690354873502394, -2.715429224299073]