[-0.00040187964537086174, 0.00011468694782035271, -0.0004195198113219334, 0.0001438600115974964, 0.0002796916177656428, 8.327792089168895e-05]
[0.034027113728896705, -0.062018393657343844, -0.07813566570972572, -0.08636874737625472, 0.021076112246434957, -0.012590004089730917]
[0.06845610710316427, -0.12415147426250804, -0.1558518116081295, -0.17288135476410693, 0.04187253287510427, -0.025263286100353523]
[0.10288510047743182, -0.18628455486767223, -0.23356795750653325, -0.25939396215195915, 0.06266895350377358, -0.03793656811097613]
[0.1373140938516994, -0.24841763547283643, -0.31128410340493706, -0.34590656953981136, 0.0834653741324429, -0.050609850121598736]
[0.17174308722596696, -0.3105507160780006, -0.3890002493033408, -0.4324191769276636, 0.1042617947611122, -0.06328313213222134]
[0.2061720806002345, -0.3726837966831648, -0.46671639520174457, -0.5189317843155158, 0.1250582153897815, -0.07595641414284394]
[0.2406010739745021, -0.434816877288329, -0.5444325411001484, -0.605444391703368, 0.14585463601845083, -0.08862969615346655]
[0.27503006734876967, -0.4969499578934932, -0.6221486869985522, -0.6919569990912202, 0.16665105664712015, -0.10130297816408916]
[0.3094590607230372, -0.5590830384986574, -0.6998648328969559, -0.7784696064790724, 0.18744747727578948, -0.11397626017471177]
[0.3438880540973048, -0.6212161191038216, -0.7775809787953597, -0.8649822138669246, 0.20824389790445877, -0.12664954218533436]
[0.37831704747157235, -0.6833491997089859, -0.8552971246937635, -0.9514948212547769, 0.22904031853312812, -0.13932282419595698]
[0.4127460408458399, -0.74548228031415, -0.9330132705921672, -1.038007428642629, 0.2498367391617974, -0.15199610620657958]
[0.4471750342201075, -0.8076153609193143, -1.0107294164905711, -1.1245200360304815, 0.27063315979046676, -0.1646693882172022]
[0.48160402759437504, -0.8697484415244784, -1.0884455623889748, -1.2110326434183334, 0.291429580419136, -0.1773426702278248]
[0.5160330209686427, -0.9318815221296426, -1.1661617082873788, -1.2975452508061858, 0.3122260010478054, -0.19001595223844742]
[0.5504620143429102, -0.9940146027348068, -1.2438778541857825, -1.384057858194038, 0.33302242167647467, -0.20268923424907]
[0.5848910077171777, -1.056147683339971, -1.3215940000841861, -1.4705704655818903, 0.353818842305144, -0.21536251625969263]
[0.6193200010914452, -1.118280763945135, -1.3993101459825898, -1.5570830729697422, 0.3746152629338133, -0.22803579827031523]
[0.6537489944657129, -1.1804138445502994, -1.4770262918809938, -1.6435956803575946, 0.39541168356248263, -0.24070908028093785]
[0.7174475864255258, -1.1258122191979754, -1.5033803277615543, -1.5098037356102834, 0.3905485103183399, -0.25490426863952254]
[0.7811461783853386, -1.0712105938456513, -1.5297343636421148, -1.376011790862972, 0.38568533707419717, -0.2690994569981073]
[0.8448447703451514, -1.0166089684933273, -1.556088399522675, -1.242219846115661, 0.38082216383005446, -0.28329464535669197]
[0.9085433623049642, -0.9620073431410031, -1.5824424354032356, -1.1084279013683496, 0.3759589905859117, -0.29748983371527665]
[0.9722419542647771, -0.9074057177886791, -1.608796471283796, -0.9746359566210384, 0.371095817341769, -0.3116850220738614]
[1.0359405462245899, -0.8528040924363549, -1.6351505071643566, -0.8408440118737273, 0.36623264409762624, -0.3258802104324461]
[1.0996391381844028, -0.7982024670840309, -1.6615045430449171, -0.707052067126416, 0.36136947085348353, -0.34007539879103077]
[1.1633377301442156, -0.7436008417317068, -1.6878585789254776, -0.5732601223791047, 0.3565062976093408, -0.35427058714961546]
[1.2270363221040284, -0.6889992163793828, -1.714212614806038, -0.43946817763179347, 0.35164312436519807, -0.3684657755082002]
[1.2907349140638413, -0.6343975910270587, -1.7405666506865984, -0.3056762328844822, 0.34677995112105536, -0.3826609638667849]
[1.354433506023654, -0.5797959656747346, -1.766920686567159, -0.17188428813717094, 0.3419167778769126, -0.39685615222536963]
[1.418132097983467, -0.5251943403224105, -1.7932747224477195, -0.038092343389859895, 0.3370536046327699, -0.4110513405839543]
[1.4818306899432798, -0.4705927149700865, -1.81962875832828, 0.09569960135745137, 0.33219043138862714, -0.425246528942539]
[1.5455292819030926, -0.4159910896177623, -1.8459827942088403, 0.22949154610476263, 0.32732725814448443, -0.4394417173011237]
[1.6092278738629053, -0.3613894642654383, -1.8723368300894008, 0.3632834908520741, 0.32246408490034173, -0.4536369056597084]
[1.6729264658227183, -0.3067878389131142, -1.8986908659699613, 0.4970754355993852, 0.31760091165619897, -0.4678320940182931]