[-0.00027889069116326937, 0.00024349238260068518, -0.00042119259842365864, 0.00011509539259613177, 0.00028007029096777103, 4.6283398756230554e-05]
[0.03918794731843787, -0.09074688801584001, -0.055799935215970375, -0.06207229951382337, -0.023858376089322973, 0.034804700531189184]
[0.078654785328039, -0.1817372684142807, -0.11117867783351709, -0.12425969442024287, -0.04799682246961372, 0.06956311766362214]
[0.11812162333764012, -0.2727276488127214, -0.1665574204510638, -0.18644708932666235, -0.07213526884990445, 0.10432153479605509]
[0.15758846134724128, -0.3637180292111621, -0.22193616306861053, -0.24863448423308188, -0.0962737152301952, 0.13907995192848804]
[0.19705529935684238, -0.45470840960960274, -0.27731490568615724, -0.3108218791395013, -0.12041216161048594, 0.173838369060921]
[0.2365221373664435, -0.5456987900080434, -0.33269364830370396, -0.3730092740459208, -0.14455060799077668, 0.20859678619335395]
[0.27598897537604467, -0.6366891704064841, -0.3880723909212507, -0.4351966689523403, -0.16868905437106743, 0.24335520332578692]
[0.3154558133856458, -0.7276795508049249, -0.4434511335387974, -0.4973840638587599, -0.19282750075135818, 0.27811362045821986]
[0.3549226513952469, -0.8186699312033656, -0.49882987615634417, -0.5595714587651793, -0.21696594713164893, 0.31287203759065285]
[0.394389489404848, -0.9096603116018062, -0.5542086187738908, -0.6217588536715988, -0.24110439351193966, 0.3476304547230858]
[0.4338563274144492, -1.000650692000247, -0.6095873613914375, -0.6839462485780183, -0.2652428398922304, 0.38238887185551873]
[0.5040790329461626, -1.0023656039667928, -0.6847627934343531, -0.7376208012166978, -0.2289981063319505, 0.3891468312116614]
[0.5743017384778761, -1.0040805159333384, -0.7599382254772686, -0.7912953538553773, -0.19275337277167062, 0.3959047905678041]
[0.6445244440095896, -1.0057954278998842, -0.8351136575201841, -0.8449699064940568, -0.15650863921139074, 0.4026627499239468]
[0.7147471495413031, -1.00751033986643, -0.9102890895630996, -0.8986444591327363, -0.12026390565111082, 0.40942070928008945]
[0.7929014854273893, -0.9960194775974082, -0.9707223686667413, -0.9469634341860054, -0.08620332024604598, 0.43849528935720417]
[0.8710558213134755, -0.9845286153283863, -1.031155647770383, -0.9952824092392745, -0.05214273484098113, 0.4675698694343189]
[0.9492101571995617, -0.9730377530593645, -1.0915889268740246, -1.0436013842925436, -0.01808214943591628, 0.4966444495114336]
[1.0273644930856478, -0.9615468907903426, -1.1520222059776664, -1.0919203593458127, 0.015978435969148566, 0.5257190295885483]
[1.108651440901068, -0.9077684534027399, -1.2014556625189996, -1.1250081885364989, 0.06764320686261319, 0.5505726416570486]
[1.189938388716488, -0.8539900160151372, -1.2508891190603328, -1.158096017727185, 0.11930797775607781, 0.5754262537255488]
[1.2712253365319082, -0.8002115786275346, -1.300322575601666, -1.1911838469178715, 0.17097274864954243, 0.6002798657940489]
[1.3525122843473283, -0.7464331412399319, -1.3497560321429993, -1.2242716761085577, 0.22263751954300703, 0.6251334778625491]
[1.4337992321627482, -0.6926547038523292, -1.3991894886843326, -1.257359505299244, 0.27430229043647164, 0.6499870899310494]
[1.5150861799781683, -0.6388762664647265, -1.4486229452256658, -1.2904473344899303, 0.3259670613299363, 0.6748407019995495]
[1.5963731277935884, -0.5850978290771238, -1.498056401766999, -1.3235351636806165, 0.3776318322234009, 0.6996943140680497]
[1.6776600756090085, -0.5313193916895211, -1.5474898583083323, -1.3566229928713027, 0.4292966031168655, 0.72454792613655]