[-0.0002686016478250508, 0.00016661277453522416, -0.00041400917236522616, 0.00013420546162912217, 0.0001454814158483586, 0.00014551866529721735]
[0.012194006719844419, 0.021373772048354257, -0.1271459994980186, 0.041953951728983196, 0.022368905450102932, -0.07462060505784396]
[0.02465661508751389, 0.04258093132217329, -0.253877989823672, 0.08377369799633727, 0.044592329484357505, -0.14938672878098513]
[0.037119223455183356, 0.06378809059599232, -0.3806099801493254, 0.12559344426369135, 0.06681575351861208, -0.2241528525041263]
[0.04958183182285283, 0.08499524986981136, -0.5073419704749788, 0.16741319053104542, 0.08903917755286665, -0.2989189762272675]
[0.0620444401905223, 0.1062024091436304, -0.6340739608006322, 0.2092329367983995, 0.11126260158712123, -0.37368509995040866]
[0.07450704855819176, 0.1274095684174494, -0.7608059511262856, 0.25105268306575357, 0.1334860256213758, -0.44845122367354984]
[0.08696965692586124, 0.14861672769126846, -0.887537941451939, 0.29287242933310764, 0.15570944965563038, -0.523217347396691]
[0.0994322652935307, 0.1698238869650875, -1.0142699317775923, 0.3346921756004617, 0.17793287368988495, -0.5979834711198322]
[0.11189487366120018, 0.19103104623890654, -1.141001922103246, 0.37651192186781585, 0.20015629772413954, -0.6727495948429734]
[0.12435748202886965, 0.21223820551272557, -1.267733912428899, 0.41833166813516987, 0.2223797217583941, -0.7475157185661145]
[0.1368200903965391, 0.2334453647865446, -1.3944659027545525, 0.46015141440252394, 0.2446031457926487, -0.8222818422892557]
[0.14928269876420858, 0.2546525240603636, -1.521197893080206, 0.501971160669878, 0.2668265698269032, -0.8970479660123969]
[0.16174530713187807, 0.2758596833341827, -1.6479298834058593, 0.5437909069372321, 0.2890499938611578, -0.9718140897355381]
[0.17420791549954753, 0.2970668426080017, -1.7746618737315127, 0.5856106532045862, 0.3112734178954124, -1.0465802134586792]
[0.2669498727714308, 0.2256085632831762, -1.7885162173817362, 0.6425205910608748, 0.34227106395102525, -1.02692761471147]
[0.35969183004331406, 0.1541502839583507, -1.8023705610319594, 0.6994305289171634, 0.37326871000663814, -1.0072750159642607]
[0.45243378731519734, 0.08269200463352525, -1.8162249046821828, 0.7563404667734519, 0.404266356062251, -0.9876224172170515]
[0.5451757445870806, 0.011233725308699705, -1.8300792483324062, 0.8132504046297405, 0.43526400211786387, -0.9679698184698422]
[0.6379177018589639, -0.06022455401612575, -1.8439335919826294, 0.8701603424860291, 0.4662616481734767, -0.948317219722633]
[0.7306596591308472, -0.1316828333409512, -1.8577879356328528, 0.9270702803423176, 0.49725929422908954, -0.9286646209754238]
[0.8234016164027305, -0.20314111266577667, -1.8716422792830762, 0.9839802181986064, 0.5282569402847024, -0.9090120222282145]
[0.9161435736746137, -0.2745993919906023, -1.8854966229332997, 1.0408901560548949, 0.5592545863403153, -0.8893594234810053]
[1.008885530946497, -0.3460576713154277, -1.8993509665835229, 1.0978000939111836, 0.5902522323959282, -0.869706824733796]
[1.1016274882183803, -0.4175159506402532, -1.9132053102337463, 1.1547100317674721, 0.621249878451541, -0.8500542259865868]