[-0.00042684931421543837, 7.312716133522912e-05, -0.0004386672050573637, 0.00013197806921727562, 0.00014056439795950837, 2.64633339774889e-05]
[0.03471365287411858, -0.008191421749660933, -0.09229074739057122, -0.06349626190670192, 0.05944813366465265, 0.04845433827213464]
[0.0698541550624526, -0.016455970660657095, -0.18414282757608508, -0.12712450188262112, 0.1187557029313458, 0.09688221321029179]
[0.1049946572507866, -0.024720519571653252, -0.2759949077615989, -0.19075274185854033, 0.1780632721980389, 0.14531008814844892]
[0.14013515943912064, -0.03298506848264942, -0.3678469879471128, -0.2543809818344595, 0.23737084146473209, 0.1937379630866061]
[0.17527566162745464, -0.04124961739364558, -0.4596990681326266, -0.3180092218103787, 0.2966784107314252, 0.24216583802476324]
[0.21041616381578865, -0.049514166304641734, -0.5515511483181404, -0.3816374617862979, 0.3559859799981183, 0.29059371296292036]
[0.24555666600412265, -0.0577787152156379, -0.6434032285036543, -0.4452657017622171, 0.41529354926481143, 0.3390215879010775]
[0.2806971681924567, -0.06604326412663407, -0.7352553086891682, -0.5088939417381363, 0.47460111853150466, 0.3874494628392347]
[0.3158376703807907, -0.07430781303763022, -0.827107388874682, -0.5725221817140556, 0.5339086877981978, 0.43587733777739185]
[0.3509781725691247, -0.08257236194862638, -0.9189594690601959, -0.6361504216899747, 0.5932162570648909, 0.484305212715549]
[0.38611867475745876, -0.09083691085962255, -1.0108115492457097, -0.699778661665894, 0.6525238263315841, 0.5327330876537062]
[0.42125917694579273, -0.0991014597706187, -1.1026636294312235, -0.7634069016418131, 0.7118313955982771, 0.5811609625918632]
[0.45639967913412677, -0.10736600868161487, -1.1945157096167374, -0.8270351416177323, 0.7711389648649704, 0.6295888375300205]
[0.49154018132246075, -0.11563055759261102, -1.2863677898022512, -0.8906633815936514, 0.8304465341316634, 0.6780167124681775]
[0.5266806835107948, -0.12389510650360719, -1.378219869987765, -0.9542916215695707, 0.8897541033983566, 0.7264445874063348]
[0.5618211856991289, -0.13215965541460337, -1.470071950173279, -1.0179198615454899, 0.9490616726650498, 0.7748724623444919]
[0.5969616878874628, -0.14042420432559952, -1.561924030358793, -1.081548101521409, 1.008369241931743, 0.8233003372826491]
[0.6321021900757968, -0.14868875323659567, -1.6537761105443067, -1.1451763414973284, 1.067676811198436, 0.8717282122208062]
[0.6672426922641308, -0.15695330214759182, -1.7456281907298206, -1.2088045814732475, 1.1269843804651292, 0.9201560871589634]
[0.7023831944524649, -0.165217851058588, -1.8374802709153344, -1.2724328214491667, 1.1862919497318223, 0.9685839620971205]
[0.8321867959582042, -0.15083474714527143, -1.8991905969134015, -1.2673111756182525, 1.2059455925232867, 0.9658522508428745]
[0.9619903974639435, -0.13645164323195486, -1.9609009229114687, -1.2621895297873382, 1.225599235314751, 0.9631205395886285]
[1.1303003014861441, -0.11779906900903733, -2.040914997880742, -1.2555487352026997, 1.2510822662814587, 0.959592425180347]
[1.298610205508345, -0.09914649478611982, -2.120929072850015, -1.2489079406180612, 1.2765652972481665, 0.9560643107720656]
[1.4669201095305455, -0.08049392056320231, -2.200943147819288, -1.2422671460334227, 1.3020483282148743, 0.9525361963637842]
[1.6352300135527464, -0.06184134634028479, -2.2809572227885613, -1.2356263514487842, 1.327531359181582, 0.9490080819555027]
[1.803539917574947, -0.04318877211736728, -2.3609712977578345, -1.2289855568641457, 1.35301439014829, 0.9454799675472212]
[1.9718498215971478, -0.024536197894449774, -2.440985372727108, -1.222344762279507, 1.3784974211149978, 0.9419518531389397]
[2.1401597256193483, -0.005883623671532251, -2.520999447696381, -1.2157039676948684, 1.4039804520817056, 0.9384237387306582]
[2.3084696296415492, 0.012768950551385272, -2.601013522665654, -1.20906317311023, 1.4294634830484134, 0.9348956243223768]
[2.4767795336637497, 0.03142152477430277, -2.681027597634927, -1.2024223785255914, 1.4549465140151212, 0.9313675099140953]
[2.6450894376859506, 0.05007409899722028, -2.7610416726042004, -1.195781583940953, 1.480429544981829, 0.9278393955058138]