[-0.00038165675500589913, 0.00015595334998330657, -0.0004580869595196546, 0.00014770164091171267, 0.00033836887565552587, 3.7479807362572615e-05]
[-0.05199321895388792, -0.031236830165814522, -0.06172282883145521, 0.10380756178249985, 0.05736036240414157, 0.0039226095377037345]
[-0.10360478115276994, -0.06262961368161235, -0.12298757070339077, 0.20746742192408799, 0.11438235593262762, 0.007807739268044897]
[-0.155216343351652, -0.09402239719741019, -0.18425231257532634, 0.31112728206567614, 0.1714043494611137, 0.01169286899838606]
[-0.20682790555053399, -0.125415180713208, -0.24551705444726188, 0.41478714220726426, 0.2284263429895997, 0.015577998728727222]
[-0.258439467749416, -0.15680796422900584, -0.30678179631919744, 0.5184470023488523, 0.28544833651808577, 0.019463128459068384]
[-0.3100510299482981, -0.1882007477448037, -0.36804653819113303, 0.6221068624904406, 0.34247033004657185, 0.023348258189409547]
[-0.3616625921471801, -0.21959353126060152, -0.42931128006306857, 0.7257667226320287, 0.3994923235750579, 0.027233387919750707]
[-0.4132741543460621, -0.2509863147763993, -0.4905760219350041, 0.8294265827736168, 0.4565143171035439, 0.03111851765009187]
[-0.4648857165449441, -0.28237909829219715, -0.5518407638069397, 0.9330864429152049, 0.51353631063203, 0.03500364738043303]
[-0.5164972787438261, -0.313771881807995, -0.6131055056788752, 1.036746303056793, 0.570558304160516, 0.038888777110774195]
[-0.5681088409427082, -0.3451646653237928, -0.6743702475508108, 1.140406163198381, 0.627580297689002, 0.04277390684111535]
[-0.6197204031415903, -0.3765574488395907, -0.7356349894227464, 1.2440660233399694, 0.6846022912174882, 0.04665903657145652]
[-0.6713319653404722, -0.4079502323553885, -0.796899731294682, 1.3477258834815575, 0.7416242847459742, 0.050544166301797686]
[-0.7229435275393543, -0.43934301587118635, -0.8581644731666175, 1.4513857436231457, 0.7986462782744602, 0.05442929603213884]
[-0.7745550897382363, -0.4707357993869842, -0.919429215038553, 1.5550456037647338, 0.8556682718029462, 0.058314425762480006]
[-0.8261666519371182, -0.502128582902782, -0.9806939569104886, 1.658705463906322, 0.9126902653314323, 0.06219955549282117]
[-0.8777782141360003, -0.5335213664185798, -1.041958698782424, 1.76236532404791, 0.9697122588599183, 0.06608468522316233]
[-0.9293897763348823, -0.5649141499343776, -1.1032234406543597, 1.8660251841894981, 1.0267342523884044, 0.06996981495350349]
[-0.9810013385337644, -0.5963069334501755, -1.1644881825262952, 1.9696850443310863, 1.0837562459168903, 0.07385494468384465]
[-1.0326129007326463, -0.6276997169659733, -1.2257529243982308, 2.073344904472674, 1.1407782394453765, 0.07774007441418582]
[-1.0842244629315283, -0.6590925004817711, -1.2870176662701662, 2.1770047646142623, 1.1978002329738624, 0.08162520414452698]
[-1.1358360251304105, -0.6904852839975689, -1.3482824081421019, 2.2806646247558504, 1.2548222265023485, 0.08551033387486813]
[-1.1874475873292925, -0.7218780675133669, -1.4095471500140375, 2.384324484897439, 1.3118442200308347, 0.08939546360520931]
[-1.2390591495281746, -0.7532708510291647, -1.4708118918859732, 2.487984345039027, 1.3688662135593208, 0.09328059333555047]
[-1.2906707117270566, -0.7846636345449626, -1.5320766337579086, 2.5916442051806152, 1.4258882070878067, 0.09716572306589163]
[-1.3422822739259386, -0.8160564180607603, -1.5933413756298442, 2.6953040653222033, 1.4829102006162929, 0.1010508527962328]
[-1.3938938361248205, -0.8474492015765582, -1.6546061175017797, 2.7989639254637915, 1.5399321941447788, 0.10493598252657395]
[-1.4455053983237027, -0.878841985092356, -1.7158708593737153, 2.9026237856053796, 1.596954187673265, 0.10882111225691511]
[-1.4971169605225847, -0.9102347686081539, -1.7771356012456507, 3.0062836457469677, 1.6539761812017508, 0.11270624198725628]
[-1.5487285227214667, -0.9416275521239517, -1.8384003431175864, 3.109943505888556, 1.710998174730237, 0.11659137171759744]