[-0.0003235845745059862, 0.00019970534068125545, -0.00039159303123703637, 4.370570496803339e-05, 0.00031282579014213496, 5.848849522926969e-06]
[-0.08088405093588488, -0.042232583914958356, -0.11715563178682303, 0.037475416078350886, 0.0007565069054562446, 0.027613822268080755]
[-0.16144451729726378, -0.08466487317059797, -0.23391967054240903, 0.07490712645173374, 0.0012001880207703542, 0.05522179568663858]
[-0.2420049836586427, -0.1270971624262376, -0.3506837092979951, 0.11233883682511658, 0.0016438691360844639, 0.08282976910519642]
[-0.32256545002002157, -0.1695294516818772, -0.467447748053581, 0.14977054719849944, 0.0020875502513985735, 0.11043774252375424]
[-0.4031259163814005, -0.2119617409375168, -0.584211786809167, 0.18720225757188227, 0.002531231366712683, 0.13804571594231207]
[-0.4836863827427794, -0.25439403019315643, -0.7009758255647531, 0.22463396794526513, 0.0029749124820267927, 0.1656536893608699]
[-0.5642468491041583, -0.29682631944879606, -0.8177398643203391, 0.26206567831864797, 0.003418593597340902, 0.19326166277942775]
[-0.6448073154655372, -0.33925860870443564, -0.934503903075925, 0.29949738869203085, 0.0038622747126550116, 0.22086963619798555]
[-0.7253677818269161, -0.38169089796007527, -1.051267941831511, 0.3369290990654137, 0.004305955827969121, 0.2484776096165434]
[-0.805928248188295, -0.42412318721571485, -1.168031980587097, 0.3743608094387965, 0.004749636943283231, 0.2760855830351012]
[-0.8864887145496738, -0.4665554764713545, -1.284796019342683, 0.41179251981217935, 0.00519331805859734, 0.30369355645365903]
[-0.9670491809110529, -0.5089877657269941, -1.4015600580982692, 0.44922423018556223, 0.0056369991739114505, 0.3313015298722169]
[-1.0476096472724317, -0.5514200549826338, -1.5183240968538552, 0.4866559405589451, 0.00608068028922556, 0.3589095032907747]
[-1.1281701136338107, -0.5938523442382734, -1.635088135609441, 0.5240876509323279, 0.006524361404539669, 0.38651747670933256]
[-1.2087305799951895, -0.636284633493913, -1.751852174365027, 0.5615193613057108, 0.006968042519853779, 0.41412545012789037]
[-1.1041074642230966, -0.6237336409461767, -1.7518359573951479, 0.46725569406545947, -0.040136231912652295, 0.4582208635739452]
[-0.9994843484510036, -0.6111826483984405, -1.7518197404252684, 0.37299202682520816, -0.08724050634515837, 0.50231627702]
[-0.8948612326789107, -0.5986316558507042, -1.7518035234553893, 0.2787283595849569, -0.13434478077766446, 0.5464116904660548]
[-0.7902381169068179, -0.5860806633029679, -1.7517873064855098, 0.18446469234470558, -0.18144905521017052, 0.5905071039121096]
[-0.685615001134725, -0.5735296707552318, -1.7517710895156307, 0.09020102510445432, -0.2285533296426766, 0.6346025173581644]
[-0.580991885362632, -0.5609786782074955, -1.7517548725457515, -0.00406264213579699, -0.2756576040751827, 0.6786979308042191]
[-0.4763687695905392, -0.5484276856597592, -1.751738655575872, -0.09832630937604825, -0.3227618785076887, 0.722793344250274]
[-0.37174565381844626, -0.5358766931120229, -1.7517224386059929, -0.19258997661629962, -0.3698661529401948, 0.7668887576963288]
[-0.26712253804635333, -0.5233257005642867, -1.7517062216361137, -0.2868536438565509, -0.4169704273727009, 0.8109841711423835]
[-0.1624994222742604, -0.5107747080165504, -1.7516900046662343, -0.38111731109680214, -0.464074701805207, 0.8550795845884385]
[-0.05787630650216746, -0.49822371546881417, -1.751673787696355, -0.4753809783370535, -0.511178976237713, 0.8991749980344932]
[0.04674680926992547, -0.48567272292107794, -1.7516575707264757, -0.5696446455773048, -0.5582832506702191, 0.943270411480548]
[0.1513699250420184, -0.4731217303733417, -1.7516413537565965, -0.6639083128175562, -0.6053875251027252, 0.9873658249266029]
[0.2559930408141111, -0.4605707378256054, -1.7516251367867173, -0.7581719800578073, -0.6524917995352313, 1.0314612383726576]
[0.3606161565862043, -0.44801974527786914, -1.7516089198168379, -0.8524356472980588, -0.6995960739677374, 1.0755566518187125]
[0.465239272358297, -0.43546875273013297, -1.7515927028469587, -0.94669931453831, -0.7467003484002435, 1.1196520652647672]
[0.5698623881303899, -0.4229177601823967, -1.7515764858770795, -1.0409629817785613, -0.7938046228327496, 1.163747478710822]
[0.6744855039024829, -0.4103667676346604, -1.7515602689072, -1.1352266490188125, -0.8409088972652556, 1.2078428921568767]
[0.7791086196745758, -0.3978157750869242, -1.7515440519373209, -1.229490316259064, -0.8880131716977617, 1.2519383056029318]
[0.8837317354466687, -0.38526478253918794, -1.7515278349674415, -1.323753983499315, -0.9351174461302678, 1.2960337190489866]
[0.9883548512187618, -0.37271378999145166, -1.7515116179975623, -1.4180176507395665, -0.9822217205627738, 1.3401291324950413]