[-0.00025095773358341233, 0.0002410938351493641, -0.0004526558791617674, 0.0001249193600667553, 0.00028430046285343735, 5.208278849178072e-05]
[0.03058141284757382, -0.0046527552209957605, -0.08260784160587752, -0.0369390673535569, 0.08432818393708995, 0.06257787764555181]
[0.06141378342873105, -0.009546604277140885, -0.16476302733259326, -0.07400305406718055, 0.16837206741132646, 0.12510367250261184]
[0.09224615400988828, -0.014440453333286009, -0.246918213059309, -0.11106704078080422, 0.25241595088556296, 0.18762946735967184]
[0.12307852459104551, -0.019334302389431134, -0.32907339878602476, -0.14813102749442786, 0.3364598343597995, 0.2501552622167319]
[0.15391089517220274, -0.024228151445576256, -0.4112285845127405, -0.18519501420805154, 0.420503717834036, 0.3126810570737919]
[0.18474326575335998, -0.029122000501721382, -0.49338377023945623, -0.2222590009216752, 0.5045476013082725, 0.3752068519308519]
[0.2155756363345172, -0.034015849557866504, -0.575538955966172, -0.2593229876352988, 0.588591484782509, 0.43773264678791196]
[0.24640800691567444, -0.03890969861401163, -0.6576941416928878, -0.29638697434892247, 0.6726353682567455, 0.500258441644972]
[0.27724037749683167, -0.043803547670156755, -0.7398493274196035, -0.3334509610625462, 0.756679251730982, 0.562784236502032]
[0.3080727480779889, -0.04869739672630188, -0.8220045131463193, -0.37051494777616983, 0.8407231352052186, 0.625310031359092]
[0.3389051186591462, -0.05359124578244701, -0.904159698873035, -0.4075789344897935, 0.9247670186794551, 0.6878358262161521]
[0.36973748924030336, -0.05848509483859213, -0.9863148845997507, -0.44464292120341714, 1.0088109021536915, 0.750361621073212]
[0.40056985982146065, -0.06337894389473726, -1.0684700703264667, -0.48170690791704085, 1.0928547856279283, 0.8128874159302721]
[0.4314022304026178, -0.06827279295088237, -1.1506252560531822, -0.5187708946306644, 1.1768986691021646, 0.8754132107873321]
[0.4622346009837751, -0.07316664200702751, -1.232780441779898, -0.5558348813442882, 1.260942552576401, 0.9379390056443923]
[0.4930669715649323, -0.07806049106317263, -1.3149356275066137, -0.5928988680579117, 1.3449864360506376, 1.0004648005014523]
[0.5238993421460896, -0.08295434011931775, -1.3970908132333295, -0.6299628547715355, 1.4290303195248741, 1.0629905953585124]
[0.5547317127272468, -0.08784818917546287, -1.4792459989600453, -0.6670268414851591, 1.5130742029991107, 1.1255163902155723]
[0.585564083308404, -0.09274203823160801, -1.561401184686761, -0.7040908281987828, 1.5971180864733472, 1.1880421850726324]
[0.6163964538895612, -0.09763588728775312, -1.6435563704134768, -0.7411548149124064, 1.6811619699475837, 1.2505679799296923]
[0.6472288244707185, -0.10252973634389825, -1.7257115561401926, -0.7782188016260301, 1.7652058534218202, 1.3130937747867524]
[0.723813405312385, -0.11891045721342336, -1.801706226120108, -0.8004687197375017, 1.7867608627166842, 1.3266308906782203]
[0.8003979861540516, -0.13529117808294847, -1.8777008961000232, -0.8227186378489734, 1.808315872011548, 1.3401680065696884]
[0.8769825669957181, -0.15167189895247357, -1.9536955660799387, -0.844968555960445, 1.829870881306412, 1.3537051224611563]
[0.9754535177229251, -0.1742726926678888, -2.0047621421126074, -0.8481496585938384, 1.7894033391873163, 1.3194751653134456]
[1.0739244684501323, -0.196873486383304, -2.0558287181452757, -0.8513307612272318, 1.7489357970682207, 1.285245208165735]
[1.1723954191773394, -0.21947428009871922, -2.1068952941779444, -0.8545118638606253, 1.708468254949125, 1.2510152510180244]
[1.2708663699045464, -0.24207507381413446, -2.157961870210613, -0.8576929664940187, 1.6680007128300294, 1.2167852938703136]
[1.3416750613343829, -0.25984582930353317, -2.14843265649106, -0.8347619628535845, 1.5712642500662715, 1.1409623430740266]
[1.4124837527642191, -0.27761658479293183, -2.1389034427715066, -0.8118309592131504, 1.4745277873025138, 1.0651393922777395]
[1.4832924441940556, -0.29538734028233055, -2.1293742290519533, -0.7888999555727162, 1.3777913245387559, 0.9893164414814525]
[1.5541011356238918, -0.31315809577172926, -2.1198450153324, -0.7659689519322821, 1.281054861774998, 0.9134934906851655]
[1.6249098270537283, -0.3309288512611279, -2.1103158016128467, -0.7430379482918479, 1.1843183990112403, 0.8376705398888784]
[1.6957185184835648, -0.34869960675052664, -2.1007865878932934, -0.7201069446514137, 1.0875819362474823, 0.7618475890925913]
[1.7665272099134013, -0.36647036223992535, -2.09125737417374, -0.6971759410109795, 0.9908454734837244, 0.6860246382963043]
[1.8373359013432375, -0.384241117729324, -2.081728160454187, -0.6742449373705454, 0.8941090107199666, 0.6102016875000172]