[-0.00027119188904300984, 0.0002484984038559901, -0.00046437121454001584, 0.00014398803731818788, 0.00023990401172291342, 2.823421102604584e-05]
[-0.03174389824073772, -0.02504957930408592, -0.07547834440992243, 0.09431063044920746, 0.06078582286303987, -0.014054320346058625]
[-0.06321660459243243, -0.05034765701202783, -0.15049231760530485, 0.18847727286109672, 0.12133174171435683, -0.028136874903143295]
[-0.09468931094412715, -0.07564573471996973, -0.22550629080068726, 0.282643915272986, 0.18187766056567378, -0.04221942946022796]
[-0.12616201729582185, -0.10094381242791164, -0.3005202639960697, 0.37681055768487526, 0.24242357941699075, -0.05630198401731264]
[-0.15763472364751657, -0.12624189013585357, -0.3755342371914521, 0.4709772000967646, 0.3029694982683077, -0.07038453857439732]
[-0.1891074299992113, -0.15153996784379545, -0.4505482103868345, 0.5651438425086538, 0.36351541711962465, -0.08446709313148197]
[-0.220580136350906, -0.17683804555173738, -0.525562183582217, 0.6593104849205431, 0.42406133597094164, -0.09854964768856665]
[-0.2520528427026007, -0.20213612325967928, -0.6005761567775993, 0.7534771273324323, 0.4846072548222586, -0.11263220224565132]
[-0.28352554905429544, -0.2274342009676212, -0.6755901299729818, 0.8476437697443218, 0.5451531736735756, -0.126714756802736]
[-0.31499825540599014, -0.25273227867556314, -0.7506041031683642, 0.941810412156211, 0.6056990925248925, -0.14079731135982068]
[-0.3464709617576849, -0.278030356383505, -0.8256180763637466, 1.0359770545681002, 0.6662450113762095, -0.15487986591690533]
[-0.37794366810937957, -0.3033284340914469, -0.900632049559129, 1.1301436969799894, 0.7267909302275264, -0.16896242047399]
[-0.4094163744610743, -0.32862651179938884, -0.9756460227545115, 1.2243103393918788, 0.7873368490788435, -0.1830449750310747]
[-0.440889080812769, -0.35392458950733074, -1.050659995949894, 1.318476981803768, 0.8478827679301604, -0.19712752958815935]
[-0.4723617871644637, -0.37922266721527265, -1.1256739691452762, 1.4126436242156573, 0.9084286867814773, -0.211210084145244]
[-0.5038344935161584, -0.40452074492321455, -1.2006879423406587, 1.5068102666275465, 0.9689746056327943, -0.22529263870232868]
[-0.5353071998678531, -0.42981882263115645, -1.275701915536041, 1.6009769090394357, 1.0295205244841112, -0.23937519325941334]
[-0.5667799062195479, -0.4551169003390984, -1.3507158887314237, 1.6951435514513253, 1.0900664433354283, -0.25345774781649805]
[-0.5982526125712426, -0.4804149780470403, -1.4257298619268062, 1.7893101938632145, 1.1506123621867452, -0.26754030237358273]
[-0.6297253189229373, -0.5057130557549823, -1.5007438351221885, 1.8834768362751038, 1.2111582810380621, -0.2816228569306674]
[-0.661198025274632, -0.5310111334629242, -1.575757808317571, 1.977643478686993, 1.271704199889379, -0.29570541148775203]
[-0.6926707316263268, -0.556309211170866, -1.6507717815129532, 2.071810121098882, 1.332250118740696, -0.3097879660448367]
[-0.7241434379780214, -0.5816072888788079, -1.7257857547083355, 2.1659767635107716, 1.392796037592013, -0.3238705206019214]
[-0.7556161443297161, -0.6069053665867498, -1.800799727903718, 2.2601434059226606, 1.4533419564433299, -0.337953075159006]
[-0.7870888506814109, -0.6322034442946918, -1.8758137010991007, 2.35431004833455, 1.513887875294647, -0.35203562971609076]
[-0.8185615570331056, -0.6575015220026337, -1.950827674294483, 2.4484766907464395, 1.574433794145964, -0.36611818427317544]
[-0.8500342633848003, -0.6827995997105756, -2.0258416474898655, 2.5426433331583285, 1.634979712997281, -0.38020073883026007]
[-0.881506969736495, -0.7080976774185175, -2.100855620685248, 2.636809975570218, 1.6955256318485978, -0.39428329338734475]