[-0.0003481684452406597, 0.00014397615396610774, -0.00045482821504005955, 2.7206183320416244e-05, 0.0002593919381848053, -2.694719982798688e-05]
[-0.02002755467123326, -0.02992910383432459, -0.08635010534839314, 0.07873055182085996, 0.06061226999028087, -0.03208151107433604]
[-0.03970694089722586, -0.06000218382261529, -0.17224538248174623, 0.1574338974583995, 0.12096514804237693, -0.06413607494884409]
[-0.05938632712321845, -0.09007526381090598, -0.2581406596150993, 0.23613724309593903, 0.18131802609447298, -0.09619063882335213]
[-0.07906571334921106, -0.12014834379919669, -0.3440359367484524, 0.3148405887334786, 0.24167090414656905, -0.1282452026978602]
[-0.09874509957520367, -0.15022142378748737, -0.42993121388180544, 0.39354393437101814, 0.3020237821986651, -0.16029976657236825]
[-0.11842448580119624, -0.18029450377577808, -0.5158264910151585, 0.47224728000855765, 0.36237666025076115, -0.19235433044687628]
[-0.13810387202718888, -0.21036758376406878, -0.6017217681485116, 0.5509506256460973, 0.42272953830285726, -0.22440889432138436]
[-0.15778325825318146, -0.24044066375235948, -0.6876170452818647, 0.6296539712836368, 0.4830824163549533, -0.2564634581958924]
[-0.17746264447917404, -0.2705137437406501, -0.7735123224152177, 0.7083573169211763, 0.5434352944070493, -0.28851802207040045]
[-0.19714203070516667, -0.30058682372894086, -0.8594075995485708, 0.7870606625587159, 0.6037881724591454, -0.3205725859449085]
[-0.21682141693115925, -0.33065990371723153, -0.9453028766819239, 0.8657640081962554, 0.6641410505112415, -0.35262714981941656]
[-0.23650080315715183, -0.36073298370552226, -1.031198153815277, 0.9444673538337949, 0.7244939285633375, -0.38468171369392457]
[-0.25618018938314446, -0.39080606369381293, -1.11709343094863, 1.0231706994713345, 0.7848468066154336, -0.4167362775684327]
[-0.2758595756091371, -0.42087914368210366, -1.2029887080819832, 1.1018740451088742, 0.8451996846675297, -0.44879084144294074]
[-0.2955389618351296, -0.45095222367039434, -1.2888839852153362, 1.1805773907464134, 0.9055525627196257, -0.48084540531744874]
[-0.31521834806112226, -0.48102530365868507, -1.3747792623486894, 1.259280736383953, 0.9659054407717218, -0.5128999691919568]
[-0.3348977342871149, -0.5110983836469758, -1.4606745394820424, 1.3379840820214928, 1.026258318823818, -0.5449545330664649]
[-0.3545771205131074, -0.5411714636352664, -1.5465698166153954, 1.4166874276590322, 1.0866111968759138, -0.5770090969409729]
[-0.37425650673910005, -0.5712445436235571, -1.6324650937487486, 1.4953907732965717, 1.14696407492801, -0.6090636608154809]
[-0.3939358929650927, -0.6013176236118478, -1.7183603708821016, 1.5740941189341113, 1.207316952980106, -0.641118224689989]
[-0.4136152791910852, -0.6313907036001385, -1.8042556480154546, 1.6527974645716508, 1.267669831032202, -0.673172788564497]
[-0.43329466541707784, -0.6614637835884292, -1.8901509251488078, 1.7315008102091904, 1.3280227090842982, -0.7052273524390051]
[-0.4529740516430705, -0.69153686357672, -1.976046202282161, 1.81020415584673, 1.3883755871363943, -0.7372819163135131]
[-0.472653437869063, -0.7216099435650106, -2.061941479415514, 1.8889075014842693, 1.4487284651884902, -0.7693364801880211]
[-0.49233282409505563, -0.7516830235533013, -2.147836756548867, 1.967610847121809, 1.5090813432405863, -0.8013910440625293]