[-0.0004180180136756917, 0.0002546420601419186, -0.0004655354053344496, -4.4543120958806526e-05, 0.00031140328477441415, 0.00011340506481261059]
[0.04855352506667945, -0.06605773766349911, -0.09328942355981698, 0.025647300839833315, 0.025257451885020397, -0.04474499769409969]
[0.09752506814703459, -0.13237011738714013, -0.1861133117142995, 0.05133914480062544, 0.05020350048526638, -0.08960340045301199]
[0.14649661122738972, -0.19868249711078115, -0.278937199868782, 0.07703098876141756, 0.07514954908551237, -0.13446180321192427]
[0.19546815430774486, -0.2649948768344222, -0.3717610880232646, 0.10272283272220968, 0.10009559768575835, -0.1793202059708366]
[0.2444396973881, -0.33130725655806326, -0.46458497617774713, 0.12841467668300183, 0.12504164628600434, -0.2241786087297489]
[0.2934112404684551, -0.3976196362817042, -0.5574088643322296, 0.15410652064379393, 0.14998769488625033, -0.26903701148866116]
[0.3423827835488103, -0.4639320160053453, -0.6502327524867122, 0.17979836460458606, 0.17493374348649632, -0.3138954142475735]
[0.3913543266291654, -0.5302443957289863, -0.7430566406411947, 0.20549020856537817, 0.19987979208674228, -0.3587538170064858]
[0.4403258697095206, -0.5965567754526274, -0.8358805287956773, 0.23118205252617033, 0.2248258406869883, -0.40361221976539813]
[0.4892974127898757, -0.6628691551762684, -0.9287044169501598, 0.25687389648696246, 0.2497718892872343, -0.4484706225243104]
[0.5382689558702308, -0.7291815348999093, -1.0215283051046422, 0.28256574044775457, 0.2747179378874803, -0.4933290252832227]
[0.5872404989505859, -0.7954939146235503, -1.1143521932591247, 0.30825758440854667, 0.29966398648772624, -0.5381874280421349]
[0.6362120420309412, -0.8618062943471915, -1.2071760814136074, 0.33394942836933883, 0.32461003508797226, -0.5830458308010473]
[0.6851835851112963, -0.9281186740708325, -1.29999996956809, 0.35964127233013093, 0.3495560836882182, -0.6279042335599596]
[0.7443644296156017, -0.8940192801655139, -1.334697384419121, 0.28124731483718435, 0.3844206586268441, -0.5611057019222288]
[0.8035452741199071, -0.8599198862601952, -1.3693947992701518, 0.20285335734423776, 0.41928523356547004, -0.49430717028449794]
[0.8627261186242124, -0.8258204923548766, -1.404092214121183, 0.1244593998512912, 0.4541498085040959, -0.42750863864676714]
[0.9219069631285178, -0.7917210984495581, -1.438789628972214, 0.04606544235834459, 0.48901438344272186, -0.3607101070090363]
[0.9810878076328233, -0.7576217045442394, -1.473487043823245, -0.032328515134602, 0.5238789583813477, -0.29391157537130547]
[1.0402686521371287, -0.7235223106389208, -1.5081844586742759, -0.11072247262754853, 0.5587435333199736, -0.22711304373357466]
[1.099449496641434, -0.6894229167336021, -1.542881873525307, -0.18911643012049523, 0.5936081082585996, -0.1603145120958438]
[1.1586303411457395, -0.6553235228282837, -1.577579288376338, -0.26751038761344176, 0.6284726831972254, -0.09351598045811294]
[1.2178111856500449, -0.621224128922965, -1.6122767032273688, -0.3459043451063883, 0.6633372581358513, -0.026717448820382184]
[1.2769920301543503, -0.5871247350176463, -1.6469741180783999, -0.42429830259933493, 0.6982018330744773, 0.04008108281734868]
[1.3361728746586556, -0.5530253411123278, -1.681671532929431, -0.5026922600922814, 0.7330664080131031, 0.10687961445507954]
[1.395353719162961, -0.5189259472070091, -1.7163689477804618, -0.581086217585228, 0.767930982951729, 0.1736781460928103]
[1.4545345636672664, -0.4848265533016905, -1.751066362631493, -0.6594801750781747, 0.802795557890355, 0.24047667773054116]
[1.513715408171572, -0.45072715939637187, -1.785763777482524, -0.7378741325711213, 0.8376601328289809, 0.307275209368272]
[1.5728962526758772, -0.4166277654910533, -1.8204611923335547, -0.8162680900640678, 0.8725247077676067, 0.37407374100600266]
[1.6320770971801826, -0.3825283715857347, -1.855158607184586, -0.8946620475570144, 0.9073892827062326, 0.44087227264373374]
[1.691257941684488, -0.34842897768041603, -1.8898560220356169, -0.973056005049961, 0.9422538576448586, 0.5076708042814646]
[1.7504387861887936, -0.31432958377509745, -1.924553436886648, -1.0514499625429075, 0.9771184325834844, 0.5744693359191952]
[1.8096196306930987, -0.2802301898697789, -1.959250851737679, -1.129843920035854, 1.0119830075221103, 0.6412678675569261]
[1.8688004751974043, -0.2461307959644602, -1.9939482665887098, -1.2082378775288007, 1.0468475824607362, 0.708066399194657]
[1.9279813197017095, -0.21203140205914173, -2.028645681439741, -1.2866318350217472, 1.081712157399362, 0.7748649308323876]
[1.987162164206015, -0.17793200815382304, -2.063343096290772, -1.3650257925146938, 1.116576732337988, 0.8416634624701187]
[2.0463430087103203, -0.14383261424850435, -2.098040511141803, -1.4434197500076404, 1.151441307276614, 0.9084619941078496]
[2.105523853214626, -0.10973322034318589, -2.132737925992834, -1.5218137075005869, 1.18630588221524, 0.9752605257455802]
[2.164704697718931, -0.07563382643786724, -2.167435340843865, -1.6002076649935335, 1.2211704571538657, 1.042059057383311]