[-0.0003642441516564787, 8.424725968048108e-05, -0.0003540468116893791, -4.8004098254672556e-05, 0.00014535149690431126, 2.7862252066412907e-05]
[-0.010220966551000103, 0.03534616479668785, -0.1725643257062898, 0.05160612209130925, -0.007778910986635586, -0.019003995968064086]
[-0.020077688950343727, 0.07060808233369521, -0.3447746046008902, 0.10326024828087317, -0.015703173470175483, -0.038035854188194586]
[-0.029934411349687346, 0.10586999987070257, -0.5169848834954905, 0.15491437447043707, -0.02362743595371538, -0.05706771240832508]
[-0.039791133749030975, 0.14113191740770994, -0.689195162390091, 0.20656850066000101, -0.03155169843725528, -0.07609957062845558]
[-0.049647856148374594, 0.1763938349447173, -0.8614054412846914, 0.25822262684956493, -0.039475960920795174, -0.09513142884858608]
[-0.059504578547718213, 0.21165575248172466, -1.0336157201792917, 0.3098767530391288, -0.04740022340433507, -0.11416328706871658]
[-0.06936130094706183, 0.24691767001873202, -1.2058259990738922, 0.36153087922869276, -0.05532448588787496, -0.13319514528884707]
[-0.07921802334640547, 0.2821795875557394, -1.3780362779684927, 0.4131850054182567, -0.06324874837141486, -0.15222700350897758]
[-0.08907474574574908, 0.31744150509274677, -1.5502465568630932, 0.46483913160782064, -0.07117301085495477, -0.1712588617291081]
[-0.09893146814509271, 0.3527034226297541, -1.7224568357576935, 0.5164932577973845, -0.07909727333849466, -0.19029071994923857]
[-0.0018481838587487004, 0.3098805074331788, -1.7495065234769664, 0.5408254268804454, -0.023877033422932847, -0.2486652776725119]
[0.09523510042759531, 0.2670575922366034, -1.7765562111962394, 0.5651575959635063, 0.031343206492628964, -0.3070398353957853]
[0.19231838471393928, 0.2242346770400281, -1.8036058989155122, 0.5894897650465672, 0.08656344640819076, -0.36541439311905854]
[0.2894016690002833, 0.18141176184345276, -1.8306555866347851, 0.6138219341296282, 0.1417836863237526, -0.4237889508423319]
[0.38648495328662735, 0.13858884664687743, -1.857705274354058, 0.638154103212689, 0.1970039262393144, -0.48216350856560525]
[0.4835682375729713, 0.0957659314503021, -1.884754962073331, 0.6624862722957499, 0.2522241661548762, -0.5405380662888786]
[0.5806515218593153, 0.05294301625372677, -1.9118046497926038, 0.6868184413788108, 0.307444406070438, -0.5989126240121518]
[0.6777348061456594, 0.010120101057151387, -1.9388543375118767, 0.7111506104618717, 0.36266464598599985, -0.6572871817354253]
[0.7748180904320034, -0.03270281413942394, -1.9659040252311497, 0.7354827795449326, 0.41788488590156164, -0.7156617394586986]
[0.8719013747183474, -0.07552572933599924, -1.9929537129504227, 0.7598149486279935, 0.47310512581712344, -0.7740362971819719]
[0.9698848395258185, -0.12086293504611884, -2.008261603347028, 0.7806506559185562, 0.5289832945076294, -0.8312249152582589]
[1.0678683043332895, -0.16620014075623846, -2.0235694937436337, 0.8014863632091189, 0.5848614631981354, -0.8884135333345461]
[1.1658517691407606, -0.21153734646635805, -2.038877384140239, 0.8223220704996816, 0.6407396318886414, -0.9456021514108333]
[1.2638352339482317, -0.25687455217647764, -2.0541852745368443, 0.8431577777902444, 0.6966178005791472, -1.0027907694871203]