[-0.00037608221869955827, 8.174312842168519e-05, -0.0003924981574128239, 0.00010831292954449623, 0.00019245852802196595, 6.299946548971036e-05]
[-0.013683073387990354, -0.034334405385157335, -0.10119002763213661, 0.07744217337090134, 0.009697371685103907, 0.06096275475806098]
[-0.02699006455728115, -0.06875055389873636, -0.2019875571068604, 0.15477603381225818, 0.01920228484218585, 0.12186251005063226]
[-0.04029705572657195, -0.10316670241231538, -0.3027850865815842, 0.23210989425361506, 0.02870719799926779, 0.18276226534320353]
[-0.05360404689586274, -0.1375828509258944, -0.40358261605630796, 0.3094437546949719, 0.03821211115634973, 0.2436620206357748]
[-0.06691103806515354, -0.17199899943947344, -0.5043801455310318, 0.3867776151363288, 0.04771702431343168, 0.3045617759283461]
[-0.08021802923444434, -0.20641514795305244, -0.6051776750057556, 0.4641114755776856, 0.057221937470513615, 0.36546153122091735]
[-0.09352502040373514, -0.24083129646663148, -0.7059752044804793, 0.5414453360190424, 0.06672685062759556, 0.42636128651348865]
[-0.10683201157302592, -0.2752474449802105, -0.8067727339552031, 0.6187791964603993, 0.0762317637846775, 0.4872610418060599]
[-0.12013900274231673, -0.3096635934937895, -0.907570263429927, 0.6961130569017562, 0.08573667694175945, 0.5481607970986312]
[-0.012642417427297853, -0.30179290777353374, -1.000946187083868, 0.6703355536073572, 0.11030598544288528, 0.5178846809516957]
[0.09485416788772102, -0.29392222205327795, -1.0943221107378092, 0.6445580503129583, 0.13487529394401113, 0.48760856480476034]
[0.2023507532027399, -0.28605153633302216, -1.18769803439175, 0.6187805470185593, 0.15944460244513697, 0.4573324486578249]
[0.3098473385177588, -0.2781808506127663, -1.2810739580456911, 0.5930030437241605, 0.1840139109462628, 0.4270563325108895]
[0.41734392383277774, -0.27031016489251053, -1.3744498816996322, 0.5672255404297615, 0.20858321944738864, 0.39678021636395405]
[0.5248405091477966, -0.26243947917225474, -1.4678258053535733, 0.5414480371353625, 0.2331525279485145, 0.3665041002170186]
[0.6323370944628155, -0.25456879345199895, -1.5612017290075144, 0.5156705338409635, 0.2577218364496403, 0.3362279840700832]
[0.7398336797778343, -0.24669810773174317, -1.6545776526614553, 0.48989303054656463, 0.2822911449507661, 0.30595186792314777]
[0.8473302650928533, -0.23882742201148735, -1.7479535763153966, 0.4641155272521657, 0.306860453451892, 0.27567575177621234]
[0.9548268504078722, -0.23095673629123153, -1.8413294999693375, 0.4383380239577667, 0.3314297619530178, 0.2453996356292769]
[1.0623234357228908, -0.22308605057097575, -1.9347054236232786, 0.4125605206633678, 0.35599907045414364, 0.21512351948234149]
[1.1698200210379097, -0.21521536485071996, -2.0280813472772197, 0.38678301736896886, 0.3805683789552695, 0.18484740333540606]
[1.2662893993770852, -0.1932455732259331, -2.061738243342952, 0.3305577280155702, 0.3969961366153946, 0.13216672944436386]
[1.3627587777162604, -0.1712757816011463, -2.095395139408685, 0.2743324386621716, 0.4134238942755197, 0.07948605555332165]
[1.4592281560554359, -0.14930598997635947, -2.1290520354744173, 0.21810714930877295, 0.4298516519356448, 0.026805381662279443]
[1.5556975343946113, -0.12733619835157262, -2.1627089315401498, 0.16188185995537432, 0.4462794095957699, -0.025875292228762753]
[1.6521669127337866, -0.10536640672678577, -2.196365827605882, 0.10565657060197564, 0.462707167255895, -0.07855596611980498]
[1.748636291072962, -0.08339661510199894, -2.230022723671615, 0.04943128124857704, 0.47913492491602006, -0.13123664001084717]
[1.8451056694121375, -0.06142682347721209, -2.2636796197373474, -0.006794008104821608, 0.49556268257614516, -0.18391731390188934]