[-0.00035262483680842394, 9.954040564785771e-05, -0.00033723015099251796, 5.158231549007297e-05, 0.0002721507432346115, 0.0001254154942103014]
[0.024894271305730787, 0.005833333003252372, -0.1240085398798806, 0.04475839923967074, 0.0021466396201063427, -0.08789242316891827]
[0.05014116744827, 0.011567125600856886, -0.24767984960876868, 0.0894652161638514, 0.004021128496978074, -0.17591026183204683]
[0.07538806359080921, 0.017300918198461402, -0.37135115933765683, 0.13417203308803208, 0.005895617373849804, -0.2639281004951754]
[0.10063495973334842, 0.023034710796065914, -0.49502246906654485, 0.17887885001221274, 0.007770106250721535, -0.35194593915830397]
[0.12588185587588763, 0.02876850339367043, -0.618693778795433, 0.2235856669363934, 0.009644595127593265, -0.43996377782143253]
[0.15112875201842685, 0.034502295991274946, -0.7423650885243211, 0.2682924838605741, 0.011519084004464997, -0.5279816164845611]
[0.17637564816096604, 0.04023608858887946, -0.8660363982532092, 0.31299930078475474, 0.013393572881336727, -0.6159994551476897]
[0.20162254430350526, 0.04596988118648397, -0.9897077079820972, 0.3577061177089354, 0.015268061758208459, -0.7040172938108182]
[0.22686944044604446, 0.05170367378408849, -1.1133790177109852, 0.40241293463311606, 0.01714255063508019, -0.7920351324739469]
[0.2521163365885837, 0.057437466381693, -1.2370503274398734, 0.4471197515572967, 0.019017039511951918, -0.8800529711370754]
[0.27736323273112284, 0.06317125897929751, -1.3607216371687614, 0.4918265684814774, 0.02089152838882365, -0.9680708098002039]
[0.3026101288736621, 0.06890505157690203, -1.4843929468976498, 0.5365333854056581, 0.022766017265695382, -1.0560886484633325]
[0.32785702501620134, 0.07463884417450654, -1.6080642566265377, 0.5812402023298388, 0.024640506142567114, -1.1441064871264612]
[0.3531039211587405, 0.08037263677211107, -1.731735566355426, 0.6259470192540194, 0.026514995019438842, -1.2321243257895897]
[0.37835081730127973, 0.08610642936971558, -1.8554068760843139, 0.6706538361782001, 0.028389483896310574, -1.3201421644527183]
[0.4900296444977052, 0.05115640733519761, -1.8701171043672482, 0.6829342372448437, 0.08569655746952992, -1.2684874156793502]
[0.6017084716941307, 0.016206385300679638, -1.8848273326501825, 0.6952146383114873, 0.14300363104274927, -1.2168326669059821]
[0.7133872988905561, -0.01874363673383833, -1.8995375609331169, 0.707495039378131, 0.2003107046159686, -1.1651779181326138]
[0.8250661260869816, -0.0536936587683563, -1.9142477892160512, 0.7197754404447746, 0.25761777818918796, -1.1135231693592458]
[0.9367449532834071, -0.08864368080287427, -1.9289580174989855, 0.7320558415114182, 0.31492485176240725, -1.0618684205858777]
[1.0484237804798324, -0.12359370283739224, -1.9436682457819199, 0.7443362425780617, 0.3722319253356266, -1.0102136718125094]
[1.160102607676258, -0.15854372487191018, -1.9583784740648542, 0.7566166436447054, 0.4295389989088459, -0.9585589230391414]
[1.2717814348726835, -0.19349374690642818, -1.9730887023477885, 0.768897044711349, 0.4868460724820653, -0.9069041742657733]
[1.383460262069109, -0.22844376894094615, -1.9877989306307229, 0.7811774457779926, 0.5441531460552846, -0.8552494254924052]
[1.4951390892655345, -0.2633937909754641, -2.002509158913657, 0.7934578468446363, 0.6014602196285039, -0.8035946767190371]