[-0.0003562656118916152, 8.205815571127317e-05, -0.0004604319766414733, 1.758812339058835e-05, 0.00027099773551775286, 8.977565232548557e-05]
[0.028911407398095203, -0.01012390222560699, -0.09689227988178169, 0.08739226683648875, 0.02454220744476785, -0.059722299276378885]
[0.05817908040808202, -0.020329862606925254, -0.1933241277869219, 0.1747669455495869, 0.04881341715401795, -0.11953437420508325]
[0.08744675341806883, -0.03053582298824352, -0.28975597569206213, 0.26214162426268506, 0.07308462686326804, -0.17934644913378764]
[0.11671442642805566, -0.04074178336956178, -0.38618782359720233, 0.34951630297578323, 0.09735583657251815, -0.239158524062492]
[0.14598209943804247, -0.05094774375088004, -0.48261967150234253, 0.43689098168888135, 0.12162704628176824, -0.2989705989911964]
[0.17524977244802928, -0.06115370413219831, -0.5790515194074828, 0.5242656604019795, 0.14589825599101833, -0.35878267391990076]
[0.2045174454580161, -0.07135966451351658, -0.6754833673126229, 0.6116403391150776, 0.17016946570026845, -0.4185947488486051]
[0.23378511846800293, -0.08156562489483483, -0.7719152152177632, 0.6990150178281759, 0.19444067540951854, -0.4784068237773095]
[0.2630527914779897, -0.0917715852761531, -0.8683470631229034, 0.786389696541274, 0.21871188511876863, -0.5382188987060139]
[0.29232046448797655, -0.10197754565747136, -0.9647789110280436, 0.8737643752543721, 0.24298309482801872, -0.5980309736347182]
[0.3215881374979634, -0.11218350603878964, -1.0612107589331838, 0.9611390539674703, 0.26725430453726884, -0.6578430485634227]
[0.35085581050795017, -0.1223894664201079, -1.157642606838324, 1.0485137326805685, 0.2915255142465189, -0.717655123492127]
[0.380123483517937, -0.13259542680142616, -1.2540744547434644, 1.1358884113936667, 0.315796723955769, -0.7774671984208315]
[0.4093911565279238, -0.14280138718274443, -1.3505063026486044, 1.2232630901067647, 0.34006793366501914, -0.8372792733495357]
[0.4386588295379107, -0.1530073475640627, -1.4469381505537449, 1.310637768819863, 0.36433914337426926, -0.8970913482782401]
[0.46792650254789747, -0.16321330794538094, -1.543369998458885, 1.3980124475329612, 0.3886103530835193, -0.9569034232069444]
[0.4971941755578843, -0.1734192683266992, -1.6398018463640252, 1.4853871262460594, 0.41288156279276944, -1.016715498135649]
[0.526461848567871, -0.18362522870801748, -1.7362336942691654, 1.5727618049591574, 0.4371527725020195, -1.0765275730643533]
[0.5557295215778579, -0.19383118908933575, -1.8326655421743057, 1.6601364836722556, 0.4614239822112696, -1.1363396479930576]
[0.5969463307880876, -0.1743888203961958, -1.885526156229566, 1.7191673574383517, 0.4071693382126148, -1.2181188077690712]
[0.6381631399983173, -0.15494645170305582, -1.9383867702848263, 1.7781982312044475, 0.35291469421396, -1.2998979675450848]
[0.679379949208547, -0.13550408300991584, -1.9912473843400866, 1.8372291049705436, 0.2986600502153052, -1.3816771273210984]
[0.7205967584187767, -0.1160617143167759, -2.0441079983953467, 1.8962599787366394, 0.24440540621665033, -1.463456287097112]
[0.7618135676290063, -0.09661934562363593, -2.096968612450607, 1.9552908525027355, 0.19015076221799548, -1.5452354468731255]
[0.8030303768392361, -0.07717697693049597, -2.1498292265058674, 2.0143217262688315, 0.13589611821934067, -1.627014606649139]
[0.8442471860494658, -0.05773460823735599, -2.2026898405611277, 2.0733526000349274, 0.0816414742206858, -1.7087937664251527]
[0.8854639952596954, -0.03829223954421604, -2.255550454616388, 2.132383473801023, 0.027386830222031033, -1.790572926201166]
[0.9266808044699251, -0.01884987085107606, -2.3084110686716484, 2.191414347567119, -0.026867813776623783, -1.8723520859771798]
[0.9678976136801548, 0.0005924978420638882, -2.3612716827269087, 2.2504452213332153, -0.08112245777527866, -1.9541312457531932]
[1.0091144228903846, 0.020034866535203838, -2.414132296782169, 2.309476095099311, -0.13537710177393342, -2.035910405529207]
[1.0503312321006142, 0.039477235228343815, -2.4669929108374293, 2.3685069688654075, -0.1896317457725883, -2.1176895653052203]
[1.0915480413108438, 0.05891960392148374, -2.5198535248926897, 2.4275378426315033, -0.24388638977124305, -2.1994687250812337]
[1.1327648505210735, 0.07836197261462377, -2.57271413894795, 2.486568716397599, -0.29814103376989803, -2.2812478848572475]
[1.1739816597313033, 0.09780434130776369, -2.6255747530032103, 2.545599590163695, -0.3523956777685528, -2.3630270446332613]
[1.215198468941533, 0.11724671000090367, -2.6784353670584706, 2.604630463929791, -0.40665032176720756, -2.4448062044092747]
[1.2564152781517626, 0.13668907869404365, -2.731295981113731, 2.663661337695887, -0.46090496576586243, -2.5265853641852885]
[1.2976320873619924, 0.15613144738718363, -2.7841565951689913, 2.722692211461983, -0.5151596097645172, -2.608364523961302]
[1.3388488965722218, 0.17557381608032355, -2.8370172092242516, 2.781723085228079, -0.5694142537631721, -2.6901436837373156]
[1.3800657057824517, 0.19501618477346352, -2.889877823279512, 2.840753958994175, -0.623668897761827, -2.771922843513329]
[1.4212825149926813, 0.2144585534666035, -2.9427384373347723, 2.899784832760271, -0.6779235417604819, -2.8537020032893423]
[1.462499324202911, 0.23390092215974342, -2.9955990513900326, 2.9588157065263667, -0.7321781857591365, -2.935481163065356]
[1.5037161334131408, 0.25334329085288343, -3.048459665445293, 3.017846580292463, -0.7864328297577914, -3.01726032284137]
[1.5449329426233704, 0.27278565954602335, -3.1013202795005532, 3.076877454058559, -0.8406874737564461, -3.0990394826173833]