[-0.00041459304005186937, 0.0001144976851943369, -0.00046038334522435775, -2.848941909761038e-05, 0.0002544822494927601, 3.0224804951295425e-05]
[0.02525815029899583, -0.05576562690247503, -0.09243114374650721, -0.024319799452264708, 0.09211959966265562, -0.015042397818208203]
[0.05093089363804353, -0.1116457514901444, -0.18440190414779006, -0.048611109485431805, 0.18398471707581848, -0.030115020441367702]
[0.07660363697709123, -0.16752587607781375, -0.2763726645490729, -0.0729024195185989, 0.2758498344889813, -0.045187643064527196]
[0.10227638031613893, -0.22340600066548313, -0.36834342495035577, -0.097193729551766, 0.3677149519021442, -0.0602602656876867]
[0.12794912365518663, -0.2792861252531525, -0.4603141853516386, -0.12148503958493309, 0.45958006931530704, -0.0753328883108462]
[0.15362186699423433, -0.33516624984082183, -0.5522849457529214, -0.14577634961810018, 0.5514451867284699, -0.09040551093400569]
[0.179294610333282, -0.3910463744284912, -0.6442557061542042, -0.17006765965126727, 0.6433103041416327, -0.10547813355716519]
[0.20496735367232974, -0.4469264990161606, -0.7362264665554872, -0.1943589696844344, 0.7351754215547956, -0.1205507561803247]
[0.23064009701137742, -0.50280662360383, -0.82819722695677, -0.21865027971760148, 0.8270405389679585, -0.13562337880348418]
[0.2563128403504251, -0.5586867481914993, -0.9201679873580528, -0.24294158975076857, 0.9189056563811213, -0.1506960014266437]
[0.3104932943483603, -0.5823423878656901, -0.9929069192378197, -0.18344835083806665, 0.9403879925789835, -0.2093149090209241]
[0.3646737483462955, -0.605998027539881, -1.0656458511175866, -0.12395511192536476, 0.9618703287768459, -0.26793381661520455]
[0.4188542023442307, -0.6296536672140718, -1.1383847829973532, -0.06446187301266287, 0.9833526649747081, -0.3265527242094849]
[0.4730346563421659, -0.6533093068882626, -1.2111237148771201, -0.004968634099960956, 1.0048350011725704, -0.38517163180376535]
[0.527215110340101, -0.6769649465624534, -1.2838626467568868, 0.05452460481274091, 1.0263173373704326, -0.44379053939804575]
[0.5813955643380363, -0.7006205862366442, -1.3566015786366536, 0.11401784372544282, 1.0477996735682948, -0.5024094469923261]
[0.6355760183359715, -0.7242762259108351, -1.4293405105164205, 0.17351108263814474, 1.069282009766157, -0.5610283545866066]
[0.6897564723339067, -0.7479318655850259, -1.5020794423961874, 0.23300432155084666, 1.0907643459640193, -0.6196472621808871]
[0.7439369263318419, -0.7715875052592167, -1.5748183742759543, 0.29249756046354863, 1.1122466821618817, -0.6782661697751675]
[0.7981173803297771, -0.7952431449334075, -1.647557306155721, 0.3519907993762504, 1.133729018359744, -0.7368850773694477]
[0.8522978343277123, -0.8188987846075984, -1.7202962380354878, 0.41148403828895236, 1.1552113545576062, -0.7955039849637283]
[0.8882937956119161, -0.7900871736085887, -1.7113070848762002, 0.5033351653844904, 1.088059167962257, -0.8471204589357393]
[0.9242897568961199, -0.7612755626095792, -1.7023179317169126, 0.5951862924800284, 1.0209069813669083, -0.8987369329077504]
[0.9602857181803237, -0.7324639516105695, -1.693328778557625, 0.6870374195755664, 0.9537547947715592, -0.9503534068797613]
[0.9962816794645275, -0.7036523406115599, -1.6843396253983374, 0.7788885466711044, 0.8866026081762102, -1.0019698808517723]
[1.0322776407487313, -0.6748407296125503, -1.67535047223905, 0.8707396737666424, 0.8194504215808611, -1.0535863548237834]
[1.068273602032935, -0.6460291186135407, -1.6663613190797624, 0.9625908008621804, 0.7522982349855122, -1.1052028287957942]
[1.1042695633171389, -0.6172175076145311, -1.6573721659204748, 1.0544419279577184, 0.6851460483901632, -1.1568193027678053]
[1.1402655246013427, -0.5884058966155215, -1.6483830127611871, 1.1462930550532564, 0.6179938617948142, -1.2084357767398164]
[1.1762614858855465, -0.5595942856165119, -1.6393938596018995, 1.2381441821487944, 0.5508416751994651, -1.2600522507118272]
[1.2122574471697503, -0.5307826746175023, -1.630404706442612, 1.3299953092443324, 0.4836894886041162, -1.3116687246838383]