[-0.00033880815107423246, 0.000173381718262533, -0.00043686295220446425, 3.97429819223305e-05, 0.00015216615157065405, -3.765936755861787e-05]
[-0.032313175623986404, -0.023068378877193804, -0.08979030249556148, 0.09135339437757105, 0.061168353937526114, 0.0020047925390655873]
[-0.06428754309689858, -0.04631013947265014, -0.1791437420389185, 0.18266704577321977, 0.12218454172348157, 0.0040472444456897926]
[-0.09626191056981075, -0.06955190006810648, -0.26849718158227553, 0.27398069716886847, 0.18320072950943703, 0.006089696352313997]
[-0.12823627804272292, -0.09279366066356282, -0.35785062112563254, 0.3652943485645172, 0.2442169172953925, 0.008132148258938203]
[-0.1602106455156351, -0.11603542125901915, -0.44720406066898954, 0.45660799996016593, 0.30523310508134793, 0.010174600165562406]
[-0.19218501298854726, -0.1392771818544755, -0.5365575002123466, 0.5479216513558146, 0.3662492928673034, 0.012217052072186612]
[-0.22415938046145945, -0.16251894244993184, -0.6259109397557036, 0.6392353027514633, 0.42726548065325887, 0.014259503978810817]
[-0.2561337479343716, -0.18576070304538816, -0.7152643792990606, 0.7305489541471121, 0.48828166843921433, 0.016301955885435024]
[-0.28810811540728376, -0.20900246364084452, -0.8046178188424176, 0.8218626055427608, 0.5492978562251698, 0.018344407792059227]
[-0.320082482880196, -0.23224422423630084, -0.8939712583857746, 0.9131762569384095, 0.6103140440111252, 0.02038685969868343]
[-0.35205685035310813, -0.25548598483175716, -0.9833246979291316, 1.0044899083340582, 0.6713302317970807, 0.022429311605307638]
[-0.3840312178260203, -0.2787277454272135, -1.0726781374724887, 1.0958035597297069, 0.7323464195830361, 0.02447176351193184]
[-0.41600558529893245, -0.30196950602266986, -1.1620315770158456, 1.1871172111253556, 0.7933626073689916, 0.026514215418556048]
[-0.44797995277184466, -0.3252112666181262, -1.2513850165592026, 1.2784308625210044, 0.8543787951549471, 0.02855666732518025]
[-0.47995432024475687, -0.34845302721358257, -1.3407384561025597, 1.3697445139166533, 0.9153949829409026, 0.030599119231804462]
[-0.511928687717669, -0.37169478780903886, -1.4300918956459168, 1.4610581653123018, 0.976411170726858, 0.032641571138428666]
[-0.5439030551905812, -0.3949365484044952, -1.5194453351892738, 1.5523718167079508, 1.0374273585128135, 0.03468402304505287]
[-0.5758774226634933, -0.41817830899995156, -1.6087987747326307, 1.6436854681035993, 1.098443546298769, 0.03672647495167707]
[-0.6078517901364056, -0.4414200695954079, -1.698152214275988, 1.734999119499248, 1.1594597340847244, 0.03876892685830128]
[-0.6398261576093177, -0.4646618301908642, -1.7875056538193448, 1.8263127708948967, 1.2204759218706798, 0.04081137876492548]
[-0.6718005250822299, -0.48790359078632056, -1.8768590933627018, 1.9176264222905455, 1.2814921096566354, 0.04285383067154969]
[-0.703774892555142, -0.5111453513817769, -1.9662125329060587, 2.008940073686194, 1.3425082974425908, 0.04489628257817389]
[-0.7357492600280542, -0.5343871119772332, -2.0555659724494157, 2.100253725081843, 1.4035244852285462, 0.0469387344847981]
[-0.7677236275009663, -0.5576288725726896, -2.144919411992773, 2.1915673764774914, 1.4645406730145016, 0.0489811863914223]
[-0.7996979949738786, -0.5808706331681459, -2.23427285153613, 2.2828810278731404, 1.5255568608004573, 0.051023638298046514]
[-0.8316723624467907, -0.6041123937636023, -2.3236262910794867, 2.374194679268789, 1.5865730485864125, 0.053066090204670714]
[-0.8636467299197029, -0.6273541543590586, -2.412979730622844, 2.465508330664438, 1.647589236372368, 0.05510854211129492]