[-0.00034908339046690884, 8.87734582049049e-05, -0.0004586113166347161, 1.8052538954371755e-05, 0.0003385175464734047, 0.0001007135764785616]
[-0.051935558354901205, -0.02996035755738403, -0.06455201714516817, 0.10033934903124578, 0.05689855342684867, 0.0006407336931148357]
[-0.1035220333193355, -0.06000948857297297, -0.12864542297370163, 0.20066064552353718, 0.11345858930722394, 0.0011807538097511098]
[-0.1551085082837698, -0.0900586195885619, -0.19273882880223508, 0.3009819420158286, 0.1700186251875992, 0.001720773926387384]
[-0.2066949832482041, -0.12010775060415084, -0.25683223463076854, 0.40130323850812, 0.22657866106797447, 0.002260794043023658]
[-0.25828145821263837, -0.15015688161973978, -0.320925640459302, 0.5016245350004114, 0.28313869694834976, 0.0028008141596599324]
[-0.3098679331770727, -0.1802060126353287, -0.38501904628783545, 0.6019458314927029, 0.339698732828725, 0.0033408342762962064]
[-0.361454408141507, -0.21025514365091763, -0.4491124521163689, 0.7022671279849942, 0.39625876870910026, 0.0038808543929324804]
[-0.4130408831059413, -0.24030427466650658, -0.5132058579449024, 0.8025884244772856, 0.45281880458947554, 0.004420874509568754]
[-0.4646273580703756, -0.27035340568209554, -0.5772992637734359, 0.9029097209695771, 0.5093788404698508, 0.004960894626205029]
[-0.5162138330348098, -0.30040253669768446, -0.6413926696019693, 1.0032310174618684, 0.5659388763502261, 0.005500914742841303]
[-0.5678003079992442, -0.3304516677132734, -0.7054860754305028, 1.1035523139541599, 0.6224989122306014, 0.006040934859477577]
[-0.6193867829636784, -0.3605007987288623, -0.7695794812590362, 1.2038736104464514, 0.6790589481109766, 0.006580954976113851]
[-0.6709732579281128, -0.3905499297444513, -0.8336728870875697, 1.3041949069387428, 0.735618983991352, 0.007120975092750126]
[-0.722559732892547, -0.42059906076004017, -0.8977662929161031, 1.4045162034310341, 0.7921790198717271, 0.007660995209386399]
[-0.7741462078569813, -0.45064819177562915, -0.9618596987446366, 1.5048374999233256, 0.8487390557521024, 0.008201015326022675]
[-0.8257326828214157, -0.4806973227912181, -1.02595310457317, 1.6051587964156169, 0.9052990916324777, 0.008741035442658947]
[-0.8773191577858499, -0.5107464538068069, -1.0900465104017034, 1.7054800929079081, 0.9618591275128529, 0.009281055559295221]
[-0.9289056327502843, -0.540795584822396, -1.154139916230237, 1.8058013894001999, 1.0184191633932282, 0.009821075675931497]
[-0.9804921077147185, -0.5708447158379849, -1.2182333220587704, 1.9061226858924911, 1.0749791992736035, 0.01036109579256777]
[-1.0320785826791528, -0.6008938468535738, -1.2823267278873038, 2.0064439823847824, 1.1315392351539788, 0.010901115909204045]
[-1.0836650576435871, -0.6309429778691628, -1.3464201337158372, 2.1067652788770737, 1.1880992710343539, 0.011441136025840319]
[-1.1352515326080215, -0.6609921088847517, -1.4105135395443709, 2.2070865753693654, 1.2446593069147294, 0.011981156142476593]
[-1.1868380075724556, -0.6910412399003406, -1.4746069453729043, 2.3074078718616566, 1.3012193427951046, 0.012521176259112867]
[-1.23842448253689, -0.7210903709159295, -1.5387003512014377, 2.4077291683539483, 1.3577793786754797, 0.01306119637574914]
[-1.290010957501324, -0.7511395019315185, -1.602793757029971, 2.5080504648462396, 1.414339414555855, 0.013601216492385415]
[-1.3415974324657587, -0.7811886329471075, -1.6668871628585047, 2.6083717613385313, 1.4708994504362305, 0.01414123660902169]
[-1.3931839074301928, -0.8112377639626964, -1.730980568687038, 2.7086930578308226, 1.5274594863166056, 0.014681256725657964]
[-1.4447703823946272, -0.8412868949782852, -1.7950739745155715, 2.809014354323114, 1.5840195221969808, 0.015221276842294237]
[-1.4963568573590613, -0.8713360259938742, -1.859167380344105, 2.909335650815405, 1.6405795580773561, 0.015761296958930512]
[-1.5479433323234957, -0.9013851570094632, -1.9232607861726385, 3.009656947307697, 1.6971395939577314, 0.016301317075566788]
[-1.59952980728793, -0.9314342880250521, -1.987354192001172, 3.109978243799988, 1.7536996298381067, 0.01684133719220306]