[-0.000411242722813121, 0.00017874827805464122, -0.0003183800299408901, 8.963375879122992e-05, 0.00019044109731503056, 9.614076590924725e-05]
[0.03504616298448279, -0.014154364143167097, -0.10595135076684671, -0.047350880636425466, 0.015834876892062293, -0.08446108777709257]
[0.0705035686917787, -0.028487476564388835, -0.21158432150375253, -0.09479139503164216, 0.031479312686809556, -0.1690183163200944]
[0.10596097439907463, -0.04282058898561057, -0.31721729224065837, -0.14223190942685884, 0.04712374848155682, -0.25357554486309625]
[0.14141838010637053, -0.05715370140683231, -0.4228502629775642, -0.18967242382207555, 0.06276818427630408, -0.33813277340609804]
[0.17687578581366645, -0.07148681382805405, -0.52848323371447, -0.23711293821729224, 0.07841262007105135, -0.4226900019490999]
[0.2123331915209624, -0.08581992624927579, -0.6341162044513758, -0.2845534526125089, 0.09405705586579861, -0.5072472304921017]
[0.2477905972282583, -0.10015303867049755, -0.7397491751882816, -0.33199396700772565, 0.10970149166054588, -0.5918044590351036]
[0.2832480029355542, -0.11448615109171927, -0.8453821459251875, -0.37943448140294234, 0.12534592745529313, -0.6763616875781053]
[0.31870540864285013, -0.128819263512941, -0.9510151166620934, -0.4268749957981591, 0.1409903632500404, -0.7609189161211073]
[0.354162814350146, -0.14315237593416275, -1.0566480873989992, -0.4743155101933757, 0.15663479904478766, -0.845476144664109]
[0.38962022005744196, -0.1574854883553845, -1.1622810581359049, -0.5217560245885925, 0.17227923483953492, -0.9300333732071109]
[0.4250776257647379, -0.1718186007766062, -1.2679140288728108, -0.5691965389838091, 0.1879236706342822, -1.0145906017501127]
[0.4605350314720338, -0.18615171319782794, -1.3735469996097165, -0.6166370533790257, 0.20356810642902945, -1.0991478302931144]
[0.4959924371793297, -0.20048482561904973, -1.4791799703466224, -0.6640775677742425, 0.21921254222377673, -1.1837050588361164]
[0.5314498428866257, -0.21481793804027144, -1.5848129410835283, -0.7115180821694592, 0.23485697801852398, -1.2682622873791183]
[0.5669072485939215, -0.22915105046149317, -1.690445911820434, -0.7589585965646759, 0.25050141381327123, -1.35281951592212]
[0.6023646543012174, -0.2434841628827149, -1.7960788825573397, -0.8063991109598926, 0.2661458496080185, -1.4373767444651218]
[0.6378220600085134, -0.25781727530393667, -1.9017118532942459, -0.8538396253551094, 0.2817902854027658, -1.5219339730081238]
[0.6732794657158093, -0.2721503877251584, -2.0073448240311516, -0.9012801397503261, 0.297434721197513, -1.6064912015511255]
[0.7087368714231052, -0.28648350014638013, -2.1129777947680575, -0.9487206541455426, 0.3130791569922603, -1.6910484300941273]
[0.7441942771304011, -0.30081661256760184, -2.218610765504963, -0.9961611685407593, 0.3287235927870075, -1.7756056586371292]
[0.779651682837697, -0.31514972498882365, -2.324243736241869, -1.0436016829359762, 0.3443680285817548, -1.860162887180131]
[0.815109088544993, -0.32948283741004536, -2.429876706978775, -1.0910421973311928, 0.3600124643765021, -1.9447201157231329]
[0.83579985114738, -0.3333902453919148, -2.4161629690759363, -1.1953838100566183, 0.28147574563854505, -2.0165089175327777]
[0.856490613749767, -0.33729765337378426, -2.402449231173098, -1.299725422782044, 0.20293902690058796, -2.088297719342423]
[0.8771813763521539, -0.3412050613556537, -2.3887354932702594, -1.4040670355074698, 0.1244023081626309, -2.1600865211520675]
[0.8978721389545409, -0.34511246933752315, -2.3750217553674204, -1.5084086482328953, 0.045865589424673836, -2.231875322961712]
[0.9185629015569279, -0.34901987731939266, -2.361308017464582, -1.6127502609583209, -0.0326711293132832, -2.303664124771357]
[0.9392536641593149, -0.3529272853012621, -2.3475942795617435, -1.7170918736837466, -0.11120784805124029, -2.3754529265810023]
[0.9599444267617019, -0.35683469328313155, -2.333880541658905, -1.8214334864091724, -0.18974456678919732, -2.447241728390647]
[0.9806351893640888, -0.360742101265001, -2.3201668037560665, -1.9257750991345979, -0.2682812855271544, -2.5190305302002916]
[1.001325951966476, -0.36464950924687045, -2.306453065853228, -2.0301167118600234, -0.3468180042651114, -2.5908193320099366]
[1.0220167145688628, -0.3685569172287399, -2.2927393279503896, -2.134458324585449, -0.4253547230030685, -2.6626081338195817]
[1.0427074771712497, -0.37246432521060935, -2.279025590047551, -2.238799937310875, -0.5038914417410256, -2.7343969356292264]
[1.0633982397736368, -0.37637173319247885, -2.265311852144712, -2.3431415500363006, -0.5824281604789827, -2.806185737438871]
[1.0840890023760237, -0.3802791411743483, -2.2515981142418737, -2.447483162761726, -0.6609648792169396, -2.877974539248516]
[1.1047797649784106, -0.38418654915621775, -2.2378843763390353, -2.5518247754871517, -0.7395015979548967, -2.949763341058161]
[1.1254705275807977, -0.3880939571380872, -2.224170638436197, -2.6561663882125774, -0.8180383166928539, -3.021552142867806]