[-0.00042039584398256835, 0.0001389713554544869, -0.00041004152762891266, 1.6983357641109365e-05, 0.0003285175342666591, 0.00012345295869220507]
[-0.013871591415040803, -0.015222277933280985, -0.14736796971285648, -0.037800465950729334, 0.07921553070316605, -0.011837027531790566]
[-0.027322786986099037, -0.030583527222016457, -0.29432589789808405, -0.07561791525909978, 0.15810254387206543, -0.023797508022273338]
[-0.04077398255715727, -0.045944776510751933, -0.4412838260833117, -0.11343536456747023, 0.23698955704096483, -0.03575798851275611]
[-0.05422517812821551, -0.0613060257994874, -0.5882417542685392, -0.15125281387584066, 0.3158765702098642, -0.04771846900323888]
[-0.06767637369927375, -0.07666727508822288, -0.7351996824537669, -0.18907026318421113, 0.3947635833787636, -0.05967894949372166]
[-0.08112756927033198, -0.09202852437695835, -0.8821576106389944, -0.22688771249258158, 0.473650596547663, -0.07163942998420443]
[-0.0945787648413902, -0.10738977366569381, -1.029115538824222, -0.264705161800952, 0.5525376097165624, -0.08359991047468719]
[-0.10802996041244844, -0.12275102295442929, -1.1760734670094495, -0.30252261110932244, 0.6314246228854618, -0.09556039096516997]
[-0.12148115598350667, -0.13811227224316477, -1.3230313951946773, -0.34034006041769294, 0.7103116360543612, -0.10752087145565276]
[-0.13493235155456493, -0.15347352153190025, -1.4699893233799048, -0.3781575097260634, 0.7891986492232606, -0.11948135194613553]
[-0.14838354712562316, -0.16883477082063572, -1.6169472515651324, -0.4159749590344338, 0.86808566239216, -0.1314418324366183]
[-0.16183474269668138, -0.1841960201093712, -1.76390517975036, -0.45379240834280427, 0.9469726755610594, -0.14340231292710107]
[-0.1752859382677396, -0.19955726939810664, -1.9108631079355873, -0.49160985765117465, 1.0258596887299587, -0.15536279341758383]
[-0.18873713383879784, -0.2149185186868421, -2.057821036120815, -0.5294273069595451, 1.1047467018988582, -0.1673232739080666]
[-0.20218832940985607, -0.2302797679755776, -2.2047789643060427, -0.5672447562679156, 1.1836337150677574, -0.17928375439854938]
[-0.21563952498091432, -0.24564101726431306, -2.35173689249127, -0.605062205576286, 1.2625207282366568, -0.19124423488903214]
[-0.22909072055197255, -0.26100226655304853, -2.498694820676498, -0.6428796548846565, 1.3414077414055563, -0.20320471537951493]
[-0.09495434113006726, -0.25325095634861344, -2.4747332896847496, -0.6495299477347514, 1.290618752674134, -0.13291572281248726]
[0.03918203829183803, -0.24549964614417832, -2.4507717586930013, -0.6561802405848463, 1.2398297639427116, -0.06262673024545959]
[0.17331841771374334, -0.23774833593974323, -2.426810227701253, -0.662830533434941, 1.1890407752112895, 0.007662262321568081]
[0.3074547971356486, -0.2299970257353081, -2.402848696709505, -0.6694808262850359, 1.1382517864798671, 0.07795125488859575]
[0.44159117655755387, -0.22224571553087302, -2.3788871657177566, -0.6761311191351308, 1.0874627977484448, 0.14824024745562345]
[0.5757275559794592, -0.21449440532643793, -2.3549256347260084, -0.6827814119852257, 1.0366738090170224, 0.2185292400226511]
[0.7098639354013645, -0.20674309512200284, -2.33096410373426, -0.6894317048353206, 0.9858848202856002, 0.28881823258967876]
[0.8440003148232698, -0.19899178491756772, -2.307002572742512, -0.6960819976854153, 0.935095831554178, 0.35910722515670646]
[0.978136694245175, -0.1912404747131326, -2.283041041750764, -0.7027322905355102, 0.8843068428227556, 0.42939621772373415]
[1.1122730736670803, -0.1834891645086975, -2.259079510759016, -0.7093825833856051, 0.8335178540913333, 0.49968521029076185]
[1.2464094530889855, -0.17573785430426242, -2.2351179797672676, -0.7160328762357, 0.782728865359911, 0.5699742028577894]
[1.380545832510891, -0.16798654409982733, -2.2111564487755193, -0.7226831690857949, 0.7319398766284887, 0.6402631954248171]
[1.5146822119327963, -0.1602352338953922, -2.187194917783771, -0.7293334619358898, 0.6811508878970665, 0.7105521879918448]
[1.6488185913547015, -0.15248392369095712, -2.163233386792023, -0.7359837547859845, 0.6303618991656441, 0.7808411805588724]
[1.7829549707766068, -0.144732613486522, -2.1392718558002746, -0.7426340476360794, 0.5795729104342219, 0.8511301731259002]
[1.917091350198512, -0.1369813032820869, -2.1153103248085263, -0.7492843404861743, 0.5287839217027995, 0.9214191656929277]