[-0.0004003278778812458, 0.0001977760423219621, -0.0003779436276598602, 0.0001047200305581697, 0.00030100339065519677, 6.766450975970173e-05]
[0.012134915580774949, -0.03442598367028914, -0.0931598965435393, 0.038778792712006044, 0.008210734211342021, -0.1116358916979535]
[0.024670159039431143, -0.06904974338290024, -0.18594184945941875, 0.07745286539345392, 0.016120465032028845, -0.2233394479056667]
[0.03720540249808734, -0.10367350309551134, -0.2787238023752982, 0.11612693807490179, 0.02403019585271567, -0.3350430041133799]
[0.04974064595674353, -0.13829726280812243, -0.37150575529117763, 0.15480101075634967, 0.031939926673402494, -0.4467465603210931]
[0.06227588941539973, -0.17292102252073352, -0.46428770820705706, 0.19347508343779754, 0.039849657494089315, -0.5584501165288063]
[0.07481113287405593, -0.20754478223334463, -0.5570696611229365, 0.23214915611924541, 0.04775938831477614, -0.6701536727365195]
[0.08734637633271213, -0.24216854194595575, -0.649851614038816, 0.2708232288006933, 0.05566911913546297, -0.7818572289442328]
[0.09988161979136831, -0.27679230165856683, -0.7426335669546954, 0.30949730148214116, 0.06357884995614979, -0.8935607851519459]
[0.11241686325002452, -0.31141606137117794, -0.8354155198705748, 0.34817137416358906, 0.07148858077683662, -1.0052643413596591]
[0.1249521067086807, -0.346039821083789, -0.9281974727864543, 0.3868454468450369, 0.07939831159752343, -1.1169678975673722]
[0.1374873501673369, -0.3806635807964001, -1.0209794257023337, 0.4255195195264848, 0.08730804241821026, -1.2286714537750856]
[0.1500225936259931, -0.4152873405090112, -1.1137613786182132, 0.46419359220793266, 0.09521777323889709, -1.3403750099827987]
[0.16255783708464927, -0.4499111002216223, -1.2065433315340925, 0.5028676648893805, 0.1031275040595839, -1.4520785661905118]
[0.1750930805433055, -0.48453485993423345, -1.299325284449972, 0.5415417375708285, 0.11103723488027074, -1.5637821223982253]
[0.1876283240019617, -0.5191586196468445, -1.3921072373658516, 0.5802158102522763, 0.11894696570095756, -1.6754856786059384]
[0.20016356746061786, -0.5537823793594556, -1.484889190281731, 0.6188898829337242, 0.12685669652164439, -1.7871892348136516]
[0.21269881091927406, -0.5884061390720666, -1.5776711431976103, 0.657563955615172, 0.13476642734233119, -1.8988927910213647]
[0.2252340543779303, -0.6230298987846778, -1.6704530961134898, 0.69623802829662, 0.14267615816301804, -2.010596347229078]
[0.23776929783658646, -0.657653658497289, -1.7632350490293693, 0.7349121009780678, 0.15058588898370487, -2.122299903436791]
[0.25030454129524266, -0.6922774182099, -1.8560170019452487, 0.7735861736595157, 0.15849561980439167, -2.234003459644504]
[0.26283978475389885, -0.7269011779225111, -1.948798954861128, 0.8122602463409635, 0.1664053506250785, -2.3457070158522173]
[0.27537502821255505, -0.7615249376351222, -2.0415809077770075, 0.8509343190224115, 0.17431508144576532, -2.457410572059931]
[0.28791027167121125, -0.7961486973477333, -2.134362860692887, 0.8896083917038593, 0.18222481226645215, -2.569114128267644]
[0.38400314318410445, -0.7543511171453214, -2.176155537293656, 0.9418713050001861, 0.13759630417512145, -2.59226187058211]
[0.4800960146969977, -0.7125535369429096, -2.217948213894425, 0.9941342182965129, 0.09296779608379073, -2.6154096128965763]
[0.576188886209891, -0.6707559567404977, -2.259740890495194, 1.0463971315928398, 0.04833928799246001, -2.638557355211043]
[0.6722817577227842, -0.6289583765380858, -2.301533567095963, 1.0986600448891664, 0.0037107799011293074, -2.661705097525509]
[0.7683746292356773, -0.587160796335674, -2.343326243696732, 1.1509229581854932, -0.040917728190201424, -2.684852839839975]
[0.8644675007485705, -0.5453632161332622, -2.3851189202975007, 1.20318587148182, -0.08554623628153213, -2.7080005821544413]
[0.960560372261464, -0.5035656359308502, -2.42691159689827, 1.2554487847781468, -0.13017474437286286, -2.7311483244689074]
[1.056653243774357, -0.46176805572843843, -2.4687042734990388, 1.3077116980744736, -0.17480325246419354, -2.7542960667833736]
[1.1527461152872502, -0.4199704755260265, -2.5104969500998076, 1.3599746113708004, -0.21943176055552432, -2.77744380909784]
[1.2488389868001435, -0.3781728953236147, -2.552289626700577, 1.4122375246671273, -0.264060268646855, -2.8005915514123063]
[1.3449318583130367, -0.33637531512120283, -2.5940823033013456, 1.464500437963454, -0.30868877673818573, -2.8237392937267725]
[1.4410247298259298, -0.294577734918791, -2.635874979902115, 1.516763351259781, -0.3533172848295164, -2.8468870360412386]
[1.537117601338823, -0.25278015471637916, -2.6776676565028836, 1.5690262645561075, -0.3979457929208471, -2.8700347783557048]
[1.6332104728517165, -0.21098257451396718, -2.719460333103653, 1.6212891778524345, -0.4425743010121779, -2.8931825206701713]
[1.7293033443646095, -0.16918499431155543, -2.7612530097044217, 1.6735520911487611, -0.48720280910350855, -2.9163302629846375]
[1.8253962158775028, -0.12738741410914356, -2.8030456863051905, 1.725815004445088, -0.5318313171948392, -2.9394780052991036]
[1.9214890873903958, -0.0855898339067317, -2.8448383629059597, 1.7780779177414145, -0.5764598252861699, -2.96262574761357]
[2.0175819589032895, -0.04379225370431972, -2.8866310395067285, 1.8303408310377416, -0.6210883333775008, -2.985773489928036]
[2.1136748304161825, -0.001994673501907962, -2.9284237161074973, 1.8826037443340682, -0.6657168414688315, -3.008921232242502]
[2.2097677019290756, 0.039802906700503904, -2.9702163927082665, 1.934866657630395, -0.7103453495601622, -3.032068974556968]
[2.305860573441969, 0.08160048690291577, -3.0120090693090353, 1.9871295709267218, -0.7549738576514928, -3.055216716871435]
[2.4019534449548625, 0.12339806710532764, -3.0538017459098046, 2.0393924842230486, -0.7996023657428236, -3.078364459185901]
[2.4980463164677555, 0.16519564730773947, -3.0955944225105734, 2.0916553975193755, -0.8442308738341542, -3.101512201500367]