[-0.00041726708585265726, 0.00018305833150655815, -0.00043797623942865016, -1.7755975508570998e-05, 0.00014159857135531695, 8.657889819652098e-05]
[-0.008883257395315826, -0.06848131619898383, -0.10203515153160186, 0.003665136143988881, 0.08048401880947433, -0.03357364586559686]
[-0.017349247704778994, -0.13714569072947422, -0.20363232682377508, 0.007348028263486333, 0.16082643904759333, -0.06723387062939024]
[-0.02581523801424216, -0.2058100652599646, -0.3052295021159483, 0.011030920382983785, 0.24116885928571236, -0.10089409539318361]
[-0.03428122832370533, -0.274474439790455, -0.4068266774081215, 0.014713812502481237, 0.32151127952383135, -0.134554320156977]
[-0.0427472186331685, -0.3431388143209454, -0.5084238527002947, 0.01839670462197869, 0.40185369976195034, -0.16821454492077037]
[-0.05121320894263166, -0.41180318885143574, -0.6100210279924679, 0.02207959674147614, 0.4821961200000694, -0.20187476968456375]
[-0.05967919925209483, -0.48046756338192614, -0.7116182032846412, 0.02576248886097359, 0.5625385402381884, -0.23553499444835713]
[-0.068145189561558, -0.5491319379124165, -0.8132153785768144, 0.029445380980471045, 0.6428809604763074, -0.2691952192121505]
[-0.07661117987102117, -0.6177963124429069, -0.9148125538689875, 0.0331282730999685, 0.7232233807144264, -0.3028554439759439]
[-0.08507717018048434, -0.6864606869733973, -1.0164097291611607, 0.03681116521946595, 0.8035658009525454, -0.33651566873973726]
[-0.09354316048994751, -0.7551250615038877, -1.118006904453334, 0.0404940573389634, 0.8839082211906644, -0.37017589350353064]
[-0.10200915079941067, -0.823789436034378, -1.2196040797455072, 0.04417694945846085, 0.9642506414287835, -0.403836118267324]
[-0.11047514110887384, -0.8924538105648685, -1.3212012550376804, 0.047859841577958306, 1.0445930616669024, -0.4374963430311174]
[-0.11894113141833701, -0.9611181850953588, -1.4227984303298538, 0.05154273369745575, 1.1249354819050215, -0.4711565677949108]
[-0.1274071217278002, -1.0297825596258492, -1.524395605622027, 0.05522562581695321, 1.2052779021431403, -0.5048167925587042]
[-0.13587311203726335, -1.0984469341563396, -1.6259927809142, 0.05890851793645066, 1.2856203223812595, -0.5384770173224975]
[-0.05863153615187838, -1.0709167054050654, -1.617443336668999, 0.1454854566088435, 1.2586177553771785, -0.6086748791666303]
[0.018610039733506584, -1.0433864766537913, -1.6088938924237983, 0.23206239528123634, 1.2316151883730977, -0.6788727410107631]
[0.09585161561889158, -1.015856247902517, -1.6003444481785973, 0.3186393339536292, 1.2046126213690167, -0.7490706028548959]
[0.17309319150427652, -0.988326019151243, -1.5917950039333963, 0.405216272626022, 1.177610054364936, -0.8192684646990287]
[0.25033476738966154, -0.9607957903999689, -1.5832455596881956, 0.4917932112984149, 1.150607487360855, -0.8894663265431615]
[0.3275763432750465, -0.9332655616486947, -1.5746961154429946, 0.5783701499708078, 1.123604920356774, -0.9596641883872943]
[0.4048179191604314, -0.9057353328974205, -1.5661466711977936, 0.6649470886432006, 1.0966023533526932, -1.029862050231427]
[0.48205949504581636, -0.8782051041461464, -1.5575972269525928, 0.7515240273155934, 1.0695997863486122, -1.1000599120755599]
[0.5593010709312014, -0.8506748753948722, -1.5490477827073919, 0.8381009659879863, 1.0425972193445312, -1.1702577739196927]
[0.6365426468165863, -0.8231446466435981, -1.540498338462191, 0.9246779046603791, 1.0155946523404504, -1.2404556357638254]
[0.7137842227019714, -0.7956144178923239, -1.53194889421699, 1.011254843332772, 0.9885920853363694, -1.3106534976079582]
[0.7910257985873563, -0.7680841891410497, -1.523399449971789, 1.0978317820051648, 0.9615895183322886, -1.380851359452091]
[0.8682673744727412, -0.7405539603897756, -1.5148500057265883, 1.1844087206775575, 0.9345869513282077, -1.4510492212962236]
[0.9455089503581262, -0.7130237316385014, -1.5063005614813874, 1.2709856593499504, 0.9075843843241268, -1.5212470831403564]
[1.0227505262435113, -0.6854935028872273, -1.4977511172361864, 1.3575625980223431, 0.8805818173200459, -1.5914449449844892]
[1.099992102128896, -0.6579632741359531, -1.4892016729909856, 1.444139536694736, 0.8535792503159649, -1.661642806828622]
[1.1772336780142811, -0.6304330453846789, -1.4806522287457846, 1.530716475367129, 0.826576683311884, -1.7318406686727548]