[-0.0004028084395875098, 0.00018103558971649392, -0.0004113702011876441, 1.9145236094253448e-05, 0.0002020322224440818, 0.00015214502693616794]
[0.019431312003645815, -0.036310676920951274, -0.1014405225396781, 0.019041670341083835, 0.08243835361484414, 0.04686897030199014]
[0.03926543244687914, -0.07280238943161904, -0.20246967487816855, 0.038064195446073416, 0.1646746750072442, 0.0935857955770441]
[0.05909955289011246, -0.10929410194228681, -0.303498827216659, 0.057086720551062994, 0.24691099639964426, 0.14030262085209808]
[0.07893367333334579, -0.14578581445295458, -0.40452797955514946, 0.07610924565605258, 0.3291473177920443, 0.18701944612715204]
[0.09876779377657913, -0.18227752696362237, -0.5055571318936399, 0.09513177076104216, 0.4113836391844444, 0.23373627140220604]
[0.11860191421981243, -0.2187692394742901, -0.6065862842321303, 0.11415429586603174, 0.49361996057684443, 0.28045309667726]
[0.13843603466304577, -0.2552609519849579, -0.7076154365706209, 0.13317682097102132, 0.5758562819692445, 0.327169921952314]
[0.1582701551062791, -0.29175266449562565, -0.8086445889091113, 0.1521993460760109, 0.6580926033616445, 0.3738867472273679]
[0.17810427554951244, -0.3282443770062935, -0.9096737412476018, 0.1712218711810005, 0.7403289247540448, 0.420603572502422]
[0.19793839599274576, -0.36473608951696124, -1.0107028935860922, 0.19024439628599008, 0.8225652461464448, 0.4673203977774759]
[0.21777251643597906, -0.401227802027629, -1.1117320459245827, 0.20926692139097963, 0.9048015675388448, 0.5140372230525299]
[0.23760663687921238, -0.4377195145382967, -1.212761198263073, 0.22828944649596922, 0.9870378889312448, 0.5607540483275838]
[0.25744075732244576, -0.47421122704896457, -1.3137903506015636, 0.2473119716009588, 1.069274210323645, 0.6074708736026379]
[0.27727487776567905, -0.5107029395596323, -1.414819502940054, 0.2663344967059484, 1.151510531716045, 0.6541876988776918]
[0.3628985515188556, -0.5069068477912309, -1.486098594005725, 0.21748218773175837, 1.1940306798769333, 0.6746724797191112]
[0.4485222252720321, -0.5031107560228294, -1.5573776850713958, 0.16862987875756835, 1.2365508280378217, 0.6951572605605305]
[0.5341458990252086, -0.4993146642544279, -1.6286567761370667, 0.11977756978337833, 1.2790709761987098, 0.7156420414019499]
[0.6197695727783852, -0.49551857248602643, -1.6999358672027376, 0.07092526080918832, 1.3215911243595981, 0.7361268222433692]
[0.7053932465315618, -0.491722480717625, -1.7712149582684087, 0.0220729518349983, 1.3641112725204865, 0.7566116030847886]
[0.7910169202847382, -0.48792638894922347, -1.8424940493340796, -0.026779357139191717, 1.4066314206813748, 0.777096383926208]
[0.8766405940379148, -0.484130297180822, -1.9137731403997504, -0.07563166611338173, 1.4491515688422631, 0.7975811647676273]
[0.9617030085670414, -0.47310860090622353, -1.9681874424611472, -0.13005009573696508, 1.4773489706623717, 0.8097886804647891]
[1.046765423096168, -0.46208690463162505, -2.022601744522544, -0.18446852536054845, 1.5055463724824802, 0.821996196161951]
[1.1318278376252946, -0.45106520835702657, -2.0770160465839402, -0.23888695498413182, 1.533743774302589, 0.8342037118591128]
[1.2168902521544211, -0.4400435120824281, -2.131430348645337, -0.29330538460771516, 1.5619411761226976, 0.8464112275562746]
[1.3425397783200756, -0.40160010717229355, -2.1617046671106728, -0.3916802742402584, 1.5606743673609478, 0.8395710111666261]
[1.4681893044857302, -0.363156702262159, -2.191978985576008, -0.4900551638728016, 1.559407558599198, 0.8327307947769775]
[1.5938388306513849, -0.3247132973520245, -2.222253304041344, -0.5884300535053448, 1.558140749837448, 0.825890578387329]
[1.7194883568170394, -0.28626989244188994, -2.2525276225066793, -0.6868049431378881, 1.5568739410756982, 0.8190503619976806]
[1.8451378829826939, -0.24782648753175537, -2.282801940972015, -0.7851798327704314, 1.5556071323139484, 0.8122101456080321]
[1.9707874091483486, -0.20938308262162086, -2.3130762594373504, -0.8835547224029745, 1.5543403235521986, 0.8053699292183835]
[2.096436935314003, -0.17093967771148627, -2.343350577902686, -0.9819296120355178, 1.5530735147904489, 0.798529712828735]
[2.2220864614796576, -0.13249627280135173, -2.3736248963680215, -1.080304501668061, 1.551806706028699, 0.7916894964390865]
[2.3477359876453123, -0.0940528678912172, -2.4038992148333573, -1.1786793913006042, 1.550539897266949, 0.784849280049438]
[2.4733855138109666, -0.05560946298108266, -2.4341735332986927, -1.2770542809331475, 1.5492730885051993, 0.7780090636597894]
[2.5990350399766213, -0.017166058070948127, -2.4644478517640285, -1.3754291705656907, 1.5480062797434495, 0.7711688472701409]