[-0.0002539516139199449, 0.00014240765980844117, -0.0004636061776155387, 5.163524697326949e-05, 0.00027771437964574375, 0.0001386358875787863]
[-0.024797623118927182, -0.011168317274204967, -0.08620571207402491, 0.07216616421992612, 0.0606434632860869, 0.043911509091519176]
[-0.04934129462393442, -0.022479042208218374, -0.1719478179704343, 0.14428069319287898, 0.12100921219252805, 0.08768438229545956]
[-0.07388496612894165, -0.03378976714223178, -0.25768992386684364, 0.21639522216583182, 0.1813749610989692, 0.13145725549939993]
[-0.09842863763394889, -0.04510049207624519, -0.34343202976325304, 0.2885097511387847, 0.24174071000541036, 0.17523012870334034]
[-0.12297230913895613, -0.05641121701025859, -0.4291741356596624, 0.3606242801117375, 0.3021064589118515, 0.2190030019072807]
[-0.14751598064396335, -0.067721941944272, -0.5149162415560717, 0.43273880908469037, 0.36247220781829265, 0.2627758751112211]
[-0.1720596521489706, -0.0790326668782854, -0.6006583474524811, 0.5048533380576432, 0.42283795672473384, 0.3065487483151615]
[-0.19660332365397784, -0.09034339181229882, -0.6864004533488905, 0.5769678670305961, 0.483203705631175, 0.3503216215191019]
[-0.2211469951589851, -0.10165411674631224, -0.7721425592453, 0.649082396003549, 0.5435694545376162, 0.39409449472304225]
[-0.2456906666639923, -0.11296484168032563, -0.8578846651417092, 0.7211969249765018, 0.6039352034440573, 0.4378673679269826]
[-0.27023433816899955, -0.12427556661433904, -0.9436267710381187, 0.7933114539494547, 0.6643009523504985, 0.481640241130923]
[-0.29477800967400675, -0.13558629154835244, -1.029368876934528, 0.8654259829224075, 0.7246667012569395, 0.5254131143348634]
[-0.31932168117901405, -0.14689701648236586, -1.1151109828309373, 0.9375405118953605, 0.7850324501633809, 0.5691859875388038]
[-0.34386535268402124, -0.15820774141637925, -1.2008530887273468, 1.0096550408683131, 0.8453981990698219, 0.6129588607427442]
[-0.3684090241890285, -0.16951846635039267, -1.2865951946237562, 1.081769569841266, 0.905763947976263, 0.6567317339466845]
[-0.39295269569403574, -0.18082919128440608, -1.3723373005201656, 1.153884098814219, 0.9661296968827042, 0.700504607150625]
[-0.417496367199043, -0.19213991621841947, -1.458079406416575, 1.2259986277871717, 1.0264954457891453, 0.7442774803545653]
[-0.44204003870405023, -0.20345064115243292, -1.5438215123129844, 1.2981131567601247, 1.0868611946955866, 0.7880503535585057]
[-0.4665837102090575, -0.2147613660864463, -1.6295636182093935, 1.3702276857330775, 1.1472269436020277, 0.8318232267624461]
[-0.49112738171406467, -0.2260720910204597, -1.715305724105803, 1.4423422147060303, 1.2075926925084688, 0.8755960999663864]
[-0.5156710532190719, -0.23738281595447314, -1.8010478300022124, 1.5144567436789833, 1.26795844141491, 0.919368973170327]
[-0.5402147247240792, -0.24869354088848653, -1.8867899358986218, 1.586571272651936, 1.3283241903213512, 0.9631418463742673]
[-0.42643569109184754, -0.24990572931127855, -1.8889302164048756, 1.554600986895725, 1.2794726867986312, 0.8594983383914567]
[-0.3126566574596159, -0.25111791773407055, -1.8910704969111292, 1.5226307011395137, 1.2306211832759115, 0.7558548304086463]
[-0.19887762382738422, -0.2523301061568626, -1.893210777417383, 1.4906604153833025, 1.1817696797531916, 0.6522113224258359]
[-0.08509859019515259, -0.2535422945796546, -1.8953510579236368, 1.458690129627091, 1.1329181762304716, 0.5485678144430254]
[0.028680443437079095, -0.25475448300244663, -1.8974913384298904, 1.42671984387088, 1.0840666727077517, 0.44492430646021497]
[0.14245947706931072, -0.25596667142523866, -1.8996316189361442, 1.3947495581146687, 1.035215169185032, 0.34128079847740445]
[0.25623851070154235, -0.2571788598480307, -1.9017718994423978, 1.3627792723584575, 0.986363665662312, 0.23763729049459392]
[0.370017544333774, -0.2583910482708227, -1.9039121799486516, 1.3308089866022463, 0.9375121621395921, 0.1339937825117835]
[0.4837965779660056, -0.25960323669361474, -1.9060524604549054, 1.2988387008460351, 0.8886606586168723, 0.030350274528973098]
[0.5975756115982374, -0.26081542511640676, -1.908192740961159, 1.266868415089824, 0.8398091550941524, -0.07329323345383731]
[0.7113546452304689, -0.26202761353919873, -1.9103330214674128, 1.2348981293336125, 0.7909576515714325, -0.17693674143664795]
[0.8251336788627006, -0.26323980196199076, -1.9124733019736664, 1.2029278435774016, 0.7421061480487127, -0.28058024941945836]
[0.9389127124949321, -0.2644519903847828, -1.9146135824799202, 1.1709575578211902, 0.6932546445259927, -0.3842237574022688]
[1.0526917461271639, -0.2656641788075748, -1.916753862986174, 1.138987272064979, 0.6444031410032729, -0.4878672653850794]
[1.1664707797593954, -0.26687636723036684, -1.9188941434924276, 1.1070169863087678, 0.595551637480553, -0.5915107733678898]
[1.2802498133916271, -0.26808855565315887, -1.9210344239986814, 1.0750467005525566, 0.5467001339578331, -0.6951542813507001]