[-0.0003886507943091644, 0.00022451532227485416, -0.000425879366313886, 0.0001460069271796982, 0.0003304240604897757, -4.083049472125566e-05]
[-0.002515765779190834, -0.012384946076847654, -0.1708552015953634, -0.05370046435995303, 0.013794439539423442, 0.05544720495723802]
[-0.0046428807640725035, -0.024994407475970162, -0.34128452382441293, -0.10754693564708576, 0.02725845501835711, 0.11093524040919729]
[-0.006769995748954174, -0.03760386887509267, -0.5117138460534625, -0.1613934069342185, 0.040722470497290775, 0.16642327586115657]
[-0.008897110733835843, -0.05021333027421518, -0.682143168282512, -0.2152398782213512, 0.05418648597622444, 0.22191131131311584]
[-0.011024225718717515, -0.0628227916733377, -0.8525724905115616, -0.269086349508484, 0.06765050145515811, 0.27739934676507516]
[-0.013151340703599183, -0.0754322530724602, -1.023001812740611, -0.3229328207956167, 0.08111451693409177, 0.3328873822170344]
[-0.015278455688480854, -0.08804171447158271, -1.1934311349696607, -0.37677929208274946, 0.09457853241302544, 0.3883754176689937]
[-0.01740557067336252, -0.10065117587070521, -1.36386045719871, -0.4306257633698821, 0.1080425478919591, 0.44386345312095293]
[-0.019532685658244193, -0.11326063726982771, -1.5342897794277597, -0.4844722346570149, 0.12150656337089277, 0.4993514885729122]
[-0.021659800643125865, -0.12587009866895024, -1.7047191016568093, -0.5383187059441477, 0.13497057884982644, 0.5548395240248716]
[-0.02378691562800753, -0.13847956006807274, -1.8751484238858587, -0.5921651772312804, 0.1484345943287601, 0.6103275594768307]
[-0.025914030612889202, -0.15108902146719524, -2.0455777461149083, -0.6460116485184131, 0.16189860980769377, 0.66581559492879]
[0.18353808490807932, -0.18518238948498894, -2.008427380614498, -0.6397605074032651, 0.17371313916318049, 0.6663276755570816]
[0.3929902004290478, -0.21927575750278264, -1.971277015114088, -0.633509366288117, 0.1855276685186672, 0.6668397561853732]
[0.6024423159500163, -0.25336912552057633, -1.9341266496136775, -0.627258225172969, 0.19734219787415389, 0.6673518368136647]
[0.8118944314709848, -0.28746249353837006, -1.8969762841132674, -0.621007084057821, 0.2091567272296406, 0.6678639174419563]
[1.0213465469919534, -0.3215558615561637, -1.8598259186128572, -0.6147559429426731, 0.2209712565851273, 0.668375998070248]
[1.230798662512922, -0.3556492295739574, -1.8226755531124468, -0.6085048018275251, 0.232785785940614, 0.6688880786985395]
[1.4402507780338905, -0.3897425975917511, -1.7855251876120366, -0.6022536607123771, 0.2446003152961007, 0.6694001593268311]
[1.649702893554859, -0.4238359656095448, -1.7483748221116264, -0.596002519597229, 0.2564148446515874, 0.6699122399551226]