[-0.00040949842812043613, 0.00017811091598840534, -0.000403172728237422, 0.00014620670781972933, 0.00019168541972636177, 1.9495320669804528e-05]
[0.03560605185299132, -0.009085352036470862, -0.1241125862173394, -0.035780328212638525, 0.07277799470509698, 0.030362972258002694]
[0.07162160213410308, -0.01834881498893013, -0.24782199970644136, -0.07170686313309678, 0.1453643039904676, 0.060706449195335584]
[0.10763715241521486, -0.0276122779413894, -0.37153141319554334, -0.10763339805355504, 0.21795061327583823, 0.09104992613266848]
[0.1436527026963266, -0.036875740893848666, -0.4952408266846453, -0.1435599329740133, 0.29053692256120883, 0.12139340307000136]
[0.17966825297743838, -0.04613920384630794, -0.6189502401737473, -0.17948646789447156, 0.36312323184657946, 0.15173688000733426]
[0.21568380325855016, -0.05540266679876721, -0.7426596536628493, -0.2154130028149298, 0.4357095411319501, 0.18208035694466715]
[0.2516993535396619, -0.06466612975122647, -0.8663690671519512, -0.25133953773538803, 0.5082958504173207, 0.21242383388200003]
[0.28771490382077364, -0.07392959270368574, -0.9900784806410532, -0.2872660726558463, 0.5808821597026913, 0.24276731081933292]
[0.32373045410188545, -0.08319305565614502, -1.113787894130155, -0.3231926075763046, 0.653468468988062, 0.2731107877566658]
[0.3597460043829972, -0.09245651860860428, -1.2374973076192572, -0.35911914249676286, 0.7260547782734326, 0.3034542646939987]
[0.39576155466410895, -0.10171998156106356, -1.3612067211083592, -0.3950456774172211, 0.7986410875588033, 0.33379774163133163]
[0.43177710494522076, -0.11098344451352282, -1.484916134597461, -0.43097221233767935, 0.8712273968441738, 0.3641412185686645]
[0.46779265522633245, -0.12024690746598207, -1.608625548086563, -0.46689874725813757, 0.9438137061295444, 0.39448469550599735]
[0.5038082055074442, -0.12951037041844135, -1.732334961575665, -0.5028252821785958, 1.016400015414915, 0.42482817244333027]
[0.539823755788556, -0.13877383337090063, -1.8560443750647668, -0.5387518170990541, 1.0889863247002856, 0.4551716493806632]
[0.5758393060696677, -0.14803729632335988, -1.979753788553869, -0.5746783520195123, 1.1615726339856562, 0.48551512631799604]
[0.6118548563507795, -0.15730075927581916, -2.103463202042971, -0.6106048869399706, 1.234158943271027, 0.515858603255329]
[0.7418547382466163, -0.1267106522671856, -2.1808803958231047, -0.6457992395155292, 1.2433785445476822, 0.5030162213237581]
[0.8718546201424531, -0.096120545258552, -2.258297589603239, -0.6809935920910877, 1.2525981458243372, 0.49017383939218734]
[1.0018545020382899, -0.06553043824991843, -2.3357147833833727, -0.7161879446666463, 1.2618177471009924, 0.4773314574606165]
[1.1318543839341264, -0.034940331241284844, -2.4131319771635065, -0.7513822972422048, 1.2710373483776474, 0.4644890755290457]
[1.2618542658299634, -0.004350224232651273, -2.4905491709436403, -0.7865766498177633, 1.2802569496543026, 0.4516466935974749]
[1.3918541477258, 0.0262398827759823, -2.567966364723774, -0.8217710023933219, 1.2894765509309578, 0.43880431166590406]
[1.5218540296216365, 0.05682998978461587, -2.645383558503908, -0.8569653549688805, 1.2986961522076128, 0.4259619297343333]
[1.6518539115174735, 0.08742009679324947, -2.722800752284042, -0.892159707544439, 1.307915753484268, 0.41311954780276244]
[1.78185379341331, 0.11801020380188304, -2.800217946064176, -0.9273540601199975, 1.3171353547609232, 0.40027716587119166]
[1.911853675309147, 0.1486003108105166, -2.87763513984431, -0.9625484126955561, 1.3263549560375782, 0.38743478393962083]
[2.0418535572049836, 0.17919041781915018, -2.955052333624444, -0.9977427652711146, 1.3355745573142335, 0.37459240200805]
[2.1718534391008206, 0.20978052482778375, -3.0324695274045776, -1.0329371178466733, 1.3447941585908885, 0.36175002007647916]
[2.301853320996657, 0.24037063183641733, -3.1098867211847114, -1.0681314704222318, 1.3540137598675437, 0.3489076381449084]