[-0.00032680138727858576, 0.00015207413028761607, -0.0004277679326660788, 5.4023870816877206e-05, 0.00015619302730485174, 0.00010164562111381059]
[0.07290527617827731, -0.024092178092901317, -0.12766150827810474, 0.06485666885912693, -0.012247341127624775, -0.005580718858916629]
[0.14613735374383321, -0.04833643031609025, -0.2548952486235434, 0.12965931384743698, -0.024650875282554403, -0.011263083338947068]
[0.21936943130938913, -0.07258068253927918, -0.38212898896898206, 0.19446195883574705, -0.03705440943748403, -0.01694544781897751]
[0.292601508874945, -0.09682493476246812, -0.5093627293144207, 0.2592646038240571, -0.04945794359241366, -0.022627812299007947]
[0.36583358644050096, -0.12106918698565705, -0.6365964696598594, 0.32406724881236715, -0.06186147774734329, -0.028310176779038392]
[0.43906566400605684, -0.14531343920884598, -0.763830210005298, 0.3888698938006772, -0.07426501190227291, -0.03399254125906883]
[0.5122977415716128, -0.16955769143203492, -0.8910639503507368, 0.4536725387889873, -0.08666854605720255, -0.03967490573909927]
[0.5855298191371686, -0.19380194365522385, -1.0182976906961754, 0.5184751837772973, -0.09907208021213217, -0.045357270219129706]
[0.6587618967027246, -0.21804619587841279, -1.145531431041614, 0.5832778287656074, -0.1114756143670618, -0.05103963469916015]
[0.7319939742682805, -0.24229044810160172, -1.2727651713870527, 0.6480804737539174, -0.12387914852199143, -0.056721999179190595]
[0.8052260518338363, -0.26653470032479065, -1.3999989117324914, 0.7128831187422274, -0.13628268267692104, -0.06240436365922103]
[0.8784581293993923, -0.2907789525479796, -1.52723265207793, 0.7776857637305375, -0.14868621683185068, -0.06808672813925147]
[0.9297031396110951, -0.266917274170457, -1.61054164942788, 0.73097451333639, -0.06996622629001976, -0.0507783114279078]
[0.9809481498227979, -0.2430555957929344, -1.6938506467778298, 0.6842632629422425, 0.008753764251811152, -0.03346989471656412]
[1.0321931600345007, -0.21919391741541183, -1.7771596441277797, 0.6375520125480949, 0.08747375479364208, -0.01616147800522045]
[1.0834381702462035, -0.19533223903788924, -1.8604686414777296, 0.5908407621539474, 0.166193745335473, 0.0011469387061232295]
[1.1346831804579063, -0.17147056066036664, -1.9437776388276795, 0.5441295117597998, 0.24491373587730392, 0.0184553554174669]
[1.1859281906696089, -0.14760888228284408, -2.0270866361776294, 0.4974182613656523, 0.32363372641913485, 0.03576377212881057]
[1.2371732008813117, -0.12374720390532148, -2.1103956335275793, 0.4507070109715048, 0.4023537169609658, 0.05307218884015426]
[1.2884182110930145, -0.09988552552779889, -2.193704630877529, 0.40399576057735725, 0.48107370750279665, 0.07038060555149793]
[1.3396632213047173, -0.07602384715027632, -2.277013628227479, 0.3572845101832097, 0.5597936980446276, 0.0876890222628416]
[1.39090823151642, -0.05216216877275373, -2.360322625577429, 0.3105732597890622, 0.6385136885864585, 0.10499743897418527]
[1.4421532417281229, -0.028300490395231137, -2.4436316229273793, 0.26386200939491455, 0.7172336791282896, 0.12230585568552897]
[1.4933982519398254, -0.004438812017708571, -2.526940620277329, 0.21715075900076708, 0.7959536696701204, 0.13961427239687263]
[1.5446432621515283, 0.01942286635981405, -2.6102496176272787, 0.1704395086066195, 0.8746736602119515, 0.15692268910821633]
[1.595888272363231, 0.04328454473733662, -2.6935586149772286, 0.12372825821247202, 0.9533936507537822, 0.17423110581955997]
[1.6471332825749339, 0.06714622311485924, -2.776867612327179, 0.07701700781832443, 1.0321136412956133, 0.19153952253090367]
[1.6983782927866367, 0.0910079014923818, -2.8601766096771284, 0.03030575742417696, 1.110833631837444, 0.20884793924224732]
[1.7496233029983395, 0.11486957986990437, -2.9434856070270787, -0.016405492969970625, 1.1895536223792753, 0.22615635595359102]
[1.8008683132100423, 0.13873125824742694, -3.0267946043770286, -0.0631167433641181, 1.268273612921106, 0.24346477266493466]
[1.852113323421745, 0.16259293662494953, -3.1101036017269785, -0.1098279937582657, 1.3469936034629368, 0.26077318937627836]