[-0.0004160606181526916, 0.000267673105841304, -0.00040307185363719356, -1.7669886027249504e-05, 0.00033641312665544376, 1.5124855583081853e-05]
[0.041437885756699516, -0.0716315808327194, -0.12593709058508237, -0.016226797150774366, -0.011540954008315896, 0.031060357897017034]
[0.08329183213155172, -0.1435308347712801, -0.25147110931652755, -0.03243592441552148, -0.023418321143287235, 0.062105590938450986]
[0.1251457785064039, -0.21543008870984076, -0.37700512804797265, -0.0486450516802686, -0.035295688278258575, 0.09315082397988493]
[0.16699972488125614, -0.2873293426484015, -0.5025391467794179, -0.06485417894501572, -0.047173055413229914, 0.12419605702131889]
[0.20885367125610832, -0.35922859658696216, -0.628073165510863, -0.08106330620976283, -0.059050422548201253, 0.15524129006275283]
[0.2507076176309605, -0.4311278505255228, -0.7536071842423081, -0.09727243347450995, -0.07092778968317259, 0.18628652310418678]
[0.2925615640058127, -0.5030271044640835, -0.8791412029737533, -0.11348156073925705, -0.08280515681814393, 0.21733175614562072]
[0.33441551038066497, -0.5749263584026443, -1.0046752217051986, -0.12969068800400418, -0.09468252395311527, 0.2483769891870547]
[0.37626945675551715, -0.646825612341205, -1.1302092404366437, -0.14589981526875132, -0.10655989108808661, 0.27942222222848867]
[0.41812340313036933, -0.7187248662797656, -1.2557432591680888, -0.16210894253349842, -0.11843725822305795, 0.3104674552699226]
[0.5161813027780543, -0.7219995272783998, -1.2650794244899934, -0.06998884044586984, -0.1014913460670199, 0.225499313001411]
[0.6142392024257393, -0.7252741882770339, -1.2744155898118978, 0.022131261641758743, -0.08454543391098185, 0.1405311707328994]
[0.7122971020734242, -0.728548849275668, -1.2837517551338025, 0.11425136372938735, -0.0675995217549438, 0.055563028464387765]
[0.8103550017211092, -0.7318235102743021, -1.293087920455707, 0.2063714658170159, -0.05065360959890575, -0.029405113804123806]
[0.9084129013687942, -0.7350981712729363, -1.3024240857776115, 0.2984915679046446, -0.033707697442867696, -0.11437325607263549]
[1.0064708010164791, -0.7383728322715704, -1.311760251099516, 0.39061166999227315, -0.016761785286829645, -0.19934139834114706]
[1.1045287006641642, -0.7416474932702045, -1.3210964164214207, 0.4827317720799018, 0.00018412686920842025, -0.28430954060965874]
[1.202586600311849, -0.7449221542688387, -1.3304325817433251, 0.5748518741675303, 0.017130039025246457, -0.3692776828781702]
[1.300644499959534, -0.7481968152674728, -1.3397687470652297, 0.6669719762551589, 0.03407595118128451, -0.4542458251466819]
[1.398702399607219, -0.751471476266107, -1.3491049123871344, 0.7590920783427876, 0.05102186333732256, -0.5392139674151936]
[1.4967602992549038, -0.754746137264741, -1.3584410777090388, 0.8512121804304161, 0.06796777549336061, -0.624182109683705]
[1.594818198902589, -0.7580207982633752, -1.3677772430309434, 0.9433322825180447, 0.08491368764939866, -0.7091502519522166]