[-0.0002873643147172089, 0.00012683726346640611, -0.00042958686843874716, 0.00013001515066068947, 0.00015007401069588866, 0.00011038386255179944]
[0.05866297725616197, 0.0009382883587898694, -0.15481320098399032, 0.03719514844043602, 0.01709263676705812, -0.031049643578876657]
[0.11761331882704115, 0.0017497394541133326, -0.3091968150995419, 0.07426028173021135, 0.03403519952342035, -0.06220967102030511]
[0.17656366039792035, 0.002561190549436796, -0.46358042921509346, 0.11132541501998668, 0.05097776227978258, -0.09336969846173357]
[0.2355140019687995, 0.003372641644760259, -0.617964043330645, 0.148390548309762, 0.06792032503614481, -0.12452972590316203]
[0.2944643435396787, 0.004184092740083722, -0.7723476574461966, 0.18545568159953732, 0.08486288779250704, -0.15568975334459048]
[0.3534146851105579, 0.004995543835407186, -0.9267312715617482, 0.22252081488931266, 0.10180545054886928, -0.18684978078601894]
[0.412365026681437, 0.005806994930730648, -1.0811148856772996, 0.259585948179088, 0.11874801330523149, -0.21800980822744737]
[0.47131536825231624, 0.006618446026054112, -1.2354984997928513, 0.2966510814688633, 0.13569057606159374, -0.24916983566887585]
[0.5302657098231953, 0.007429897121377575, -1.3898821139084028, 0.3337162147586386, 0.15263313881795595, -0.2803298631103043]
[0.5892160513940746, 0.008241348216701038, -1.5442657280239545, 0.37078134804841395, 0.1695757015743182, -0.31148989055173276]
[0.6481663929649537, 0.009052799312024502, -1.698649342139506, 0.4078464813381893, 0.18651826433068042, -0.3426499179931612]
[0.707116734535833, 0.009864250407347966, -1.8530329562550576, 0.44491161462796464, 0.20346082708704266, -0.3738099454345897]
[0.7660670761067121, 0.010675701502671428, -2.007416570370609, 0.4819767479177399, 0.22040338984340488, -0.4049699728760181]
[0.8514190423424565, -0.03584498437028685, -1.962815835716146, 0.5148813791495692, 0.22227581712236696, -0.4940942129139231]
[0.9367710085782008, -0.08236567024324513, -1.918215101061683, 0.5477860103813985, 0.22414824440132905, -0.5832184529518281]
[1.0221229748139453, -0.12888635611620342, -1.8736143664072198, 0.5806906416132278, 0.22602067168029114, -0.6723426929897331]
[1.1074749410496896, -0.17540704198916168, -1.8290136317527568, 0.613595272845057, 0.22789309895925322, -0.761466933027638]
[1.192826907285434, -0.22192772786212, -1.7844128970982938, 0.6464999040768863, 0.2297655262382153, -0.8505911730655431]
[1.2781788735211785, -0.2684484137350783, -1.7398121624438305, 0.6794045353087156, 0.23163795351717736, -0.9397154131034481]
[1.363530839756923, -0.3149690996080366, -1.6952114277893675, 0.7123091665405449, 0.23351038079613945, -1.028839653141353]
[1.4488828059926673, -0.3614897854809948, -1.6506106931349045, 0.7452137977723741, 0.23538280807510154, -1.1179638931792582]
[1.5342347722284118, -0.40801047135395313, -1.6060099584804415, 0.7781184290042034, 0.23725523535406362, -1.207088133217163]
[1.6195867384641562, -0.45453115722691145, -1.5614092238259785, 0.8110230602360327, 0.2391276626330257, -1.296212373255068]
[1.7049387046999005, -0.5010518430998697, -1.5168084891715152, 0.843927691467862, 0.2410000899119878, -1.385336613292973]
[1.790290670935645, -0.547572528972828, -1.4722077545170522, 0.8768323226996912, 0.24287251719094988, -1.474460853330878]