[-0.00036950489239462314, 0.00010710522091272878, -0.00037470939752015653, -3.552342036350353e-05, 0.00024461204447501217, 5.97621617259847e-06]
[0.05797706954895365, -0.04494930024902045, -0.11227340114281367, 0.0365381621423794, -0.007783002527254765, -0.04722324284788]
[0.11632364399030193, -0.09000570571895362, -0.2241720928881072, 0.0731118477051223, -0.015810617098984542, -0.0944524619119326]
[0.1746702184316502, -0.1350621111888868, -0.33607078463340073, 0.10968553326786522, -0.023838231670714322, -0.14168168097598519]
[0.23301679287299848, -0.18011851665881998, -0.4479694763786942, 0.1462592188306081, -0.031865846242444096, -0.1889109000400378]
[0.29136336731434676, -0.22517492212875315, -0.5598681681239877, 0.182832904393351, -0.03989346081417387, -0.23614011910409038]
[0.34970994175569503, -0.27023132759868634, -0.6717668598692813, 0.21940658995609394, -0.04792107538590366, -0.28336933816814297]
[0.4080565161970433, -0.3152877330686195, -0.7836655516145747, 0.25598027551883684, -0.055948689957633434, -0.33059855723219556]
[0.4664030906383916, -0.3603441385385527, -0.8955642433598683, 0.2925539610815797, -0.0639763045293632, -0.3778277762962482]
[0.5247496650797399, -0.40540054400848585, -1.0074629351051618, 0.32912764664432265, -0.07200391910109298, -0.4250569953603008]
[0.5830962395210881, -0.450456949478419, -1.1193616268504551, 0.3657013322070655, -0.08003153367282276, -0.47228621442435337]
[0.6414428139624364, -0.4955133549483522, -1.2312603185957487, 0.4022750177698084, -0.08805914824455253, -0.5195154334884059]
[0.6997893884037847, -0.5405697604182854, -1.3431590103410425, 0.4388487033325514, -0.09608676281628233, -0.5667446525524585]
[0.758135962845133, -0.5856261658882186, -1.4550577020863358, 0.47542238889529426, -0.1041143773880121, -0.6139738716165112]
[0.8164825372864812, -0.6306825713581518, -1.5669563938316293, 0.5119960744580372, -0.11214199195974188, -0.6612030906805637]
[0.8748291117278295, -0.6757389768280849, -1.6788550855769229, 0.5485697600207801, -0.12016960653147166, -0.7084323097446164]
[0.9576348143025839, -0.6661413847089108, -1.6742038768113807, 0.592993700663999, 0.0009579013686967092, -0.749480722014174]
[1.0404405168773383, -0.6565437925897367, -1.6695526680458386, 0.637417641307218, 0.12208540926886507, -0.7905291342837317]
[1.1232462194520925, -0.6469462004705626, -1.6649014592802964, 0.6818415819504371, 0.24321291716903345, -0.8315775465532895]
[1.2060519220268469, -0.6373486083513886, -1.6602502505147543, 0.7262655225936561, 0.36434042506920183, -0.8726259588228471]
[1.2888576246016012, -0.6277510162322145, -1.6555990417492121, 0.770689463236875, 0.4854679329693702, -0.9136743710924049]
[1.3716633271763556, -0.6181534241130404, -1.65094783298367, 0.815113403880094, 0.6065954408695385, -0.9547227833619626]