[-0.00033939275030814287, 0.00018008966542648608, -0.0004409392113977617, 3.716904075812266e-05, 0.00031431156118166825, -1.5151487973597e-05]
[-0.059407719360527085, -0.029063158373516373, -0.06193925358868029, -0.09360019164164311, 0.05319000761868425, 0.0044860459470513776]
[-0.11847604597074603, -0.05830640641245923, -0.12343756796596282, -0.18723755232404435, 0.10606570367618683, 0.008987243382076352]
[-0.17754437258096495, -0.08754965445140209, -0.18493588234324534, -0.28087491300644557, 0.1589413997336894, 0.013488440817101327]
[-0.2366126991911839, -0.11679290249034495, -0.24643419672052788, -0.3745122736888468, 0.21181709579119198, 0.0179896382521263]
[-0.2956810258014028, -0.1460361505292878, -0.3079325110978104, -0.46814963437124807, 0.26469279184869454, 0.022490835687151274]
[-0.35474935241162175, -0.17527939856823066, -0.3694308254750929, -0.5617869950536493, 0.3175684879061971, 0.02699203312217625]
[-0.4138176790218407, -0.20452264660717354, -0.43092913985237546, -0.6554243557360505, 0.3704441839636997, 0.03149323055720123]
[-0.4728860056320597, -0.23376589464611638, -0.492427454229658, -0.7490617164184518, 0.4233198800212023, 0.0359944279922262]
[-0.5319543322422786, -0.26300914268505926, -0.5539257686069405, -0.8426990771008531, 0.47619557607870494, 0.04049562542725118]
[-0.5910226588524975, -0.2922523907240021, -0.615424082984223, -0.9363364377832543, 0.5290712721362074, 0.044996822862276145]
[-0.6500909854627165, -0.32149563876294496, -0.6769223973615056, -1.0299737984656556, 0.5819469681937101, 0.049498020297301125]
[-0.7091593120729354, -0.3507388868018878, -0.7384207117387881, -1.1236111591480566, 0.6348226642512126, 0.0539992177323261]
[-0.7682276386831544, -0.3799821348408307, -0.7999190261160707, -1.2172485198304581, 0.6876983603087152, 0.05850041516735108]
[-0.8272959652933732, -0.40922538287977356, -0.8614173404933532, -1.3108858805128591, 0.7405740563662178, 0.06300161260237605]
[-0.8863642919035922, -0.4384686309187164, -0.9229156548706358, -1.4045232411952606, 0.7934497524237204, 0.06750281003740102]
[-0.9454326185138112, -0.46771187895765926, -0.9844139692479182, -1.4981606018776616, 0.8463254484812229, 0.072004007472426]
[-1.00450094512403, -0.4969551269966021, -1.0459122836252006, -1.591797962560063, 0.8992011445387255, 0.07650520490745097]
[-1.063569271734249, -0.526198375035545, -1.1074105980024833, -1.6854353232424644, 0.9520768405962282, 0.08100640234247596]
[-1.122637598344468, -0.5554416230744879, -1.1689089123797658, -1.7790726839248656, 1.0049525366537306, 0.08550759977750093]
[-1.1817059249546868, -0.5846848711134307, -1.2304072267570483, -1.8727100446072666, 1.0578282327112332, 0.09000879721252589]
[-1.2407742515649058, -0.6139281191523736, -1.2919055411343308, -1.966347405289668, 1.1107039287687357, 0.09450999464755086]
[-1.2998425781751248, -0.6431713671913164, -1.3534038555116135, -2.0599847659720694, 1.1635796248262384, 0.09901119208257585]
[-1.3589109047853438, -0.6724146152302592, -1.414902169888896, -2.1536221266544704, 1.216455320883741, 0.10351238951760082]
[-1.4179792313955626, -0.7016578632692021, -1.4764004842661784, -2.2472594873368714, 1.2693310169412435, 0.10801358695262579]
[-1.4770475580057816, -0.730901111308145, -1.537898798643461, -2.340896848019273, 1.322206712998746, 0.11251478438765077]
[-1.5361158846160006, -0.7601443593470879, -1.5993971130207436, -2.4345342087016744, 1.3750824090562488, 0.11701598182267575]
[-1.5951842112262196, -0.7893876073860308, -1.660895427398026, -2.5281715693840754, 1.4279581051137513, 0.12151717925770072]
[-1.6542525378364383, -0.8186308554249736, -1.7223937417753086, -2.6218089300664764, 1.4808338011712538, 0.1260183766927257]
[-1.7133208644466573, -0.8478741034639163, -1.783892056152591, -2.715446290748878, 1.5337094972287564, 0.13051957412775067]
[-1.7723891910568763, -0.8771173515028593, -1.8453903705298738, -2.8090836514312794, 1.5865851932862591, 0.13502077156277564]
[-1.8314575176670953, -0.9063605995418021, -1.9068886849071562, -2.9027210121136804, 1.6394608893437617, 0.13952196899780062]