[-0.0003519439220971421, 0.00011442215687562651, -0.00033344271933177794, 6.556392527290456e-05, 0.00032999643294662206, 0.0001330080803985112]
[0.044380299892644845, -0.021127056652493353, -0.09856149381753984, 0.0850487471481341, -5.1169292276387335e-05, -0.043306279156809235]
[0.08911254370738683, -0.04236853546186233, -0.1967895449157479, 0.1700319303709953, -0.00043233501749939673, -0.08674556639401698]
[0.13384478752212883, -0.06361001427123131, -0.295017596013956, 0.2550151135938565, -0.0008135007427224061, -0.13018485363122476]
[0.1785770313368708, -0.08485149308060029, -0.39324564711216403, 0.33999829681671767, -0.0011946664679454155, -0.17362414086843247]
[0.2233092751516128, -0.10609297188996926, -0.49147369821037207, 0.42498148003957886, -0.001575832193168425, -0.21706342810564022]
[0.2680415189663548, -0.12733445069933824, -0.5897017493085802, 0.50996466326244, -0.0019569979183914343, -0.260502715342848]
[0.3127737627810968, -0.1485759295087072, -0.6879298004067882, 0.5949478464853013, -0.0023381636436144437, -0.30394200258005577]
[0.35750600659583875, -0.1698174083180762, -0.7861578515049963, 0.6799310297081624, -0.002719329368837453, -0.34738128981726346]
[0.40223825041058076, -0.19105888712744518, -0.8843859026032043, 0.7649142129310237, -0.0031004950940604625, -0.3908205770544712]
[0.44697049422532276, -0.21230036593681414, -0.9826139537014124, 0.8498973961538848, -0.003481660819283472, -0.43425986429167895]
[0.4917027380400647, -0.2335418447461831, -1.0808420047996203, 0.934880579376746, -0.0038628265445064813, -0.4776991515288867]
[0.5364349818548068, -0.2547833235555521, -1.1790700558978287, 1.0198637625996072, -0.004243992269729491, -0.5211384387660946]
[0.5811672256695487, -0.2760248023649211, -1.2772981069960365, 1.1048469458224686, -0.0046251579949525, -0.5645777260033022]
[0.6258994694842908, -0.29726628117429005, -1.3755261580942446, 1.1898301290453297, -0.0050063237201755095, -0.60801701324051]
[0.6706317132990327, -0.31850775998365904, -1.4737542091924527, 1.2748133122681908, -0.005387489445398519, -0.6514563004777177]
[0.7762200695478241, -0.34901970498004675, -1.5104070899549478, 1.226444902044992, 0.06278188740523491, -0.667312141205929]
[0.8818084257966153, -0.37953164997643446, -1.547059970717443, 1.178076491821793, 0.13095126425586834, -0.6831679819341402]
[0.9873967820454067, -0.41004359497282217, -1.5837128514799381, 1.129708081598594, 0.19912064110650177, -0.6990238226623515]
[1.092985138294198, -0.44055553996920993, -1.6203657322424332, 1.081339671375395, 0.2672900179571352, -0.7148796633905627]
[1.1985734945429893, -0.47106748496559764, -1.6570186130049285, 1.0329712611521962, 0.33545939480776865, -0.730735504118774]
[1.3041618507917807, -0.5015794299619853, -1.6936714937674235, 0.9846028509289971, 0.40362877165840205, -0.7465913448469852]