[-0.0003969505459240352, 0.00010574687773790004, -0.00045415519258806825, 1.8158713715799024e-05, 0.00029318462363292497, -2.8377979869098624e-05]
[0.006514103015322483, 0.012164547049457842, -0.09983400647673193, -0.05290453559316509, -0.0417466115909973, 0.09307013871149866]
[0.013425156576569001, 0.024223347221177784, -0.1992138577608758, -0.10582722990004598, -0.08378640780562753, 0.18616865540286642]
[0.02033621013781552, 0.03628214739289772, -0.29859370904501964, -0.15874992420692685, -0.12582620402025776, 0.2792671720942342]
[0.027247263699062038, 0.04834094756461767, -0.39797356032916353, -0.21167261851380775, -0.16786600023488799, 0.37236568878560194]
[0.03415831726030856, 0.060399747736337606, -0.4973534116133074, -0.26459531282068866, -0.20990579644951823, 0.46546420547696976]
[0.041069370821555075, 0.07245854790805754, -0.5967332628974512, -0.3175180071275695, -0.25194559266414845, 0.5585627221683375]
[0.0479804243828016, 0.0845173480797775, -0.6961131141815952, -0.37044070143445046, -0.2939853888787787, 0.6516612388597053]
[0.05489147794404811, 0.09657614825149743, -0.795492965465739, -0.4233633957413313, -0.3360251850934089, 0.744759755551073]
[0.061802531505294626, 0.10863494842321737, -0.8948728167498828, -0.4762860900482122, -0.3780649813080391, 0.8378582722424407]
[0.06871358506654116, 0.12069374859493731, -0.9942526680340267, -0.5292087843550931, -0.4201047775226694, 0.9309567889338086]
[0.07562463862778766, 0.13275254876665726, -1.0936325193181706, -0.582131478661974, -0.46214457373729956, 1.0240553056251762]
[0.08253569218903418, 0.1448113489383772, -1.1930123706023144, -0.6350541729688548, -0.5041843699519298, 1.117153822316544]
[0.0894467457502807, 0.15687014911009714, -1.2923922218864583, -0.6879768672757358, -0.54622416616656, 1.2102523390079118]
[0.09635779931152723, 0.1689289492818171, -1.3917720731706023, -0.7408995615826167, -0.5882639623811903, 1.3033508556992797]
[0.10326885287277374, 0.18098774945353702, -1.491151924454746, -0.7938222558894975, -0.6303037585958204, 1.3964493723906473]
[0.11017990643402026, 0.19304654962525697, -1.59053177573889, -0.8467449501963784, -0.6723435548104507, 1.489547889082015]
[0.1170909599952668, 0.20510534979697692, -1.6899116270230339, -0.8996676445032594, -0.714383351025081, 1.582646405773383]
[0.12400201355651329, 0.21716414996869685, -1.7892914783071776, -0.9525903388101402, -0.7564231472397112, 1.6757449224647505]
[0.13091306711775982, 0.22922295014041677, -1.8886713295913213, -1.005513033117021, -0.7984629434543414, 1.7688434391561185]
[0.13782412067900635, 0.24128175031213672, -1.9880511808754653, -1.058435727423902, -0.8405027396689717, 1.8619419558474863]
[0.14473517424025284, 0.2533405504838567, -2.0874310321596092, -1.1113584217307828, -0.8825425358836018, 1.955040472538854]
[0.15164622780149936, 0.2653993506555766, -2.186810883443753, -1.1642811160376638, -0.924582332098232, 2.0481389892302215]
[0.15855728136274588, 0.2774581508272966, -2.286190734727897, -1.2172038103445446, -0.9666221283128623, 2.1412375059215893]
[0.1654683349239924, 0.2895169509990165, -2.3855705860120406, -1.2701265046514254, -1.0086619245274926, 2.234336022612957]
[0.17237938848523893, 0.30157575117073643, -2.4849504372961846, -1.3230491989583064, -1.0507017207421228, 2.327434539304325]
[0.24367206170718814, 0.2756684681524961, -2.5522512904705943, -1.4063454621955602, -1.0645750461765475, 2.3650051170000426]
[0.31496473492913735, 0.24976118513425583, -2.619552143645004, -1.4896417254328138, -1.0784483716109723, 2.40257569469576]
[0.3862574081510866, 0.22385390211601552, -2.6868529968194137, -1.5729379886700676, -1.092321697045397, 2.4401462723914777]
[0.4575500813730358, 0.19794661909777525, -2.754153849993823, -1.6562342519073212, -1.1061950224798216, 2.4777168500871958]
[0.5288427545949851, 0.17203933607953495, -2.8214547031682327, -1.7395305151445752, -1.1200683479142464, 2.5152874277829134]
[0.6001354278169343, 0.14613205306129465, -2.8887555563426424, -1.8228267783818288, -1.1339416733486711, 2.552858005478631]