[-0.000275533756700419, 0.0001446222177357015, -0.000419642214295024, 0.00011310705575517943, 0.00017579759361652236, 8.480707600444504e-05]
[0.036229097245259724, -0.05322200434391049, -0.14166791856708585, -0.016760597290881557, -0.035907136941272434, -0.005199533726029951]
[0.07273372824721987, -0.10658863090555667, -0.2829161949198767, -0.033634301637518293, -0.07199007147616139, -0.010483874528064346]
[0.10923835924918002, -0.15995525746720288, -0.42416447127266754, -0.05050800598415503, -0.10807300601105035, -0.015768215330098742]
[0.14574299025114015, -0.21332188402884905, -0.5654127476254583, -0.06738171033079177, -0.1441559405459393, -0.021052556132133138]
[0.18224762125310032, -0.26668851059049525, -0.7066610239782493, -0.08425541467742852, -0.18023887508082828, -0.026336896934167534]
[0.21875225225506045, -0.32005513715214146, -0.8479093003310401, -0.10112911902406524, -0.21632180961571723, -0.03162123773620193]
[0.2552568832570206, -0.37342176371378766, -0.989157576683831, -0.11800282337070199, -0.2524047441506062, -0.036905578538236325]
[0.2917615142589807, -0.4267883902754338, -1.1304058530366217, -0.1348765277173387, -0.28848767868549513, -0.04218991934027072]
[0.32826614526094094, -0.48015501683708006, -1.2716541293894128, -0.15175023206397548, -0.32457061322038416, -0.04747426014230512]
[0.36477077626290105, -0.5335216433987262, -1.4129024057422035, -0.1686239364106122, -0.3606535477552731, -0.05275860094433951]
[0.4012754072648612, -0.5868882699603725, -1.5541506820949944, -0.18549764075724895, -0.39673648229016206, -0.05804294174637391]
[0.4377800382668213, -0.6402548965220186, -1.695398958447785, -0.20237134510388566, -0.432819416825051, -0.0633272825484083]
[0.47428466926878154, -0.6936215230836649, -1.8366472348005762, -0.21924504945052242, -0.46890235135994, -0.0686116233504427]
[0.5107893002707417, -0.746988149645311, -1.977895511153367, -0.23611875379715916, -0.5049852858948289, -0.0738959641524771]
[0.5598505124283342, -0.6883872656359289, -2.0407632145289565, -0.20916382912359063, -0.4072456362874111, -0.0678441799173831]
[0.6089117245859267, -0.6297863816265468, -2.103630917904546, -0.1822089044500221, -0.3095059866799933, -0.06179239568228912]
[0.6579729367435192, -0.5711854976171646, -2.1664986212801356, -0.15525397977645358, -0.21176633707257542, -0.05574061144719514]
[0.7070341489011118, -0.5125846136077825, -2.2293663246557247, -0.12829905510288506, -0.1140266874651576, -0.04968882721210115]
[0.7560953610587043, -0.45398372959840044, -2.2922340280313143, -0.1013441304293165, -0.016287037857739717, -0.04363704297700716]
[0.8051565732162969, -0.3953828455890184, -2.355101731406904, -0.074389205755748, 0.0814526117496781, -0.03758525874191318]
[0.8542177853738894, -0.3367819615796362, -2.4179694347824934, -0.04743428108217945, 0.17919226135709598, -0.03153347450681919]
[0.9032789975314819, -0.2781810775702541, -2.4808371381580825, -0.020479356408610955, 0.27693191096451375, -0.025481690271725206]
[0.9523402096890745, -0.219580193560872, -2.543704841533672, 0.0064755682649575985, 0.37467156057193163, -0.019429906036631216]
[1.001401421846667, -0.16097930955148987, -2.6065725449092616, 0.03343049293852615, 0.4724112101793495, -0.013378121801537225]
[1.0504626340042595, -0.10237842554210774, -2.669440248284851, 0.06038541761209468, 0.5701508597867675, -0.007326337566443242]
[1.0995238461618522, -0.04377754153272573, -2.7323079516604407, 0.08734034228566315, 0.6678905093941852, -0.0012745533313492652]
[1.1485850583194446, 0.014823342476656398, -2.7951756550360303, 0.11429526695923173, 0.765630159001603, 0.004777230903744725]
[1.197646270477037, 0.07342422648603864, -2.85804335841162, 0.14125019163280025, 0.8633698086090209, 0.010829015138838716]
[1.2467074826346298, 0.13202511049542076, -2.9209110617872094, 0.16820511630636878, 0.9611094582164388, 0.016880799373932706]
[1.2957686947922222, 0.19062599450480278, -2.9837787651627985, 0.19516004097993725, 1.0588491078238564, 0.022932583609026683]
[1.3448299069498146, 0.2492268785141849, -3.046646468538388, 0.22211496565350583, 1.1565887574312743, 0.028984367844120673]
[1.3938911191074073, 0.30782776252356703, -3.1095141719139776, 0.24906989032707436, 1.2543284070386922, 0.035036152079214664]