[-0.0002669234528358544, 0.00018703608311199105, -0.00029083506734561837, 0.00014639859981357972, 0.0003007195000428453, 4.7515081134541504e-05]
[-0.035185389341963774, -0.014743516503415717, -0.10589607670473904, 0.09086569555343176, 0.05781158608634196, 0.004827099188550241]
[-0.0701038552310917, -0.029674069089943425, -0.21150131834213245, 0.18158499250704993, 0.11532245267264107, 0.00960668329596594]
[-0.10502232112021961, -0.04460462167647113, -0.31710655997952586, 0.2723042894606681, 0.1728333192589402, 0.014386267403381638]
[-0.13994078700934753, -0.05953517426299884, -0.4227118016169193, 0.3630235864142863, 0.2303441858452393, 0.01916585151079734]
[-0.17485925289847545, -0.07446572684952656, -0.5283170432543127, 0.45374288336790447, 0.2878550524315384, 0.023945435618213037]
[-0.20977771878760337, -0.08939627943605426, -0.6339222848917061, 0.5444621803215226, 0.34536591901783753, 0.028725019725628735]
[-0.24469618467673127, -0.10432683202258196, -0.7395275265290995, 0.6351814772751407, 0.40287678560413664, 0.03350460383304443]
[-0.2796146505658592, -0.11925738460910967, -0.845132768166493, 0.725900774228759, 0.46038765219043576, 0.03828418794046014]
[-0.3145331164549871, -0.13418793719563737, -0.9507380098038863, 0.8166200711823771, 0.5178985187767349, 0.04306377204787583]
[-0.34945158234411505, -0.1491184897821651, -1.0563432514412798, 0.9073393681359954, 0.575409385363034, 0.04784335615529153]
[-0.38437004823324294, -0.16404904236869278, -1.1619484930786732, 0.9980586650896134, 0.6329202519493331, 0.05262294026270723]
[-0.4192885141223709, -0.1789795949552205, -1.2675537347160666, 1.0887779620432316, 0.6904311185356322, 0.05740252437012293]
[-0.4542069800114988, -0.1939101475417482, -1.37315897635346, 1.1794972589968498, 0.7479419851219313, 0.062182108477538627]
[-0.4891254459006267, -0.2088407001282759, -1.4787642179908533, 1.270216555950468, 0.8054528517082304, 0.06696169258495432]
[-0.5240439117897546, -0.2237712527148036, -1.5843694596282467, 1.360935852904086, 0.8629637182945294, 0.07174127669237002]
[-0.5589623776788826, -0.23870180530133134, -1.6899747012656403, 1.4516551498577044, 0.9204745848808287, 0.07652086079978573]
[-0.5938808435680104, -0.25363235788785904, -1.7955799429030337, 1.5423744468113225, 0.9779854514671278, 0.08130044490720142]
[-0.6287993094571384, -0.26856291047438674, -1.901185184540427, 1.6330937437649407, 1.035496318053427, 0.08608002901461712]
[-0.6637177753462663, -0.28349346306091444, -2.00679042617782, 1.7238130407185586, 1.093007184639726, 0.09085961312203282]
[-0.6986362412353943, -0.2984240156474422, -2.112395667815214, 1.8145323376721771, 1.1505180512260251, 0.09563919722944852]
[-0.7335547071245221, -0.3133545682339699, -2.2180009094526074, 1.905251634625795, 1.2080289178123242, 0.10041878133686422]
[-0.76847317301365, -0.32828512082049754, -2.323606151090001, 1.9959709315794132, 1.2655397843986234, 0.10519836544427992]
[-0.803391638902778, -0.34321567340702525, -2.429211392727394, 2.0866902285330315, 1.3230506509849225, 0.10997794955169561]
[-0.8383101047919059, -0.358146225993553, -2.5348166343647875, 2.1774095254866497, 1.3805615175712216, 0.11475753365911132]
[-0.8732285706810338, -0.3730767785800807, -2.640421876002181, 2.268128822440268, 1.4380723841575207, 0.11953711776652702]
[-0.9081470365701617, -0.3880073311666084, -2.7460271176395743, 2.358848119393886, 1.4955832507438198, 0.12431670187394271]