[-0.00042762394218076594, 0.00012575507240786266, -0.00034795738990922587, 0.00011456677529775305, 0.0002800855274669445, 0.0001089430015621673]
[-0.019860133908946552, -0.052666602697753806, -0.09912414409370272, -0.0622355771944929, 0.04417762131831158, -0.00991427703428833]
[-0.03929264387571234, -0.10545896046791547, -0.19790033079749622, -0.12458572116428356, 0.08807515710915621, -0.019937497070138827]
[-0.05872515384247812, -0.15825131823807714, -0.2966765175012897, -0.18693586513407418, 0.13197269290000083, -0.02996071710598932]
[-0.07815766380924391, -0.2110436760082388, -0.3954527042050832, -0.24928600910386486, 0.17587022869084548, -0.03998393714183982]
[-0.09759017377600969, -0.2638360337784005, -0.4942288909088767, -0.3116361530736555, 0.2197677644816901, -0.05000715717769031]
[-0.11702268374277547, -0.31662839154856215, -0.5930050776126702, -0.3739862970434461, 0.2636653002725347, -0.060030377213540806]
[-0.13645519370954126, -0.3694207493187238, -0.6917812643164637, -0.4363364410132368, 0.30756283606337936, -0.07005359724939131]
[-0.15588770367630705, -0.4222131070888855, -0.7905574510202572, -0.4986865849830275, 0.351460371854224, -0.08007681728524181]
[-0.17532021364307285, -0.4750054648590472, -0.8893336377240507, -0.5610367289528181, 0.3953579076450687, -0.0901000373210923]
[-0.1947527236098386, -0.5277978226292088, -0.9881098244278441, -0.6233868729226087, 0.4392554434359133, -0.10012325735694279]
[-0.2141852335766044, -0.5805901803993705, -1.0868860111316376, -0.6857370168923994, 0.48315297922675793, -0.11014647739279329]
[-0.07685902684989784, -0.6007825025921647, -1.1133092274660294, -0.6334511949392424, 0.4625934403482454, -0.0959300552160869]
[0.06046717987680872, -0.620974824784959, -1.1397324438004213, -0.5811653729860854, 0.44203390146973287, -0.0817136330393805]
[0.19779338660351525, -0.6411671469777532, -1.166155660134813, -0.5288795510329285, 0.4214743625912204, -0.06749721086267411]
[0.33511959333022184, -0.6613594691705476, -1.192578876469205, -0.47659372907977143, 0.40091482371270787, -0.05328078868596772]
[0.47244580005692843, -0.6815517913633418, -1.2190020928035967, -0.4243079071266144, 0.38035528483419534, -0.03906436650926133]
[0.609772006783635, -0.701744113556136, -1.2454253091379885, -0.3720220851734575, 0.35979574595568287, -0.02484794433255494]
[0.7470982135103414, -0.7219364357489302, -1.2718485254723804, -0.31973626322030047, 0.33923620707717034, -0.010631522155848547]
[0.8844244202370481, -0.7421287579417245, -1.2982717418067722, -0.26745044126714346, 0.3186766681986578, 0.003584900020857852]
[1.0080361742106363, -0.7434405768035808, -1.3010736615584493, -0.2103896852918201, 0.2939404095271102, 0.03970142120820854]
[1.1316479281842242, -0.7447523956654372, -1.3038755813101264, -0.15332892931649672, 0.2692041508555626, 0.07581794239555922]
[1.2552596821578121, -0.7460642145272934, -1.3066775010618035, -0.09626817334117335, 0.244467892184015, 0.11193446358290993]
[1.3788714361314003, -0.7473760333891497, -1.3094794208134806, -0.03920741736584999, 0.21973163351246738, 0.1480509847702606]