[-0.000338490712395334, 8.642474311404413e-05, -0.00044970516026765495, 1.825860970328108e-05, 0.0002866245734853834, -5.356184492377736e-06]
[0.004042622388661436, -0.011455609803324924, -0.09013497335806367, 0.0464414118417749, 0.0722492491361165, 0.07946582575317583]
[0.008423735489718207, -0.022997644349763893, -0.17982024155585968, 0.09286456507384652, 0.1442118736987476, 0.15893700769084404]
[0.012804848590774976, -0.03453967889620286, -0.26950550975365567, 0.13928771830591813, 0.2161744982613787, 0.2384081896285122]
[0.017185961691831748, -0.04608171344264183, -0.3591907779514517, 0.18571087153798976, 0.28813712282400983, 0.31787937156618046]
[0.021567074792888517, -0.0576237479890808, -0.4488760461492477, 0.23213402477006137, 0.3600997473866409, 0.3973505535038486]
[0.025948187893945287, -0.06916578253551976, -0.5385613143470437, 0.278557178002133, 0.432062371949272, 0.4768217354415168]
[0.03032930099500206, -0.08070781708195873, -0.6282465825448397, 0.3249803312342046, 0.5040249965119031, 0.5562929173791851]
[0.03471041409605883, -0.0922498516283977, -0.7179318507426358, 0.37140348446627625, 0.5759876210745343, 0.6357640993168533]
[0.0390915271971156, -0.10379188617483669, -0.8076171189404318, 0.4178266376983479, 0.6479502456371654, 0.7152352812545215]
[0.04347264029817237, -0.11533392072127564, -0.8973023871382277, 0.46424979093041946, 0.7199128701997964, 0.7947064631921896]
[0.04785375339922914, -0.1268759552677146, -0.9869876553360237, 0.5106729441624911, 0.7918754947624276, 0.8741776451298578]
[0.05223486650028591, -0.13841798981415357, -1.0766729235338197, 0.5570960973945627, 0.8638381193250586, 0.953648827067526]
[0.05661597960134269, -0.14996002436059255, -1.1663581917316157, 0.6035192506266344, 0.9358007438876899, 1.0331200090051944]
[0.060997092702399454, -0.1615020589070315, -1.2560434599294117, 0.6499424038587059, 1.0077633684503209, 1.1125911909428625]
[0.06537820580345621, -0.17304409345347047, -1.3457287281272077, 0.6963655570907775, 1.079725993012952, 1.1920623728805306]
[0.06975931890451299, -0.18458612799990945, -1.4354139963250039, 0.7427887103228492, 1.1516886175755832, 1.271533554818199]
[0.07414043200556976, -0.19612816254634843, -1.5250992645227996, 0.7892118635549208, 1.2236512421382142, 1.351004736755867]
[0.07852154510662654, -0.20767019709278742, -1.6147845327205959, 0.8356350167869925, 1.2956138667008454, 1.4304759186935354]
[0.0829026582076833, -0.21921223163922637, -1.7044698009183918, 0.8820581700190641, 1.3675764912634765, 1.5099471006312035]
[0.08728377130874007, -0.23075426618566533, -1.7941550691161878, 0.9284813232511356, 1.4395391158261075, 1.5894182825688716]
[0.09166488440979685, -0.2422963007321043, -1.8838403373139838, 0.9749044764832073, 1.5115017403887387, 1.66888946450654]
[0.09604599751085362, -0.25383833527854327, -1.9735256055117798, 1.021327629715279, 1.5834643649513698, 1.748360646444208]
[0.16840999308157215, -0.2679168232660597, -2.0009688379459245, 0.9729073395543915, 1.5436252378907716, 1.693095402506905]
[0.24077398865229066, -0.2819953112535762, -2.0284120703800688, 0.924487049393504, 1.5037861108301736, 1.6378301585696018]
[0.3131379842230092, -0.2960737992410926, -2.0558553028142135, 0.8760667592326166, 1.4639469837695753, 1.5825649146322984]
[0.38550197979372774, -0.3101522872286091, -2.0832985352483577, 0.8276464690717291, 1.4241078567089773, 1.5272996706949953]
[0.4578659753644463, -0.32423077521612553, -2.1107417676825024, 0.7792261789108417, 1.384268729648379, 1.4720344267576921]
[0.5307001716431176, -0.31271285248800623, -2.113141084414595, 0.7189068827418863, 1.3193348499539248, 1.385648732631272]
[0.6035343679217888, -0.30119492975988693, -2.115540401146688, 0.6585875865729308, 1.2544009702594707, 1.299263038504852]
[0.6763685642004601, -0.28967700703176763, -2.1179397178787807, 0.5982682904039754, 1.1894670905650164, 1.2128773443784322]
[0.7492027604791314, -0.27815908430364833, -2.1203390346108733, 0.53794899423502, 1.1245332108705623, 1.1264916502520121]
[0.8220369567578028, -0.26664116157552903, -2.1227383513429663, 0.4776296980660646, 1.059599331176108, 1.040105956125592]
[0.8948711530364739, -0.25512323884740973, -2.125137668075059, 0.41731040189710916, 0.9946654514816538, 0.953720261999172]
[0.9677053493151453, -0.2436053161192904, -2.1275369848071515, 0.35699110572815373, 0.9297315717871996, 0.867334567872752]
[1.0405395455938167, -0.2320873933911711, -2.1299363015392445, 0.29667180955919836, 0.8647976920927454, 0.780948873746332]
[1.113373741872488, -0.22056947066305177, -2.132335618271337, 0.23635251339024288, 0.7998638123982911, 0.6945631796199119]
[1.1862079381511592, -0.20905154793493247, -2.13473493500343, 0.1760332172212875, 0.7349299327038369, 0.6081774854934919]
[1.2590421344298304, -0.1975336252068132, -2.1371342517355227, 0.11571392105233202, 0.6699960530093827, 0.5217917913670719]
[1.3318763307085018, -0.1860157024786939, -2.1395335684676153, 0.05539462488337665, 0.6050621733149285, 0.43540609724065193]
[1.4047105269871731, -0.17449777975057457, -2.1419328851997084, -0.00492467128557883, 0.5401282936204742, 0.3490204031142319]
[1.4775447232658443, -0.16297985702245527, -2.144332201931801, -0.06524396745453415, 0.4751944139260201, 0.2626347089878118]