[-0.000363531862550559, 0.00024308270793671483, -0.00044869159700500205, 8.05474363287928e-05, 0.00026069700910902327, 4.4767633135656126e-05]
[0.026366350100573744, -0.015027924572208565, -0.08116541185215526, 0.06790156843623738, -0.003577068303148699, -0.11294708138896209]
[0.05309623206369805, -0.030298931852353845, -0.1618821321073055, 0.13572258943614596, -0.007414833615406421, -0.22593893041105984]
[0.07982611402682235, -0.04556993913249913, -0.2425988523624558, 0.20354361043605457, -0.011252598927664144, -0.3389307794331576]
[0.10655599598994665, -0.060840946412644405, -0.323315572617606, 0.2713646314359631, -0.015090364239921866, -0.4519226284552553]
[0.13328587795307098, -0.0761119536927897, -0.4040322928727563, 0.3391856524358718, -0.01892812955217959, -0.5649144774773531]
[0.16001575991619527, -0.09138296097293497, -0.4847490131279066, 0.40700667343578034, -0.02276589486443731, -0.6779063264994508]
[0.18674564187931958, -0.10665396825308025, -0.5654657333830568, 0.47482769443568895, -0.026603660176695035, -0.7908981755215486]
[0.21347552384244387, -0.12192497553322552, -0.646182453638207, 0.5426487154355975, -0.030441425488952754, -0.9038900245436463]
[0.24020540580556818, -0.1371959828133708, -0.7268991738933573, 0.6104697364355061, -0.03427919080121048, -1.016881873565744]
[0.2669352877686925, -0.1524669900935161, -0.8076158941485077, 0.6782907574354148, -0.0381169561134682, -1.129873722587842]
[0.2936651697318168, -0.16773799737366135, -0.8883326144036578, 0.7461117784353233, -0.04195472142572592, -1.2428655716099395]
[0.3203950516949411, -0.18300900465380665, -0.9690493346588082, 0.8139327994352319, -0.04579248673798365, -1.3558574206320373]
[0.34712493365806535, -0.19828001193395192, -1.0497660549139582, 0.8817538204351404, -0.049630252050241366, -1.4688492696541349]
[0.3738548156211897, -0.21355101921409722, -1.1304827751691087, 0.9495748414350491, -0.05346801736249909, -1.581841118676233]
[0.40058469758431403, -0.2288220264942425, -1.2111994954242589, 1.0173958624349577, -0.05730578267475681, -1.6948329676983305]
[0.4273145795474383, -0.24409303377438776, -1.291916215679409, 1.085216883434866, -0.06114354798701453, -1.8078248167204283]
[0.45404446151056266, -0.2593640410545331, -1.3726329359345595, 1.153037904434775, -0.06498131329927226, -1.920816665742526]
[0.4807743434736869, -0.27463504833467833, -1.4533496561897097, 1.2208589254346833, -0.06881907861152999, -2.033808514764624]
[0.5075042254368112, -0.2899060556148236, -1.5340663764448599, 1.288679946434592, -0.0726568439237877, -2.1468003637867215]
[0.5342341073999356, -0.30517706289496893, -1.6147830967000103, 1.3565009674345008, -0.07649460923604542, -2.2597922128088195]
[0.5609639893630598, -0.3204480701751142, -1.6954998169551605, 1.4243219884344092, -0.08033237454830315, -2.372784061830917]
[0.5876938713261841, -0.3357190774552594, -1.7762165372103107, 1.4921430094343178, -0.08417013986056086, -2.4857759108530146]
[0.6144237532893084, -0.3509900847354048, -1.8569332574654611, 1.5599640304342264, -0.0880079051728186, -2.5987677598751127]
[0.6411536352524327, -0.36626109201555, -1.9376499777206113, 1.627785051434135, -0.09184567048507632, -2.7117596088972102]
[0.7298136433781638, -0.34414237807216175, -1.9704299160958747, 1.7417547123731034, -0.10997693321047991, -2.742400912730618]
[0.8184736515038948, -0.32202366412877353, -2.0032098544711383, 1.8557243733120716, -0.12810819593588352, -2.773042216564026]
[0.907133659629626, -0.29990495018538527, -2.0359897928464017, 1.96969403425104, -0.14623945866128713, -2.8036835203974344]
[0.9957936677553569, -0.27778623624199705, -2.068769731221665, 2.0836636951900083, -0.16437072138669073, -2.8343248242308423]
[1.084453675881088, -0.2556675222986088, -2.1015496695969285, 2.1976333561289767, -0.1825019841120943, -2.86496612806425]
[1.173113684006819, -0.23354880835522052, -2.134329607972192, 2.311603017067945, -0.20063324683749792, -2.895607431897658]
[1.2617736921325502, -0.2114300944118323, -2.1671095463474552, 2.425572678006913, -0.2187645095629015, -2.9262487357310665]
[1.3504337002582814, -0.18931138046844403, -2.1998894847227186, 2.5395423389458815, -0.2368957722883051, -2.9568900395644744]
[1.4390937083840123, -0.1671926665250558, -2.232669423097982, 2.65351199988485, -0.2550270350137087, -2.9875313433978823]
[1.5277537165097432, -0.14507395258166753, -2.265449361473246, 2.7674816608238184, -0.2731582977391123, -3.01817264723129]
[1.6164137246354744, -0.12295523863827931, -2.298229299848509, 2.8814513217627864, -0.29128956046451593, -3.048813951064698]
[1.7050737327612056, -0.10083652469489102, -2.3310092382237726, 2.995420982701755, -0.30942082318991954, -3.0794552548981065]
[1.7937337408869365, -0.07871781075150282, -2.363789176599036, 3.1093906436407233, -0.3275520859153231, -3.1100965587315144]