[-0.0003865309641701842, 0.0001944660291366418, -0.0003928050311321485, 8.313364831913361e-05, 0.00030034626466513004, 0.00010726918137660135]
[-0.04487106875126586, -0.02345909041660985, -0.10137874285477524, 0.006749824874470418, 0.03590737153361232, -0.08343926755633829]
[-0.08935560653836154, -0.04711264686235634, -0.20236468067841834, 0.013416516100621702, 0.07151439680255951, -0.1669858042940532]
[-0.13384014432545724, -0.07076620330810283, -0.3033506185020614, 0.020083207326772986, 0.10712142207150671, -0.2505323410317681]
[-0.1783246821125529, -0.09441975975384932, -0.40433655632570453, 0.02674989855292427, 0.1427284473404539, -0.334078877769483]
[-0.22280921989964858, -0.11807331619959581, -0.5053224941493476, 0.03341658977907556, 0.1783354726094011, -0.41762541450719787]
[-0.2672937576867443, -0.1417268726453423, -0.6063084319729907, 0.04008328100522684, 0.2139424978783483, -0.5011719512449128]
[-0.3117782954738399, -0.16538042909108877, -0.7072943697966337, 0.04674997223137812, 0.24954952314729545, -0.5847184879826276]
[-0.3562628332609356, -0.1890339855368353, -0.8082803076202769, 0.053416663457529406, 0.28515654841624266, -0.6682650247203425]
[-0.40074737104803126, -0.21268754198258177, -0.9092662454439199, 0.06008335468368069, 0.3207635736851898, -0.7518115614580574]
[-0.445231908835127, -0.23634109842832826, -1.010252183267563, 0.06675004590983198, 0.3563705989541371, -0.8353580981957723]
[-0.48971644662222263, -0.25999465487407475, -1.1112381210912061, 0.07341673713598325, 0.39197762422308424, -0.9189046349334872]
[-0.5342009844093184, -0.28364821131982126, -1.2122240589148492, 0.08008342836213454, 0.42758464949203145, -1.0024511716712021]
[-0.578685522196414, -0.3073017677655677, -1.3132099967384923, 0.08675011958828582, 0.4631916747609786, -1.085997708408917]
[-0.439128598113697, -0.32519130858000056, -1.3375626529247489, 0.1701766529936322, 0.4509488472664945, -1.0978140926657853]
[-0.29957167403097995, -0.3430808493944334, -1.3619153091110054, 0.25360318639897855, 0.43870601977201035, -1.1096304769226535]
[-0.16001474994826287, -0.3609703902088662, -1.386267965297262, 0.33702971980432495, 0.4264631922775262, -1.1214468611795219]
[-0.020457825865545898, -0.378859931023299, -1.4106206214835184, 0.4204562532096713, 0.4142203647830421, -1.13326324543639]
[0.11909909821717113, -0.3967494718377318, -1.434973277669775, 0.5038827866150176, 0.40197753728855795, -1.1450796296932584]
[0.25865602229988827, -0.41463901265216463, -1.4593259338560316, 0.5873093200203641, 0.3897347097940738, -1.1568960139501265]
[0.3982129463826053, -0.43252855346659747, -1.4836785900422882, 0.6707358534257104, 0.37749188229958974, -1.168712398206995]
[0.5377698704653222, -0.4504180942810303, -1.5080312462285448, 0.7541623868310567, 0.3652490548051056, -1.180528782463863]
[0.6773267945480392, -0.46830763509546314, -1.5323839024148014, 0.8375889202364031, 0.3530062273106215, -1.1923451667207314]
[0.8168837186307563, -0.4861971759098959, -1.556736558601058, 0.9210154536417494, 0.34076339981613735, -1.2041615509775996]
[0.9564406427134733, -0.5040867167243288, -1.5810892147873146, 1.0044419870470958, 0.3285205723216532, -1.215977935234468]
[1.0959975667961905, -0.5219762575387616, -1.605441870973571, 1.0878685204524423, 0.3162777448271691, -1.227794319491336]
[1.2355544908789076, -0.5398657983531944, -1.6297945271598275, 1.1712950538577886, 0.30403491733268495, -1.2396107037482045]
[1.3751114149616246, -0.5577553391676272, -1.6541471833460841, 1.254721587263135, 0.2917920898382008, -1.2514270880050726]
[1.5146683390443416, -0.57564487998206, -1.6784998395323407, 1.3381481206684813, 0.2795492623437167, -1.263243472261941]