[-0.0004041704536792423, 9.044297507276866e-05, -0.00042063806186920516, 3.8565240166654746e-05, 0.00030299092006114137, 1.5572311856004717e-05]
[0.025533537446427147, -0.06671918455267778, -0.08976779528675297, -0.06806625520896599, 0.001825972757116276, -0.05065400039640716]
[0.05147124534653354, -0.13352881208042833, -0.17911495251163673, -0.13617107565809863, 0.0033489545941714108, -0.10132357310467033]
[0.07740895324663993, -0.20033843960817888, -0.2684621097365205, -0.2042758961072313, 0.004871936431226545, -0.1519931458129335]
[0.10334666114674632, -0.2671480671359294, -0.35780926696140425, -0.2723807165563639, 0.00639491826828168, -0.20266271852119666]
[0.1292843690468527, -0.33395769466367997, -0.44715642418628804, -0.34048553700549655, 0.007917900105336814, -0.2533322912294598]
[0.1552220769469591, -0.4007673221914305, -0.5365035814111718, -0.40859035745462924, 0.009440881942391949, -0.304001863937723]
[0.18115978484706546, -0.46757694971918107, -0.6258507386360554, -0.4766951779037618, 0.010963863779447082, -0.3546714366459861]
[0.20709749274717187, -0.5343865772469316, -0.7151978958609393, -0.5447999983528945, 0.012486845616502219, -0.4053410093542493]
[0.23303520064727826, -0.6011962047746822, -0.804545053085823, -0.6129048188020271, 0.014009827453557352, -0.45601058206251244]
[0.25897290854738464, -0.6680058323024327, -0.8938922103107069, -0.6810096392511598, 0.015532809290612487, -0.5066801547707757]
[0.28491061644749105, -0.7348154598301833, -0.9832393675355905, -0.7491144597002924, 0.01705579112766762, -0.5573497274790388]
[0.31084832434759746, -0.8016250873579338, -1.0725865247604744, -0.8172192801494251, 0.018578772964722757, -0.608019300187302]
[0.3367860322477038, -0.8684347148856844, -1.161933681985358, -0.8853241005985577, 0.02010175480177789, -0.6586888728955651]
[0.42796348287450386, -0.8353783830493856, -1.198128053524009, -0.790405699258304, 0.03673124245923129, -0.6398971338556854]
[0.519140933501304, -0.8023220512130868, -1.2343224250626603, -0.6954872979180502, 0.053360730116684685, -0.6211053948158056]
[0.610318384128104, -0.769265719376788, -1.2705167966013113, -0.6005688965777964, 0.06999021777413808, -0.6023136557759259]
[0.7014958347549041, -0.7362093875404891, -1.3067111681399624, -0.5056504952375427, 0.08661970543159148, -0.5835219167360463]
[0.792673285381704, -0.7031530557041904, -1.3429055396786134, -0.41073209389728893, 0.10324919308904487, -0.5647301776961665]
[0.8838507360085042, -0.6700967238678917, -1.3790999112172646, -0.3158136925570352, 0.11987868074649828, -0.5459384386562868]
[0.9750281866353043, -0.6370403920315928, -1.4152942827559156, -0.22089529121678142, 0.13650816840395166, -0.527146699616407]
[1.0662056372621043, -0.603984060195294, -1.4514886542945666, -0.12597688987652766, 0.15313765606140506, -0.5083549605765273]
[1.1573830878889042, -0.5709277283589953, -1.4876830258332177, -0.03105848853627391, 0.16976714371885845, -0.4895632215366476]
[1.2485605385157044, -0.5378713965226964, -1.523877397371869, 0.06385991280397985, 0.18639663137631185, -0.4707714824967679]
[1.3397379891425045, -0.5048150646863977, -1.56007176891052, 0.1587783141442336, 0.20302611903376525, -0.4519797434568882]
[1.4309154397693047, -0.4717587328500989, -1.596266140449171, 0.25369671548448736, 0.21965560669121867, -0.43318800441700844]
[1.5220928903961046, -0.4387024010138001, -1.632460511987822, 0.3486151168247411, 0.23628509434867206, -0.4143962653771287]
[1.6132703410229048, -0.40564606917750134, -1.6686548835264732, 0.44353351816499487, 0.25291458200612543, -0.395604526337249]
[1.7044477916497047, -0.37258973734120254, -1.7048492550651242, 0.5384519195052485, 0.26954406966357886, -0.3768127872973693]