[-0.0004130918325699895, 0.00010263613409922101, -0.00031363652244831286, -4.438121589167565e-05, 0.00020802718193557723, 0.00015179544412191603]
[-0.03304479342117314, -0.014803395172116738, -0.10840776310684827, 0.05967397478429953, 0.022835564973829027, -0.057568433667992]
[-0.06567649500977629, -0.029709426478332697, -0.21650188969124823, 0.11939233078449074, 0.04546310276572248, -0.11528866278010591]
[-0.09830819659837944, -0.04461545778454866, -0.3245960162756482, 0.17911068678468195, 0.06809064055761593, -0.17300889189221982]
[-0.1309398981869826, -0.059521489090764615, -0.43269014286004814, 0.23882904278487316, 0.09071817834950938, -0.23072912100433374]
[-0.16357159977558575, -0.07442752039698058, -0.5407842694444481, 0.29854739878506437, 0.11334571614140285, -0.2884493501164477]
[-0.1962033013641889, -0.08933355170319654, -0.6488783960288481, 0.3582657547852556, 0.1359732539332963, -0.34616957922856156]
[-0.22883500295279208, -0.10423958300941251, -0.7569725226132481, 0.4179841107854468, 0.15860079172518976, -0.4038898083406755]
[-0.2614667045413952, -0.11914561431562845, -0.865066649197648, 0.477702466785638, 0.18122832951708318, -0.4616100374527894]
[-0.2940984061299984, -0.1340516456218444, -0.973160775782048, 0.5374208227858293, 0.20385586730897665, -0.5193302665649033]
[-0.3267301077186015, -0.1489576769280604, -1.081254902366448, 0.5971391787860204, 0.22648340510087012, -0.5770504956770173]
[-0.3593618093072046, -0.16386370823427635, -1.189349028950848, 0.6568575347862116, 0.24911094289276353, -0.6347707247891311]
[-0.3919935108958078, -0.1787697395404923, -1.297443155535248, 0.7165758907864028, 0.271738480684657, -0.692490953901245]
[-0.2879991336559402, -0.1945745484787423, -1.321418079145894, 0.6417068364019812, 0.2671058141574103, -0.6156682923321724]
[-0.18400475641607267, -0.21037935741699232, -1.3453930027565402, 0.5668377820175596, 0.2624731476301636, -0.5388456307630995]
[-0.08001037917620507, -0.22618416635524236, -1.3693679263671863, 0.49196872763313804, 0.25784048110291685, -0.46202296919402686]
[0.02398399806366247, -0.24198897529349236, -1.3933428499778324, 0.41709967324871644, 0.25320781457567015, -0.38520030762495416]
[0.12797837530353007, -0.2577937842317424, -1.4173177735884785, 0.34223061886429484, 0.24857514804842346, -0.30837764605588147]
[0.23197275254339766, -0.2735985931699924, -1.4412926971991247, 0.2673615644798732, 0.24394248152117673, -0.23155498448680872]
[0.33596712978326526, -0.2894034021082424, -1.4652676208097706, 0.19249251009545154, 0.23930981499393003, -0.1547323229177361]
[0.43996150702313275, -0.30520821104649243, -1.4892425444204167, 0.11762345571103006, 0.2346771484666833, -0.07790966134866328]
[0.5439558842630003, -0.3210130199847424, -1.5132174680310628, 0.04275440132660846, 0.2300444819394366, -0.0010869997795905917]
[0.6479502615028679, -0.33681782892299245, -1.537192391641709, -0.032114653057813136, 0.2254118154121899, 0.0757356617894821]
[0.7519446387427354, -0.3526226378612425, -1.561167315252355, -0.10698370744223473, 0.22077914888494318, 0.1525583233585548]
[0.8559390159826031, -0.36842744679949246, -1.5851422388630012, -0.18185276182665644, 0.21614648235769646, 0.2293809849276276]
[0.9599333932224706, -0.3842322557377425, -1.6091171624736473, -0.25672181621107804, 0.21151381583044976, 0.3062036464967003]
[1.0639277704623384, -0.40003706467599254, -1.6330920860842935, -0.33159087059549974, 0.20688114930320306, 0.38302630806577287]
[1.167922147702206, -0.4158418736142425, -1.6570670096949396, -0.4064599249799212, 0.20224848277595633, 0.45984896963484556]
[1.26204923146134, -0.42430576920701146, -1.6447714321986673, -0.4848749098565614, 0.1918265872468313, 0.5392693764458918]
[1.356176315220474, -0.43276966479978046, -1.632475854702395, -0.5632898947332016, 0.1814046917177063, 0.6186897832569381]
[1.4503033989796081, -0.4412335603925494, -1.620180277206123, -0.6417048796098418, 0.17098279618858125, 0.6981101900679845]
[1.544430482738742, -0.44969745598531835, -1.6078846997098506, -0.7201198644864819, 0.16056090065945622, 0.7775305968790307]
[1.6385575664978762, -0.45816135157808735, -1.5955891222135783, -0.7985348493631221, 0.15013900513033118, 0.8569510036900769]
[1.7326846502570104, -0.4666252471708563, -1.583293544717306, -0.8769498342397624, 0.13971710960120617, 0.9363714105011233]