[-0.00035815409646833274, 0.00018646434148372748, -0.0003653218802153191, -3.6369702709926344e-05, 0.000147587145960415, -2.3838143508037035e-05]
[-0.048091673804722145, -0.03187029836772024, -0.0588851856424567, -0.011903310012763254, -0.04642772526137687, -0.1068764098901813]
[-0.09582519351297596, -0.06392706107692421, -0.11740504940469808, -0.023770250322816582, -0.09300303766871415, -0.21372898163685455]
[-0.14355871322122976, -0.09598382378612819, -0.17592491316693945, -0.03563719063286991, -0.13957835007605143, -0.32058155338352784]
[-0.19129223292948358, -0.12804058649533215, -0.23444477692918084, -0.04750413094292324, -0.18615366248338872, -0.42743412513020107]
[-0.23902575263773743, -0.16009734920453614, -0.29296464069142225, -0.05937107125297657, -0.232728974890726, -0.5342866968768744]
[-0.2867592723459912, -0.1921541119137401, -0.3514845044536636, -0.07123801156302989, -0.2793042872980633, -0.6411392686235476]
[-0.33449279205424504, -0.2242108746229441, -0.410004368215905, -0.08310495187308323, -0.3258795997054006, -0.7479918403702209]
[-0.3822263117624988, -0.256267637332148, -0.46852423197814635, -0.09497189218313655, -0.37245491211273785, -0.8548444121168941]
[-0.4299598314707527, -0.288324400041352, -0.5270440957403878, -0.10683883249318989, -0.41903022452007516, -0.9616969838635674]
[-0.4776933511790065, -0.320381162750556, -0.5855639595026292, -0.11870577280324321, -0.4656055369274124, -1.0685495556102407]
[-0.5254268708872603, -0.35243792545975994, -0.6440838232648705, -0.13057271311329652, -0.5121808493347496, -1.175402127356914]
[-0.573160390595514, -0.3844946881689639, -0.7026036870271118, -0.14243965342334985, -0.558756161742087, -1.2822546991035872]
[-0.620893910303768, -0.4165514508781679, -0.7611235507893533, -0.1543065937334032, -0.6053314741494242, -1.3891072708502605]
[-0.6686274300120217, -0.4486082135873719, -0.8196434145515947, -0.16617353404345653, -0.6519067865567616, -1.4959598425969338]
[-0.7163609497202756, -0.48066497629657584, -0.8781632783138361, -0.17804047435350986, -0.6984820989640989, -1.602812414343607]
[-0.7640944694285293, -0.5127217390057798, -0.9366831420760774, -0.18990741466356317, -0.7450574113714361, -1.7096649860902802]
[-0.8118279891367831, -0.5447785017149838, -0.9952030058383188, -0.20177435497361648, -0.7916327237787733, -1.8165175578369535]
[-0.859561508845037, -0.5768352644241878, -1.0537228696005603, -0.21364129528366985, -0.8382080361861107, -1.9233701295836267]
[-0.9072950285532908, -0.6088920271333917, -1.1122427333628016, -0.22550823559372316, -0.8847833485934479, -2.0302227013303]
[-0.9550285482615447, -0.6409487898425957, -1.170762597125043, -0.2373751759037765, -0.9313586610007852, -2.1370752730769733]
[-1.0027620679697984, -0.6730055525517996, -1.2292824608872843, -0.24924211621382983, -0.9779339734081225, -2.2439278448236464]
[-1.0504955876780522, -0.7050623152610036, -1.2878023246495256, -0.2611090565238831, -1.0245092858154596, -2.35078041657032]
[-1.0982291073863062, -0.7371190779702076, -1.346322188411767, -0.2729759968339365, -1.071084598222797, -2.4576329883169934]
[-1.1459626270945598, -0.7691758406794116, -1.4048420521740084, -0.2848429371439898, -1.1176599106301344, -2.5644855600636665]
[-1.1936961468028136, -0.8012326033886155, -1.4633619159362499, -0.2967098774540431, -1.1642352230374715, -2.6713381318103395]
[-1.2414296665110676, -0.8332893660978196, -1.5218817796984914, -0.30857681776409646, -1.2108105354448089, -2.778190703557013]
[-1.2891631862193214, -0.8653461288070234, -1.5804016434607326, -0.32044375807414976, -1.2573858478521462, -2.885043275303686]
[-1.3368967059275751, -0.8974028915162275, -1.6389215072229741, -0.33231069838420313, -1.3039611602594836, -2.9918958470503596]
[-1.384630225635829, -0.9294596542254314, -1.6974413709852154, -0.34417763869425644, -1.3505364726668208, -3.0987484187970327]