[-0.00042436737625717313, 0.00019257729371258137, -0.00028459478871223354, 0.00014037539605293858, 0.00020657876155993904, 8.332279341605187e-05]
[-0.052212370233876586, -0.019948026247359023, -0.07028159363649071, 0.09419004807881254, 0.06141650136404424, 0.006900929570448078]
[-0.104000373091496, -0.04008862978843063, -0.1402785924842692, 0.18823972076157214, 0.12262642396652854, 0.013718536347480104]
[-0.1557883759491154, -0.06022923332950223, -0.21027559133204765, 0.28228939344433174, 0.18383634656901282, 0.02053614312451213]
[-0.20757637880673482, -0.08036983687057384, -0.28027259017982614, 0.37633906612709134, 0.24504626917149713, 0.027353749901544155]
[-0.2593643816643542, -0.10051044041164545, -0.35026958902760463, 0.47038873880985094, 0.30625619177398145, 0.03417135667857618]
[-0.31115238452197364, -0.12065104395271704, -0.42026658787538307, 0.5644384114926105, 0.3674661143764657, 0.04098896345560821]
[-0.36294038737959305, -0.14079164749378864, -0.49026358672316156, 0.6584880841753702, 0.42867603697895, 0.04780657023264023]
[-0.4147283902372125, -0.16093225103486025, -0.56026058557094, 0.7525377568581297, 0.4898859595814343, 0.05462417700967226]
[-0.4665163930948319, -0.18107285457593186, -0.6302575844187185, 0.8465874295408893, 0.5510958821839186, 0.061441783786704285]
[-0.5183043959524513, -0.20121345811700347, -0.700254583266497, 0.9406371022236489, 0.612305804786403, 0.06825939056373631]
[-0.5700923988100707, -0.22135406165807506, -0.7702515821142755, 1.0346867749064086, 0.6735157273888872, 0.07507699734076834]
[-0.6218804016676901, -0.24149466519914667, -0.8402485809620539, 1.1287364475891681, 0.7347256499913715, 0.08189460411780036]
[-0.6736684045253095, -0.26163526874021825, -0.9102455798098325, 1.2227861202719277, 0.7959355725938558, 0.08871221089483239]
[-0.7254564073829289, -0.28177587228128986, -0.9802425786576109, 1.3168357929546874, 0.8571454951963401, 0.09552981767186441]
[-0.7772444102405484, -0.3019164758223615, -1.0502395775053894, 1.410885465637447, 0.9183554177988245, 0.10234742444889644]
[-0.8290324130981678, -0.3220570793634331, -1.1202365763531679, 1.5049351383202065, 0.9795653404013087, 0.10916503122592847]
[-0.8808204159557872, -0.3421976829045047, -1.1902335752009463, 1.598984811002966, 1.040775263003793, 0.11598263800296049]
[-0.9326084188134066, -0.3623382864455763, -1.2602305740487247, 1.6930344836857256, 1.1019851856062772, 0.12280024477999252]
[-0.984396421671026, -0.3824788899866479, -1.3302275728965034, 1.7870841563684854, 1.1631951082087617, 0.12961785155702454]
[-1.0361844245286453, -0.40261949352771953, -1.4002245717442818, 1.881133829051245, 1.224405030811246, 0.13643545833405657]
[-1.0879724273862648, -0.4227600970687911, -1.4702215705920603, 1.9751835017340045, 1.2856149534137302, 0.1432530651110886]
[-1.1397604302438842, -0.4429007006098627, -1.5402185694398387, 2.0692331744167642, 1.3468248760162145, 0.15007067188812062]
[-1.1915484331015036, -0.4630413041509343, -1.6102155682876171, 2.1632828470995236, 1.4080347986186987, 0.15688827866515265]
[-1.243336435959123, -0.4831819076920059, -1.6802125671353956, 2.2573325197822833, 1.469244721221183, 0.16370588544218467]
[-1.2951244388167424, -0.5033225112330775, -1.7502095659831742, 2.351382192465043, 1.5304546438236675, 0.1705234922192167]
[-1.3469124416743619, -0.5234631147741491, -1.8202065648309527, 2.4454318651478024, 1.5916645664261517, 0.17734109899624872]
[-1.3987004445319813, -0.5436037183152207, -1.890203563678731, 2.539481537830562, 1.652874489028636, 0.18415870577328075]
[-1.4504884473896007, -0.5637443218562923, -1.9602005625265095, 2.633531210513322, 1.7140844116311202, 0.19097631255031278]
[-1.5022764502472201, -0.5838849253973639, -2.030197561374288, 2.7275808831960813, 1.7752943342336045, 0.1977939193273448]
[-1.5540644531048395, -0.6040255289384355, -2.1001945602220666, 2.821630555878841, 1.836504256836089, 0.20461152610437683]
[-1.605852455962459, -0.6241661324795071, -2.170191559069845, 2.9156802285616004, 1.8977141794385732, 0.21142913288140885]
[-1.6576404588200784, -0.6443067360205788, -2.2401885579176235, 3.00972990124436, 1.9589241020410575, 0.21824673965844088]