[-0.00034970282385504703, 0.00016457578624695657, -0.0004414780671480045, 2.8338038640995933e-05, 0.0003078170571058081, 5.518122587311325e-06]
[-0.033712107869431275, -0.027990435428723877, -0.0687869890657256, -0.014882903989040736, -0.049254473874996534, -0.10569282119714593]
[-0.0670745129150075, -0.05614544664369471, -0.1371325000643032, -0.029794146016722468, -0.09881676480709888, -0.21139116051687917]
[-0.10043691796058372, -0.08430045785866554, -0.20547801106288077, -0.044705388044404194, -0.1483790557392012, -0.31708949983661244]
[-0.13379932300615996, -0.11245546907363638, -0.2738235220614584, -0.05961663007208593, -0.19794134667130356, -0.42278783915634566]
[-0.1671617280517362, -0.1406104802886072, -0.342169033060036, -0.07452787209976766, -0.2475036376034059, -0.5284861784760789]
[-0.2005241330973124, -0.16876549150357803, -0.41051454405861354, -0.08943911412744938, -0.29706592853550823, -0.6341845177958122]
[-0.23388653814288865, -0.19692050271854888, -0.47886005505719115, -0.10435035615513112, -0.3466282194676106, -0.7398828571155455]
[-0.26724894318846487, -0.2250755139335197, -0.5472055660557688, -0.11926159818281286, -0.3961905103997129, -0.8455811964352786]
[-0.3006113482340411, -0.25323052514849054, -0.6155510770543463, -0.13417284021049458, -0.4457528013318153, -0.9512795357550119]
[-0.33397375327961737, -0.28138553636346136, -0.683896588052924, -0.14908408223817632, -0.4953150922639176, -1.0569778750747452]
[-0.3673361583251935, -0.3095405475784322, -0.7522420990515014, -0.16399532426585803, -0.5448773831960199, -1.1626762143944784]
[-0.40069856337076976, -0.337695558793403, -0.8205876100500791, -0.17890656629353976, -0.5944396741281223, -1.2683745537142117]
[-0.434060968416346, -0.36585057000837384, -0.8889331210486567, -0.1938178083212215, -0.6440019650602246, -1.374072893033945]
[-0.46742337346192225, -0.3940055812233447, -0.9572786320472343, -0.20872905034890324, -0.693564255992327, -1.4797712323536782]
[-0.5007857785074985, -0.42216059243831555, -1.025624143045812, -0.22364029237658498, -0.7431265469244294, -1.5854695716734115]
[-0.5341481835530747, -0.4503156036532864, -1.0939696540443895, -0.2385515344042667, -0.7926888378565317, -1.6911679109931446]
[-0.5675105885986509, -0.47847061486825715, -1.1623151650429668, -0.2534627764319484, -0.8422511287886338, -1.7968662503128778]
[-0.6008729936442272, -0.506625626083228, -1.2306606760415446, -0.26837401845963016, -0.8918134197207364, -1.902564589632611]
[-0.6342353986898034, -0.5347806372981988, -1.2990061870401222, -0.2832852604873119, -0.9413757106528386, -2.008262928952344]
[-0.6675978037353797, -0.5629356485131697, -1.3673516980387, -0.29819650251499363, -0.990938001584941, -2.1139612682720776]
[-0.7009602087809559, -0.5910906597281406, -1.4356972090372775, -0.31310774454267537, -1.0405002925170432, -2.2196596075918107]
[-0.734322613826532, -0.6192456709431113, -1.5040427200358548, -0.32801898657035705, -1.0900625834491455, -2.325357946911544]
[-0.7676850188721083, -0.6474006821580822, -1.5723882310344326, -0.34293022859803884, -1.139624874381248, -2.4310562862312777]
[-0.8010474239176845, -0.675555693373053, -1.6407337420330101, -0.3578414706257205, -1.1891871653133503, -2.5367546255510107]
[-0.8344098289632607, -0.7037107045880238, -1.7090792530315877, -0.37275271265340226, -1.2387494562454526, -2.6424529648707438]
[-0.867772234008837, -0.7318657158029946, -1.7774247640301655, -0.387663954681084, -1.288311747177555, -2.7481513041904773]
[-0.9011346390544132, -0.7600207270179655, -1.8457702750287428, -0.40257519670876574, -1.3378740381096572, -2.8538496435102103]
[-0.9344970440999895, -0.7881757382329364, -1.9141157860273206, -0.4174864387364475, -1.3874363290417597, -2.959547982829944]
[-0.9678594491455657, -0.8163307494479072, -1.9824612970258981, -0.4323976807641292, -1.436998619973862, -3.065246322149677]