[-0.00041125234591010695, 0.00012697584853782473, -0.00044544709895433243, 2.6113496259583258e-05, 0.000283245436386359, 0.0001354703872902263]
[0.02246415365217376, -0.003738149935948791, -0.12189409111164103, 0.06219363308949408, -0.013938633961765312, -0.07396974908294679]
[0.04533955965025763, -0.007603275720435407, -0.24334273512432772, 0.12436115268272857, -0.028160513359916983, -0.1480749685531838]
[0.0682149656483415, -0.011468401504922024, -0.3647913791370144, 0.18652867227596306, -0.042382392758068654, -0.22218018802342082]
[0.09109037164642536, -0.015333527289408639, -0.4862400231497011, 0.24869619186919756, -0.056604272156220325, -0.29628540749365784]
[0.11396577764450923, -0.019198653073895254, -0.6076886671623878, 0.310863711462432, -0.070826151554372, -0.37039062696389485]
[0.1368411836425931, -0.023063778858381873, -0.7291373111750745, 0.37303123105566655, -0.08504803095252367, -0.44449584643413187]
[0.15971658964067695, -0.026928904642868484, -0.850585955187761, 0.43519875064890096, -0.09926991035067534, -0.5186010659043688]
[0.18259199563876083, -0.030794030427355103, -0.9720345992004479, 0.49736627024213553, -0.11349178974882701, -0.5927062853746059]
[0.20546740163684468, -0.034659156211841714, -1.0934832432131345, 0.5595337898353699, -0.12771366914697868, -0.6668115048448429]
[0.22834280763492856, -0.03852428199632833, -1.2149318872258212, 0.6217013094286045, -0.14193554854513035, -0.7409167243150799]
[0.2512182136330124, -0.04238940778081495, -1.3363805312385078, 0.683868829021839, -0.15615742794328202, -0.8150219437853169]
[0.2740936196310963, -0.04625453356530157, -1.4578291752511947, 0.7460363486150735, -0.1703793073414337, -0.889127163255554]
[0.29696902562918015, -0.05011965934978818, -1.5792778192638812, 0.8082038682083079, -0.18460118673958537, -0.9632323827257909]
[0.36775618835283747, -0.05495236247935893, -1.637137633288834, 0.8833734288317349, -0.2008283055590536, -1.0392754707108198]
[0.4385433510764948, -0.05978506560892968, -1.6949974473137872, 0.9585429894551619, -0.21705542437852185, -1.1153185586958485]
[0.509330513800152, -0.06461776873850043, -1.75285726133874, 1.0337125500785889, -0.23328254319799008, -1.1913616466808774]
[0.5801176765238094, -0.06945047186807118, -1.810717075363693, 1.108882110702016, -0.24950966201745833, -1.2674047346659063]
[0.6509048392474668, -0.07428317499764195, -1.868576889388646, 1.184051671325443, -0.26573678083692653, -1.3434478226509352]
[0.721692001971124, -0.07911587812721269, -1.926436703413599, 1.2592212319488698, -0.2819638996563948, -1.419490910635964]
[0.7924791646947814, -0.08394858125678345, -1.984296517438552, 1.3343907925722969, -0.29819101847586305, -1.495533998620993]
[0.8632663274184387, -0.08878128438635419, -2.042156331463505, 1.4095603531957237, -0.3144181372953313, -1.5715770866060217]
[0.9340534901420962, -0.09361398751592495, -2.100016145488458, 1.4847299138191508, -0.33064525611479956, -1.6476201745910508]
[1.0048406528657534, -0.0984466906454957, -2.1578759595134107, 1.5598994744425778, -0.34687237493426776, -1.7236632625760795]
[1.0756278155894106, -0.10327939377506645, -2.2157357735383636, 1.6350690350660049, -0.363099493753736, -1.7997063505611082]
[1.146414978313068, -0.10811209690463719, -2.2735955875633165, 1.710238595689432, -0.3793266125732042, -1.875749438546137]
[1.2172021410367253, -0.11294480003420795, -2.33145540158827, 1.785408156312859, -0.39555373139267247, -1.951792526531166]
[1.2879893037603827, -0.1177775031637787, -2.3893152156132227, 1.8605777169362858, -0.4117808502121407, -2.027835614516195]
[1.391880794713236, -0.1231601384328096, -2.3976171590029587, 1.9426649476182072, -0.42889461161812564, -2.1025166969113513]
[1.4957722856660889, -0.12854277370184047, -2.4059191023926947, 2.0247521783001288, -0.44600837302411056, -2.1771977793065083]
[1.599663776618942, -0.13392540897087138, -2.4142210457824307, 2.10683940898205, -0.4631221344300955, -2.2518788617016647]
[1.703555267571795, -0.13930804423990226, -2.4225229891721667, 2.1889266396639715, -0.4802358958360804, -2.3265599440968217]
[1.8074467585246485, -0.14469067950893316, -2.430824932561903, 2.271013870345893, -0.49734965724206537, -2.401241026491978]
[1.9113382494775015, -0.15007331477796404, -2.439126875951639, 2.3531011010278142, -0.5144634186480502, -2.475922108887135]
[2.0152297404303545, -0.15545595004699492, -2.447428819341375, 2.435188331709736, -0.5315771800540352, -2.5506031912822915]
[2.1191212313832075, -0.1608385853160258, -2.455730762731111, 2.517275562391657, -0.5486909414600201, -2.6252842736774484]
[2.223012722336061, -0.1662212205850567, -2.464032706120847, 2.5993627930735785, -0.565804702866005, -2.699965356072605]