[-0.000359944316829619, 9.170525113333383e-05, -0.0004449833213362453, 0.00013802896377423934, 0.00031864471161924257, -8.868317929788816e-06]
[0.05274064225998603, -0.06678393958992772, -0.10729009292193917, 0.016449467971683618, 0.0037730111721510085, -0.05137263078794364]
[0.10584122883680168, -0.13365958443098877, -0.2141352025225421, 0.032760906979592996, 0.007227377632682774, -0.1027363932579575]
[0.15894181541361732, -0.20053522927204984, -0.320980312123145, 0.049072345987502375, 0.01068174409321454, -0.15410015572797134]
[0.21204240199043298, -0.2674108741131109, -0.42782542172374793, 0.06538378499541175, 0.014136110553746306, -0.2054639181979852]
[0.2651429885672486, -0.33428651895417194, -0.5346705313243508, 0.08169522400332113, 0.017590477014278072, -0.25682768066799905]
[0.31824357514406426, -0.401162163795233, -0.6415156409249537, 0.09800666301123051, 0.021044843474809838, -0.3081914431380129]
[0.37134416172087986, -0.468037808636294, -0.7483607505255566, 0.11431810201913988, 0.024499209935341604, -0.35955520560802673]
[0.4244447482976956, -0.5349134534773551, -0.8552058601261596, 0.13062954102704927, 0.02795357639587337, -0.4109189680780406]
[0.4775453348745112, -0.6017890983184162, -0.9620509697267625, 0.14694098003495865, 0.031407942856405136, -0.46228273054805447]
[0.5306459214513268, -0.6686647431594772, -1.0688960793273654, 0.16325241904286802, 0.0348623093169369, -0.5136464930180683]
[0.5914734758769827, -0.662516504536482, -1.1392893016191796, 0.0886055228912847, 0.037367671958869204, -0.44115248137956375]
[0.6523010303026386, -0.6563682659134868, -1.209682523910994, 0.013958626739701385, 0.03987303460080151, -0.3686584697410592]
[0.7131285847282944, -0.6502200272904917, -1.2800757462028083, -0.060688269411881934, 0.04237839724273381, -0.2961644581025547]
[0.7739561391539505, -0.6440717886674965, -1.3504689684946227, -0.13533516556346525, 0.04488375988466611, -0.22367044646405015]
[0.8347836935796062, -0.6379235500445013, -1.420862190786437, -0.20998206171504863, 0.04738912252659842, -0.1511764348255456]
[0.8956112480052622, -0.6317753114215061, -1.4912554130782514, -0.2846289578666319, 0.04989448516853072, -0.0786824231870411]
[0.9564388024309181, -0.6256270727985109, -1.5616486353700656, -0.35927585401821527, 0.05239984781046303, -0.006188411548536554]
[1.0172663568565739, -0.6194788341755157, -1.6320418576618798, -0.43392275016979853, 0.054905210452395325, 0.066305600089968]
[1.0780939112822299, -0.6133305955525206, -1.7024350799536943, -0.5085696463213819, 0.057410573094327635, 0.13879961172847252]
[1.110929108500208, -0.5691751619033026, -1.7147773257498127, -0.5949216861340334, 0.05805826947657843, 0.2427389251183747]
[1.143764305718186, -0.5250197282540847, -1.7271195715459309, -0.6812737259466848, 0.05870596585882923, 0.3466782385082769]
[1.1765995029361642, -0.4808642946048668, -1.7394618173420493, -0.7676257657593363, 0.059353662241080025, 0.4506175518981791]
[1.2094347001541423, -0.43670886095564887, -1.7518040631381677, -0.8539778055719878, 0.06000135862333083, 0.5545568652880812]
[1.2422698973721205, -0.3925534273064309, -1.7641463089342861, -0.9403298453846392, 0.060649055005581626, 0.6584961786779835]
[1.2751050945900986, -0.34839799365721297, -1.7764885547304043, -1.0266818851972905, 0.06129675138783242, 0.7624354920678856]
[1.3079402918080767, -0.30424256000799504, -1.7888308005265228, -1.1130339250099421, 0.06194444777008322, 0.8663748054577879]