[-0.0002937126100457377, 8.495788289231143e-05, -0.0004447761344890111, -2.9695330775680873e-05, 0.00033891546486852775, 9.309638926158215e-05]
[-0.01714895876498916, -0.03454512558388005, -0.05710469206155773, 0.08874433270827159, 0.023945076266861154, -0.07265730358755668]
[-0.034004204919932585, -0.06917520905065241, -0.11376460798862645, 0.17751836074731886, 0.04755123706885378, -0.14540770356437493]
[-0.050859451074876015, -0.10380529251742476, -0.17042452391569515, 0.26629238878636613, 0.0711573978708464, -0.2181581035411932]
[-0.06771469722981943, -0.13843537598419714, -0.22708443984276389, 0.3550664168254134, 0.09476355867283903, -0.29090850351801145]
[-0.08456994338476286, -0.1730654594509695, -0.2837443557698326, 0.44384044486446067, 0.11836971947483166, -0.3636589034948297]
[-0.10142518953970629, -0.20769554291774184, -0.3404042716969013, 0.5326144729035079, 0.14197588027682428, -0.43640930347164797]
[-0.11828043569464972, -0.24232562638451421, -0.39706418762397, 0.6213885009425552, 0.1655820410788169, -0.5091597034484662]
[-0.13513568184959313, -0.2769557098512866, -0.45372410355103876, 0.7101625289816025, 0.18918820188080954, -0.5819101034252845]
[-0.15199092800453656, -0.3115857933180589, -0.5103840194781074, 0.7989365570206497, 0.21279436268280216, -0.6546605034021027]
[-0.16884617415947997, -0.3462158767848313, -0.5670439354051762, 0.887710585059697, 0.2364005234847948, -0.727410903378921]
[-0.18570142031442344, -0.38084596025160367, -0.6237038513322449, 0.9764846130987443, 0.2600066842867874, -0.8001613033557393]
[-0.20255666646936685, -0.415476043718376, -0.6803637672593136, 1.0652586411377916, 0.28361284508878004, -0.8729117033325575]
[-0.21941191262431028, -0.4501061271851484, -0.7370236831863823, 1.154032669176839, 0.30721900589077267, -0.9456621033093758]
[-0.2362671587792537, -0.48473621065192074, -0.793683599113451, 1.242806697215886, 0.3308251666927653, -1.018412503286194]
[-0.25312240493419713, -0.5193662941186932, -0.8503435150405199, 1.3315807252549334, 0.3544313274947579, -1.0911629032630124]
[-0.2699776510891405, -0.5539963775854655, -0.9070034309675885, 1.4203547532939806, 0.37803748829675055, -1.1639133032398306]
[-0.28683289724408395, -0.5886264610522378, -0.9636633468946573, 1.509128781333028, 0.40164364909874317, -1.236663703216649]
[-0.3036881433990274, -0.6232565445190101, -1.0203232628217258, 1.597902809372075, 0.4252498099007358, -1.309414103193467]
[-0.3205433895539708, -0.6578866279857826, -1.0769831787487947, 1.6866768374111225, 0.4488559707027284, -1.3821645031702854]
[-0.23724286197845057, -0.6500910364252522, -1.1150811754044374, 1.7436196875023564, 0.41018391437638574, -1.4541637874438997]
[-0.15394233440293034, -0.6422954448647219, -1.15317917206008, 1.8005625375935903, 0.37151185805004305, -1.526163071717514]
[-0.07064180682741009, -0.6344998533041917, -1.1912771687157226, 1.8575053876848244, 0.33283980172370037, -1.5981623559911284]
[0.012658720748110142, -0.6267042617436613, -1.2293751653713654, 1.9144482377760583, 0.2941677453973577, -1.6701616402647426]
[0.0959592483236304, -0.618908670183131, -1.2674731620270079, 1.9713910878672922, 0.25549568907101505, -1.742160924538357]
[0.17925977589915065, -0.6111130786226007, -1.3055711586826506, 2.028333937958526, 0.21682363274467234, -1.8141602088119713]
[0.2625603034746709, -0.6033174870620703, -1.3436691553382933, 2.08527678804976, 0.17815157641832963, -1.8861594930855856]
[0.3458608310501911, -0.5955218955015401, -1.3817671519939358, 2.142219638140994, 0.139479520091987, -1.9581587773591997]
[0.4291613586257114, -0.5877263039410098, -1.4198651486495786, 2.199162488232228, 0.10080746376564431, -2.030158061632814]
[0.5124618862012316, -0.5799307123804794, -1.4579631453052213, 2.256105338323462, 0.062135407439301626, -2.1021573459064284]
[0.5957624137767519, -0.5721351208199491, -1.4960611419608638, 2.3130481884146956, 0.02346335111295894, -2.174156630180043]
[0.6790629413522722, -0.5643395292594189, -1.5341591386165065, 2.3699910385059297, -0.015208705213383744, -2.246155914453657]
[0.7623634689277923, -0.5565439376988885, -1.572257135272149, 2.426933888597164, -0.05388076153972643, -2.3181551987272715]
[0.8456639965033126, -0.5487483461383582, -1.610355131927792, 2.4838767386883975, -0.09255281786606917, -2.390154483000886]
[0.9289645240788329, -0.5409527545778279, -1.6484531285834345, 2.5408195887796317, -0.1312248741924118, -2.4621537672745]
[1.012265051654353, -0.5331571630172975, -1.686551125239077, 2.5977624388708653, -0.16989693051875443, -2.534153051548114]
[1.0955655792298733, -0.5253615714567672, -1.72464912189472, 2.6547052889620995, -0.20856898684509717, -2.6061523358217284]
[1.1788661068053936, -0.517565979896237, -1.7627471185503625, 2.7116481390533336, -0.2472410431714398, -2.678151620095343]
[1.2621666343809137, -0.5097703883357066, -1.800845115206005, 2.7685909891445672, -0.28591309949778243, -2.750150904368957]
[1.345467161956434, -0.5019747967751763, -1.838943111861648, 2.8255338392358014, -0.32458515582412517, -2.8221501886425715]
[1.4287676895319543, -0.49417920521464603, -1.8770411085172904, 2.882476689327035, -0.3632572121504679, -2.894149472916186]
[1.5120682171074744, -0.48638361365411575, -1.915139105172933, 2.939419539418269, -0.40192926847681054, -2.9661487571898]
[1.595368744682995, -0.4785880220935854, -1.953237101828576, 2.9963623895095033, -0.4406013248031533, -3.0381480414634146]
[1.678669272258515, -0.4707924305330551, -1.9913350984842184, 3.053305239600737, -0.4792733811294959, -3.110147325737029]