[-0.0002310458578662633, 0.0001591295651008906, -0.0004569174174333668, 2.2254696132151253e-05, 0.0002509682831410842, 2.890688829015886e-05]
[-0.053052085562969746, -0.013415663521452985, -0.10191232319679751, 4.894954007536093e-06, -0.03740683998412439, 0.09952477645402687]
[-0.10587312526807323, -0.02699045660800686, -0.20336772897616165, -1.2464788117079066e-05, -0.07506464825138986, 0.19902064601976358]
[-0.1586941649731767, -0.04056524969456073, -0.30482313475552575, -2.9824530241694225e-05, -0.11272245651865533, 0.2985165155855003]
[-0.2115152046782802, -0.05414004278111461, -0.40627854053488993, -4.7184272366309384e-05, -0.15038026478592081, 0.398012385151237]
[-0.26433624438338366, -0.06771483586766848, -0.5077339463142541, -6.454401449092454e-05, -0.18803807305318626, 0.4975082547169737]
[-0.31715728408848715, -0.08128962895422236, -0.6091893520936181, -8.19037566155397e-05, -0.22569588132045174, 0.5970041242827104]
[-0.36997832379359064, -0.09486442204077623, -0.7106447578729823, -9.926349874015486e-05, -0.2633536895877172, 0.6964999938484471]
[-0.4227993634986941, -0.10843921512733011, -0.8121001636523465, -0.00011662324086477002, -0.3010114978549827, 0.7959958634141838]
[-0.4756204032037976, -0.12201400821388399, -0.9135555694317106, -0.0001339829829893852, -0.33866930612224816, 0.8954917329799206]
[-0.528441442908901, -0.13558880130043785, -1.0150109752110748, -0.00015134272511400034, -0.3763271143895136, 0.9949876025456572]
[-0.5812624826140046, -0.14916359438699173, -1.116466380990439, -0.0001687024672386155, -0.4139849226567791, 1.0944834721113939]
[-0.634083522319108, -0.1627383874735456, -1.217921786769803, -0.00018606220936323066, -0.45164273092404456, 1.1939793416771307]
[-0.6869045620242115, -0.17631318056009948, -1.319377192549167, -0.00020342195148784583, -0.48930053919131006, 1.2934752112428674]
[-0.739725601729315, -0.18988797364665336, -1.4208325983285313, -0.00022078169361246098, -0.5269583474585755, 1.392971080808604]
[-0.7925466414344186, -0.20346276673320726, -1.5222880041078957, -0.00023814143573707618, -0.564616155725841, 1.4924669503743409]
[-0.845367681139522, -0.2170375598197611, -1.6237434098872596, -0.0002555011778616913, -0.6022739639931065, 1.5919628199400775]
[-0.8981887208446255, -0.23061235290631502, -1.7251988156666238, -0.00027286091998630647, -0.639931772260372, 1.6914586895058144]
[-0.951009760549729, -0.24418714599286886, -1.8266542214459878, -0.00029022066211092164, -0.6775895805276374, 1.790954559071551]
[-1.0038308002548324, -0.25776193907942274, -1.9281096272253522, -0.0003075804042355368, -0.7152473887949029, 1.8904504286372878]
[-1.0566518399599358, -0.2713367321659766, -2.029565033004716, -0.00032494014636015193, -0.7529051970621683, 1.9899462982030243]
[-1.1094728796650395, -0.2849115252525305, -2.1310204387840805, -0.0003422998884847671, -0.7905630053294339, 2.089442167768761]
[-1.162293919370143, -0.29848631833908434, -2.2324758445634445, -0.0003596596306093823, -0.8282208135966993, 2.1889380373344975]
[-1.2151149590752464, -0.31206111142563825, -2.3339312503428085, -0.00037701937273399745, -0.8658786218639648, 2.2884339069002344]
[-1.2679359987803498, -0.3256359045121921, -2.4353866561221724, -0.00039437911485861257, -0.9035364301312302, 2.3879297764659713]
[-1.3207570384854534, -0.339210697598746, -2.536842061901537, -0.00041173885698322774, -0.9411942383984958, 2.487425646031708]
[-1.3735780781905567, -0.35278549068529985, -2.638297467680901, -0.0004290985991078429, -0.9788520466657612, 2.5869215155974445]
[-1.4263991178956603, -0.36636028377185376, -2.739752873460265, -0.0004464583412324581, -1.0165098549330267, 2.6864173851631814]