[-0.0002929250538805661, 0.00014555998877074927, -0.0004228551742331277, 0.00015029728294457811, 0.00016532599467833364, 0.00015480634445719232]
[0.051154635655499006, -0.011387579309548774, -0.15466758367576508, -0.018612603041872018, -0.00803616533328241, 0.04575933160809036]
[0.10260219636487858, -0.022920718607868297, -0.30891231217729703, -0.037375503366688614, -0.016237656661243154, 0.09136385687172353]
[0.15404975707425814, -0.03445385790618782, -0.4631570406788289, -0.056138403691505204, -0.024439147989203894, 0.1369683821353567]
[0.20549731778363772, -0.04598699720450734, -0.6174017691803609, -0.0749013040163218, -0.03264063931716464, 0.18257290739898988]
[0.2569448784930173, -0.05752013650282686, -0.7716464976818928, -0.0936642043411384, -0.04084213064512538, 0.22817743266262305]
[0.30839243920239684, -0.06905327580114638, -0.9258912261834247, -0.11242710466595499, -0.04904362197308612, 0.2737819579262562]
[0.35983999991177645, -0.08058641509946592, -1.0801359546849567, -0.13119000499077157, -0.05724511330104687, 0.3193864831898894]
[0.411287560621156, -0.09211955439778544, -1.2343806831864887, -0.1499529053155882, -0.06544660462900762, 0.36499100845352256]
[0.4627351213305356, -0.10365269369610497, -1.3886254116880206, -0.16871580564040478, -0.07364809595696836, 0.4105955337171558]
[0.5141826820399151, -0.11518583299442448, -1.5428701401895524, -0.18747870596522137, -0.0818495872849291, 0.4562000589807889]
[0.5656302427492947, -0.126718972292744, -1.6971148686910844, -0.20624160629003796, -0.09005107861288984, 0.5018045842444221]
[0.7128336698362151, -0.16333577604037022, -1.6904577789616178, -0.18076610058112938, -0.06980697184517984, 0.4373633923878986]
[0.8600370969231355, -0.19995257978799644, -1.6838006892321509, -0.1552905948722208, -0.049562865077469834, 0.37292220053137515]
[1.0072405240100557, -0.23656938353562265, -1.6771435995026842, -0.1298150891633122, -0.02931875830975983, 0.3084810086748517]
[1.1544439510969762, -0.27318618728324884, -1.6704865097732173, -0.10433958345440363, -0.009074651542049825, 0.2440398168183282]
[1.3016473781838966, -0.30980299103087505, -1.6638294200437507, -0.07886407774549503, 0.01116945522566018, 0.17959862496180473]
[1.4488508052708169, -0.34641979477850127, -1.657172330314284, -0.05338857203658645, 0.031413561993370184, 0.11515743310528126]
[1.5960542323577374, -0.3830365985261275, -1.6505152405848171, -0.02791306632767787, 0.0516576687610802, 0.05071624124875779]
[1.7432576594446576, -0.41965340227375375, -1.6438581508553505, -0.0024375606187692924, 0.07190177552879018, -0.013724950607765681]