[-0.00032820391801902105, 0.00024397203937187584, -0.00027814587438346194, 2.1624910604423064e-05, 0.0003321711388828419, 0.00013534290960137696]
[0.003474543853885681, -0.08906490074162195, -0.06241692221228812, -0.04089384003452932, -0.059733443630460625, 0.03321003885649861]
[0.007277291625790383, -0.17837377352261577, -0.12455569855019277, -0.08180930497966306, -0.11979905839980409, 0.06628473480339585]
[0.011080039397695085, -0.26768264630360955, -0.18669447488809743, -0.12272476992479679, -0.17986467316914756, 0.09935943075029309]
[0.014882787169599787, -0.3569915190846034, -0.24883325122600208, -0.16364023486993054, -0.23993028793849103, 0.13243412669719032]
[0.01868553494150449, -0.4463003918655972, -0.31097202756390674, -0.20455569981506427, -0.2999959027078345, 0.16550882264408756]
[0.02248828271340919, -0.535609264646591, -0.3731108039018114, -0.245471164760198, -0.36006151747717796, 0.1985835185909848]
[0.026291030485313893, -0.6249181374275848, -0.43524958023971605, -0.28638662970533174, -0.42012713224652143, 0.23165821453788202]
[0.030093778257218595, -0.7142270102085787, -0.4973883565776207, -0.3273020946504655, -0.4801927470158649, 0.26473291048477926]
[0.0338965260291233, -0.8035358829895726, -0.5595271329155254, -0.36821755959559926, -0.5402583617852084, 0.29780760643167653]
[0.037699273801028, -0.8928447557705663, -0.62166590925343, -0.40913302454073297, -0.6003239765545518, 0.33088230237857374]
[0.13699328241268213, -0.8665230675269838, -0.7104712812186379, -0.42979795151045913, -0.5586769670459701, 0.34532539424995773]
[0.23628729102433627, -0.8402013792834014, -0.7992766531838458, -0.4504628784801853, -0.5170299575373885, 0.35976848612134177]
[0.3355812996359904, -0.8138796910398189, -0.8880820251490538, -0.4711278054499114, -0.4753829480288069, 0.37421157799272575]
[0.43487530824764453, -0.7875580027962366, -0.9768873971142615, -0.49179273241963756, -0.4337359385202252, 0.38865466986410974]
[0.5341693168592987, -0.7612363145526541, -1.0656927690794695, -0.5124576593893637, -0.3920889290116435, 0.4030977617354937]
[0.6334633254709529, -0.7349146263090716, -1.1544981410446775, -0.5331225863590898, -0.35044191950306186, 0.41754085360687776]
[0.732757334082607, -0.7085929380654892, -1.2433035130098853, -0.553787513328816, -0.30879490999448017, 0.43198394547826174]
[0.8320513426942611, -0.6822712498219067, -1.332108884975093, -0.5744524402985421, -0.26714790048589854, 0.44642703734964573]
[0.9313453513059153, -0.6559495615783242, -1.4209142569403013, -0.5951173672682684, -0.2255008909773168, 0.46087012922102977]
[1.0306393599175694, -0.6296278733347418, -1.509719628905509, -0.6157822942379945, -0.18385388146873516, 0.47531322109241375]
[1.1299333685292237, -0.6033061850911593, -1.5985250008707168, -0.6364472212077207, -0.14220687196015352, 0.48975631296379774]
[1.2292273771408777, -0.5769844968475768, -1.6873303728359248, -0.6571121481774468, -0.10055986245157189, 0.5041994048351818]
[1.328521385752532, -0.5506628086039944, -1.7761357448011328, -0.677777075147173, -0.0589128529429902, 0.5186424967065657]
[1.427815394364186, -0.5243411203604119, -1.8649411167663406, -0.6984420021168991, -0.017265843434408512, 0.5330855885779497]
[1.515194084476731, -0.44351424605044865, -1.9055880947742798, -0.691009513000762, 0.05875137178621746, 0.5250317741167665]
[1.602572774589276, -0.3626873717404854, -1.946235072782219, -0.6835770238846249, 0.13476858700684344, 0.5169779596555832]
[1.689951464701821, -0.28186049743052216, -1.9868820507901583, -0.6761445347684878, 0.21078580222746937, 0.5089241451943999]
[1.7773301548143658, -0.20103362312055884, -2.0275290287980976, -0.6687120456523508, 0.2868030174480954, 0.5008703307332166]
[1.864708844926911, -0.12020674881059562, -2.068176006806037, -0.6612795565362136, 0.3628202326687213, 0.4928165162720334]