[-0.00028279929584673624, 0.00026076943743280623, -0.0003454183585089865, -1.775974158046978e-05, 0.00025525531770753673, 0.00013711516253689382]
[0.031611403940660476, -0.06522754373759207, -0.09731694339267721, 0.012413818329054376, 0.004531684730539117, 0.07947652773632877]
[0.06350560717716769, -0.13071585691261695, -0.19428846842684544, 0.02484539639968922, 0.008808114143370698, 0.15881594031012064]
[0.09539981041367489, -0.1962041700876418, -0.2912599934610136, 0.03727697447032406, 0.013084543556202278, 0.23815535288391249]
[0.12729401365018211, -0.2616924832626667, -0.3882315184951819, 0.04970855254095891, 0.01736097296903386, 0.3174947654577044]
[0.15918821688668933, -0.32718079643769155, -0.48520304352935006, 0.06214013061159376, 0.02163740238186544, 0.39683417803149623]
[0.1910824201231965, -0.3926691096127164, -0.5821745685635182, 0.0745717086822286, 0.02591383179469702, 0.4761735906052881]
[0.22297662335970375, -0.4581574227877413, -0.6791460935976865, 0.08700328675286345, 0.030190261207528598, 0.5555130031790799]
[0.25487082659621096, -0.5236457359627662, -0.7761176186318548, 0.0994348648234983, 0.03446669062036018, 0.6348524157528719]
[0.2867650298327182, -0.5891340491377911, -0.8730891436660231, 0.11186644289413314, 0.03874312003319176, 0.7141918283266637]
[0.3186592330692254, -0.6546223623128159, -0.9700606687001911, 0.12429802096476798, 0.04301954944602334, 0.7935312409004556]
[0.3505534363057326, -0.7201106754878408, -1.0670321937343594, 0.13672959903540283, 0.04729597885885492, 0.8728706534742474]
[0.47792057561165224, -0.7071961389733463, -1.110945518716617, 0.04812250678135485, 0.03518306397843536, 0.8492439702292462]
[0.6052877149175719, -0.6942816024588518, -1.154858843698875, -0.040484585472693124, 0.023070149098015802, 0.8256172869842451]
[0.7326548542234916, -0.6813670659443574, -1.1987721686811326, -0.1290916777267411, 0.010957234217596243, 0.8019906037392439]
[0.8455704913158655, -0.6602579156036965, -1.2256078330305848, -0.21250486451915263, -0.0008064194317566505, 0.7690581333584843]
[0.9584861284082393, -0.6391487652630357, -1.2524434973800371, -0.2959180513115641, -0.012570073081109544, 0.7361256629777245]
[1.0714017655006134, -0.6180396149223748, -1.2792791617294896, -0.3793312381039756, -0.02433372673046244, 0.7031931925969649]
[1.184317402592987, -0.5969304645817138, -1.306114826078942, -0.4627444248963871, -0.03609738037981533, 0.6702607222162053]
[1.297233039685361, -0.575821314241053, -1.3329504904283942, -0.5461576116887987, -0.047861034029168234, 0.6373282518354455]
[1.410148676777735, -0.5547121639003921, -1.3597861547778465, -0.6295707984812102, -0.05962468767852113, 0.6043957814546859]