[-0.00039915796156364536, 0.00022190421524026505, -0.00044734195443130176, 0.00011129452188463063, 0.00014141465453221258, 8.58250038060504e-06]
[-0.06126848967009925, -0.04318355366036859, -0.10399831952234395, -0.01788752072149782, 0.0027627579034760494, 0.057684934177656445]
[-0.12213782137863485, -0.08658901153597745, -0.2075492970902566, -0.03588633596488027, 0.005384101152419886, 0.11536128585493229]
[-0.18300715308717047, -0.12999446941158632, -0.31110027465816925, -0.053885151208262726, 0.008005444401363724, 0.17303763753220813]
[-0.24387648479570606, -0.17339992728719517, -0.4146512522260819, -0.07188396645164517, 0.01062678765030756, 0.23071398920948397]
[-0.3047458165042417, -0.21680538516280407, -0.5182022297939946, -0.08988278169502763, 0.0132481308992514, 0.28839034088675986]
[-0.3656151482127773, -0.2602108430384129, -0.6217532073619072, -0.10788159693841008, 0.015869474148195235, 0.34606669256403566]
[-0.42648447992131294, -0.3036163009140218, -0.7253041849298199, -0.12588041218179255, 0.018490817397139075, 0.4037430442413115]
[-0.4873538116298485, -0.3470217587896306, -0.8288551624977325, -0.14387922742517498, 0.021112160646082907, 0.4614193959185873]
[-0.5482231433383842, -0.3904272166652395, -0.9324061400656452, -0.16187804266855743, 0.023733503895026747, 0.5190957475958632]
[-0.6090924750469198, -0.4338326745408484, -1.0359571176335578, -0.17987685791193989, 0.026354847143970586, 0.5767720992731391]
[-0.6699618067554554, -0.4772381324164572, -1.1395080952014705, -0.19787567315532234, 0.02897619039291442, 0.6344484509504148]
[-0.730831138463991, -0.5206435902920661, -1.243059072769383, -0.2158744883987048, 0.03159753364185826, 0.6921248026276907]
[-0.6511748027613224, -0.5190466556624507, -1.2633131572547043, -0.13577753761562333, 0.07699904287428347, 0.6209240801512917]
[-0.571518467058654, -0.5174497210328353, -1.2835672417400255, -0.05568058683254187, 0.12240055210670868, 0.5497233576748928]
[-0.4918621313559854, -0.5158527864032199, -1.3038213262253466, 0.02441636395053956, 0.1678020613391339, 0.47852263519849386]
[-0.41220579565331683, -0.5142558517736044, -1.3240754107106678, 0.10451331473362105, 0.2132035705715591, 0.4073219127220949]
[-0.33254945995064833, -0.512658917143989, -1.344329495195989, 0.18461026551670248, 0.2586050798039843, 0.3361211902456959]
[-0.25289312424797983, -0.5110619825143736, -1.3645835796813102, 0.2647072162997839, 0.3040065890364095, 0.264920467769297]
[-0.17323678854531133, -0.5094650478847582, -1.3848376641666313, 0.3448041670828653, 0.3494080982688347, 0.19371974529289798]
[-0.09358045284264271, -0.5078681132551428, -1.4050917486519525, 0.42490111786594686, 0.39480960750125993, 0.12251902281649907]
[-0.013924117139974213, -0.5062711786255274, -1.4253458331372737, 0.5049980686490283, 0.4402111167336851, 0.05131830034009999]
[0.06573221856269429, -0.504674243995912, -1.4455999176225949, 0.5850950194321097, 0.4856126259661103, -0.019882422136298872]
[0.1453885542653628, -0.5030773093662966, -1.4658540021079158, 0.6651919702151912, 0.5310141351985356, -0.09108314461269784]
[0.2250448899680313, -0.5014803747366811, -1.486108086593237, 0.7452889209982726, 0.5764156444309607, -0.1622838670890967]
[0.3047012256706998, -0.4998834401070657, -1.5063621710785582, 0.8253858717813541, 0.621817153663386, -0.23348458956549578]
[0.3843575613733683, -0.4982865054774503, -1.5266162555638794, 0.9054828225644355, 0.6672186628958111, -0.30468531204189475]
[0.4640138970760368, -0.4966895708478349, -1.5468703400492005, 0.9855797733475168, 0.7126201721282363, -0.3758860345182935]
[0.5436702327787055, -0.4950926362182195, -1.5671244245345217, 1.0656767241305987, 0.7580216813606616, -0.4470867569946926]
[0.6233265684813738, -0.493495701588604, -1.587378509019843, 1.14577367491368, 0.8034231905930868, -0.5182874794710917]
[0.7029829041840425, -0.4918987669589886, -1.607632593505164, 1.2258706256967615, 0.848824699825512, -0.5894882019474907]
[0.782639239886711, -0.4903018323293732, -1.6278866779904853, 1.3059675764798429, 0.8942262090579371, -0.6606889244238896]
[0.8622955755893795, -0.4887048976997578, -1.6481407624758064, 1.3860645272629244, 0.9396277182903624, -0.7318896469002885]
[0.941951911292048, -0.48710796307014237, -1.6683948469611276, 1.466161478046006, 0.9850292275227877, -0.8030903693766875]
[1.0216082469947165, -0.48551102844052696, -1.6886489314464488, 1.5462584288290873, 1.0304307367552128, -0.8742910918530863]