[-0.0004198958851837631, 0.000146413866438877, -0.0004169478436013563, -1.700412867222667e-05, 0.00033858478255766045, 2.7837174922495933e-05]
[-0.04688578346013421, -0.026111734648136938, -0.06100241175777115, -0.100317618161685, 0.06520579153861521, 0.0023719518041338114]
[-0.09335167103508465, -0.05236988316271275, -0.12158787567194095, -0.20061823219469777, 0.13007299829467275, 0.004716066433345127]
[-0.13981755861003511, -0.07862803167728857, -0.18217333958611076, -0.30091884622771053, 0.1949402050507303, 0.007060181062556442]
[-0.18628344618498555, -0.10488618019186438, -0.24275880350028053, -0.4012194602607233, 0.25980741180678785, 0.009404295691767758]
[-0.232749333759936, -0.1311443287064402, -0.30334426741445036, -0.501520074293736, 0.32467461856284535, 0.011748410320979072]
[-0.27921522133488647, -0.15740247722101602, -0.36392973132862017, -0.6018206883267488, 0.3895418253189029, 0.014092524950190389]
[-0.32568110890983687, -0.18366062573559183, -0.42451519524278997, -0.7021213023597616, 0.4544090320749605, 0.016436639579401703]
[-0.37214699648478733, -0.20991877425016764, -0.4851006591569597, -0.8024219163927744, 0.519276238831018, 0.01878075420861302]
[-0.4186128840597378, -0.23617692276474347, -0.5456861230711296, -0.9027225304257872, 0.5841434455870756, 0.021124868837824336]
[-0.46507877163468825, -0.26243507127931925, -0.6062715869852994, -1.0030231444587998, 0.649010652343133, 0.02346898346703565]
[-0.5115446592096387, -0.2886932197938951, -0.6668570508994692, -1.1033237584918127, 0.7138778590991907, 0.02581309809624697]
[-0.5580105467845892, -0.3149513683084709, -0.727442514813639, -1.2036243725248255, 0.7787450658552482, 0.02815721272545828]
[-0.6044764343595396, -0.34120951682304673, -0.7880279787278088, -1.3039249865578384, 0.8436122726113058, 0.030501327354669597]
[-0.65094232193449, -0.36746766533762254, -0.8486134426419786, -1.4042256005908509, 0.9084794793673633, 0.03284544198388091]
[-0.6974082095094405, -0.3937258138521984, -0.9091989065561484, -1.5045262146238638, 0.9733466861234209, 0.03518955661309223]
[-0.7438740970843909, -0.41998396236677416, -0.9697843704703181, -1.6048268286568765, 1.0382138928794784, 0.03753367124230354]
[-0.7903399846593413, -0.44624211088134996, -1.0303698343844878, -1.7051274426898893, 1.1030810996355358, 0.03987778587151485]
[-0.8368058722342918, -0.4725002593959258, -1.090955298298658, -1.8054280567229022, 1.1679483063915936, 0.042221900500726176]
[-0.8832717598092422, -0.49875840791050163, -1.1515407622128275, -1.905728670755915, 1.232815513147651, 0.04456601512993749]
[-0.9297376473841927, -0.5250165564250774, -1.2121262261269974, -2.0060292847889274, 1.2976827199037084, 0.0469101297591488]
[-0.9762035349591431, -0.5512747049396532, -1.272711690041167, -2.10632989882194, 1.362549926659766, 0.04925424438836012]
[-1.0226694225340935, -0.5775328534542291, -1.333297153955337, -2.2066305128549533, 1.4274171334158237, 0.05159835901757144]
[-1.069135310109044, -0.6037910019688049, -1.3938826178695067, -2.306931126887966, 1.4922843401718813, 0.05394247364678275]
[-1.1156011976839946, -0.6300491504833807, -1.4544680817836766, -2.4072317409209787, 1.5571515469279387, 0.056286588275994066]
[-1.162067085258945, -0.6563072989979565, -1.5150535456978462, -2.5075323549539914, 1.622018753683996, 0.058630702905205376]
[-1.2085329728338954, -0.6825654475125323, -1.5756390096120163, -2.6078329689870046, 1.686885960440054, 0.0609748175344167]
[-1.2549988604088458, -0.7088235960271082, -1.636224473526186, -2.7081335830200173, 1.7517531671961113, 0.06331893216362801]
[-1.3014647479837962, -0.735081744541684, -1.6968099374403558, -2.8084341970530295, 1.816620373952169, 0.06566304679283932]
[-1.3479306355587466, -0.7613398930562597, -1.7573954013545254, -2.9087348110860423, 1.8814875807082263, 0.06800716142205064]
[-1.3943965231336972, -0.7875980415708357, -1.8179808652686955, -3.0090354251190554, 1.9463547874642841, 0.07035127605126196]
[-1.4408624107086476, -0.8138561900854114, -1.8785663291828651, -3.109336039152068, 2.0112219942203415, 0.07269539068047327]