[-0.0003553241534905993, 0.0001989870064180721, -0.00030836233775666244, -4.19781750355952e-05, 0.0001710661465068597, 9.9533647457406e-06]
[-0.05123296671514748, -0.035640733089591585, -0.05266002692786583, -0.10370730986430983, 0.05653595244996869, -0.008239078256065048]
[-0.10211060927680436, -0.07148045318560124, -0.105011691517975, -0.20737264155358406, 0.11290083875343052, -0.016488109876875837]
[-0.15298825183846126, -0.1073201732816109, -0.15736335610808416, -0.3110379732428583, 0.16926572505689236, -0.02473714149768663]
[-0.20386589440011813, -0.14315989337762056, -0.20971502069819334, -0.41470330493213253, 0.22563061136035417, -0.032986173118497414]
[-0.254743536961775, -0.1789996134736302, -0.26206668528830246, -0.5183686366214068, 0.281995497663816, -0.0412352047393082]
[-0.30562117952343193, -0.21483933356963988, -0.31441834987841166, -0.622033968310681, 0.33836038396727786, -0.049484236360119]
[-0.3564988220850888, -0.2506790536656495, -0.3667700144685208, -0.7256992999999553, 0.39472527027073967, -0.05773326798092979]
[-0.40737646464674565, -0.2865187737616592, -0.41912167905863, -0.8293646316892295, 0.4510901565742015, -0.06598229960174057]
[-0.45825410720840254, -0.32235849385766885, -0.47147334364873916, -0.9330299633785037, 0.5074550428776633, -0.07423133122255136]
[-0.5091317497700594, -0.35819821395367846, -0.5238250082388483, -1.036695295067778, 0.5638199291811251, -0.08248036284336215]
[-0.5600093923317163, -0.3940379340496881, -0.5761766728289575, -1.140360626757052, 0.6201848154845869, -0.09072939446417293]
[-0.6108870348933733, -0.42987765414569784, -0.6285283374190667, -1.2440259584463265, 0.6765497017880489, -0.09897842608498374]
[-0.6617646774550301, -0.4657173742417075, -0.6808800020091759, -1.3476912901356009, 0.7329145880915107, -0.10722745770579452]
[-0.712642320016687, -0.5015570943377171, -0.733231666599285, -1.451356621824875, 0.7892794743949725, -0.11547648932660531]
[-0.7635199625783439, -0.5373968144337268, -0.7855833311893942, -1.5550219535141492, 0.8456443606984343, -0.1237255209474161]
[-0.8143976051400007, -0.5732365345297364, -0.8379349957795034, -1.6586872852034233, 0.9020092470018961, -0.13197455256822688]
[-0.8652752477016576, -0.6090762546257461, -0.8902866603696125, -1.7623526168926975, 0.9583741333053579, -0.14022358418903766]
[-0.9161528902633145, -0.6449159747217558, -0.9426383249597217, -1.866017948581972, 1.0147390196088197, -0.14847261580984847]
[-0.9670305328249713, -0.6807556948177653, -0.9949899895498308, -1.969683280271246, 1.0711039059122816, -0.15672164743065925]
[-1.0179081753866281, -0.716595414913775, -1.0473416541399398, -2.0733486119605202, 1.1274687922157434, -0.16497067905147003]
[-1.0687858179482852, -0.7524351350097847, -1.099693318730049, -2.1770139436497944, 1.1838336785192052, -0.1732197106722808]
[-1.119663460509942, -0.7882748551057943, -1.1520449833201583, -2.2806792753390686, 1.240198564822667, -0.1814687422930916]
[-1.170541103071599, -0.8241145752018041, -1.2043966479102677, -2.384344607028343, 1.296563451126129, -0.18971777391390243]
[-1.221418745633256, -0.8599542952978138, -1.2567483125003767, -2.4880099387176173, 1.3529283374295908, -0.1979668055347132]
[-1.2722963881949128, -0.8957940153938234, -1.3090999770904859, -2.5916752704068915, 1.4092932237330527, -0.206215837155524]
[-1.3231740307565696, -0.9316337354898331, -1.361451641680595, -2.695340602096166, 1.4656581100365145, -0.21446486877633478]
[-1.3740516733182264, -0.9674734555858426, -1.4138033062707043, -2.7990059337854403, 1.5220229963399763, -0.22271390039714556]
[-1.4249293158798835, -1.0033131756818523, -1.4661549708608133, -2.9026712654747144, 1.578387882643438, -0.23096293201795637]
[-1.4758069584415403, -1.039152895777862, -1.5185066354509225, -3.0063365971639886, 1.6347527689469, -0.23921196363876715]
[-1.5266846010031971, -1.0749926158738716, -1.5708583000410317, -3.1100019288532628, 1.6911176552503617, -0.24746099525957793]