[-0.0004147327577284088, 0.00017601943696909927, -0.0003652707066956751, 9.5715751987413e-05, 0.00030743912432473763, -2.4090459532999375e-05]
[0.09373584393417013, -0.06696985616361666, -0.02578764980352896, -0.02859673710378424, 0.07589412872130584, -0.005830298954933144]
[0.18788642062606867, -0.1341157317642024, -0.05121002890036225, -0.05728918995955589, 0.15148081831828694, -0.011636507450333289]
[0.2820369973179672, -0.20126160736478818, -0.07663240799719553, -0.08598164281532754, 0.22706750791526806, -0.017442715945733434]
[0.37618757400986574, -0.2684074829653739, -0.10205478709402882, -0.1146740956710992, 0.30265419751224915, -0.023248924441133578]
[0.47033815070176427, -0.3355533585659597, -0.1274771661908621, -0.14336654852687086, 0.37824088710923026, -0.029055132936533723]
[0.5644887273936628, -0.40269923416654546, -0.1528995452876954, -0.1720590013826425, 0.4538275767062114, -0.03486134143193387]
[0.6586393040855613, -0.4698451097671312, -0.17832192438452865, -0.20075145423841415, 0.5294142663031924, -0.04066754992733401]
[0.7527898807774599, -0.5369909853677169, -0.20374430348136197, -0.2294439070941858, 0.6050009559001736, -0.04647375842273416]
[0.8469404574693584, -0.6041368609683027, -0.22916668257819522, -0.25813635994995743, 0.6805876454971546, -0.0522799669181343]
[0.941091034161257, -0.6712827365688885, -0.25458906167502854, -0.28682881280572914, 0.7561743350941358, -0.05808617541353445]
[1.0352416108531555, -0.7384286121694742, -0.2800114407718618, -0.31552126566150074, 0.8317610246911168, -0.06389238390893459]
[1.129392187545054, -0.80557448777006, -0.3054338198686951, -0.3442137185172724, 0.907347714288098, -0.06969859240433474]
[1.2235427642369525, -0.8727203633706457, -0.33085619896552837, -0.37290617137304405, 0.982934403885079, -0.07550480089973488]
[1.3105723683599915, -0.9183609994956472, -0.3658827261334516, -0.3517196956941697, 1.0410697226303736, -0.0976131205299546]
[1.3976019724830304, -0.9640016356206486, -0.4009092533013748, -0.33053322001529534, 1.099205041375668, -0.11972144016017434]
[1.4846315766060691, -1.00964227174565, -0.43593578046929793, -0.309346744336421, 1.1573403601209624, -0.14182975979039408]
[1.571661180729108, -1.0552829078706514, -0.47096230763722113, -0.2881602686575466, 1.215475678866257, -0.1639380794206138]
[1.658690784852147, -1.1009235439956528, -0.5059888348051443, -0.2669737929786723, 1.2736109976115515, -0.18604639905083353]
[1.7313909656437347, -1.1198644918279148, -0.5487106797387031, -0.19355605488749714, 1.3084695417120111, -0.22406687358133473]
[1.8040911464353224, -1.138805439660177, -0.5914325246722619, -0.12013831679632198, 1.3433280858124708, -0.2620873481118359]
[1.87679132722691, -1.157746387492439, -0.6341543696058207, -0.04672057870514679, 1.3781866299129302, -0.30010782264233715]
[1.9494915080184976, -1.176687335324701, -0.6768762145393796, 0.026697159386028346, 1.4130451740133898, -0.3381282971728383]
[2.0221916888100853, -1.1956282831569631, -0.7195980594729384, 0.10011489747720359, 1.4479037181138494, -0.3761487717033395]
[2.094891869601673, -1.214569230989225, -0.7623199044064972, 0.17353263556837875, 1.482762262214309, -0.4141692462338407]
[2.1175503167001715, -1.1521208448718243, -0.872392645799218, 0.18769875329570568, 1.405066614136187, -0.3959388359192668]
[2.1402087637986695, -1.0896724587544238, -0.9824653871919388, 0.2018648710230326, 1.3273709660580648, -0.377708425604693]
[2.162867210897168, -1.027224072637023, -1.0925381285846596, 0.21603098875035953, 1.2496753179799427, -0.35947801529011914]
[2.1855256579956666, -0.9647756865196224, -1.2026108699773803, 0.2301971064776865, 1.1719796699018206, -0.34124760497554524]
[2.2081841050941646, -0.9023273004022216, -1.3126836113701013, 0.2443632242050134, 1.0942840218236984, -0.32301719466097134]
[2.230842552192663, -0.839878914284821, -1.422756352762822, 0.25852934193234034, 1.0165883737455763, -0.3047867843463975]
[2.1951369672701873, -0.7977150036872256, -1.453346043029458, 0.19684408777372273, 0.952756419380556, -0.2613207965042293]
[2.159431382347711, -0.7555510930896301, -1.483935733296094, 0.1351588336151051, 0.8889244650155356, -0.21785480866206108]
[2.123725797425235, -0.7133871824920347, -1.5145254235627301, 0.07347357945648753, 0.8250925106505151, -0.17438882081989285]
[2.088020212502759, -0.6712232718944393, -1.5451151138293662, 0.011788325297869912, 0.7612605562854948, -0.13092283297772464]
[2.0523146275802833, -0.6290593612968438, -1.5757048040960022, -0.0498969288607477, 0.6974286019204744, -0.0874568451355564]
[2.016609042657807, -0.5868954506992485, -1.6062944943626383, -0.11158218301936529, 0.6335966475554541, -0.0439908572933882]
[1.980903457735331, -0.544731540101653, -1.6368841846292743, -0.17326743717798293, 0.5697646931904337, -0.0005248694512199753]
[1.9541647053037465, -0.51315815596927, -1.6597901464640943, -0.21946140596591232, 0.5219551044984534, 0.032030402904914344]
[1.9274259528721618, -0.48158477183688675, -1.6826961082989143, -0.2656553747538417, 0.47414551580647313, 0.06458567526104866]