[-0.0002688647757009832, 0.00014028906014385, -0.00046015214195893606, -2.3871816578591165e-05, 0.00021678715165318607, 4.934707343018374e-05]
[0.026668171381257256, -0.001189756151720148, -0.10652025291882766, -0.060170179319501395, 0.0035084316608647564, -0.09725108263264141]
[0.053605207538215495, -0.002519801363584146, -0.2125803536956964, -0.1203164868224242, 0.006800076170076327, -0.194551512338713]
[0.08054224369517372, -0.0038498465754481436, -0.31864045447256506, -0.18046279432534698, 0.010091720679287895, -0.2918519420447846]
[0.10747927985213197, -0.005179891787312142, -0.42470055524943384, -0.2406091018282698, 0.013383365188499467, -0.3891523717508562]
[0.1344163160090902, -0.00650993699917614, -0.5307606560263025, -0.3007554093311926, 0.016675009697711036, -0.48645280145692776]
[0.16135335216604843, -0.007839982211040137, -0.6368207568031712, -0.36090171683411537, 0.019966654206922604, -0.5837532311629994]
[0.18829038832300668, -0.009170027422904136, -0.7428808575800399, -0.4210480243370382, 0.023258298716134173, -0.6810536608690709]
[0.21522742447996493, -0.010500072634768135, -0.8489409583569087, -0.481194331839961, 0.02654994322534575, -0.7783540905751426]
[0.24216446063692318, -0.011830117846632134, -0.9550010591337774, -0.5413406393428838, 0.029841587734557317, -0.8756545202812142]
[0.2691014967938814, -0.01316016305849613, -1.061061159910646, -0.6014869468458066, 0.033133232243768886, -0.9729549499872857]
[0.29603853295083965, -0.01449020827036013, -1.167121260687515, -0.6616332543487294, 0.03642487675298046, -1.0702553796933574]
[0.32297556910779784, -0.015820253482224125, -1.2731813614643834, -0.7217795618516522, 0.03971652126219202, -1.167555809399429]
[0.34991260526475615, -0.017150298694088125, -1.3792414622412523, -0.7819258693545751, 0.043008165771403595, -1.2648562391055005]
[0.37684964142171434, -0.018480343905952122, -1.4853015630181208, -0.8420721768574978, 0.04629981028061516, -1.362156668811572]
[0.4037866775786726, -0.019810389117816123, -1.5913616637949897, -0.9022184843604206, 0.04959145478982674, -1.4594570985176436]
[0.43072371373563084, -0.02114043432968012, -1.6974217645718586, -0.9623647918633434, 0.05288309929903831, -1.5567575282237154]
[0.45766074989258904, -0.022470479541544117, -1.803481865348727, -1.0225110993662663, 0.056174743808249876, -1.6540579579297867]
[0.48459778604954734, -0.023800524753408117, -1.909541966125596, -1.082657406869189, 0.05946638831746145, -1.7513583876358585]
[0.5115348222065055, -0.02513056996527211, -2.0156020669024644, -1.1428037143721117, 0.06275803282667301, -1.8486588173419298]
[0.5384718583634638, -0.02646061517713611, -2.1216621676793332, -1.2029500218750346, 0.06604967733588459, -1.9459592470480016]
[0.5963624362498011, -0.009255757801294326, -2.1730654135244127, -1.298512126960073, 0.0379329484051448, -2.0026659411386554]
[0.6542530141361385, 0.00794909957454746, -2.224468659369492, -1.3940742320451114, 0.009816219474405016, -2.0593726352293094]
[0.7121435920224757, 0.025153956950389245, -2.2758719052145713, -1.4896363371301498, -0.018300509456334768, -2.1160793293199633]
[0.7700341699088131, 0.04235881432623103, -2.3272751510596503, -1.5851984422151881, -0.04641723838707455, -2.172786023410617]
[0.8279247477951504, 0.05956367170207282, -2.37867839690473, -1.6807605473002267, -0.07453396731781435, -2.229492717501271]
[0.8858153256814877, 0.0767685290779146, -2.430081642749809, -1.7763226523852649, -0.10265069624855412, -2.286199411591925]
[0.943705903567825, 0.09397338645375639, -2.4814848885948884, -1.8718847574703035, -0.1307674251792939, -2.3429061056825784]
[1.0015964814541625, 0.11117824382959818, -2.5328881344399674, -1.9674468625553416, -0.1588841541100337, -2.3996127997732324]
[1.0594870593404997, 0.12838310120543997, -2.584291380285047, -2.06300896764038, -0.1870008830407735, -2.4563194938638864]
[1.117377637226837, 0.14558795858128176, -2.6356946261301264, -2.158571072725419, -0.2151176119715133, -2.51302618795454]
[1.1752682151131744, 0.16279281595712355, -2.6870978719752054, -2.2541331778104574, -0.2432343409022531, -2.569732882045194]
[1.2331587929995116, 0.17999767333296532, -2.7385011178202845, -2.349695282895495, -0.27135106983299284, -2.626439576135848]
[1.2910493708858488, 0.1972025307088071, -2.789904363665364, -2.4452573879805337, -0.29946779876373264, -2.6831462702265014]
[1.3489399487721863, 0.2144073880846489, -2.8413076095104435, -2.5408194930655723, -0.32758452769447244, -2.7398529643171554]
[1.4068305266585237, 0.2316122454604907, -2.8927108553555225, -2.636381598150611, -0.35570125662521224, -2.7965596584078094]
[1.464721104544861, 0.24881710283633246, -2.944114101200602, -2.7319437032356486, -0.383817985555952, -2.853266352498463]
[1.5226116824311982, 0.2660219602121742, -2.9955173470456815, -2.827505808320687, -0.4119347144866918, -2.909973046589117]
[1.5805022603175356, 0.28322681758801604, -3.0469205928907606, -2.923067913405726, -0.4400514434174316, -2.966679740679771]
[1.639598385754617, 0.303194182870952, -3.078234421856016, -3.016580863626975, -0.4729718325359713, -3.0062992919436846]
[1.6986945111916982, 0.323161548153888, -3.1095482508212715, -3.1100938138482244, -0.505892221654511, -3.0459188432075983]