[-0.0003330180009779582, 0.0001836359272120447, -0.000463355520063935, -3.322991235510386e-05, 0.0003371405408172379, 5.6557605107698805e-05]
[0.02192452661639594, -0.017659477938398505, -0.10066422517729705, -0.05282855138396866, 0.025637474679600845, 0.08053227354523157]
[0.04418207123376984, -0.035502591804009054, -0.20086509483453016, -0.10562387285558221, 0.05093780881838445, 0.16100798948535544]
[0.06643961585114373, -0.0533457056696196, -0.30106596449176326, -0.15841919432719576, 0.07623814295716806, 0.2414837054254793]
[0.08869716046851764, -0.07118881953523015, -0.4012668341489964, -0.21121451579880932, 0.10153847709595167, 0.3219594213656032]
[0.11095470508589154, -0.0890319334008407, -0.5014677038062295, -0.2640098372704229, 0.12683881123473528, 0.4024351373057271]
[0.13321224970326542, -0.10687504726645125, -0.6016685734634626, -0.3168051587420364, 0.15213914537351889, 0.4829108532458509]
[0.15546979432063934, -0.1247181611320618, -0.7018694431206958, -0.36960048021365, 0.1774394795123025, 0.5633865691859749]
[0.17772733893801324, -0.14256127499767235, -0.8020703127779288, -0.42239580168526353, 0.2027398136510861, 0.6438622851260987]
[0.19998488355538716, -0.1604043888632829, -0.902271182435162, -0.4751911231568771, 0.22804014778986972, 0.7243380010662227]
[0.22224242817276105, -0.17824750272889345, -1.002472052092395, -0.5279864446284906, 0.2533404819286533, 0.8048137170063465]
[0.24449997279013494, -0.196090616594504, -1.1026729217496283, -0.5807817661001042, 0.2786408160674369, 0.8852894329464703]
[0.2667575174075088, -0.21393373046011455, -1.2028737914068612, -0.6335770875717177, 0.30394115020622053, 0.9657651488865941]
[0.28901506202488275, -0.2317768443257251, -1.3030746610640944, -0.6863724090433313, 0.32924148434500417, 1.046240864826718]
[0.31127260664225664, -0.24961995819133564, -1.4032755307213276, -0.7391677305149449, 0.35454181848378774, 1.126716580766842]
[0.41009521100056606, -0.2355080597625075, -1.4930269062416375, -0.7118664845816944, 0.37141836317031607, 1.071672032227402]
[0.5089178153588755, -0.22139616133367934, -1.5827782817619473, -0.6845652386484441, 0.3882949078568444, 1.016627483687962]
[0.607740419717185, -0.2072842629048512, -1.672529657282257, -0.6572639927151936, 0.4051714525433727, 0.961582935148522]
[0.7065630240754943, -0.19317236447602304, -1.7622810328025669, -0.6299627467819433, 0.422047997229901, 0.906538386609082]
[0.8053856284338038, -0.1790604660471949, -1.8520324083228767, -0.6026615008486929, 0.4389245419164293, 0.851493838069642]
[0.9042082327921132, -0.16494856761836674, -1.9417837838431866, -0.5753602549154425, 0.45580108660295765, 0.796449289530202]
[1.0030308371504226, -0.15083666918953859, -2.0315351593634965, -0.5480590089821921, 0.472677631289486, 0.741404740990762]
[1.0837995555855158, -0.1301943901427537, -2.070240620067153, -0.500208993632338, 0.4771579056492677, 0.6561757250440651]
[1.1645682740206091, -0.10955211109596877, -2.108946080770809, -0.4523589782824838, 0.48163818000904945, 0.5709467090973681]
[1.2453369924557023, -0.08890983204918387, -2.147651541474466, -0.4045089629326296, 0.48611845436883117, 0.4857176931506711]
[1.3261057108907957, -0.06826755300239896, -2.1863570021781222, -0.3566589475827755, 0.4905987287286129, 0.40048867720397413]
[1.4068744293258888, -0.047625273955614056, -2.2250624628817786, -0.3088089322329214, 0.49507900308839464, 0.31525966125727717]
[1.487643147760982, -0.02698299490882916, -2.2637679235854353, -0.2609589168830672, 0.49955927744817635, 0.23003064531058015]
[1.568411866196075, -0.006340715862044238, -2.3024733842890917, -0.21310890153321305, 0.5040395518079581, 0.1448016293638832]
[1.6491805846311685, 0.01430156318474066, -2.341178844992748, -0.1652588861833589, 0.5085198261677398, 0.05957261341718625]