[-0.0002964538584286913, 6.858556450151099e-05, -0.00044945782281846647, -1.759713292592835e-05, 0.000335135665134878, -2.945596461145783e-05]
[-0.003420868712989672, -0.029589576057958672, -0.16411506230704825, -0.04373834554877674, -0.031235627383522438, 0.02053355969560425]
[-0.006545283567550653, -0.059247737680418855, -0.32778066679127804, -0.08745909396462755, -0.06280639043217975, 0.04109657535581996]
[-0.009669698422111635, -0.08890589930287904, -0.4914462712755079, -0.13117984238047836, -0.09437715348083707, 0.06165959101603567]
[-0.012794113276672615, -0.11856406092533922, -0.6551118757597376, -0.17490059079632916, -0.12594791652949439, 0.08222260667625138]
[-0.015918528131233598, -0.1482222225477994, -0.8187774802439676, -0.21862133921218, -0.15751867957815172, 0.1027856223364671]
[-0.019042942985794578, -0.1778803841702596, -0.9824430847281973, -0.2623420876280308, -0.18908944262680902, 0.1233486379966828]
[-0.02216735784035556, -0.20753854579271977, -1.1461086892124273, -0.3060628360438816, -0.22066020567546635, 0.1439116536568985]
[-0.025291772694916538, -0.23719670741517995, -1.3097742936966568, -0.3497835844597324, -0.25223096872412365, 0.1644746693171142]
[-0.02841618754947752, -0.2668548690376401, -1.4734398981808867, -0.39350433287558323, -0.28380173177278095, 0.18503768497732992]
[-0.031540602404038505, -0.2965130306601003, -1.6371055026651167, -0.43722508129143406, -0.3153724948214383, 0.20560070063754565]
[-0.03466501725859948, -0.3261711922825605, -1.8007711071493462, -0.48094582970728483, -0.34694325787009556, 0.22616371629776136]
[-0.037789432113160465, -0.3558293539050207, -1.9644367116335761, -0.5246665781231357, -0.3785140209187529, 0.24672673195797706]
[0.11975804024027203, -0.371858553427756, -1.9343652141572818, -0.5402243503087576, -0.333102213170249, 0.27956767694196566]
[0.2773055125937045, -0.38788775295049127, -1.9042937166809877, -0.5557821224943795, -0.28769040542174507, 0.3124086219259543]
[0.4348529849471371, -0.40391695247322656, -1.8742222192046933, -0.5713398946800015, -0.24227859767324117, 0.3452495669099429]
[0.5924004573005696, -0.41994615199596186, -1.8441507217283992, -0.5868976668656234, -0.19686678992473727, 0.3780905118939315]
[0.7499479296540021, -0.43597535151869715, -1.8140792242521049, -0.6024554390512453, -0.15145498217623332, 0.4109314568779201]
[0.9074954020074346, -0.45200455104143245, -1.7840077267758105, -0.6180132112368673, -0.10604317442772943, 0.4437724018619087]
[1.065042874360867, -0.46803375056416774, -1.7539362292995164, -0.6335709834224893, -0.060631366679225474, 0.47661334684589735]
[1.2225903467142996, -0.48406295008690303, -1.723864731823222, -0.6491287556081112, -0.015219558930721633, 0.5094542918298859]
[1.3801378190677323, -0.5000921496096383, -1.693793234346928, -0.6646865277937332, 0.03019224881778232, 0.5422952368138745]
[1.5376852914211647, -0.5161213491323736, -1.6637217368706336, -0.6802442999793551, 0.07560405656628627, 0.5751361817978632]
[1.6952327637745972, -0.5321505486551089, -1.6336502393943395, -0.695802072164977, 0.12101586431479011, 0.6079771267818517]
[1.8527802361280297, -0.5481797481778442, -1.6035787419180452, -0.711359844350599, 0.16642767206329412, 0.6408180717658404]