[-0.00042161093903470004, 0.00020524007079281148, -0.00043839238590415164, 4.740400321701088e-05, 0.000151546538600833, 0.0001086830663297178]
[0.04409282714785095, -0.08370116778159212, -0.07206053104592611, -0.005496512840054005, 0.000637809486437217, -0.09672838550505254]
[0.0886072652347366, -0.16760757563397705, -0.14368266970594806, -0.01104042968332502, 0.001124072434273601, -0.1935654540764348]
[0.13312170332162224, -0.251513983486362, -0.21530480836597005, -0.016584346526596034, 0.0016103353821099852, -0.2904025226478171]
[0.1776361414085079, -0.3354203913387469, -0.286926947025992, -0.022128263369867052, 0.002096598329946369, -0.3872395912191993]
[0.22215057949539352, -0.41932679919113186, -0.35854908568601396, -0.027672180213138067, 0.002582861277782753, -0.4840766597905816]
[0.2666650175822792, -0.5032332070435168, -0.43017122434603594, -0.03321609705640908, 0.0030691242256191374, -0.5809137283619639]
[0.3111794556691648, -0.5871396148959016, -0.5017933630060578, -0.0387600138996801, 0.003555387173455521, -0.6777507969333461]
[0.3556938937560505, -0.6710460227482866, -0.5734155016660798, -0.044303930742951116, 0.004041650121291905, -0.7745878655047284]
[0.4002083318429361, -0.7549524306006715, -0.6450376403261018, -0.04984784758622213, 0.004527913069128289, -0.8714249340761105]
[0.44472276992982174, -0.8388588384530565, -0.7166597789861238, -0.055391764429493145, 0.005014176016964673, -0.968262002647493]
[0.48923720801670734, -0.9227652463054413, -0.7882819176461456, -0.06093568127276416, 0.0055004389648010575, -1.065099071218875]
[0.533751646103593, -1.0066716541578264, -0.8599040563061677, -0.06647959811603517, 0.005986701912637442, -1.1619361397902574]
[0.5782660841904786, -1.0905780620102112, -0.9315261949661896, -0.07202351495930619, 0.006472964860473825, -1.2587732083616396]
[0.6535006833867536, -1.0422033578596404, -0.9872317082669777, -0.0045137796045287976, -0.03354811218524888, -1.2795940417170877]
[0.7287352825830284, -0.9938286537090693, -1.0429372215677657, 0.06299595575024859, -0.07356918923097157, -1.3004148750725355]
[0.8039698817793033, -0.9454539495584984, -1.098642734868554, 0.13050569110502597, -0.11359026627669427, -1.3212357084279835]
[0.8792044809755782, -0.8970792454079274, -1.1543482481693421, 0.19801542645980336, -0.15361134332241697, -1.3420565417834316]
[0.9544390801718532, -0.8487045412573564, -1.21005376147013, 0.26552516181458075, -0.19363242036813966, -1.3628773751388794]
[1.029673679368128, -0.8003298371067854, -1.265759274770918, 0.33303489716935814, -0.23365349741386238, -1.3836982084943275]
[1.104908278564403, -0.7519551329562144, -1.3214647880717063, 0.4005446325241356, -0.27367457445958504, -1.4045190418497755]
[1.180142877760678, -0.7035804288056435, -1.3771703013724945, 0.4680543678789129, -0.31369565150530776, -1.4253398752052233]
[1.2553774769569528, -0.6552057246550724, -1.4328758146732825, 0.5355641032336904, -0.3537167285510305, -1.4461607085606714]
[1.3306120761532276, -0.6068310205045016, -1.4885813279740705, 0.6030738385884677, -0.39373780559675314, -1.4669815419161194]
[1.4058466753495027, -0.5584563163539304, -1.5442868412748587, 0.6705835739432453, -0.4337588826424759, -1.4878023752715672]
[1.4810812745457773, -0.5100816122033596, -1.599992354575647, 0.7380933092980225, -0.4737799596881986, -1.5086232086270153]
[1.5563158737420526, -0.4617069080527886, -1.6556978678764351, 0.8056030446528001, -0.5138010367339213, -1.5294440419824633]
[1.6315504729383274, -0.4133322039022176, -1.711403381177223, 0.8731127800075774, -0.553822113779644, -1.5502648753379111]
[1.7067850721346023, -0.3649574997516466, -1.7671088944780111, 0.9406225153623547, -0.5938431908253667, -1.5710857086933592]
[1.7820196713308771, -0.3165827956010757, -1.8228144077787993, 1.008132250717132, -0.6338642678710894, -1.591906542048807]
[1.857254270527152, -0.2682080914505046, -1.8785199210795875, 1.0756419860719095, -0.6738853449168122, -1.612727375404255]
[1.9324888697234268, -0.21983338729993374, -1.9342254343803753, 1.1431517214266869, -0.7139064219625348, -1.633548208759703]
[2.0077234689197017, -0.17145868314936275, -1.9899309476811635, 1.2106614567814642, -0.7539274990082575, -1.6543690421151511]
[2.0829580681159765, -0.12308397899879175, -2.0456364609819517, 1.2781711921362415, -0.7939485760539802, -1.675189875470599]
[2.158192667312252, -0.07470927484822078, -2.10134197428274, 1.345680927491019, -0.833969653099703, -1.696010708826047]