[-0.00040291524131674805, 0.0002498533963466443, -0.00028493872684354216, 1.7036091314537316e-05, 0.00033811584097165337, 0.000153759815525234]
[0.0427502811596406, 0.004702628549738272, -0.15596483459315824, -0.035494371624802706, 0.05476107480742666, -0.015003950757071439]
[0.08590347756059795, 0.0091554037031299, -0.31164473045947294, -0.07100577934091995, 0.10918403377388167, -0.03016166132966811]
[0.1290566739615553, 0.013608178856521528, -0.46732462632578764, -0.1065171870570372, 0.16360699274033666, -0.04531937190226478]
[0.17220987036251265, 0.018060954009913154, -0.6230045221921023, -0.14202859477315444, 0.21802995170679168, -0.06047708247486146]
[0.21536306676347, 0.022513729163304783, -0.7786844180584171, -0.17754000248927168, 0.27245291067324673, -0.07563479304745814]
[0.25851626316442733, 0.02696650431669641, -0.9343643139247317, -0.21305141020538892, 0.32687586963970167, -0.0907925036200548]
[0.3016694595653847, 0.03141927947008804, -1.0900442097910465, -0.24856281792150617, 0.3812988286061567, -0.10595021419265148]
[0.34482265596634204, 0.035872054623479664, -1.2457241056573611, -0.2840742256376234, 0.4357217875726117, -0.12110792476524815]
[0.3879758523672994, 0.040324829776871296, -1.4014040015236762, -0.3195856333537407, 0.49014474653906676, -0.13626563533784483]
[0.43112904876825675, 0.04477760493026292, -1.5570838973899908, -0.3550970410698579, 0.5445677055055218, -0.15142334591044151]
[0.47428224516921413, 0.04923038008365455, -1.7127637932563053, -0.3906084487859751, 0.5989906644719767, -0.16658105648303817]
[0.5174354415701714, 0.05368315523704618, -1.86844368912262, -0.4261198565020924, 0.6534136234384317, -0.18173876705563483]
[0.5605886379711288, 0.05813593039043781, -2.024123584988935, -0.46163126421820966, 0.7078365824048868, -0.19689647762823154]
[0.6037418343720862, 0.06258870554382943, -2.1798034808552496, -0.4971426719343269, 0.7622595413713418, -0.2120541882008282]
[0.7006544583463755, 0.04737865740547824, -2.1839574398234483, -0.5660990597926735, 0.7897375189553537, -0.11927015277268338]
[0.7975670823206649, 0.032168609267127043, -2.188111398791647, -0.6350554476510202, 0.8172154965393656, -0.026486117344538568]
[0.8944797062949541, 0.016958561128775855, -2.192265357759846, -0.7040118355093669, 0.8446934741233775, 0.06629791808360622]
[0.9913923302692434, 0.0017485129904246596, -2.196419316728045, -0.7729682233677135, 0.8721714517073894, 0.15908195351175106]
[1.0883049542435328, -0.013461535147926529, -2.2005732756962435, -0.8419246112260601, 0.8996494292914013, 0.25186598893989587]
[1.185217578217822, -0.028671583286277724, -2.2047272346644426, -0.9108809990844068, 0.9271274068754132, 0.3446500243680406]
[1.2821302021921115, -0.04388163142462892, -2.2088811936326413, -0.9798373869427535, 0.9546053844594251, 0.43743405979618544]
[1.3790428261664007, -0.059091679562980115, -2.21303515260084, -1.0487937748011, 0.982083362043437, 0.5302180952243303]
[1.4472494852431486, -0.05363017712838787, -2.2188848877102116, -1.125642138433669, 1.0082607488928201, 0.6244001732423182]
[1.5154561443198962, -0.04816867469379563, -2.2247346228195832, -1.202490502066238, 1.034438135742203, 0.7185822512603062]
[1.5836628033966438, -0.04270717225920338, -2.230584357928955, -1.2793388656988072, 1.060615522591586, 0.812764329278294]
[1.6518694624733916, -0.03724566982461114, -2.2364340930383264, -1.3561872293313761, 1.0867929094409692, 0.906946407296282]
[1.7200761215501394, -0.031784167390018894, -2.2422838281476984, -1.4330355929639451, 1.112970296290352, 1.00112848531427]
[1.788282780626887, -0.02632266495542665, -2.24813356325707, -1.5098839565965143, 1.1391476831397351, 1.0953105633322577]
[1.8564894397036347, -0.020861162520834406, -2.2539832983664416, -1.5867323202290833, 1.165325069989118, 1.1894926413502458]
[1.9246960987803825, -0.015399660086242162, -2.259833033475813, -1.6635806838616523, 1.191502456838501, 1.2836747193682336]