[-0.0003299474810907199, 0.00022226846678030654, -0.00045461214086106594, 2.2957907783727194e-05, 0.00021882138948026153, 6.448755378229976e-05]
[0.03417966088909236, -0.04298341545830357, -0.10579117262774294, 0.07263108469237137, 0.02315360763046418, -0.02196083258938866]
[0.06868926925927545, -0.08618909938338745, -0.21112773311462482, 0.145239211476959, 0.0460883938714481, -0.04398615273255962]
[0.10319887762945852, -0.12939478330847132, -0.31646429360150663, 0.21784733826154665, 0.06902318011243201, -0.06601147287573057]
[0.1377084859996416, -0.1726004672335552, -0.4218008540883886, 0.2904554650461343, 0.09195796635341594, -0.08803679301890154]
[0.1722180943698247, -0.21580615115863908, -0.5271374145752704, 0.36306359183072195, 0.11489275259439985, -0.11006211316207248]
[0.20672770274000776, -0.25901183508372294, -0.6324739750621522, 0.43567171861530957, 0.13782753883538376, -0.13208743330524345]
[0.24123731111019084, -0.30221751900880683, -0.7378105355490342, 0.5082798453998972, 0.1607623250763677, -0.1541127534484144]
[0.27574691948037394, -0.3454232029338907, -0.8431470960359161, 0.5808879721844848, 0.1836971113173516, -0.17613807359158537]
[0.310256527850557, -0.3886288868589746, -0.948483656522798, 0.6534960989690726, 0.20663189755833555, -0.19816339373475633]
[0.3447661362207401, -0.43183457078405846, -1.0538202170096798, 0.7261042257536602, 0.22956668379931944, -0.22018871387792727]
[0.37927574459092317, -0.47504025470914235, -1.1591567774965617, 0.7987123525382478, 0.2525014700403034, -0.24221403402109823]
[0.44306476703147357, -0.4685417343222715, -1.2007259298829052, 0.867687314065484, 0.2250289809404386, -0.333342479914281]
[0.506853789472024, -0.4620432139354006, -1.242295082269249, 0.9366622755927203, 0.19755649184057386, -0.4244709258074637]
[0.5706428119125744, -0.45554469354852967, -1.2838642346555926, 1.0056372371199567, 0.1700840027407091, -0.5155993717006465]
[0.6344318343531248, -0.4490461731616588, -1.3254333870419361, 1.0746121986471928, 0.14261151364084435, -0.6067278175938292]
[0.6982208567936752, -0.4425476527747879, -1.3670025394282797, 1.143587160174429, 0.11513902454097957, -0.697856263487012]
[0.7620098792342256, -0.43604913238791704, -1.4085716918146234, 1.2125621217016653, 0.0876665354411148, -0.7889847093801947]
[0.825798901674776, -0.42955061200104616, -1.4501408442009671, 1.2815370832289017, 0.06019404634125003, -0.8801131552733775]
[0.8895879241153264, -0.4230520916141753, -1.4917099965873106, 1.3505120447561378, 0.032721557241385285, -0.9712416011665602]
[0.9533769465558768, -0.41655357122730435, -1.5332791489736541, 1.419487006283374, 0.005249068141520513, -1.062370047059743]
[1.0171659689964272, -0.4100550508404335, -1.5748483013599979, 1.4884619678106104, -0.02222342095834423, -1.1534984929529257]
[1.0809549914369776, -0.4035565304535626, -1.6164174537463416, 1.5574369293378467, -0.049695910058209, -1.2446269388461086]
[1.144744013877528, -0.3970580100666917, -1.6579866061326851, 1.6264118908650829, -0.07716839915807377, -1.3357553847392913]
[1.2085330363180784, -0.39055948967982085, -1.6995557585190286, 1.695386852392319, -0.10464088825793855, -1.4268838306324743]
[1.2723220587586288, -0.38406096929294997, -1.7411249109053724, 1.7643618139195554, -0.13211337735780332, -1.518012276525657]
[1.3361110811991792, -0.37756244890607904, -1.782694063291716, 1.8333367754467917, -0.1595858664576681, -1.6091407224188399]
[1.3999001036397296, -0.37106392851920816, -1.8242632156780596, 1.902311736974028, -0.1870583555575328, -1.7002691683120223]
[1.46368912608028, -0.3645654081323373, -1.8658323680644033, 1.9712866985012643, -0.21453084465739763, -1.7913976142052053]
[1.5274781485208304, -0.3580668877454664, -1.9074015204507468, 2.0402616600285004, -0.24200333375726235, -1.882526060098388]
[1.5912671709613808, -0.35156836735859553, -1.9489706728370906, 2.1092366215557368, -0.2694758228571272, -1.9736545059915709]
[1.6550561934019312, -0.3450698469717246, -1.990539825223434, 2.178211583082973, -0.29694831195699184, -2.0647829518847534]
[1.7188452158424816, -0.3385713265848537, -2.032108977609778, 2.2471865446102095, -0.3244208010568567, -2.155911397777936]
[1.782634238283032, -0.33207280619798285, -2.0736781299961216, 2.3161615061374454, -0.3518932901567214, -2.2470398436711188]
[1.8464232607235824, -0.3255742858111119, -2.115247282382465, 2.385136467664682, -0.37936577925658616, -2.3381682895643014]
[1.9102122831641328, -0.3190757654242411, -2.1568164347688086, 2.4541114291919177, -0.4068382683564509, -2.429296735457484]
[1.9740013056046832, -0.31257724503737017, -2.198385587155152, 2.523086390719154, -0.4343107574563157, -2.5204251813506673]
[2.037790328045234, -0.30607872465049935, -2.2399547395414956, 2.5920613522463904, -0.46178324655618047, -2.61155362724385]
[2.101579350485784, -0.2995802042636284, -2.2815238919278396, 2.661036313773627, -0.48925573565604524, -2.7026820731370327]