[-0.0003643203694450037, 0.00023582350508810634, -0.00037857844443323074, -3.3439270604063154e-05, 0.00030191088435582714, 2.6230289325468448e-05]
[-0.029621276865553933, -0.04036792057942532, -0.06066360624383658, 0.09378177575726074, 0.06529641138592297, -0.013264821794680033]
[-0.05887823336166286, -0.08097166466393875, -0.12094863404323992, 0.18759699078512554, 0.13029091188749012, -0.026555873878685535]
[-0.08813518985777179, -0.12157540874845219, -0.18123366184264328, 0.2814122058129903, 0.19528541238905728, -0.039846925962691036]
[-0.11739214635388072, -0.1621791528329656, -0.24151868964204662, 0.37522742084085514, 0.2602799128906244, -0.05313797804669654]
[-0.14664910284998967, -0.20278289691747906, -0.30180371744144996, 0.4690426358687199, 0.32527441339219154, -0.06642903013070205]
[-0.17590605934609857, -0.24338664100199248, -0.3620887452408533, 0.5628578508965847, 0.39026891389375873, -0.07972008221470754]
[-0.2051630158422075, -0.28399038508650587, -0.4223737730402566, 0.6566730659244495, 0.4552634143953258, -0.09301113429871304]
[-0.23441997233831643, -0.3245941291710193, -0.48265880083966, 0.7504882809523143, 0.520257914896893, -0.10630218638271854]
[-0.26367692883442534, -0.3651978732555327, -0.5429438286390633, 0.8443034959801791, 0.5852524153984601, -0.11959323846672404]
[-0.2929338853305343, -0.4058016173400462, -0.6032288564384667, 0.9381187110080439, 0.6502469159000273, -0.13288429055072956]
[-0.3221908418266432, -0.4464053614245596, -0.6635138842378699, 1.0319339260359086, 0.7152414164015944, -0.14617534263473503]
[-0.35144779832275214, -0.48700910550907306, -0.7237989120372734, 1.1257491410637734, 0.7802359169031616, -0.15946639471874055]
[-0.38070475481886107, -0.5276128495935865, -0.7840839398366767, 1.2195643560916383, 0.8452304174047287, -0.17275744680274605]
[-0.40996171131497, -0.5682165936780998, -0.8443689676360799, 1.313379571119503, 0.9102249179062958, -0.18604849888675154]
[-0.4392186678110789, -0.6088203377626132, -0.9046539954354833, 1.4071947861473677, 0.9752194184078629, -0.19933955097075703]
[-0.46847562430718787, -0.6494240818471267, -0.9649390232348868, 1.5010100011752328, 1.0402139189094302, -0.21263060305476256]
[-0.4977325808032968, -0.6900278259316401, -1.02522405103429, 1.5948252162030974, 1.1052084194109972, -0.22592165513876805]
[-0.5269895372994057, -0.7306315700161535, -1.0855090788336934, 1.6886404312309622, 1.1702029199125643, -0.23921270722277355]
[-0.5562464937955146, -0.7712353141006669, -1.1457941066330968, 1.782455646258827, 1.2351974204141316, -0.25250375930677904]
[-0.5855034502916237, -0.8118390581851805, -1.2060791344325001, 1.8762708612866918, 1.3001919209156987, -0.2657948113907846]
[-0.6147604067877325, -0.8524428022696939, -1.2663641622319035, 1.9700860763145567, 1.365186421417266, -0.2790858634747901]
[-0.6440173632838414, -0.8930465463542073, -1.3266491900313067, 2.0639012913424213, 1.430180921918833, -0.2923769155587955]
[-0.6732743197799503, -0.9336502904387207, -1.38693421783071, 2.1577165063702863, 1.4951754224204001, -0.305667967642801]
[-0.7025312762760593, -0.9742540345232342, -1.4472192456301136, 2.251531721398151, 1.5601699229219674, -0.31895901972680657]
[-0.7317882327721682, -1.0148577786077475, -1.5075042734295168, 2.345346936426016, 1.6251644234235345, -0.33225007181081206]
[-0.7610451892682771, -1.055461522692261, -1.5677893012289201, 2.4391621514538806, 1.6901589239251016, -0.34554112389481756]