[-0.00027318695941502824, 0.00019190856874562456, -0.0004135745272337843, 9.97211923596808e-05, 0.00033088714221385374, 0.00010094358935130998]
[-0.033513404216890925, -0.05979488061954487, -0.12848784420748538, -0.0573730098703939, 0.004091325670991191, 0.017133621744555634]
[-0.06675362147436682, -0.11978166980783536, -0.256562113887737, -0.11484574093314748, 0.007851764199768529, 0.03416629989975996]
[-0.09999383873184271, -0.17976845899612584, -0.3846363835679885, -0.17231847199590103, 0.011612202728545865, 0.051198978054964275]
[-0.13323405598931862, -0.23975524818441635, -0.5127106532482402, -0.22979120305865464, 0.015372641257323204, 0.0682316562101686]
[-0.1664742732467945, -0.2997420373727068, -0.6407849229284917, -0.28726393412140816, 0.01913307978610054, 0.08526433436537292]
[-0.1997144905042704, -0.3597288265609973, -0.7688591926087432, -0.34473666518416174, 0.022893518314877875, 0.10229701252057724]
[-0.2329547077617463, -0.4197156157492878, -0.8969334622889948, -0.4022093962469153, 0.026653956843655215, 0.11932969067578156]
[-0.2661949250192222, -0.4797024049375783, -1.0250077319692465, -0.45968212730966895, 0.030414395372432554, 0.1363623688309859]
[-0.2994351422766981, -0.5396891941258688, -1.153082001649498, -0.5171548583724225, 0.03417483390120989, 0.15339504698619022]
[-0.332675359534174, -0.5996759833141593, -1.2811562713297495, -0.574627589435176, 0.037935272429987225, 0.17042772514139454]
[-0.3659155767916499, -0.6596627725024498, -1.4092305410100012, -0.6321003204979296, 0.041695710958764565, 0.18746040329659885]
[-0.2021852976529726, -0.6645360411978664, -1.4107393987849128, -0.5525624735541825, 0.07325310711965194, 0.16145647792206913]
[-0.038455018514295336, -0.6694093098932831, -1.4122482565598247, -0.47302462661043543, 0.1048105032805393, 0.1354525525475394]
[0.12527526062438188, -0.6742825785886997, -1.4137571143347363, -0.3934867796666883, 0.13636789944142663, 0.10944862717300967]
[0.2890055397630592, -0.6791558472841163, -1.4152659721096479, -0.31394893272294117, 0.16792529560231403, 0.08344470179847993]
[0.4527358189017364, -0.6840291159795329, -1.4167748298845597, -0.23441108577919406, 0.19948269176320138, 0.05744077642395021]
[0.6164660980404136, -0.6889023846749496, -1.4182836876594713, -0.154873238835447, 0.23104008792408873, 0.03143685104942048]
[0.7801963771790908, -0.6937756533703662, -1.4197925454343832, -0.0753353918916998, 0.2625974840849761, 0.0054329256748907595]
[0.9439266563177683, -0.6986489220657828, -1.4213014032092948, 0.004202455052047305, 0.2941548802458635, -0.020570999699638992]
[1.1076569354564456, -0.7035221907611995, -1.4228102609842064, 0.08374030199579441, 0.3257122764067509, -0.046574925074168716]
[1.2713872145951228, -0.7083954594566161, -1.4243191187591182, 0.1632781489395415, 0.3572696725676382, -0.07257885044869844]
[1.4351174937338, -0.7132687281520327, -1.4258279765340298, 0.2428159958832886, 0.38882706872852557, -0.09858277582322818]