[-0.00037567198074395236, 7.438056760733502e-05, -0.00040130868836207867, 0.00010083683219708206, 0.0001601964109401166, 0.00015204097179477571]
[0.030064293879083354, -0.036099237249406176, -0.10553439335534916, -0.06799991486382687, -0.004108876164557041, 0.05029342238062791]
[0.06050425973891066, -0.07227285506641969, -0.21066747802233624, -0.1361006665598508, -0.008377948740054198, 0.10043480378946104]
[0.09094422559873797, -0.10844647288343319, -0.3158005626893233, -0.20420141825587473, -0.012647021315551357, 0.1505761851982942]
[0.12138419145856527, -0.1446200907004467, -0.4209336473563104, -0.2723021699518987, -0.016916093891048513, 0.2007175666071273]
[0.1518241573183926, -0.1807937085174602, -0.5260667320232976, -0.34040292164792263, -0.021185166466545675, 0.2508589480159605]
[0.18226412317821988, -0.21696732633447371, -0.6311998166902846, -0.40850367334394655, -0.02545423904204283, 0.3010003294247936]
[0.21270408903804722, -0.25314094415148725, -0.7363329013572717, -0.4766044250399705, -0.02972331161753999, 0.3511417108336267]
[0.2431440548978745, -0.28931456196850075, -0.8414659860242587, -0.5447051767359945, -0.03399238419303714, 0.40128309224245984]
[0.27358402075770183, -0.32548817978551425, -0.9465990706912458, -0.6128059284320184, -0.038261456768534305, 0.451424473651293]
[0.30731673604926113, -0.35790857299081097, -1.0514995211613276, -0.685574888557464, -0.04484873470662952, 0.5083111610482095]
[0.34104945134082043, -0.3903289661961077, -1.1563999716314095, -0.7583438486829095, -0.051436012644724735, 0.5651978484451259]
[0.3747821666323797, -0.42274935940140435, -1.2613004221014914, -0.8311128088083549, -0.05802329058281995, 0.6220845358420424]
[0.408514881923939, -0.45516975260670106, -1.3662008725715733, -0.9038817689338005, -0.06461056852091517, 0.6789712232389589]
[0.4422475972154983, -0.4875901458119978, -1.4711013230416552, -0.976650729059246, -0.07119784645901038, 0.7358579106358752]
[0.4759803125070575, -0.5200105390172944, -1.576001773511737, -1.0494196891846914, -0.0777851243971056, 0.7927445980327917]
[0.5097130277986168, -0.5524309322225911, -1.6809022239818188, -1.122188649310137, -0.08437240233520081, 0.8496312854297081]
[0.5434457430901761, -0.5848513254278879, -1.7858026744519007, -1.1949576094355825, -0.09095968027329603, 0.9065179728266246]
[0.589360464420293, -0.560350932797935, -1.8246965204316123, -1.2698494886820537, -0.11654358736899398, 0.9957745545078683]
[0.6352751857504099, -0.5358505401679823, -1.8635903664113238, -1.344741367928525, -0.14212749446469194, 1.085031136189112]
[0.6811899070805267, -0.5113501475380295, -1.9024842123910355, -1.419633247174996, -0.1677114015603899, 1.1742877178703557]
[0.7271046284106437, -0.4868497549080767, -1.9413780583707472, -1.4945251264214672, -0.19329530865608785, 1.2635442995515993]
[0.7730193497407606, -0.4623493622781239, -1.9802719043504589, -1.5694170056679384, -0.21887921575178582, 1.3528008812328431]
[0.8189340710708775, -0.4378489696481711, -2.0191657503301705, -1.6443088849144094, -0.24446312284748378, 1.4420574629140868]
[0.8648487924009944, -0.4133485770182183, -2.058059596309882, -1.7192007641608806, -0.27004702994318175, 1.5313140445953306]
[0.9107635137311112, -0.3888481843882655, -2.0969534422895935, -1.7940926434073519, -0.2956309370388797, 1.620570626276574]
[0.9566782350612282, -0.3643477917583127, -2.1358472882693054, -1.868984522653823, -0.3212148441345777, 1.7098272079578178]
[1.0025929563913452, -0.33984739912835993, -2.174741134249017, -1.9438764019002943, -0.34679875123027565, 1.7990837896390617]
[1.048507677721462, -0.31534700649840713, -2.2136349802287283, -2.018768281146765, -0.3723826583259736, 1.888340371320305]
[1.0944223990515787, -0.29084661386845434, -2.25252882620844, -2.0936601603932363, -0.3979665654216716, 1.977596953001549]
[1.1403371203816957, -0.26634622123850155, -2.2914226721881517, -2.1685520396397076, -0.42355047251736955, 2.0668535346827923]
[1.1862518417118126, -0.24184582860854875, -2.330316518167863, -2.243443918886179, -0.4491343796130675, 2.1561101163640366]
[1.2321665630419294, -0.21734543597859596, -2.369210364147575, -2.31833579813265, -0.4747182867087655, 2.24536669804528]
[1.2780812843720462, -0.19284504334864316, -2.4081042101272865, -2.3932276773791212, -0.5003021938044634, 2.3346232797265234]
[1.3239960057021634, -0.16834465071869037, -2.446998056106998, -2.4681195566255925, -0.5258861009001614, 2.4238798614077677]
[1.3699107270322801, -0.14384425808873758, -2.48589190208671, -2.5430114358720637, -0.5514700079958593, 2.513136443089011]
[1.4158254483623969, -0.11934386545878478, -2.5247857480664213, -2.617903315118535, -0.5770539150915572, 2.6023930247702545]
[1.461740169692514, -0.09484347282883199, -2.563679594046133, -2.692795194365006, -0.6026378221872553, 2.6916496064514988]
[1.5076548910226308, -0.07034308019887925, -2.6025734400258447, -2.7676870736114774, -0.6282217292829533, 2.780906188132742]
[1.5535696123527476, -0.0458426875689264, -2.641467286005556, -2.842578952857948, -0.6538056363786512, 2.8701627698139855]
[1.5994843336828648, -0.02134229493897355, -2.680361131985268, -2.91747083210442, -0.6793895434743492, 2.95941935149523]
[1.6453990550129816, 0.0031580976909792347, -2.7192549779649795, -2.9923627113508906, -0.7049734505700471, 3.0486759331764732]