[-0.00032985187059164645, 0.00016818025724862906, -0.0004321842836638723, 1.989329320650768e-05, 0.00021000926890391014, 0.000149943944983022]
[-0.015274958823512283, -0.03986172851646413, -0.0871025395306392, -0.06308881781619288, 0.05541519958648532, -0.03150464330034494]
[-0.03022006577643292, -0.07989163729017688, -0.17377289477761454, -0.12619752892559227, 0.11062038990406672, -0.0631592305456729]
[-0.04516517272935355, -0.11992154606388963, -0.2604432500245899, -0.18930624003499166, 0.16582558022164812, -0.09481381779100087]
[-0.06011027968227419, -0.1599514548376024, -0.3471136052715652, -0.25241495114439105, 0.22103077053922954, -0.12646840503632883]
[-0.07505538663519483, -0.19998136361131516, -0.4337839605185405, -0.31552366225379047, 0.27623596085681096, -0.1581229922816568]
[-0.09000049358811546, -0.2400112723850279, -0.5204543157655159, -0.37863237336318983, 0.3314411511743923, -0.18977757952698476]
[-0.1049456005410361, -0.28004118115874066, -0.6071246710124912, -0.4417410844725892, 0.38664634149197374, -0.22143216677231273]
[-0.11989070749395674, -0.3200710899324534, -0.6937950262594665, -0.5048497955819886, 0.44185153180955516, -0.2530867540176407]
[-0.13483581444687737, -0.3601009987061662, -0.7804653815064418, -0.567958506691388, 0.4970567221271366, -0.2847413412629687]
[-0.149780921399798, -0.40013090747987895, -0.8671357367534172, -0.6310672178007874, 0.552261912444718, -0.3163959285082966]
[-0.16472602835271866, -0.4401608162535917, -0.9538060920003926, -0.6941759289101868, 0.6074671027622994, -0.34805051575362456]
[-0.17967113530563927, -0.4801907250273044, -1.040476447247368, -0.7572846400195862, 0.6626722930798807, -0.37970510299895255]
[-0.19461624225855992, -0.5202206338010172, -1.1271468024943432, -0.8203933511289856, 0.7178774833974622, -0.41135969024428054]
[-0.20956134921148056, -0.56025054257473, -1.2138171577413186, -0.8835020622383849, 0.7730826737150436, -0.4430142774896085]
[-0.22450645616440118, -0.6002804513484428, -1.3004875129882938, -0.9466107733477843, 0.828287864032625, -0.4746688647349364]
[-0.23945156311732183, -0.6403103601221555, -1.3871578682352692, -1.0097194844571837, 0.8834930543502064, -0.5063234519802644]
[-0.12393500195762483, -0.6002761279235317, -1.465466015004931, -1.0123776643072122, 0.904881116990903, -0.4674472185455974]
[-0.008418440797927834, -0.5602418957249078, -1.543774161774593, -1.0150358441572407, 0.9262691796315997, -0.4285709851109304]
[0.1070981203617691, -0.520207663526284, -1.6220823085442548, -1.0176940240072694, 0.9476572422722963, -0.38969475167626333]
[0.22261468152146616, -0.48017343132766016, -1.7003904553139169, -1.0203522038572979, 0.9690453049129929, -0.3508185182415963]
[0.338131242681163, -0.4401391991290363, -1.7786986020835787, -1.0230103837073263, 0.9904333675536895, -0.3119422848069293]
[0.45364780384086, -0.40010496693041253, -1.8570067488532405, -1.0256685635573548, 1.0118214301943862, -0.27306605137226225]
[0.569164365000557, -0.3600707347317887, -1.9353148956229025, -1.0283267434073835, 1.0332094928350828, -0.23418981793759525]
[0.6846809261602541, -0.32003650253316485, -2.013623042392564, -1.030984923257412, 1.0545975554757794, -0.19531358450292824]
[0.800197487319951, -0.280002270334541, -2.091931189162226, -1.0336431031074405, 1.075985618116476, -0.15643735106826118]
[0.9157140484796479, -0.23996803813591722, -2.170239335931888, -1.036301282957469, 1.0973736807571726, -0.11756111763359423]
[1.031230609639345, -0.19993380593729337, -2.24854748270155, -1.0389594628074974, 1.1187617433978692, -0.07868488419892716]
[1.146747170799042, -0.1598995737386696, -2.3268556294712117, -1.041617642657526, 1.1401498060385657, -0.039808650764260156]
[1.262263731958739, -0.11986534154004569, -2.4051637762408737, -1.0442758225075546, 1.1615378686792626, -0.0009324173295930382]
[1.377780293118436, -0.0798311093414219, -2.4834719230105353, -1.046934002357583, 1.1829259313199592, 0.03794381610507391]
[1.4932968542781329, -0.039796877142798115, -2.5617800697801973, -1.0495921822076115, 1.2043139939606557, 0.07682004953974086]
[1.6088134154378302, 0.0002373550558257831, -2.6400882165498594, -1.0522503620576402, 1.2257020566013523, 0.11569628297440793]
[1.7243299765975268, 0.04027158725444957, -2.7183963633195214, -1.0549085419076687, 1.247090119242049, 0.154572516409075]
[1.839846537757224, 0.08030581945307347, -2.7967045100891834, -1.0575667217576972, 1.2684781818827457, 0.19344874984374205]
[1.9553630989169208, 0.12034005165169726, -2.875012656858845, -1.0602249016077256, 1.2898662445234423, 0.232324983278409]
[2.0708796600766175, 0.16037428385032104, -2.9533208036285066, -1.0628830814577543, 1.311254307164139, 0.27120121671307595]
[2.186396221236315, 0.20040851604894494, -3.0316289503981686, -1.0655412613077828, 1.3326423698048355, 0.3100774501477431]
[2.3019127823960117, 0.24044274824756867, -3.1099370971678306, -1.0681994411578113, 1.3540304324455321, 0.34895368358241013]