[-0.0002465290905009354, 0.00014813121192958079, -0.00044880039118933013, 4.898734646729963e-05, 0.00025591085590992435, 9.893160841922821e-05]
[-0.04664324547914926, -0.010886984897474678, -0.07349156249561911, 0.05653286389320187, -0.007568051044987506, -0.0884277532014546]
[-0.09303996186779759, -0.021922101006878938, -0.1465343246000489, 0.11301674043993644, -0.015392012945884936, -0.17695443801132843]
[-0.1394366782564459, -0.032957217116283195, -0.21957708670447865, 0.169500616986671, -0.023215974846782363, -0.26548112282120223]
[-0.18583339464509424, -0.043992333225687456, -0.29261984880890846, 0.22598449353340558, -0.031039936747679797, -0.3540078076310761]
[-0.23223011103374255, -0.05502744933509172, -0.3656626109133382, 0.28246837008014014, -0.03886389864857723, -0.4425344924409499]
[-0.27862682742239087, -0.06606256544449597, -0.43870537301776796, 0.3389522466268747, -0.04668786054947465, -0.5310611772508237]
[-0.3250235438110392, -0.07709768155390023, -0.5117481351221977, 0.39543612317360927, -0.05451182245037209, -0.6195878620606975]
[-0.37142026019968755, -0.0881327976633045, -0.5847908972266276, 0.45191999972034386, -0.06233578435126952, -0.7081145468705714]
[-0.4178169765883359, -0.09916791377270877, -0.6578336593310573, 0.5084038762670785, -0.07015974625216695, -0.7966412316804452]
[-0.46421369297698417, -0.11020302988211302, -0.730876421435487, 0.564887752813813, -0.07798370815306438, -0.885167916490319]
[-0.5106104093656325, -0.12123814599151728, -0.8039191835399169, 0.6213716293605476, -0.08580767005396181, -0.9736946013001928]
[-0.42488090967016423, -0.1265415704323033, -0.8832508711645582, 0.6645827611180724, -0.03645034654187171, -1.0032039774674368]
[-0.33915140997469595, -0.13184499487308934, -0.9625825587891996, 0.7077938928755971, 0.012906976970218392, -1.0327133536346809]
[-0.2534219102792277, -0.13714841931387536, -1.041914246413841, 0.751005024633122, 0.06226430048230849, -1.0622227298019251]
[-0.16769241058375944, -0.1424518437546614, -1.1212459340384822, 0.7942161563906468, 0.1116216239943986, -1.0917321059691691]
[-0.08196291088829122, -0.14775526819544743, -1.2005776216631237, 0.8374272881481716, 0.1609789475064887, -1.1212414821364132]
[0.0037665888071770626, -0.15305869263623348, -1.2799093092877651, 0.8806384199056965, 0.2103362710185788, -1.1507508583036572]
[0.08949608850264534, -0.1583621170770195, -1.3592409969124064, 0.9238495516632212, 0.25969359453066887, -1.1802602344709012]
[0.17522558819811362, -0.16366554151780555, -1.4385726845370477, 0.967060683420746, 0.30905091804275897, -1.2097696106381455]
[0.2609550878935819, -0.16896896595859157, -1.5179043721616892, 1.0102718151782708, 0.35840824155484907, -1.2392789868053895]
[0.3466845875890501, -0.17427239039937759, -1.5972360597863304, 1.0534829469357956, 0.4077655650669392, -1.2687883629726335]
[0.43241408728451836, -0.17957581484016363, -1.6765677474109717, 1.0966940786933204, 0.4571228885790293, -1.2982977391398776]
[0.5181435869799866, -0.18487923928094968, -1.7558994350356132, 1.1399052104508454, 0.5064802120911194, -1.3278071153071216]
[0.6038730866754549, -0.1901826637217357, -1.8352311226602545, 1.1831163422083701, 0.5558375356032095, -1.3573164914743658]
[0.6896025863709232, -0.19548608816252172, -1.914562810284896, 1.226327473965895, 0.6051948591152996, -1.3868258676416099]
[0.7753320860663915, -0.20078951260330777, -1.9938944979095372, 1.2695386057234197, 0.6545521826273897, -1.416335243808854]
[0.8760654834176961, -0.19944050851671358, -2.0239261482449806, 1.276799075792009, 0.7022540470508979, -1.3940856870119396]
[0.9767988807690007, -0.19809150443011941, -2.0539577985804245, 1.2840595458605981, 0.749955911474406, -1.371836130215025]
[1.0775322781203054, -0.19674250034352522, -2.083989448915868, 1.2913200159291873, 0.7976577758979142, -1.3495865734181107]