[-0.0002618259338920126, 0.00020987552962559164, -0.00044972619780292433, 3.568326446057313e-05, 0.00031790823114619116, 1.0019952912720953e-05]
[0.0361368919382675, -0.06686663523874516, -0.05951898202580974, 0.05182491910708392, 0.05052000184207622, 0.04451123273033763]
[0.07253560981042702, -0.1339431460071159, -0.11858823785381656, 0.10361415494970727, 0.10072209545300626, 0.08901244550776254]
[0.10893432768258654, -0.20101965677548664, -0.17765749368182338, 0.15540339079233062, 0.1509241890639363, 0.13351365828518744]
[0.14533304555474605, -0.2680961675438574, -0.2367267495098302, 0.20719262663495397, 0.20112628267486632, 0.17801487106261235]
[0.18173176342690558, -0.33517267831222813, -0.295796005337837, 0.2589818624775773, 0.25132837628579635, 0.22251608384003727]
[0.2181304812990651, -0.40224918908059887, -0.3548652611658438, 0.31077109832020067, 0.3015304698967264, 0.26701729661746215]
[0.2545291991712246, -0.4693256998489696, -0.41393451699385064, 0.36256033416282396, 0.35173256350765636, 0.31151850939488707]
[0.2909279170433841, -0.5364022106173404, -0.47300377282185746, 0.41434957000544737, 0.40193465711858645, 0.356019722172312]
[0.3273266349155436, -0.6034787213857111, -0.5320730286498643, 0.46613880584807066, 0.4521367507295164, 0.40052093494973684]
[0.3637253527877032, -0.6705552321540819, -0.5911422844778711, 0.5179280416906941, 0.5023388443404465, 0.4450221477271618]
[0.40012407065986266, -0.7376317429224526, -0.6502115403058779, 0.5697172775333174, 0.5525409379513765, 0.48952336050458667]
[0.4365227885320222, -0.8047082536908233, -0.7092807961338847, 0.6215065133759408, 0.6027430315623066, 0.5340245732820116]
[0.4729215064041817, -0.8717847644591941, -0.7683500519618915, 0.673295749218564, 0.6529451251732366, 0.5785257860594365]
[0.5542150681855067, -0.9069370662970597, -0.8477912530807261, 0.6448579110809031, 0.6879319818480775, 0.6265934128378324]
[0.6355086299668317, -0.9420893681349253, -0.9272324541995607, 0.6164200729432422, 0.7229188385229183, 0.6746610396162285]
[0.7168021917481566, -0.9772416699727909, -1.0066736553183953, 0.5879822348055812, 0.7579056951977592, 0.7227286663946244]
[0.8069221890901346, -0.9716428587264546, -1.0743390153502874, 0.5004426209263729, 0.7667085106670011, 0.7560663751863368]
[0.8970421864321126, -0.9660440474801183, -1.1420043753821798, 0.4129030070471647, 0.775511326136243, 0.7894040839780492]
[0.9871621837740907, -0.960445236233782, -1.2096697354140722, 0.3253633931679565, 0.784314141605485, 0.8227417927697614]
[1.0772821811160687, -0.9548464249874457, -1.2773350954459644, 0.2378237792887482, 0.7931169570747268, 0.8560795015614738]
[1.1549260924946, -0.9154659964362829, -1.3198141160672916, 0.1189680822442486, 0.7774542863192755, 0.869339775277706]
[1.2325700038731315, -0.8760855678851202, -1.3622931366886188, 0.00011238519974898775, 0.7617916155638241, 0.8826000489939382]
[1.310213915251663, -0.8367051393339574, -1.4047721573099459, -0.11874331184475062, 0.7461289448083727, 0.8958603227101705]
[1.3878578266301944, -0.7973247107827945, -1.4472511779312731, -0.23759900888925023, 0.7304662740529213, 0.9091205964264026]
[1.4655017380087259, -0.7579442822316318, -1.4897301985526004, -0.35645470593374984, 0.71480360329747, 0.9223808701426348]
[1.5431456493872573, -0.718563853680469, -1.5322092191739276, -0.47531040297824945, 0.6991409325420186, 0.935641143858867]
[1.6207895607657887, -0.6791834251293063, -1.5746882397952549, -0.594166100022749, 0.6834782617865671, 0.9489014175750992]
[1.6984334721443202, -0.6398029965781435, -1.617167260416582, -0.7130217970672487, 0.6678155910311158, 0.9621616912913314]
[1.7760773835228516, -0.6004225680269808, -1.6596462810379093, -0.8318774941117483, 0.6521529202756644, 0.9754219650075636]
[1.853721294901383, -0.561042139475818, -1.7021253016592364, -0.9507331911562479, 0.636490249520213, 0.9886822387237958]
[1.9313652062799145, -0.5216617109246553, -1.7446043222805638, -1.0695888882007476, 0.6208275787647617, 1.001942512440028]
[2.009009117658446, -0.4822812823734925, -1.7870833429018909, -1.188444585245247, 0.6051649080093102, 1.0152027861562603]
[2.0866530290369774, -0.4429008538223297, -1.829562363523218, -1.3073002822897468, 0.5895022372538589, 1.0284630598724924]
[2.164296940415509, -0.403520425271167, -1.8720413841445454, -1.4261559793342464, 0.5738395664984075, 1.0417233335887246]