[-0.00038392128882058785, 0.00014849818195994402, -0.00045196282771620133, -1.897814196105685e-05, 0.00014466368976062682, 7.645370557884945e-05]
[0.021486308004496437, -0.025495530469677896, -0.08007622830443736, 0.05357668176048176, -0.03405669405640061, 0.06334318734934143]
[0.04335653729781346, -0.051139559121315736, -0.15970049378115853, 0.10717234166292458, -0.06825805180256185, 0.126609920993104]
[0.06522676659113048, -0.07678358777295358, -0.2393247592578797, 0.1607680015653674, -0.10245940954872308, 0.18987665463686657]
[0.08709699588444751, -0.10242761642459142, -0.31894902473460085, 0.21436366146781022, -0.13666076729488433, 0.25314338828062916]
[0.10896722517776454, -0.12807164507622926, -0.39857329021132204, 0.2679593213702531, -0.17086212504104556, 0.3164101219243917]
[0.13083745447108155, -0.1537156737278671, -0.4781975556880432, 0.3215549812726959, -0.2050634827872068, 0.3796768555681543]
[0.15270768376439858, -0.17935970237950494, -0.5578218211647644, 0.3751506411751387, -0.23926484053336805, 0.4429435892119169]
[0.1745779130577156, -0.20500373103114278, -0.6374460866414855, 0.4287463010775815, -0.2734661982795293, 0.5062103228556795]
[0.19644814235103264, -0.23064775968278062, -0.7170703521182067, 0.48234196098002435, -0.3076675560256905, 0.569477056499442]
[0.26572912924371206, -0.23782677491771972, -0.8123290023318859, 0.44859497902209483, -0.28598067623839035, 0.6226303685422646]
[0.3350101161363914, -0.24500579015265883, -0.9075876525455652, 0.4148479970641653, -0.2642937964510902, 0.6757836805850871]
[0.4042911030290709, -0.25218480538759797, -1.0028463027592442, 0.38110101510623573, -0.24260691666379003, 0.7289369926279097]
[0.47357208992175026, -0.25936382062253704, -1.0981049529729237, 0.3473540331483062, -0.22092003687648987, 0.7820903046707322]
[0.5428530768144297, -0.2665428358574762, -1.1933636031866028, 0.3136070511903767, -0.1992331570891897, 0.8352436167135548]
[0.6121340637071091, -0.27372185109241526, -1.288622253400282, 0.27986006923244716, -0.17754627730188957, 0.8883969287563773]
[0.6814150505997885, -0.2809008663273544, -1.3838809036139614, 0.2461130872745176, -0.1558593975145894, 0.9415502407991998]
[0.7506960374924678, -0.28807988156229347, -1.4791395538276406, 0.21236610531658806, -0.13417251772728925, 0.9947035528420224]
[0.8199770243851474, -0.2952588967972326, -1.5743982040413198, 0.17861912335865854, -0.11248563793998909, 1.047856864884845]
[0.8867591267485238, -0.2804105838280399, -1.6200765781559563, 0.08626654115460222, -0.0533611451497606, 1.0558029512719018]
[0.9535412291119, -0.2655622708588472, -1.6657549522705928, -0.006086041049454094, 0.005763347640467889, 1.0637490376589585]
[1.0203233314752762, -0.25071395788965456, -1.7114333263852293, -0.09843862325351038, 0.06488784043069637, 1.0716951240460153]
[1.0871054338386525, -0.23586564492046186, -1.7571117004998658, -0.19079120545756673, 0.12401233322092486, 1.079641210433072]
[1.1538875362020289, -0.22101733195126919, -1.802790074614502, -0.283143787661623, 0.18313682601115336, 1.0875872968201288]
[1.2206696385654052, -0.2061690189820765, -1.8484684487291385, -0.3754963698656793, 0.24226131880138183, 1.0955333832071854]
[1.2874517409287816, -0.1913207060128838, -1.894146822843775, -0.4678489520697356, 0.30138581159161026, 1.1034794695942423]
[1.3542338432921577, -0.1764723930436911, -1.9398251969584115, -0.560201534273792, 0.36051030438183884, 1.1114255559812989]
[1.421015945655534, -0.16162408007449844, -1.985503571073048, -0.6525541164778483, 0.4196347971720673, 1.1193716423683557]
[1.4877980480189104, -0.14677576710530577, -2.0311819451876847, -0.7449066986819046, 0.4787592899622958, 1.1273177287554124]
[1.5545801503822867, -0.13192745413611306, -2.076860319302321, -0.8372592808859609, 0.5378837827525242, 1.1352638151424692]
[1.617947382352628, -0.11425748370568507, -2.112621489355661, -0.9347524434065126, 0.6002893445899267, 1.135682083755098]
[1.6813146143229694, -0.09658751327525708, -2.148382659409002, -1.0322456059270644, 0.6626949064273291, 1.136100352367727]
[1.7446818462933107, -0.0789175428448291, -2.184143829462342, -1.1297387684476161, 0.7251004682647316, 1.136518620980356]
[1.808049078263652, -0.06124757241440111, -2.2199049995156823, -1.227231930968168, 0.787506030102134, 1.1369368895929848]
[1.8714163102339934, -0.04357760198397312, -2.2556661695690225, -1.3247250934887198, 0.8499115919395366, 1.1373551582056136]
[1.9347835422043347, -0.02590763155354514, -2.2914273396223632, -1.4222182560092715, 0.912317153776939, 1.1377734268182427]
[1.998150774174676, -0.008237661123117147, -2.3271885096757035, -1.5197114185298233, 0.9747227156143414, 1.1381916954308715]