[-0.0003374245855063407, 0.00023509382608022378, -0.0003549091834997853, 0.00011945372932675724, 0.0002635533358379405, 5.669537862296181e-06]
[-0.028125295139736647, -0.018232097193533407, -0.10489316162750999, 0.08581083264992241, 0.055023893461241515, 0.009620554150478916]
[-0.055913165693966954, -0.03669928821314704, -0.2094314140715202, 0.17150221157051806, 0.10978423358664509, 0.019235438763095535]
[-0.08370103624819726, -0.055166479232760676, -0.3139696665155304, 0.25719359049111373, 0.16454457371204867, 0.028850323375712153]
[-0.11148890680242757, -0.0736336702523743, -0.4185079189595406, 0.3428849694117094, 0.21930491383745224, 0.038465207988328774]
[-0.13927677735665786, -0.09210086127198794, -0.5230461714035508, 0.428576348332305, 0.2740652539628558, 0.04808009260094539]
[-0.16706464791088818, -0.11056805229160158, -0.627584423847561, 0.5142677272529007, 0.3288255940882594, 0.05769497721356201]
[-0.19485251846511845, -0.1290352433112152, -0.7321226762915711, 0.5999591061734962, 0.38358593421366294, 0.06730986182617862]
[-0.2226403890193488, -0.14750243433082882, -0.8366609287355814, 0.685650485094092, 0.43834627433906653, 0.07692474643879525]
[-0.25042825957357906, -0.16596962535044246, -0.9411991811795916, 0.7713418640146876, 0.49310661446447007, 0.08653963105141187]
[-0.2782161301278094, -0.1844368163700561, -1.0457374336236018, 0.8570332429352833, 0.5478669545898737, 0.09615451566402848]
[-0.3060040006820397, -0.2029040073896697, -1.150275686067612, 0.9427246218558789, 0.6026272947152772, 0.1057694002766451]
[-0.33379187123627, -0.22137119840928338, -1.2548139385116222, 1.0284160007764747, 0.6573876348406809, 0.11538428488926172]
[-0.3615797417905003, -0.239838389428897, -1.3593521909556323, 1.1141073796970702, 0.7121479749660844, 0.12499916950187834]
[-0.38936761234473055, -0.2583055804485106, -1.4638904433996425, 1.1997987586176657, 0.7669083150914879, 0.13461405411449495]
[-0.41715548289896087, -0.27677277146812423, -1.5684286958436526, 1.2854901375382615, 0.8216686552168915, 0.14422893872711157]
[-0.44494335345319125, -0.2952399624877379, -1.672966948287663, 1.3711815164588572, 0.8764289953422951, 0.1538438233397282]
[-0.4727312240074215, -0.3137071535073515, -1.7775052007316732, 1.4568728953794527, 0.9311893354676987, 0.16345870795234482]
[-0.5005190945616518, -0.33217434452696515, -1.8820434531756833, 1.5425642743000485, 0.9859496755931022, 0.17307359256496144]
[-0.528306965115882, -0.35064153554657873, -1.9865817056196933, 1.628255653220644, 1.0407100157185059, 0.18268847717757805]
[-0.5560948356701124, -0.3691087265661924, -2.091119958063704, 1.7139470321412398, 1.0954703558439094, 0.19230336179019467]
[-0.5838827062243427, -0.38757591758580606, -2.195658210507714, 1.7996384110618353, 1.150230695969313, 0.20191824640281128]
[-0.6116705767785731, -0.40604310860541964, -2.300196462951724, 1.885329789982431, 1.2049910360947165, 0.2115331310154279]
[-0.6394584473328033, -0.4245102996250333, -2.404734715395734, 1.9710211689030266, 1.25975137622012, 0.2211480156280445]
[-0.6672463178870337, -0.442977490644647, -2.5092729678397445, 2.0567125478236226, 1.3145117163455238, 0.23076290024066115]
[-0.695034188441264, -0.46144468166426056, -2.613811220283755, 2.142403926744218, 1.3692720564709273, 0.24037778485327777]
[-0.7228220589954942, -0.4799118726838742, -2.718349472727765, 2.2280953056648136, 1.4240323965963309, 0.24999266946589438]