[-0.0002913117914280505, 0.00015927855329245233, -0.0003780148082732637, 3.634888454051577e-05, 0.00032296967444356284, 0.00014548744781617273]
[0.03866350040535743, -0.060949316560501884, -0.07199022926367145, 0.06789614711699446, -0.02291604440502472, 0.039060505111940536]
[0.07761831260214291, -0.12205791167429622, -0.14360244371906963, 0.1357559453494484, -0.046155058484493, 0.0779755227760649]
[0.1165731247989284, -0.18316650678809057, -0.21521465817446783, 0.20361574358190232, -0.06939407256396128, 0.11689054044018926]
[0.15552793699571388, -0.2442751019018849, -0.286826872629866, 0.2714755418143563, -0.09263308664342956, 0.15580555810431362]
[0.19448274919249936, -0.30538369701567925, -0.3584390870852642, 0.3393353400468102, -0.11587210072289784, 0.194720575768438]
[0.23343756138928484, -0.3664922921294736, -0.4300513015406624, 0.4071951382792641, -0.13911111480236613, 0.23363559343256235]
[0.2723923735860703, -0.42760088724326795, -0.5016635159960605, 0.4750549365117181, -0.16235012888183442, 0.2725506110966867]
[0.3113471857828558, -0.48870948235706224, -0.5732757304514587, 0.5429147347441721, -0.1855891429613027, 0.3114656287608111]
[0.3503019979796413, -0.5498180774708566, -0.644887944906857, 0.610774532976626, -0.20882815704077098, 0.35038064642493544]
[0.38925681017642677, -0.6109266725846509, -0.7165001593622551, 0.6786343312090799, -0.23206717112023925, 0.3892956640890598]
[0.4282116223732123, -0.6720352676984453, -0.7881123738176534, 0.7464941294415339, -0.25530618519970755, 0.4282106817531842]
[0.46716643456999773, -0.7331438628122396, -0.8597245882730515, 0.8143539276739877, -0.2785451992791758, 0.4671256994173085]
[0.5061212467667833, -0.794252457926034, -0.9313368027284498, 0.8822137259064418, -0.30178421335864414, 0.506040717081433]
[0.5450760589635687, -0.8553610530398283, -1.0029490171838478, 0.9500735241388957, -0.3250232274381124, 0.5449557347455573]
[0.5840308711603542, -0.9164696481536228, -1.074561231639246, 1.0179333223713496, -0.3482622415175807, 0.5838707524096817]
[0.6229856833571397, -0.9775782432674169, -1.1461734460946442, 1.0857931206038036, -0.37150125559704894, 0.622785770073806]
[0.6619404955539252, -1.0386868383812113, -1.2177856605500426, 1.1536529188362576, -0.39474026967651726, 0.6617007877379304]
[0.7008953077507106, -1.0997954334950057, -1.2893978750054407, 1.2215127170687115, -0.41797928375598553, 0.7006158054020547]
[0.7398501199474962, -1.1609040286088002, -1.3610100894608388, 1.2893725153011655, -0.4412182978354538, 0.7395308230661791]
[0.7788049321442816, -1.2220126237225943, -1.432622303916237, 1.3572323135336193, -0.46445731191492207, 0.7784458407303034]
[0.8177597443410671, -1.2831212188363887, -1.5042345183716352, 1.4250921117660733, -0.4876963259943904, 0.8173608583944278]
[0.8646178117356118, -1.251204967767775, -1.4974631779571217, 1.2823869083155814, -0.45041314569784596, 0.8464907867225271]
[0.9114758791301564, -1.2192887166991615, -1.4906918375426081, 1.1396817048650894, -0.41312996540130154, 0.8756207150506264]
[0.958333946524701, -1.1873724656305478, -1.4839204971280948, 0.9969765014145975, -0.37584678510475705, 0.9047506433787258]
[1.0051920139192456, -1.155456214561934, -1.4771491567135813, 0.8542712979641055, -0.3385636048082126, 0.933880571706825]
[1.0520500813137903, -1.1235399634933205, -1.4703778162990677, 0.7115660945136135, -0.30128042451166814, 0.9630105000349243]
[1.098908148708335, -1.0916237124247068, -1.4636064758845542, 0.5688608910631215, -0.2639972442151237, 0.9921404283630236]
[1.1457662161028797, -1.0597074613560933, -1.4568351354700406, 0.4261556876126297, -0.22671406391857934, 1.021270356691123]
[1.192624283497424, -1.0277912102874796, -1.450063795055527, 0.2834504841621377, -0.18943088362203486, 1.0504002850192222]
[1.239482350891969, -0.9958749592188658, -1.4432924546410137, 0.14074528071164583, -0.15214770332549044, 1.0795302133473215]
[1.2863404182865135, -0.9639587081502522, -1.4365211142265002, -0.0019599227388462648, -0.11486452302894595, 1.1086601416754207]
[1.3331984856810581, -0.9320424570816386, -1.4297497738119866, -0.14466512618933813, -0.07758134273240153, 1.1377900700035202]
[1.3800565530756028, -0.9001262060130248, -1.422978433397473, -0.2873703296398302, -0.0402981624358571, 1.1669199983316194]
[1.4269146204701473, -0.8682099549444113, -1.4162070929829595, -0.43007553309032187, -0.0030149821393127274, 1.1960499266597187]
[1.4737726878646922, -0.8362937038757976, -1.409435752568446, -0.572780736540814, 0.0342681981572317, 1.225179854987818]
[1.5206307552592366, -0.8043774528071839, -1.4026644121539327, -0.715485939991306, 0.07155137845377624, 1.2543097833159171]
[1.5674888226537813, -0.7724612017385702, -1.3958930717394191, -0.8581911434417979, 0.10883455875032066, 1.2834397116440166]
[1.614346890048326, -0.7405449506699566, -1.3891217313249056, -1.0008963468922898, 0.1461177390468651, 1.3125696399721158]