[-0.00039495261006372573, 0.0002261564892034329, -0.00044864702962588154, 9.891151628238504e-05, 0.00022721857900265263, -1.2119315139003106e-05]
[-0.05542184124730187, -0.027211086892008438, -0.06689953301534883, -0.10022909903288359, 0.05287443038825443, 0.004049529080012151]
[-0.11044872988454002, -0.05464833027322031, -0.13335041900107178, -0.20055710958204956, 0.1055216421975062, 0.008111177475163305]
[-0.16547561852177817, -0.08208557365443217, -0.19980130498679474, -0.30088512013121554, 0.15816885400675798, 0.012172825870314458]
[-0.22050250715901631, -0.10952281703564405, -0.2662521909725177, -0.4012131306803815, 0.21081606581600976, 0.016234474265465614]
[-0.27552939579625446, -0.1369600604168559, -0.33270307695824064, -0.5015411412295475, 0.2634632776252615, 0.020296122660616766]
[-0.3305562844334926, -0.16439730379806777, -0.3991539629439636, -0.6018691517787135, 0.3161104894345133, 0.02435777105576792]
[-0.38558317307073076, -0.19183454717927964, -0.46560484892968657, -0.7021971623278794, 0.36875770124376506, 0.028419419450919074]
[-0.4406100617079689, -0.21927179056049154, -0.5320557349154095, -0.8025251728770454, 0.42140491305301686, 0.03248106784607023]
[-0.4956369503452071, -0.2467090339417034, -0.5985066209011325, -0.9028531834262115, 0.47405212486226866, 0.036542716241221386]
[-0.5506638389824452, -0.27414627732291524, -0.6649575068868554, -1.0031811939753774, 0.5266993366715204, 0.040604364636372535]
[-0.6056907276196835, -0.30158352070412714, -0.7314083928725784, -1.1035092045245434, 0.5793465484807722, 0.04466601303152369]
[-0.6607176162569215, -0.329020764085339, -0.7978592788583013, -1.2038372150737093, 0.631993760290024, 0.04872766142667484]
[-0.7157445048941597, -0.3564580074665509, -0.8643101648440243, -1.3041652256228753, 0.6846409720992758, 0.052789309821826]
[-0.7707713935313978, -0.3838952508477627, -0.9307610508297472, -1.4044932361720412, 0.7372881839085275, 0.05685095821697715]
[-0.825798282168636, -0.4113324942289746, -0.9972119368154703, -1.5048212467212074, 0.7899353957177793, 0.06091260661212831]
[-0.8808251708058741, -0.4387697376101865, -1.063662822801193, -1.6051492572703732, 0.8425826075270311, 0.06497425500727946]
[-0.9358520594431122, -0.46620698099139835, -1.130113708786916, -1.7054772678195391, 0.8952298193362828, 0.06903590340243061]
[-0.9908789480803505, -0.49364422437261024, -1.196564594772639, -1.8058052783687053, 0.9478770311455347, 0.07309755179758178]
[-1.0459058367175886, -0.5210814677538221, -1.263015480758362, -1.9061332889178713, 1.0005242429547865, 0.07715920019273292]
[-1.1009327253548267, -0.5485187111350339, -1.329466366744085, -2.006461299467037, 1.053171454764038, 0.08122084858788407]
[-1.1559596139920647, -0.5759559545162458, -1.3959172527298078, -2.106789310016203, 1.1058186665732899, 0.08528249698303522]
[-1.2109865026293032, -0.6033931978974577, -1.462368138715531, -2.207117320565369, 1.1584658783825417, 0.08934414537818638]
[-1.2660133912665412, -0.6308304412786696, -1.5288190247012539, -2.3074453311145353, 1.2111130901917935, 0.09340579377333753]
[-1.3210402799037793, -0.6582676846598814, -1.5952699106869768, -2.407773341663701, 1.2637603020010453, 0.09746744216848868]
[-1.3760671685410175, -0.6857049280410933, -1.6617207966726997, -2.508101352212867, 1.3164075138102969, 0.10152909056363983]
[-1.4310940571782558, -0.7131421714223052, -1.7281716826584228, -2.608429362762033, 1.3690547256195489, 0.10559073895879101]
[-1.4861209458154938, -0.7405794148035171, -1.7946225686441457, -2.708757373311199, 1.4217019374288007, 0.10965238735394216]
[-1.5411478344527318, -0.7680166581847289, -1.8610734546298686, -2.809085383860365, 1.4743491492380523, 0.1137140357490933]
[-1.59617472308997, -0.7954539015659408, -1.9275243406155915, -2.909413394409531, 1.526996361047304, 0.11777568414424446]
[-1.6512016117272084, -0.8228911449471527, -1.9939752266013147, -3.0097414049586972, 1.5796435728565559, 0.12183733253939562]
[-1.7062285003644464, -0.8503283883283645, -2.0604261125870376, -3.110069415507863, 1.6322907846658077, 0.12589898093454677]