[-0.00023151379486385792, 9.24582621077974e-05, -0.0002920137021495961, 0.00011685249316695234, 0.0001874142585585048, 0.00014609746440275018]
[0.049703886580652216, -0.021830929628615294, -0.0747687798664011, 0.06011290236747974, -0.03588777743236444, -0.061727593294002674]
[0.09963928695616829, -0.043754317519338386, -0.1492455460306526, 0.12010895224179252, -0.07196296912328738, -0.1236012840524081]
[0.14957468733168436, -0.06567770541006147, -0.2237223121949041, 0.18010500211610528, -0.10803816081421032, -0.1854749748108135]
[0.19951008770720044, -0.08760109330078457, -0.2981990783591556, 0.2401010519904181, -0.14411335250513327, -0.24734866556921895]
[0.24944548808271652, -0.10952448119150766, -0.37267584452340713, 0.3000971018647308, -0.1801885441960562, -0.30922235632762435]
[0.2993808884582326, -0.13144786908223074, -0.4471526106876586, 0.3600931517390436, -0.21626373588697914, -0.3710960470860297]
[0.34931628883374866, -0.15337125697295384, -0.5216293768519101, 0.4200892016133564, -0.2523389275779021, -0.4329697378444352]
[0.39925168920926474, -0.17529464486367693, -0.5961061430161616, 0.48008525148766923, -0.28841411926882504, -0.49484342860284064]
[0.4491870895847809, -0.19721803275440006, -0.6705829091804132, 0.540081301361982, -0.324489310959748, -0.556717119361246]
[0.4991224899602969, -0.21914142064512313, -0.7450596753446647, 0.6000773512362947, -0.3605645026506709, -0.6185908101196514]
[0.549057890335813, -0.24106480853584622, -0.8195364415089161, 0.6600734011106075, -0.39663969434159385, -0.6804645008780569]
[0.598993290711329, -0.2629881964265693, -0.8940132076731676, 0.7200694509849203, -0.4327148860325168, -0.7423381916364622]
[0.6489286910868451, -0.2849115843172924, -0.9684899738374192, 0.7800655008592331, -0.4687900777234398, -0.8042118823948677]
[0.6988640914623612, -0.3068349722080155, -1.0429667400016707, 0.8400615507335458, -0.5048652694143627, -0.8660855731532732]
[0.7487994918378772, -0.32875836009873854, -1.117443506165922, 0.9000576006078586, -0.5409404611052856, -0.9279592639116785]
[0.7987348922133933, -0.35068174798946167, -1.1919202723301736, 0.9600536504821715, -0.5770156527962086, -0.989832954670084]
[0.8486702925889095, -0.3726051358801848, -1.2663970384944252, 1.0200497003564841, -0.6130908444871315, -1.0517066454284894]
[0.8986056929644256, -0.3945285237709079, -1.3408738046586768, 1.080045750230797, -0.6491660361780545, -1.1135803361868948]
[0.9485410933399416, -0.416451911661631, -1.4153505708229281, 1.1400418001051098, -0.6852412278689773, -1.1754540269453002]
[0.9984764937154577, -0.43837529955235405, -1.4898273369871797, 1.2000378499794224, -0.7213164195599003, -1.2373277177037056]
[1.0484118940909737, -0.46029868744307717, -1.5643041031514313, 1.2600338998537355, -0.7573916112508233, -1.299201408462111]
[1.0983472944664898, -0.48222207533380024, -1.6387808693156827, 1.320029949728048, -0.7934668029417462, -1.3610750992205165]
[1.1681819700974048, -0.4718446073276058, -1.6810431731308044, 1.3916668358597943, -0.8012463621675997, -1.4540098789183151]
[1.2380166457283195, -0.46146713932141137, -1.7233054769459262, 1.4633037219915404, -0.8090259213934532, -1.5469446586161137]
[1.3078513213592344, -0.45108967131521693, -1.765567780761048, 1.5349406081232866, -0.8168054806193068, -1.6398794383139124]
[1.3776859969901492, -0.4407122033090225, -1.8078300845761697, 1.6065774942550326, -0.8245850398451603, -1.7328142180117112]
[1.447520672621064, -0.430334735302828, -1.8500923883912912, 1.6782143803867788, -0.8323645990710138, -1.8257489977095098]
[1.517355348251979, -0.4199572672966336, -1.892354692206413, 1.749851266518525, -0.8401441582968673, -1.9186837774073084]
[1.587190023882894, -0.40957979929043914, -1.9346169960215347, 1.821488152650271, -0.8479237175227208, -2.0116185571051073]
[1.6570246995138087, -0.3992023312842447, -1.9768792998366564, 1.8931250387820173, -0.8557032767485744, -2.1045533368029057]
[1.7268593751447234, -0.38882486327805027, -2.019141603651778, 1.9647619249137636, -0.8634828359744279, -2.1974881165007045]
[1.7966940507756384, -0.37844739527185584, -2.0614039074668997, 2.0363988110455096, -0.8712623952002814, -2.2904228961985034]
[1.8665287264065533, -0.36806992726566135, -2.1036662112820217, 2.1080356971772556, -0.8790419544261349, -2.3833576758963018]
[1.9363634020374683, -0.3576924592594669, -2.145928515097143, 2.179672583309002, -0.8868215136519884, -2.4762924555941]
[2.006198077668383, -0.3473149912532725, -2.188190818912265, 2.251309469440748, -0.894601072877842, -2.569227235291899]
[2.076032753299298, -0.33693752324707804, -2.2304531227273867, 2.322946355572494, -0.9023806321036955, -2.662162014989698]
[2.1458674289302127, -0.3265600552408836, -2.2727154265425087, 2.3945832417042405, -0.910160191329549, -2.7550967946874962]
[2.2157021045611276, -0.31618258723468917, -2.31497773035763, 2.4662201278359865, -0.9179397505554024, -2.848031574385295]