[-0.000422981895639829, 0.0002261043419764519, -0.0004101675106467084, 0.00013597589004454846, 0.00021749646309388027, -6.1358607270634025e-06]
[0.03428933465267456, -0.026435331387943718, -0.09293959685014229, -0.05506913363431179, 0.005402969905824907, 0.0934214647673766]
[0.06900165120098894, -0.05309676711786389, -0.18546902618963787, -0.11027424315866813, 0.010588443348555934, 0.18684906539548027]
[0.10371396774930333, -0.07975820284778407, -0.27799845552913344, -0.16547935268302447, 0.01577391679128696, 0.2802766660235839]
[0.13842628429761772, -0.10641963857770423, -0.37052788486862903, -0.2206844622073808, 0.020959390234017987, 0.3737042666516876]
[0.17313860084593213, -0.13308107430762442, -0.4630573142081246, -0.27588957173173717, 0.026144863676749015, 0.46713186727979134]
[0.2078509173942465, -0.15974251003754458, -0.5555867435476202, -0.3310946812560935, 0.03133033711948004, 0.5605594679078949]
[0.2425632339425609, -0.18640394576746475, -0.6481161728871158, -0.38629979078044985, 0.03651581056221107, 0.6539870685359986]
[0.27727555049087527, -0.2130653814973849, -0.7406456022266114, -0.44150490030480616, 0.041701284004942094, 0.7474146691641023]
[0.3119878670391897, -0.2397268172273051, -0.833175031566107, -0.4967100098291625, 0.04688675744767312, 0.840842269792206]
[0.3467001835875041, -0.2663882529572253, -0.9257044609056025, -0.5519151193535189, 0.05207223089040415, 0.9342698704203097]
[0.3814125001358185, -0.2930496886871455, -1.0182338902450982, -0.6071202288778752, 0.05725770433313518, 1.0276974710484135]
[0.4161248166841328, -0.3197111244170656, -1.1107633195845936, -0.6623253384022315, 0.0624431777758662, 1.1211250716765169]
[0.45083713323244723, -0.3463725601469858, -1.2032927489240892, -0.7175304479265879, 0.06762865121859722, 1.2145526723046207]
[0.48554944978076164, -0.37303399587690594, -1.2958221782635848, -0.7727355574509442, 0.07281412466132826, 1.3079802729327243]
[0.5202617663290761, -0.39969543160682613, -1.3883516076030804, -0.8279406669753006, 0.07799959810405929, 1.4014078735608282]
[0.5549740828773904, -0.42635686733674627, -1.480881036942576, -0.8831457764996569, 0.0831850715467903, 1.4948354741889316]
[0.5896863994257048, -0.45301830306666646, -1.5734104662820716, -0.9383508860240133, 0.08837054498952134, 1.5882630748170354]
[0.6243987159740192, -0.47967973879658665, -1.6659398956215672, -0.9935559955483696, 0.09355601843225236, 1.681690675445139]
[0.7182168998077739, -0.4844325668598572, -1.6460804878837128, -1.02661405840251, 0.009766212933689206, 1.6590029149714416]
[0.8120350836415287, -0.48918539492312774, -1.6262210801458583, -1.0596721212566507, -0.07402359256487395, 1.636315154497744]
[0.9058532674752834, -0.4939382229863983, -1.6063616724080039, -1.0927301841107913, -0.15781339806343714, 1.6136273940240464]
[0.9996714513090381, -0.4986910510496688, -1.5865022646701494, -1.1257882469649316, -0.24160320356200027, 1.590939633550349]
[1.093489635142793, -0.5034438791129394, -1.566642856932295, -1.1588463098190722, -0.3253930090605635, 1.5682518730766513]
[1.1873078189765476, -0.5081967071762099, -1.5467834491944406, -1.1919043726732128, -0.40918281455912664, 1.5455641126029538]