[-0.0003843523961535311, 0.00022325154421221072, -0.00029786503402018383, 0.00013696804059115664, 0.00017767012725400377, -1.710792502240821e-05]
[0.001150535461357113, 0.0035491779289468562, -0.11884516188434274, 0.08087093315979718, -0.00944002598160692, -0.09099444402075577]
[0.002685423318867757, 0.006875104313681502, -0.2373924587346653, 0.1616048982790032, -0.019057722090467844, -0.18197178011648912]
[0.004220311176378401, 0.010201030698416146, -0.35593975558498786, 0.24233886339820923, -0.028675418199328766, -0.27294911621222245]
[0.005755199033889045, 0.013526957083150793, -0.4744870524353104, 0.32307282851741526, -0.03829311430818969, -0.36392645230795584]
[0.007290086891399689, 0.016852883467885438, -0.593034349285633, 0.4038067936366213, -0.047910810417050614, -0.4549037884036892]
[0.008824974748910332, 0.02017880985262008, -0.7115816461359555, 0.4845407587558273, -0.05752850652591154, -0.5458811244994225]
[0.010359862606420977, 0.02350473623735473, -0.8301289429862782, 0.5652747238750334, -0.06714620263477247, -0.6368584605951559]
[0.011894750463931621, 0.026830662622089375, -0.9486762398366007, 0.6460086889942394, -0.07676389874363339, -0.7278357966908893]
[0.013429638321442264, 0.030156589006824018, -1.0672235366869232, 0.7267426541134454, -0.0863815948524943, -0.8188131327866226]
[0.014964526178952909, 0.033482515391558665, -1.1857708335372459, 0.8074766192326515, -0.09599929096135523, -0.909790468882356]
[0.01649941403646355, 0.03680844177629331, -1.3043181303875684, 0.8882105843518574, -0.10561698707021616, -1.0007678049780893]
[0.018034301893974196, 0.04013436816102795, -1.422865427237891, 0.9689445494710635, -0.11523468317907708, -1.0917451410738226]
[0.01956918975148484, 0.043460294545762605, -1.5414127240882134, 1.0496785145902696, -0.12485237928793802, -1.1827224771695561]
[0.021104077608995485, 0.04678622093049725, -1.6599600209385361, 1.1304124797094757, -0.13447007539679895, -1.2736998132652895]
[0.022638965466506126, 0.05011214731523189, -1.7785073177888584, 1.2111464448286815, -0.14408777150565985, -1.3646771493610228]
[0.024173853324016774, 0.05343807369996654, -1.8970546146391811, 1.2918804099478876, -0.15370546761452078, -1.4556544854567561]
[0.02570874118152742, 0.056764000084701186, -2.0156019114895036, 1.3726143750670936, -0.1633231637233817, -1.5466318215524897]
[0.02724362903903806, 0.060089926469435825, -2.134149208339826, 1.4533483401862997, -0.1729408598322426, -1.6376091576482228]
[0.028778516896548704, 0.06341585285417048, -2.2526965051901486, 1.5340823053055057, -0.18255855594110354, -1.7285864937439561]
[0.03031340475405935, 0.06674177923890512, -2.3712438020404716, 1.6148162704247118, -0.19217625204996447, -1.8195638298396897]
[0.03184829261156999, 0.07006770562363976, -2.4897910988907936, 1.6955502355439176, -0.2017939481588254, -1.9105411659354228]
[0.033383180469080634, 0.07339363200837441, -2.6083383957411166, 1.7762842006631236, -0.21141164426768633, -2.001518502031156]
[0.03491806832659128, 0.07671955839310905, -2.726885692591439, 1.85701816578233, -0.22102934037654726, -2.0924958381268897]
[0.03645295618410192, 0.08004548477784369, -2.8454329894417616, 1.9377521309015358, -0.23064703648540816, -2.1834731742226228]
[0.03798784404161257, 0.08337141116257835, -2.963980286292084, 2.018486096020742, -0.2402647325942691, -2.2744505103183563]
[0.14562727447507684, 0.09691290689280263, -2.9737934416236538, 2.0940821576941704, -0.2831505237871052, -2.3333475675582966]
[0.2532667049085411, 0.11045440262302691, -2.9836065969552235, 2.169678219367599, -0.32603631497994134, -2.392244624798237]
[0.36090613534200533, 0.1239958983532512, -2.993419752286793, 2.2452742810410276, -0.36892210617277743, -2.4511416820381773]
[0.4685455657754696, 0.13753739408347548, -3.003232907618363, 2.320870342714456, -0.4118078973656135, -2.5100387392781176]
[0.5761849962089339, 0.15107888981369977, -3.0130460629499325, 2.396466404387885, -0.4546936885584497, -2.568935796518058]
[0.6838244266423982, 0.16462038554392405, -3.022859218281502, 2.4720624660613137, -0.4975794797512858, -2.6278328537579982]
[0.7914638570758624, 0.17816188127414834, -3.032672373613072, 2.5476585277347423, -0.5404652709441219, -2.686729910997938]
[0.8991032875093267, 0.19170337700437262, -3.0424855289446415, 2.623254589408171, -0.583351062136958, -2.7456269682378784]
[1.006742717942791, 0.2052448727345969, -3.052298684276211, 2.6988506510815995, -0.6262368533297942, -2.8045240254778188]
[1.1143821483762553, 0.2187863684648212, -3.062111839607781, 2.7744467127550285, -0.6691226445226303, -2.863421082717759]
[1.2220215788097195, 0.23232786419504547, -3.0719249949393506, 2.8500427744284567, -0.7120084357154663, -2.9223181399576994]
[1.3296610092431838, 0.24586935992526976, -3.0817381502709202, 2.9256388361018857, -0.7548942269083024, -2.9812151971976397]
[1.437300439676648, 0.25941085565549404, -3.09155130560249, 3.0012348977753143, -0.7977800181011386, -3.04011225443758]
[1.5449398701101122, 0.27295235138571833, -3.1013644609340596, 3.076830959448743, -0.8406658092939747, -3.0990093116775204]