[-0.0003423499710573097, 0.00016591401117516114, -0.0004317565782256949, 0.00010603080145799026, 0.0002271015568675594, -3.353460808508402e-05]
[-0.04685355005337016, -0.019108311325373512, -0.08734951840301389, 0.09021277107053056, 0.05851909329382373, 0.004486791649242552]
[-0.09336475013568302, -0.038382536661922186, -0.17426728022780208, 0.18031951133960314, 0.1168110850307799, 0.009007117906570187]
[-0.13987595021799587, -0.05765676199847086, -0.2611850420525903, 0.2704262516086757, 0.1751030767677361, 0.013527444163897824]
[-0.18638715030030872, -0.07693098733501953, -0.34810280387737846, 0.3605329918777483, 0.23339506850469224, 0.01804777042122546]
[-0.2328983503826216, -0.09620521267156822, -0.43502056570216674, 0.4506397321468209, 0.2916870602416485, 0.0225680966785531]
[-0.27940955046493443, -0.11547943800811689, -0.5219383275269549, 0.5407464724158935, 0.3499790519786046, 0.02708842293588073]
[-0.3259207505472473, -0.13475366334466557, -0.6088560893517431, 0.6308532126849661, 0.4082710437155608, 0.03160874919320837]
[-0.37243195062956014, -0.15402788868121423, -0.6957738511765312, 0.7209599529540386, 0.4665630354525169, 0.036129075450536]
[-0.41894315071187305, -0.1733021140177629, -0.7826916130013195, 0.8110666932231112, 0.5248550271894732, 0.040649401707863644]
[-0.4654543507941859, -0.1925763393543116, -0.8696093748261078, 0.9011734334921838, 0.5831470189264294, 0.04516972796519128]
[-0.5119655508764986, -0.21185056469086025, -0.9565271366508958, 0.9912801737612562, 0.6414390106633855, 0.04969005422251891]
[-0.5584767509588116, -0.23112479002740893, -1.0434448984756841, 1.081386914030329, 0.6997310024003417, 0.05421038047984655]
[-0.6049879510411245, -0.25039901536395764, -1.1303626603004724, 1.1714936542994014, 0.7580229941372979, 0.05873070673717418]
[-0.6514991511234373, -0.2696732407005063, -1.2172804221252604, 1.2616003945684742, 0.816314985874254, 0.06325103299450183]
[-0.6980103512057502, -0.288947466037055, -1.3041981839500487, 1.3517071348375467, 0.8746069776112102, 0.06777135925182946]
[-0.744521551288063, -0.3082216913736036, -1.3911159457748368, 1.4418138751066192, 0.9328989693481663, 0.07229168550915709]
[-0.7910327513703758, -0.32749591671015227, -1.478033707599625, 1.5319206153756917, 0.9911909610851225, 0.07681201176648472]
[-0.8375439514526888, -0.346770142046701, -1.5649514694244133, 1.6220273556447644, 1.0494829528220788, 0.08133233802381237]
[-0.8840551515350016, -0.36604436738324964, -1.6518692312492014, 1.712134095913837, 1.1077749445590348, 0.08585266428114]
[-0.9305663516173145, -0.38531859271979835, -1.7387869930739899, 1.8022408361829096, 1.1660669362959912, 0.09037299053846765]
[-0.9770775516996273, -0.404592818056347, -1.825704754898778, 1.8923475764519821, 1.2243589280329472, 0.09489331679579527]
[-1.02358875178194, -0.42386704339289566, -1.912622516723566, 1.9824543167210544, 1.2826509197699034, 0.0994136430531229]
[-1.070099951864253, -0.44314126872944437, -1.9995402785483543, 2.072561056990127, 1.3409429115068596, 0.10393396931045054]
[-1.1166111519465658, -0.462415494065993, -2.0864580403731425, 2.1626677972592, 1.3992349032438158, 0.10845429556777818]
[-1.1631223520288787, -0.4816897194025417, -2.1733758021979304, 2.252774537528272, 1.4575268949807718, 0.11297462182510581]
[-1.2096335521111916, -0.5009639447390904, -2.260293564022719, 2.342881277797345, 1.5158188867177282, 0.11749494808243345]
[-1.2561447521935043, -0.5202381700756391, -2.347211325847507, 2.4329880180664176, 1.5741108784546842, 0.12201527433976109]
[-1.3026559522758172, -0.5395123954121878, -2.434129087672295, 2.5230947583354904, 1.6324028701916404, 0.12653560059708874]
[-1.3491671523581301, -0.5587866207487364, -2.5210468494970835, 2.6132014986045626, 1.6906948619285966, 0.13105592685441636]