[-0.0003166815049278071, 0.00014820256918035568, -0.00046830562590916003, 0.00014645803933621693, 0.0001909119368619372, -2.6973456623835546e-05]
[0.03712118768066418, -0.05241611278113244, -0.13394049101404853, -0.01272487584685666, 0.027470025932822606, 0.03356700227191075]
[0.07455905686625616, -0.10498042813144523, -0.2674126764021879, -0.025596209733049536, 0.054749139928783275, 0.06716097800044533]
[0.11199692605184815, -0.15754474348175804, -0.4008848617903273, -0.038467543619242414, 0.08202825392474394, 0.10075495372897993]
[0.14943479523744013, -0.21010905883207082, -0.5343570471784667, -0.05133887750543529, 0.10930736792070461, 0.1343489294575145]
[0.18687266442303213, -0.2626733741823836, -0.6678292325666061, -0.06421021139162818, 0.13658648191666528, 0.1679429051860491]
[0.2243105336086241, -0.31523768953269643, -0.8013014179547454, -0.07708154527782105, 0.16386559591262595, 0.2015368809145837]
[0.26174840279421613, -0.36780200488300924, -0.9347736033428848, -0.08995287916401393, 0.19114470990858662, 0.23513085664311828]
[0.29918627197980807, -0.420366320233322, -1.0682457887310242, -0.1028242130502068, 0.2184238239045473, 0.26872483237165284]
[0.33662414116540007, -0.4729306355836348, -1.2017179741191635, -0.11569554693639968, 0.24570293790050796, 0.30231880810018746]
[0.37406201035099207, -0.5254949509339476, -1.335190159507303, -0.12856688082259257, 0.2729820518964686, 0.33591278382872203]
[0.411499879536584, -0.5780592662842604, -1.4686623448954421, -0.14143821470878543, 0.3002611658924293, 0.3695067595572566]
[0.448937748722176, -0.6306235816345732, -1.6021345302835817, -0.1543095485949783, 0.32754027988838996, 0.4031007352857912]
[0.5047672690430755, -0.6130875983942868, -1.6366541081636625, -0.09084522773609145, 0.38245992499032955, 0.33646254131814873]
[0.5605967893639748, -0.5955516151540005, -1.6711736860437434, -0.027380906877204597, 0.43737957009226913, 0.2698243473505063]
[0.6164263096848743, -0.5780156319137141, -1.7056932639238243, 0.0360834139816823, 0.4922992151942087, 0.20318615338286378]
[0.6722558300057737, -0.5604796486734277, -1.7402128418039053, 0.09954773484056911, 0.5472188602961483, 0.13654795941522135]
[0.7280853503266731, -0.5429436654331413, -1.7747324196839862, 0.16301205569945598, 0.6021385053980878, 0.06990976544757888]
[0.7839148706475726, -0.5254076821928549, -1.809251997564067, 0.2264763765583429, 0.6570581505000275, 0.0032715714799363416]
[0.8397443909684721, -0.5078716989525686, -1.843771575444148, 0.2899406974172297, 0.711977795601967, -0.06336662248770608]
[0.8955739112893715, -0.4903357157122822, -1.8782911533242288, 0.35340501827611653, 0.7668974407039065, -0.1300048164553485]
[0.9514034316102709, -0.4727997324719958, -1.9128107312043097, 0.4168693391350034, 0.821817085805846, -0.19664301042299098]
[1.0072329519311702, -0.4552637492317095, -1.9473303090843905, 0.48033365999389027, 0.8767367309077856, -0.26328120439063346]
[1.0630624722520696, -0.4377277659914231, -1.9818498869644714, 0.5437979808527771, 0.9316563760097252, -0.32991939835827594]
[1.1188919925729692, -0.42019178275113667, -2.0163694648445523, 0.6072623017116641, 0.9865760211116649, -0.39655759232591853]
[1.1747215128938686, -0.4026557995108503, -2.0508890427246333, 0.6707266225705508, 1.0414956662136043, -0.4631957862935609]
[1.230551033214768, -0.38511981627056396, -2.0854086206047144, 0.7341909434294378, 1.096415311315544, -0.5298339802612033]
[1.2863805535356674, -0.3675838330302776, -2.119928198484795, 0.7976552642883246, 1.1513349564174835, -0.5964721742288458]