[-0.00024707715347904724, 0.0001261339744260681, -0.0003544675595570368, -4.336795979931196e-05, 0.00030647069456701814, 0.00013942613440320883]
[0.0028582004003751046, -0.03095269911380084, -0.13935082355421435, -0.03948579191520969, -0.03224392509339246, -0.03854170391632457]
[0.005963477954229256, -0.06203153220202775, -0.27834717954887167, -0.07892821587062007, -0.06479432088135194, -0.07722283396705235]
[0.009068755508083406, -0.09311036529025465, -0.41734353554352893, -0.11837063982603044, -0.0973447166693114, -0.11590396401778012]
[0.01217403306193756, -0.12418919837848157, -0.5563398915381863, -0.15781306378144083, -0.1298951124572709, -0.1545850940685079]
[0.01527931061579171, -0.15526803146670848, -0.6953362475328435, -0.1972554877368512, -0.16244550824523035, -0.19326622411923566]
[0.01838458816964586, -0.18634686455493538, -0.8343326035275008, -0.23669791169226156, -0.1949959040331898, -0.23194735416996345]
[0.021489865723500014, -0.21742569764316227, -0.9733289595221581, -0.27614033564767193, -0.2275462998211493, -0.27062848422069125]
[0.024595143277354167, -0.2485045307313892, -1.1123253155168156, -0.31558275960308235, -0.2600966956091088, -0.309309614271419]
[0.02770042083120832, -0.2795833638196161, -1.2513216715114728, -0.3550251835584927, -0.2926470913970683, -0.3479907443221468]
[0.030805698385062467, -0.310662196907843, -1.39031802750613, -0.3944676075139031, -0.3251974871850277, -0.38667187437287454]
[0.03391097593891662, -0.3417410299960699, -1.5293143835007874, -0.43391003146931345, -0.3577478829729872, -0.42535300442360235]
[0.15010943390238196, -0.35528937353747914, -1.5384931850897843, -0.3303105777262702, -0.32813602422502464, -0.45703528040345853]
[0.26630789186584736, -0.36883771707888835, -1.547671986678781, -0.22671112398322693, -0.29852416547706206, -0.4887175563833147]
[0.3825063498293127, -0.38238606062029756, -1.5568507882677778, -0.12311167024018366, -0.2689123067290995, -0.5203998323631709]
[0.49870480779277804, -0.3959344041617068, -1.5660295898567744, -0.01951221649714041, -0.2393004479811369, -0.5520821083430271]
[0.6149032657562434, -0.40948274770311593, -1.5752083914457713, 0.08408723724590289, -0.20968858923317432, -0.5837643843228832]
[0.7311017237197088, -0.42303109124452515, -1.584387193034768, 0.18768669098894614, -0.18007673048521175, -0.6154466603027394]
[0.847300181683174, -0.43657943478593436, -1.5935659946237648, 0.29128614473198927, -0.15046487173724918, -0.6471289362825956]
[0.9634986396466394, -0.4501277783273436, -1.6027447962127614, 0.39488559847503263, -0.12085301298928658, -0.6788112122624518]
[1.0796970976101048, -0.46367612186875273, -1.6119235978017583, 0.49848505221807576, -0.09124115424132401, -0.710493488242308]
[1.1958955555735702, -0.47722446541016195, -1.621102399390755, 0.6020845059611193, -0.061629295493361436, -0.7421757642221641]
[1.3120940135370354, -0.49077280895157116, -1.6302812009797518, 0.7056839597041624, -0.032017436745398864, -0.7738580402020203]
[1.428292471500501, -0.5043211524929804, -1.6394600025687485, 0.8092834134472058, -0.0024055779974362923, -0.8055403161818765]
[1.5444909294639662, -0.5178694960343896, -1.6486388041577453, 0.9128828671902489, 0.02720628075052626, -0.8372225921617327]