[-0.0003281056996859988, 7.175465733233466e-05, -0.00043147792648046135, 7.65611965141133e-05, 0.0002963353945872882, 1.2585958038435763e-05]
[0.06093984002941408, -0.05211961927203978, -0.12082256452580567, 0.024522226291765543, 0.01662642378221611, -0.020080870841743165]
[0.12220778575851415, -0.10431099320141189, -0.24121365112513088, 0.048967891387016974, 0.03295651216984493, -0.04017432764152477]
[0.18347573148761423, -0.156502367130784, -0.36160473772445606, 0.0734135564822684, 0.049286600557473755, -0.06026778444130637]
[0.2447436772167143, -0.20869374106015612, -0.4819958243237813, 0.09785922157751983, 0.06561668894510257, -0.08036124124108797]
[0.30601162294581435, -0.2608851149895282, -0.6023869109231065, 0.12230488667277126, 0.0819467773327314, -0.10045469804086958]
[0.36727956867491446, -0.31307648891890033, -0.7227779975224317, 0.14675055176802268, 0.09827686572036022, -0.12054815484065118]
[0.42854751440401445, -0.36526786284827245, -0.8431690841217568, 0.1711962168632741, 0.11460695410798903, -0.14064161164043276]
[0.4898154601331146, -0.41745923677764457, -0.9635601707210821, 0.19564188195852555, 0.13093704249561786, -0.16073506844021437]
[0.5510834058622146, -0.46965061070701664, -1.0839512573204073, 0.22008754705377695, 0.14726713088324667, -0.18082852523999596]
[0.6123513515913147, -0.5218419846363888, -1.2043423439197325, 0.2445332121490284, 0.1635972192708755, -0.2009219820397776]
[0.6736192973204148, -0.5740333585657609, -1.3247334305190577, 0.2689788772442798, 0.17992730765850432, -0.22101543883955918]
[0.7348872430495149, -0.626224732495133, -1.4451245171183829, 0.29342454233953125, 0.19625739604613315, -0.2411088956393408]
[0.7961551887786149, -0.6784161064245051, -1.565515603717708, 0.31787020743478267, 0.21258748443376196, -0.2612023524391224]
[0.8559340657182805, -0.6562048354698241, -1.5740037427136142, 0.22913522861484714, 0.19586543559058336, -0.15656354614031226]
[0.915712942657946, -0.6339935645151431, -1.5824918817095204, 0.14040024979491159, 0.17914338674740476, -0.05192473984150214]
[0.9754918195976114, -0.6117822935604621, -1.5909800207054265, 0.05166527097497603, 0.16242133790422617, 0.05271406645730797]
[1.035270696537277, -0.5895710226057811, -1.5994681597013327, -0.0370697078449595, 0.14569928906104757, 0.1573528727561181]
[1.0950495734769425, -0.5673597516511, -1.6079562986972389, -0.12580468666489508, 0.12897724021786894, 0.26199167905492826]
[1.1548284504166082, -0.5451484806964191, -1.6164444376931448, -0.2145396654848306, 0.11225519137469035, 0.3666304853537383]
[1.2146073273562736, -0.522937209741738, -1.624932576689051, -0.30327464430476625, 0.09553314253151174, 0.4712692916525485]
[1.274386204295939, -0.5007259387870571, -1.6334207156849572, -0.39200962312470167, 0.07881109368833317, 0.5759080979513586]
[1.3341650812356047, -0.47851466783237595, -1.6419088546808633, -0.4807446019446372, 0.06208904484515454, 0.6805469042501687]
[1.3939439581752704, -0.45630339687769494, -1.6503969936767695, -0.5694795807645728, 0.04536699600197594, 0.7851857105489789]
[1.4537228351149358, -0.43409212592301394, -1.6588851326726757, -0.6582145595845083, 0.02864494715879734, 0.8898245168477888]
[1.5135017120546013, -0.41188085496833293, -1.6673732716685818, -0.7469495384044439, 0.011922898315618737, 0.994463323146599]