[-0.000364592266700825, 0.00025327925660345585, -0.0004283256979675798, 9.862642726421456e-05, 0.0001731249640402055, 0.00012951214175949133]
[-0.0546373668453212, -0.032218013069907875, -0.05252625167720892, 0.10052400077452248, 0.06834947256183328, -0.0014337791520304022]
[-0.10891014142394158, -0.0646893053964192, -0.10462417765645025, 0.20094937512178074, 0.13652582015962636, -0.0029970704458202957]
[-0.16318291600256196, -0.09716059772293055, -0.1567221036356916, 0.301374749469039, 0.20470216775741945, -0.00456036173961019]
[-0.21745569058118233, -0.12963189004944187, -0.20882002961493293, 0.40180012381629726, 0.2728785153552125, -0.006123653033400083]
[-0.2717284651598027, -0.1621031823759532, -0.26091795559417424, 0.5022254981635554, 0.3410548629530056, -0.007686944327189976]
[-0.3260012397384231, -0.19457447470246456, -0.31301588157341564, 0.6026508725108138, 0.4092312105507987, -0.00925023562097987]
[-0.3802740143170435, -0.2270457670289759, -0.36511380755265693, 0.703076246858072, 0.47740755814859176, -0.010813526914769764]
[-0.43454678889566384, -0.2595170593554872, -0.4172117335318983, 0.8035016212053303, 0.5455839057463848, -0.012376818208559657]
[-0.48881956347428424, -0.29198835168199855, -0.46930965951113957, 0.9039269955525885, 0.6137602533441779, -0.01394010950234955]
[-0.5430923380529046, -0.32445964400850985, -0.5214075854903809, 1.0043523698998467, 0.681936600941971, -0.015503400796139443]
[-0.5973651126315249, -0.35693093633502115, -0.5735055114696223, 1.104777744247105, 0.7501129485397641, -0.017066692089929336]
[-0.6516378872101454, -0.38940222866153257, -0.6256034374488637, 1.2052031185943635, 0.8182892961375572, -0.018629983383719233]
[-0.7059106617887658, -0.42187352098804387, -0.6777013634281049, 1.3056284929416215, 0.8864656437353503, -0.020193274677509126]
[-0.7601834363673862, -0.45434481331455523, -0.7297992894073463, 1.4060538672888798, 0.9546419913331433, -0.02175656597129902]
[-0.8144562109460065, -0.48681610564106653, -0.7818972153865876, 1.5064792416361381, 1.0228183389309364, -0.023319857265088912]
[-0.8687289855246269, -0.5192873979675778, -0.833995141365829, 1.6069046159833964, 1.0909946865287294, -0.024883148558878805]
[-0.9230017601032472, -0.5517586902940892, -0.8860930673450703, 1.7073299903306547, 1.1591710341265227, -0.026446439852668698]
[-0.9772745346818676, -0.5842299826206006, -0.9381909933243116, 1.8077553646779128, 1.2273473817243157, -0.02800973114645859]
[-1.0315473092604879, -0.6167012749471118, -0.9902889193035529, 1.908180739025171, 1.2955237293221087, -0.029573022440248484]
[-1.0858200838391083, -0.6491725672736232, -1.0423868452827942, 2.008606113372429, 1.3637000769199017, -0.031136313734038377]
[-1.1400928584177288, -0.6816438596001345, -1.0944847712620356, 2.1090314877196876, 1.431876424517695, -0.032699605027828274]
[-1.194365632996349, -0.7141151519266458, -1.146582697241277, 2.2094568620669457, 1.500052772115488, -0.034262896321618164]
[-1.2486384075749697, -0.7465864442531572, -1.1986806232205185, 2.309882236414204, 1.5682291197132812, -0.03582618761540806]
[-1.30291118215359, -0.7790577365796686, -1.2507785491997598, 2.4103076107614627, 1.6364054673110742, -0.03738947890919796]
[-1.3571839567322104, -0.8115290289061798, -1.302876475179001, 2.510732985108721, 1.7045818149088674, -0.038952770202987846]
[-1.4114567313108308, -0.8440003212326912, -1.3549744011582423, 2.611158359455979, 1.7727581625066604, -0.04051606149677774]
[-1.465729505889451, -0.8764716135592026, -1.4070723271374836, 2.7115837338032374, 1.8409345101044534, -0.04207935279056763]
[-1.5200022804680715, -0.9089429058857139, -1.459170253116725, 2.8120091081504954, 1.9091108577022464, -0.04364264408435753]
[-1.5742750550466917, -0.9414141982122252, -1.5112681790959663, 2.912434482497754, 1.9772872053000397, -0.04520593537814742]
[-1.6285478296253122, -0.9738854905387365, -1.5633661050752077, 3.012859856845012, 2.0454635528978327, -0.046769226671937315]