[-0.0003614835374241565, 8.712245782405148e-05, -0.0004369643573207682, -2.860668111726028e-05, 0.0002836218750754682, 3.0539310102106754e-05]
[-0.02242005099736432, -0.0026352145546920344, -0.10125668761177989, 0.08213100264787893, -0.01589814888203559, -0.07592726051661568]
[-0.044478618457304483, -0.00535755156720812, -0.202076410866239, 0.1642906119768751, -0.03207991963914665, -0.15188506034333346]
[-0.06653718591724465, -0.008079888579724206, -0.30289613412069816, 0.2464502213058713, -0.0482616903962577, -0.22784286017005123]
[-0.08859575337718481, -0.010802225592240292, -0.40371585737515725, 0.3286098306348675, -0.06444346115336877, -0.30380065999676903]
[-0.11065432083712498, -0.013524562604756377, -0.5045355806296163, 0.41076943996386367, -0.08062523191047982, -0.3797584598234868]
[-0.13271288829706515, -0.016246899617272464, -0.6053553038840755, 0.49292904929285986, -0.09680700266759087, -0.45571625965020457]
[-0.1547714557570053, -0.018969236629788548, -0.7061750271385346, 0.575088658621856, -0.11298877342470194, -0.5316740594769224]
[-0.17683002321694546, -0.021691573642304635, -0.8069947503929937, 0.6572482679508522, -0.129170544181813, -0.6076318593036402]
[-0.19888859067688563, -0.024413910654820722, -0.9078144736474529, 0.7394078772798484, -0.14535231493892406, -0.683589659130358]
[-0.2209471581368258, -0.027136247667336806, -1.008634196901912, 0.8215674866088446, -0.1615340856960351, -0.7595474589570758]
[-0.24300572559676598, -0.029858584679852897, -1.1094539201563713, 0.9037270959378408, -0.1777158564531462, -0.8355052587837936]
[-0.26506429305670615, -0.03258092169236898, -1.2102736434108303, 0.985886705266837, -0.19389762721025722, -0.9114630586105112]
[-0.2871228605166463, -0.03530325870488507, -1.3110933666652895, 1.0680463145958332, -0.2100793979673683, -0.9874208584372292]
[-0.30918142797658643, -0.03802559571740115, -1.4119130899197485, 1.1502059239248292, -0.22626116872447935, -1.0633786582639468]
[-0.33123999543652666, -0.04074793272991724, -1.5127328131742077, 1.2323655332538257, -0.24244293948159043, -1.1393364580906646]
[-0.3532985628964668, -0.04347026974243332, -1.6135525364286667, 1.3145251425828217, -0.2586247102387015, -1.2152942579173824]
[-0.37535713035640694, -0.04619260675494941, -1.714372259683126, 1.396684751911818, -0.27480648099581256, -1.2912520577441002]
[-0.3974156978163471, -0.048914943767465496, -1.815191982937585, 1.478844361240814, -0.2909882517529236, -1.367209857570818]
[-0.4194742652762873, -0.05163728077998158, -1.9160117061920443, 1.5610039705698104, -0.30717002251003467, -1.4431676573975358]
[-0.44153283273622745, -0.054359617792497664, -2.016831429446503, 1.6431635798988065, -0.3233517932671457, -1.5191254572242536]
[-0.4635914001961676, -0.057081954805013754, -2.1176511527009625, 1.7253231892278027, -0.3395335640242568, -1.5950832570509714]
[-0.3035167894433334, -0.058481798549812614, -2.149070692369934, 1.7373177093735541, -0.3802990158089623, -1.6570808285210552]
[-0.14344217869049913, -0.059881642294611466, -2.180490232038905, 1.7493122295193058, -0.4210644675936679, -1.7190783999911392]
[0.016632432062335112, -0.061281486039410325, -2.211909771707876, 1.7613067496650574, -0.4618299193783735, -1.781075971461223]
[0.17670704281516936, -0.06268132978420918, -2.2433293113768475, 1.7733012698108088, -0.5025953711630791, -1.8430735429313068]
[0.3367816535680037, -0.06408117352900804, -2.274748851045819, 1.7852957899565602, -0.5433608229477846, -1.9050711144013908]
[0.49685626432083785, -0.0654810172738069, -2.30616839071479, 1.7972903101023119, -0.5841262747324901, -1.9670686858714745]
[0.6569308750736722, -0.06688086101860574, -2.3375879303837612, 1.8092848302480635, -0.6248917265171957, -2.0290662573415585]
[0.8170054858265063, -0.0682807047634046, -2.3690074700527326, 1.821279350393815, -0.6656571783019012, -2.091063828811642]
[0.9770800965793407, -0.06968054850820346, -2.400427009721704, 1.8332738705395664, -0.7064226300866068, -2.153061400281726]
[1.137154707332175, -0.07108039225300232, -2.431846549390675, 1.845268390685318, -0.7471880818713124, -2.21505897175181]
[1.2972293180850094, -0.07248023599780118, -2.4632660890596463, 1.8572629108310696, -0.787953533656018, -2.277056543221894]
[1.4573039288378433, -0.07388007974260002, -2.4946856287286177, 1.869257430976821, -0.8287189854407235, -2.3390541146919777]
[1.6173785395906777, -0.07527992348739888, -2.5261051683975886, 1.8812519511225725, -0.8694844372254291, -2.4010516861620617]
[1.777453150343512, -0.07667976723219774, -2.55752470806656, 1.8932464712683241, -0.9102498890101347, -2.463049257632145]
[1.9375277610963464, -0.0780796109769966, -2.5889442477355313, 1.9052409914140758, -0.9510153407948403, -2.525046829102229]
[2.09760237184918, -0.07947945472179545, -2.6203637874045027, 1.9172355115598272, -0.9917807925795457, -2.5870444005723128]
[2.257676982602015, -0.08087929846659431, -2.6517833270734736, 1.9292300317055786, -1.0325462443642512, -2.649041972042397]
[2.417751593354849, -0.08227914221139317, -2.683202866742445, 1.9412245518513302, -1.0733116961489568, -2.7110395435124808]