[-0.0002674925919885496, 0.00025857849956878454, -0.00032111501555043276, 0.00014280392897880745, 0.00030938165769267556, 0.00010928901842444105]
[-0.006333558844810121, 0.03270351107252943, -0.1329079997890416, 0.05707674488773513, 0.03264310389379762, -0.04344400990057076]
[-0.012399625097631692, 0.06514844364549008, -0.2654948845625328, 0.11401068584649145, 0.06497682612990256, -0.08699730881956597]
[-0.018465691350453266, 0.09759337621845074, -0.398081769336024, 0.17094462680524777, 0.09731054836600751, -0.13055060773856117]
[-0.024531757603274834, 0.13003830879141137, -0.5306686541095151, 0.2278785677640041, 0.12964427060211245, -0.17410390665755637]
[-0.03059782385609641, 0.16248324136437203, -0.6632555388830064, 0.2848125087227604, 0.1619779928382174, -0.21765720557655158]
[-0.03666389010891798, 0.1949281739373327, -0.7958424236564976, 0.34174644968151674, 0.19431171507432235, -0.2612105044955468]
[-0.04272995636173955, 0.2273731065102933, -0.9284293084299886, 0.39868039064027305, 0.22664543731042727, -0.30476380341454196]
[-0.04879602261456112, 0.25981803908325396, -1.0610161932034798, 0.45561433159902937, 0.2589791595465322, -0.3483171023335372]
[-0.0548620888673827, 0.2922629716562146, -1.193603077976971, 0.5125482725577857, 0.2913128817826372, -0.39187040125253236]
[-0.06092815512020427, 0.3247079042291753, -1.3261899627504623, 0.569482213516542, 0.3236466040187421, -0.4354237001715276]
[-0.06699422137302584, 0.35715283680213594, -1.4587768475239535, 0.6264161544752984, 0.3559803262548471, -0.4789769990905228]
[-0.07306028762584742, 0.3895977693750966, -1.5913637322974448, 0.6833500954340547, 0.388314048490952, -0.522530298009518]
[-0.07912635387866897, 0.42204270194805715, -1.7239506170709356, 0.7402840363928109, 0.42064777072705695, -0.5660835969285132]
[-0.08519242013149055, 0.4544876345210178, -1.8565375018444268, 0.7972179773515673, 0.45298149296316187, -0.6096368958475084]
[-0.09125848638431212, 0.4869325670939785, -1.989124386617918, 0.8541519183103237, 0.48531521519926685, -0.6531901947665035]
[-0.09732455263713369, 0.5193774996669391, -2.1217112713914092, 0.9110858592690799, 0.5176489374353718, -0.6967434936854988]
[-0.10339061888995527, 0.5518224322398998, -2.2542981561649005, 0.9680198002278363, 0.5499826596714767, -0.740296792604494]
[0.02018261296378221, 0.5067306335588488, -2.2717911212839894, 0.9446893251431461, 0.5777042962801794, -0.698067154321682]
[0.14375584481751968, 0.461638834877798, -2.2892840864030783, 0.9213588500584559, 0.6054259328888821, -0.6558375160388701]
[0.26732907667125716, 0.4165470361967471, -2.3067770515221673, 0.8980283749737655, 0.6331475694975848, -0.6136078777560581]
[0.39090230852499463, 0.3714552375156962, -2.324270016641256, 0.8746978998890753, 0.6608692061062875, -0.5713782394732461]
[0.5144755403787321, 0.32636343883464525, -2.341762981760345, 0.8513674248043851, 0.6885908427149902, -0.529148601190434]
[0.6380487722324696, 0.2812716401535944, -2.359255946879434, 0.8280369497196949, 0.7163124793236928, -0.48691896290762215]
[0.7616220040862071, 0.23617984147254345, -2.376748911998523, 0.8047064746350046, 0.7440341159323955, -0.4446893246248102]
[0.8851952359399445, 0.19108804279149255, -2.394241877117612, 0.7813759995503143, 0.7717557525410983, -0.40245968634199825]
[1.008768467793682, 0.14599624411044168, -2.411734842236701, 0.7580455244656241, 0.7994773891498009, -0.36023004805918624]
[1.1305738165582855, 0.10346163506031536, -2.4267908506523974, 0.734779630592336, 0.8239428875716803, -0.3139408907080217]
[1.2523791653228893, 0.06092702601018904, -2.441846859068094, 0.7115137367190478, 0.8484083859935598, -0.2676517333568572]
[1.3741845140874929, 0.018392416960062746, -2.45690286748379, 0.6882478428457598, 0.8728738844154392, -0.2213625760056927]
[1.4959898628520967, -0.024142192090063602, -2.4719588758994866, 0.6649819489724716, 0.8973393828373187, -0.1750734186545282]
[1.6177952116167003, -0.06667680114018991, -2.487014884315183, 0.6417160550991835, 0.9218048812591981, -0.12878426130336368]