[-0.00037630739538840885, 0.00023312460645286137, -0.0004386545996304392, 0.0001052743766578601, 0.00018665032876707954, 2.9803093398506064e-05]
[0.02089274451302135, 0.0024675520407011287, -0.1353204870203609, -0.04399029170141615, -0.012336728368723236, 0.07870409294147711]
[0.04216179642143111, 0.004701979474949396, -0.27020231944109135, -0.08808585777949016, -0.02486010706621355, 0.1573783827895557]
[0.06343084832984086, 0.006936406909197664, -0.4050841518618218, -0.13218142385756418, -0.03738348576370387, 0.23605267263763433]
[0.08469990023825062, 0.00917083434344593, -0.5399659842825523, -0.17627698993563817, -0.04990686446119418, 0.3147269624857129]
[0.10596895214666037, 0.011405261777694197, -0.6748478167032826, -0.2203725560137122, -0.06243024315868449, 0.39340125233379153]
[0.12723800405507013, 0.013639689211942467, -0.8097296491240131, -0.2644681220917862, -0.07495362185617482, 0.47207554218187014]
[0.14850705596347988, 0.015874116646190733, -0.9446114815447436, -0.30856368816986024, -0.08747700055366513, 0.5507498320299488]
[0.16977610787188965, 0.018108544080439, -1.079493313965474, -0.3526592542479342, -0.10000037925115544, 0.6294241218780273]
[0.1910451597802994, 0.020342971514687266, -1.2143751463862045, -0.39675482032600823, -0.11252375794864575, 0.7080984117261059]
[0.21231421168870915, 0.022577398948935533, -1.3492569788069348, -0.44085038640408225, -0.12504713664613606, 0.7867727015741846]
[0.2335832635971189, 0.0248118263831838, -1.4841388112276652, -0.4849459524821562, -0.13757051534362638, 0.8654469914222631]
[0.25485231550552867, 0.027046253817432073, -1.6190206436483958, -0.5290415185602303, -0.15009389404111673, 0.9441212812703418]
[0.27612136741393845, 0.02928068125168034, -1.7539024760691264, -0.5731370846383043, -0.16261727273860702, 1.0227955711184205]
[0.29739041932234817, 0.031515108685928606, -1.8887843084898568, -0.6172326507163783, -0.17514065143609733, 1.101469860966499]
[0.31865947123075794, 0.03374953612017687, -2.023666140910587, -0.6613282167944523, -0.18766403013358765, 1.1801441508145776]
[0.4673984110732806, 0.010805995099689759, -2.029847741003485, -0.6696380118698895, -0.11509368865753561, 1.1451652256880405]
[0.6161373509158032, -0.012137545920797355, -2.0360293410963823, -0.6779478069453265, -0.04252334718148357, 1.1101863005615031]
[0.764876290758326, -0.03508108694128446, -2.04221094118928, -0.6862576020207637, 0.030046994294568447, 1.075207375434966]
[0.9136152306008487, -0.05802462796177158, -2.048392541282178, -0.6945673970962009, 0.10261733577062052, 1.0402284503084287]
[1.0623541704433712, -0.0809681689822587, -2.0545741413750753, -0.702877192171638, 0.17518767724667253, 1.0052495251818916]
[1.211093110285894, -0.1039117100027458, -2.060755741467973, -0.7111869872470751, 0.24775801872272454, 0.9702706000553545]
[1.3598320501284167, -0.12685525102323292, -2.0669373415608705, -0.7194967823225122, 0.32032836019877653, 0.9352916749288173]
[1.5085709899709394, -0.14979879204372004, -2.0731189416537683, -0.7278065773979494, 0.39289870167482865, 0.90031274980228]
[1.6573099298134621, -0.17274233306420717, -2.079300541746666, -0.7361163724733866, 0.46546904315088067, 0.8653338246757429]
[1.8060488696559847, -0.19568587408469426, -2.0854821418395635, -0.7444261675488236, 0.5380393846269327, 0.8303548995492057]
[1.9547878094985074, -0.21862941510518138, -2.0916637419324613, -0.7527359626242608, 0.6106097261029847, 0.7953759744226685]