[-0.00034973909749957954, 0.00011657301156464683, -0.0003878786299971182, 0.00014490840766523405, 0.0002708283572125936, 9.901823958013978e-05]
[0.03666534695577407, -0.016421296757465776, -0.07934745885605918, -0.10120610746069138, 0.0725241550332799, -0.0012321286357273988]
[0.07368043300904772, -0.0329591665264962, -0.15830703908212124, -0.202557123329048, 0.1447774817093472, -0.0025632755110349373]
[0.11069551906232138, -0.049497036295526625, -0.2372666193081833, -0.3039081391974046, 0.21703080838541453, -0.003894422386342476]
[0.14771060511559503, -0.06603490606455704, -0.31622619953424536, -0.4052591550657612, 0.2892841350614818, -0.005225569261650014]
[0.1847256911688687, -0.08257277583358748, -0.3951857797603074, -0.5066101709341179, 0.36153746173754914, -0.006556716136957553]
[0.22174077722214233, -0.0991106456026179, -0.4741453599863695, -0.6079611868024745, 0.43379078841361646, -0.007887863012265092]
[0.258755863275416, -0.11564851537164832, -0.5531049402124315, -0.7093122026708311, 0.5060441150896837, -0.00921900988757263]
[0.29577094932868964, -0.13218638514067874, -0.6320645204384936, -0.8106632185391877, 0.578297441765751, -0.010550156762880169]
[0.33278603538196333, -0.14872425490970917, -0.7110241006645557, -0.9120142344075443, 0.6505507684418184, -0.011881303638187707]
[0.36980112143523697, -0.1652621246787396, -0.7899836808906177, -1.013365250275901, 0.7228040951178857, -0.013212450513495245]
[0.40681620748851066, -0.18179999444777004, -0.8689432611166799, -1.1147162661442576, 0.7950574217939531, -0.014543597388802785]
[0.44383129354178424, -0.19833786421680044, -0.9479028413427418, -1.2160672820126142, 0.8673107484700203, -0.015874744264110324]
[0.48084637959505794, -0.21487573398583087, -1.026862421568804, -1.317418297880971, 0.9395640751460878, -0.017205891139417864]
[0.5178614656483316, -0.23141360375486128, -1.105822001794866, -1.4187693137493274, 1.0118174018221548, -0.0185370380147254]
[0.5548765517016052, -0.2479514735238917, -1.1847815820209282, -1.5201203296176842, 1.0840707284982223, -0.01986818489003294]
[0.5918916377548789, -0.2644893432929221, -1.26374116224699, -1.6214713454860405, 1.1563240551742895, -0.021199331765340477]
[0.6289067238081526, -0.28102721306195255, -1.3427007424730522, -1.7228223613543974, 1.228577381850357, -0.022530478640648017]
[0.6659218098614262, -0.297565082830983, -1.4216603226991142, -1.8241733772227537, 1.3008307085264241, -0.023861625515955553]
[0.7029368959146999, -0.3141029526000134, -1.5006199029251763, -1.9255243930911106, 1.3730840352024916, -0.025192772391263094]
[0.8054385575678452, -0.35653821474690867, -1.499459932886718, -1.9550830335584486, 1.349281444741954, 0.004789423854974981]
[0.9079402192209907, -0.39897347689380386, -1.4982999628482596, -1.9846416740257866, 1.3254788542814164, 0.034771620101213055]
[1.010441880874136, -0.4414087390406991, -1.4971399928098013, -2.0142003144931246, 1.301676263820879, 0.06475381634745113]
[1.089772935357708, -0.45857586359178654, -1.5018160604674287, -2.0091298583569417, 1.2449554352831878, 0.17537271028774248]
[1.1691039898412796, -0.4757429881428739, -1.506492128125056, -2.0040594022207587, 1.1882346067454963, 0.2859916042280338]
[1.2484350443248515, -0.49291011269396134, -1.5111681957826835, -1.9989889460845762, 1.131513778207805, 0.3966104981683252]
[1.3277660988084232, -0.5100772372450487, -1.515844263440311, -1.9939184899483933, 1.0747929496701136, 0.5072293921086165]
[1.4070971532919954, -0.5272443617961362, -1.5205203310979385, -1.9888480338122103, 1.0180721211324224, 0.617848286048908]
[1.486428207775567, -0.5444114863472236, -1.525196398755566, -1.9837775776760276, 0.9613512925947311, 0.7284671799891993]
[1.5041259770933328, -0.5269152100711659, -1.5464449234166835, -1.9510815610176062, 0.9019839111717992, 0.87654080235095]
[1.5218237464110986, -0.5094189337951082, -1.5676934480778013, -1.918385544359185, 0.8426165297488674, 1.0246144247127007]
[1.5395215157288644, -0.4919226575190505, -1.588941972738919, -1.8856895277007637, 0.7832491483259356, 1.1726880470744514]
[1.5572192850466304, -0.47442638124299286, -1.6101904974000367, -1.8529935110423426, 0.7238817669030038, 1.320761669436202]
[1.5749170543643962, -0.45693010496693515, -1.6314390220611543, -1.8202974943839212, 0.6645143854800719, 1.468835291797953]
[1.592614823682162, -0.4394338286908775, -1.6526875467222721, -1.7876014777255, 0.6051470040571401, 1.6169089141597035]
[1.6103125929999278, -0.4219375524148198, -1.6739360713833897, -1.7549054610670787, 0.5457796226342082, 1.7649825365214544]