[-0.0004248427704443003, 0.0001231951613549498, -0.0004627866273381187, -4.6600766056670295e-05, 0.00022038770415999664, 0.0001022743361742684]
[-0.07278065883519455, -0.03229291208275483, -0.05215174293229491, -0.0774235925016708, 0.056278799601200566, 0.010535634595393702]
[-0.1451364748999448, -0.06470901932686461, -0.1038406992372517, -0.15480058423728493, 0.11233721149824114, 0.020968994854613135]
[-0.21749229096469502, -0.09712512657097438, -0.1555296555422085, -0.23217757597289906, 0.16839562339528172, 0.03140235511383257]
[-0.2898481070294453, -0.12954123381508417, -0.20721861184716528, -0.3095545677085132, 0.22445403529232227, 0.041835715373052]
[-0.3622039230941955, -0.16195734105919393, -0.25890756815212207, -0.3869315594441273, 0.28051244718936286, 0.052269075632271435]
[-0.43455973915894575, -0.19437344830330372, -0.31059652445707886, -0.46430855117974146, 0.33657085908640344, 0.06270243589149087]
[-0.506915555223696, -0.2267895555474135, -0.36228548076203565, -0.5416855429153555, 0.392629270983444, 0.0731357961507103]
[-0.5792713712884463, -0.2592056627915233, -0.41397443706699244, -0.6190625346509697, 0.44868768288048455, 0.08356915640992973]
[-0.6516271873531966, -0.2916217700356331, -0.4656633933719493, -0.6964395263865839, 0.5047460947775252, 0.09400251666914917]
[-0.7239830034179467, -0.3240378772797428, -0.517352349676906, -0.773816518122198, 0.5608045066745657, 0.1044358769283686]
[-0.796338819482697, -0.35645398452385263, -0.5690413059818629, -0.8511935098578122, 0.6168629185716064, 0.11486923718758804]
[-0.8686946355474472, -0.3888700917679624, -0.6207302622868196, -0.9285705015934262, 0.6729213304686469, 0.12530259744680747]
[-0.9410504516121976, -0.4212861990120722, -0.6724192185917764, -1.0059474933290404, 0.7289797423656875, 0.13573595770602692]
[-1.0134062676769477, -0.45370230625618196, -0.7241081748967332, -1.0833244850646544, 0.785038154262728, 0.14616931796524632]
[-1.085762083741698, -0.4861184135002918, -0.77579713120169, -1.1607014768002686, 0.8410965661597687, 0.15660267822446577]
[-1.1581178998064483, -0.5185345207444015, -0.8274860875066468, -1.2380784685358828, 0.8971549780568091, 0.1670360384836852]
[-1.2304737158711985, -0.5509506279885112, -0.8791750438116035, -1.3154554602714967, 0.9532133899538496, 0.17746939874290463]
[-1.3028295319359489, -0.5833667352326212, -0.9308640001165605, -1.3928324520071111, 1.0092718018508904, 0.18790275900212408]
[-1.375185348000699, -0.6157828424767309, -0.9825529564215172, -1.470209443742725, 1.065330213747931, 0.1983361192613435]
[-1.4475411640654492, -0.6481989497208406, -1.034241912726474, -1.5475864354783393, 1.1213886256449714, 0.20876947952056293]
[-1.5198969801301994, -0.6806150569649504, -1.0859308690314307, -1.6249634272139533, 1.177447037542012, 0.21920283977978236]
[-1.5922527961949497, -0.7130311642090602, -1.1376198253363876, -1.7023404189495677, 1.2335054494390527, 0.22963620003900181]
[-1.6646086122597, -0.74544727145317, -1.1893087816413443, -1.7797174106851816, 1.2895638613360931, 0.24006956029822124]
[-1.73696442832445, -0.7778633786972797, -1.240997737946301, -1.8570944024207958, 1.3456222732331338, 0.25050292055744067]
[-1.8093202443892002, -0.8102794859413894, -1.2926866942512578, -1.9344713941564098, 1.4016806851301742, 0.2609362808166601]
[-1.8816760604539509, -0.8426955931854994, -1.3443756505562148, -2.011848385892024, 1.457739097027215, 0.2713696410758796]
[-1.954031876518701, -0.8751117004296091, -1.3960646068611715, -2.0892253776276384, 1.5137975089242555, 0.281803001335099]
[-2.026387692583451, -0.9075278076737189, -1.4477535631661282, -2.166602369363252, 1.569855920821296, 0.2922363615943184]
[-2.098743508648201, -0.9399439149178286, -1.499442519471085, -2.2439793610988663, 1.6259143327183365, 0.3026697218535378]
[-2.1710993247129515, -0.9723600221619385, -1.551131475776042, -2.3213563528344805, 1.6819727446153774, 0.3131030821127573]
[-2.243455140777702, -1.0047761294060482, -1.6028204320809987, -2.3987333445700947, 1.7380311565124178, 0.3235364423719767]