[-0.000411569778250076, 8.96871388329501e-05, -0.0004386177985749029, -1.8730153889201517e-05, 0.00018823419362412608, 8.738667833796399e-05]
[0.01813862423949495, -0.035753822394805485, -0.11106414333090717, -0.02644898162073537, 0.017508940599999717, 0.09560121982440287]
[0.03668881825723998, -0.07159733192844392, -0.22168966886323943, -0.05287923308758154, 0.03482964700637531, 0.19111505297046777]
[0.055239012274985004, -0.10744084146208235, -0.33231519439557167, -0.07930948455442771, 0.0521503534127509, 0.2866288861165327]
[0.07378920629273003, -0.1432843509957208, -0.44294071992790396, -0.10573973602127387, 0.06947105981912649, 0.3821427192625976]
[0.09233940031047505, -0.17912786052935922, -0.5535662454602363, -0.13216998748812003, 0.08679176622550208, 0.47765655240866245]
[0.11088959432822008, -0.21497137006299766, -0.6641917709925684, -0.15860023895496622, 0.10411247263187767, 0.5731703855547274]
[0.12943978834596512, -0.25081487959663606, -0.7748172965249007, -0.18503049042181238, 0.12143317903825326, 0.6686842187007923]
[0.14798998236371014, -0.2866583891302745, -0.885442822057233, -0.21146074188865854, 0.13875388544462885, 0.7641980518468572]
[0.16654017638145516, -0.322501898663913, -0.9960683475895653, -0.2378909933555047, 0.15607459185100445, 0.8597118849929221]
[0.18509037039920018, -0.3583454081975514, -1.1066938731218976, -0.26432124482235086, 0.17339529825738004, 0.9552257181389869]
[0.20364056441694522, -0.3941889177311898, -1.21731939865423, -0.29075149628919705, 0.19071600466375563, 1.050739551285052]
[0.22219075843469024, -0.43003242726482827, -1.327944924186562, -0.31718174775604324, 0.20803671107013122, 1.146253384431117]
[0.24074095245243526, -0.4658759367984667, -1.4385704497188943, -0.3436119992228894, 0.2253574174765068, 1.2417672175771817]
[0.2592911464701803, -0.5017194463321051, -1.5491959752512265, -0.37004225068973556, 0.2426781238828824, 1.3372810507232467]
[0.2778413404879253, -0.5375629558657435, -1.6598215007835588, -0.3964725021565817, 0.25999883028925797, 1.4327948838693114]
[0.29639153450567035, -0.573406465399382, -1.7704470263158911, -0.4229027536234279, 0.2773195366956336, 1.5283087170153764]
[0.4444963172480819, -0.5715440382220076, -1.7596328997118693, -0.47241426572566836, 0.3091474964024813, 1.4833769529184293]
[0.5926010999904934, -0.5696816110446333, -1.7488187731078473, -0.5219257778279087, 0.34097545610932906, 1.4384451888214824]
[0.7407058827329049, -0.5678191838672589, -1.7380046465038255, -0.5714372899301492, 0.37280341581617676, 1.3935134247245353]
[0.8888106654753165, -0.5659567566898845, -1.7271905198998037, -0.6209488020323897, 0.40463137552302453, 1.3485816606275882]
[1.036915448217728, -0.5640943295125102, -1.7163763932957818, -0.6704603141346301, 0.43645933522987224, 1.3036498965306413]
[1.1850202309601396, -0.5622319023351359, -1.7055622666917598, -0.7199718262368705, 0.46828729493671994, 1.2587181324336942]
[1.333125013702551, -0.5603694751577615, -1.694748140087738, -0.769483338339111, 0.5001152546435677, 1.2137863683367471]
[1.4812297964449628, -0.5585070479803871, -1.6839340134837162, -0.8189948504413515, 0.5319432143504155, 1.1688546042398003]
[1.6293345791873746, -0.5566446208030127, -1.6731198868796944, -0.8685063625435919, 0.5637711740572632, 1.1239228401428532]
[1.777439361929786, -0.5547821936256384, -1.6623057602756723, -0.9180178746458323, 0.5955991337641109, 1.0789910760459063]
[1.9255441446721973, -0.552919766448264, -1.6514916336716505, -0.9675293867480728, 0.6274270934709586, 1.0340593119489592]