[-0.0004267834765991907, 0.00018875095675419118, -0.00045507500959196534, -3.8139539685566604e-05, 0.00016075677776417052, 5.949472135657885e-05]
[0.04331281132661427, -0.06446778972385174, -0.09713115735939394, 0.009639304981179944, 0.04952120438817339, 0.04093903733985788]
[0.08705240612982773, -0.12912433040445767, -0.19380723970919592, 0.019316749502045455, 0.0988816519985826, 0.08181857995835919]
[0.1307920009330412, -0.1937808710850636, -0.2904833220589979, 0.028994194022910966, 0.14824209960899182, 0.12269812257686048]
[0.17453159573625465, -0.25843741176566953, -0.38715940440879987, 0.038671638543776476, 0.19760254721940104, 0.1635776651953618]
[0.21827119053946814, -0.3230939524462755, -0.4838354867586019, 0.04834908306464199, 0.24696299482981027, 0.20445720781386312]
[0.2620107853426816, -0.38775049312688137, -0.5805115691084038, 0.0580265275855075, 0.29632344244021946, 0.2453367504323644]
[0.30575038014589506, -0.4524070338074873, -0.6771876514582058, 0.06770397210637301, 0.3456838900506287, 0.2862162930508657]
[0.3494899749491085, -0.5170635744880933, -0.7738637338080078, 0.07738141662723852, 0.3950443376610379, 0.327095835669367]
[0.39322956975232204, -0.5817201151686993, -0.8705398161578098, 0.08705886114810403, 0.44440478527144717, 0.36797537828786836]
[0.43696916455553547, -0.6463766558493051, -0.9672158985076118, 0.09673630566896954, 0.49376523288185636, 0.40885492090636966]
[0.4807087593587489, -0.711033196529911, -1.0638919808574137, 0.10641375018983505, 0.5431256804922656, 0.4497344635248709]
[0.5244483541619623, -0.7756897372105169, -1.1605680632072157, 0.11609119471070056, 0.5924861281026748, 0.4906140061433722]
[0.5681879489651759, -0.8403462778911229, -1.2572441455570178, 0.1257686392315661, 0.641846575713084, 0.5314935487618736]
[0.6119275437683893, -0.9050028185717288, -1.3539202279068197, 0.13544608375243158, 0.6912070233234933, 0.5723730913803748]
[0.6770623145086611, -0.8817191757970562, -1.3713319381497153, 0.1964045217614726, 0.6796663816946429, 0.4672130934844433]
[0.7421970852489328, -0.8584355330223835, -1.3887436483926108, 0.2573629597705136, 0.6681257400657925, 0.36205309558851173]
[0.8073318559892044, -0.8351518902477109, -1.4061553586355064, 0.3183213977795546, 0.6565850984369421, 0.25689309769258023]
[0.8724666267294763, -0.8118682474730382, -1.4235670688784021, 0.3792798357885956, 0.6450444568080917, 0.15173309979664867]
[0.9376013974697479, -0.7885846046983656, -1.4409787791212976, 0.4402382737976366, 0.6335038151792414, 0.04657310190071717]
[1.0027361682100198, -0.7653009619236928, -1.4583904893641932, 0.5011967118066776, 0.6219631735503911, -0.05858689599521438]
[1.0678709389502914, -0.7420173191490202, -1.4758021996070887, 0.5621551498157186, 0.6104225319215407, -0.16374689389114594]
[1.133005709690563, -0.7187336763743475, -1.4932139098499844, 0.6231135878247597, 0.5988818902926903, -0.2689068917870775]
[1.198140480430835, -0.6954500335996748, -1.51062562009288, 0.6840720258338007, 0.58734124866384, -0.37406688968300916]
[1.2632752511711067, -0.6721663908250022, -1.5280373303357755, 0.7450304638428417, 0.5758006070349896, -0.4792268875789405]
[1.3284100219113784, -0.6488827480503295, -1.5454490405786712, 0.8059889018518827, 0.5642599654061392, -0.5843868854748722]