[-0.000300948189931205, 0.00022506593281867993, -0.0004330583876770433, 0.00014321393799487936, 0.0002999996379520198, 9.301029836006336e-05]
[0.018438202058632287, -0.06273502075277067, -0.050857552644375095, -0.10265166655811071, 0.026423790176176687, 0.03133388014058504]
[0.03717735230719578, -0.12569510743836002, -0.10128204690107315, -0.2054465470542163, 0.052547580714401354, 0.06257474998281001]
[0.055916502555759265, -0.18865519412394935, -0.15170654115777119, -0.30824142755032186, 0.07867137125262602, 0.09381561982503497]
[0.07465565280432276, -0.2516152808095387, -0.20213103541446925, -0.4110363080464275, 0.10479516179085069, 0.12505648966725996]
[0.09339480305288625, -0.31457536749512804, -0.2525555296711673, -0.5138311885425331, 0.13091895232907536, 0.15629735950948492]
[0.11213395330144973, -0.3775354541807174, -0.3029800239278653, -0.6166260690386386, 0.15704274286730002, 0.18753822935170988]
[0.13087310355001322, -0.4404955408663067, -0.35340451818456337, -0.7194209495347442, 0.1831665334055247, 0.21877909919393485]
[0.14961225379857673, -0.5034556275518961, -0.40382901244126146, -0.8222158300308499, 0.20929032394374936, 0.25001996903615986]
[0.16835140404714022, -0.5664157142374855, -0.4542535066979595, -0.9250107105269555, 0.23541411448197402, 0.2812608388783848]
[0.1870905542957037, -0.6293758009230748, -0.5046780009546575, -1.027805591023061, 0.2615379050201987, 0.3125017087206098]
[0.2636964220153658, -0.6485251205537939, -0.5706320078609896, -1.0704625702077026, 0.2967777583560995, 0.35324273809883283]
[0.3403022897350279, -0.6676744401845129, -0.6365860147673216, -1.1131195493923443, 0.3320176116920003, 0.3939837674770558]
[0.41690815745468995, -0.6868237598152321, -0.7025400216736536, -1.1557765285769857, 0.36725746502790113, 0.43472479685527887]
[0.4935140251743521, -0.7059730794459512, -0.7684940285799857, -1.1984335077616273, 0.4024973183638019, 0.47546582623350186]
[0.5701198928940141, -0.7251223990766703, -0.8344480354863177, -1.241090486946269, 0.4377371716997027, 0.516206855611725]
[0.6467257606136763, -0.7442717187073894, -0.9004020423926498, -1.2837474661309105, 0.4729770250356035, 0.556947884989948]
[0.7233316283333382, -0.7634210383381085, -0.9663560492989818, -1.3264044453155521, 0.5082168783715043, 0.597688914368171]
[0.7999374960530006, -0.7825703579688277, -1.0323100562053138, -1.3690614245001935, 0.5434567317074052, 0.6384299437463941]
[0.8765433637726625, -0.8017196775995468, -1.0982640631116458, -1.4117184036848351, 0.5786965850433059, 0.679170973124617]
[0.9531492314923247, -0.8208689972302659, -1.1642180700179778, -1.4543753828694768, 0.6139364383792068, 0.71991200250284]
[1.0557232995041104, -0.8056059931235873, -1.228459726935601, -1.446667280674867, 0.6488358360908508, 0.7595313509909056]
[1.158297367515896, -0.7903429890169087, -1.2927013838532242, -1.4389591784802576, 0.6837352338024949, 0.7991506994789711]
[1.2608714355276818, -0.7750799849102302, -1.3569430407708474, -1.431251076285648, 0.7186346315141389, 0.8387700479670366]
[1.3634455035394675, -0.7598169808035516, -1.4211846976884706, -1.4235429740910384, 0.7535340292257829, 0.8783893964551022]
[1.4730526749199793, -0.7240956086340197, -1.4784065443400045, -1.3845458493148564, 0.7849946459225019, 0.9136398204511967]
[1.582659846300491, -0.6883742364644876, -1.5356283909915383, -1.3455487245386741, 0.8164552626192207, 0.9488902444472912]
[1.6922670176810026, -0.6526528642949556, -1.5928502376430722, -1.3065515997624921, 0.8479158793159397, 0.9841406684433858]
[1.8018741890615146, -0.6169314921254236, -1.6500720842946062, -1.2675544749863101, 0.8793764960126585, 1.0193910924394802]
[1.9114813604420262, -0.5812101199558916, -1.7072939309461401, -1.228557350210128, 0.9108371127093775, 1.054641516435575]
[2.021088531822538, -0.5454887477863596, -1.764515777597674, -1.189560225433946, 0.9422977294060964, 1.0898919404316694]
[2.13069570320305, -0.5097673756168275, -1.821737624249208, -1.150563100657764, 0.9737583461028153, 1.1251423644277638]
[2.240302874583562, -0.4740460034472956, -1.8789594709007418, -1.111565975881582, 1.0052189627995343, 1.1603927884238585]
[2.3499100459640734, -0.43832463127776355, -1.9361813175522757, -1.0725688511053997, 1.0366795794962531, 1.195643212419953]