[-0.00034871575083705864, 0.00017089476260689906, -0.0004647446887240392, -1.6909421562516513e-05, 0.00020125670853854416, 0.00011627650628032171]
[0.04142335070956321, -0.03118095298550906, -0.08265701810668828, -0.008834284060247874, -0.030881111640243722, 0.09623249257203476]
[0.08319541716996348, -0.06253280073362502, -0.16484929152465252, -0.01765165869893323, -0.06196347998902599, 0.1923487086377892]
[0.12496748363036378, -0.09388464848174098, -0.24704156494261675, -0.026469033337618592, -0.09304584833780827, 0.2884649247035436]
[0.16673955009076402, -0.12523649622985694, -0.329233838360581, -0.035286407976303946, -0.12412821668659052, 0.38458114076929806]
[0.2085116165511643, -0.1565883439779729, -0.4114261117785452, -0.044103782614989304, -0.15521058503537277, 0.48069735683505244]
[0.2502836830115646, -0.18794019172608886, -0.49361838519650947, -0.05292115725367467, -0.18629295338415508, 0.5768135729008069]
[0.2920557494719649, -0.2192920394742048, -0.5758106586144737, -0.061738531892360025, -0.21737532173293733, 0.6729297889665613]
[0.3338278159323651, -0.2506438872223208, -0.658002932032438, -0.07055590653104538, -0.24845769008171958, 0.7690460050323158]
[0.37559988239276537, -0.28199573497043673, -0.7401952054504022, -0.07937328116973073, -0.27954005843050184, 0.8651622210980702]
[0.41737194885316564, -0.3133475827185527, -0.8223874788683664, -0.08819065580841609, -0.3106224267792841, 0.9612784371638246]
[0.4591440153135659, -0.3446994304666686, -0.9045797522863306, -0.09700803044710145, -0.34170479512806634, 1.057394653229579]
[0.5009160817739663, -0.3760512782147846, -0.9867720257042949, -0.10582540508578682, -0.3727871634768487, 1.1535108692953335]
[0.5426881482343665, -0.40740312596290057, -1.0689642991222592, -0.11464277972447218, -0.40386953182563096, 1.249627085361088]
[0.5844602146947668, -0.4387549737110165, -1.1511565725402233, -0.12346015436315753, -0.4349519001744132, 1.3457433014268423]
[0.626232281155167, -0.47010682145913246, -1.2333488459581876, -0.1322775290018429, -0.46603426852319546, 1.4418595174925968]
[0.7183431489020614, -0.4794495984942855, -1.2615621381906312, -0.16702690663485975, -0.4113236812889991, 1.3764228563613876]
[0.8104540166489558, -0.48879237552943855, -1.2897754304230749, -0.20177628426787664, -0.35661309405480274, 1.3109861952301782]
[0.9025648843958503, -0.49813515256459157, -1.3179887226555185, -0.23652566190089347, -0.3019025068206064, 1.245549534098969]
[0.9946757521427445, -0.5074779295997446, -1.3462020148879619, -0.27127503953391036, -0.24719191958641, 1.1801128729677597]
[1.086786619889639, -0.5168207066348977, -1.3744153071204055, -0.30602441716692724, -0.19248133235221365, 1.1146762118365505]
[1.1788974876365335, -0.5261634836700506, -1.4026285993528491, -0.3407737947999441, -0.1377707451180173, 1.0492395507053414]
[1.2710083553834277, -0.5355062607052037, -1.4308418915852927, -0.37552317243296096, -0.08306015788382093, 0.983802889574132]
[1.3592997828925406, -0.5413818619507983, -1.4499967502615265, -0.40961396774188286, -0.024281133060770288, 0.9067877378336646]
[1.4475912104016535, -0.5472574631963929, -1.4691516089377603, -0.4437047630508047, 0.03449789176228035, 0.8297725860931973]
[1.5358826379107664, -0.5531330644419875, -1.488306467613994, -0.4777955583597266, 0.093276916585331, 0.7527574343527299]
[1.624174065419879, -0.5590086656875821, -1.5074613262902279, -0.5118863536686484, 0.15205594140838163, 0.6757422826122627]
[1.712465492928992, -0.5648842669331767, -1.5266161849664617, -0.5459771489775703, 0.21083496623143227, 0.5987271308717952]
[1.8007569204381049, -0.5707598681787713, -1.5457710436426955, -0.5800679442864922, 0.2696139910544829, 0.5217119791313279]