[-0.0004125617878996124, 0.00021703030565767278, -0.000350178598775841, 0.000123546239436223, 0.00019062449224449551, 1.9271756213967706e-05]
[0.05564930436867799, -0.053488031632551294, -0.10168001873636719, 0.026211872619424537, -0.023613194103138224, -0.039078147501007354]
[0.11171117052525559, -0.10719309357076026, -0.20300985887395853, 0.05230019899941285, -0.047417012698520944, -0.07817556675822868]
[0.1677730366818332, -0.16089815550896922, -0.30433969901154984, 0.07838852537940116, -0.07122083129390366, -0.11727298601544997]
[0.2238349028384108, -0.2146032174471782, -0.4056695391491412, 0.10447685175938948, -0.09502464988928638, -0.15637040527267132]
[0.2798967689949884, -0.26830827938538715, -0.5069993792867326, 0.1305651781393778, -0.1188284684846691, -0.19546782452989261]
[0.335958635151566, -0.3220133413235961, -0.6083292194243238, 0.1566535045193661, -0.14263228708005182, -0.2345652437871139]
[0.3920205013081436, -0.37571840326180506, -0.7096590595619152, 0.18274183089935442, -0.16643610567543454, -0.27366266304433523]
[0.4480823674647212, -0.42942346520001407, -0.8109888996995066, 0.20883015727934273, -0.19023992427081726, -0.3127600823015566]
[0.5041442336212988, -0.483128527138223, -0.912318739837098, 0.23491848365933105, -0.21404374286619998, -0.3518575015587779]
[0.5602060997778764, -0.536833589076432, -1.0136485799746893, 0.26100681003931936, -0.2378475614615827, -0.3909549208159992]
[0.616267965934454, -0.590538651014641, -1.1149784201122808, 0.2870951364193077, -0.2616513800569654, -0.4300523400732206]
[0.6723298320910316, -0.6442437129528499, -1.2163082602498718, 0.313183462799296, -0.28545519865234814, -0.4691497593304418]
[0.7283916982476092, -0.6979487748910589, -1.3176381003874633, 0.3392717891792843, -0.30925901724773086, -0.5082471785876632]
[0.7844535644041868, -0.7516538368292678, -1.4189679405250546, 0.3653601155592726, -0.3330628358431136, -0.5473445978448844]
[0.8405154305607644, -0.8053588987674768, -1.5202977806626459, 0.3914484419392609, -0.3568666544384963, -0.5864420171021058]
[0.896577296717342, -0.8590639607056858, -1.6216276208002374, 0.41753676831924924, -0.380670473033879, -0.6255394363593272]
[0.9526391628739196, -0.9127690226438947, -1.7229574609378286, 0.44362509469923755, -0.40447429162926174, -0.6646368556165484]
[1.0087010290304972, -0.9664740845821037, -1.8242873010754201, 0.46971342107922587, -0.42827811022464446, -0.7037342748737697]
[1.0647628951870747, -1.0201791465203125, -1.9256171412130112, 0.4958017474592142, -0.4520819288200272, -0.742831694130991]
[1.1208247613436524, -1.0738842084585216, -2.0269469813506027, 0.5218900738392025, -0.4758857474154099, -0.7819291133882124]
[1.1660936299254117, -1.0028651369102202, -2.007180855483087, 0.5805012246818964, -0.3966940564092472, -0.8162577115097343]
[1.2113624985071707, -0.9318460653619188, -1.987414729615571, 0.6391123755245902, -0.3175023654030845, -0.8505863096312561]
[1.25663136708893, -0.8608269938136175, -1.9676486037480554, 0.6977235263672841, -0.23831067439692183, -0.8849149077527779]
[1.3019002356706892, -0.789807922265316, -1.9478824778805397, 0.756334677209978, -0.15911898339075908, -0.9192435058742998]
[1.3471691042524483, -0.7187888507170147, -1.928116352013024, 0.8149458280526719, -0.07992729238459645, -0.9535721039958217]
[1.3924379728342076, -0.6477697791687134, -1.908350226145508, 0.8735569788953658, -0.0007356013784337589, -0.9879007021173436]
[1.4377068414159666, -0.5767507076204119, -1.8885841002779924, 0.9321681297380596, 0.07845608962772899, -1.0222293002388654]
[1.4829757099977259, -0.5057316360721105, -1.8688179744104767, 0.9907792805807536, 0.15764778063389173, -1.0565578983603874]
[1.5282445785794851, -0.43471256452380913, -1.849051848542961, 1.0493904314234475, 0.23683947164005437, -1.0908864964819092]
[1.5735134471612442, -0.3636934929755078, -1.829285722675445, 1.1080015822661413, 0.316031162646217, -1.1252150946034312]
[1.6187823157430035, -0.2926744214272063, -1.8095195968079294, 1.1666127331088352, 0.39522285365237975, -1.159543692724953]