[-0.000382683966764219, 0.00010222968800110976, -0.00045449746347081543, 4.201429171679649e-05, 0.00027819216606861374, 5.7663093233628615e-05]
[0.013429391723374448, -0.014851835837401826, -0.11749586004117132, -0.05830733437439111, 0.03999495186386987, -0.04875451800135097]
[0.027241467413513114, -0.02980590136280476, -0.23453722261887183, -0.11665668304049902, 0.07971171156167113, -0.09756669909593557]
[0.04105354310365178, -0.0447599668882077, -0.35157858519657237, -0.17500603170660692, 0.1194284712594724, -0.14637888019052017]
[0.05486561879379045, -0.05971403241361063, -0.46861994777427285, -0.23335538037271483, 0.15914523095727365, -0.19519106128510477]
[0.06867769448392912, -0.07466809793901356, -0.5856613103519733, -0.2917047290388227, 0.1988619906550749, -0.24400324237968937]
[0.08248977017406778, -0.08962216346441651, -0.7027026729296739, -0.35005407770493063, 0.23857875035287618, -0.292815423474274]
[0.09630184586420645, -0.10457622898981944, -0.8197440355073744, -0.40840342637103855, 0.27829551005067743, -0.34162760456885854]
[0.11011392155434511, -0.11953029451522237, -0.9367853980850749, -0.46675277503714646, 0.3180122697484787, -0.3904397856634432]
[0.12392599724448378, -0.1344843600406253, -1.0538267606627754, -0.5251021237032544, 0.35772902944627993, -0.4392519667580278]
[0.13773807293462245, -0.14943842556602824, -1.1708681232404758, -0.5834514723693622, 0.3974457891440812, -0.4880641478526124]
[0.15155014862476113, -0.16439249109143117, -1.2879094858181763, -0.6418008210354702, 0.43716254884188244, -0.536876328947197]
[0.16536222431489978, -0.17934655661683413, -1.404950848395877, -0.7001501697015781, 0.47687930853968374, -0.5856885100417816]
[0.17917430000503845, -0.19430062214223706, -1.5219922109735775, -0.758499518367686, 0.5165960682374849, -0.6345006911363662]
[0.19298637569517713, -0.20925468766764, -1.639033573551278, -0.8168488670337939, 0.5563128279352862, -0.6833128722309507]
[0.20679845138531577, -0.22420875319304293, -1.7560749361289785, -0.8751982156999019, 0.5960295876330874, -0.7321250533255353]
[0.22061052707545445, -0.23916281871844586, -1.873116298706679, -0.9335475643660097, 0.6357463473308888, -0.78093723442012]
[0.3335775026586198, -0.242093705562058, -1.8803423530214776, -0.96200394533356, 0.6584943711260418, -0.6562644403126552]
[0.44654447824178517, -0.24502459240567012, -1.8875684073362762, -0.9904603263011105, 0.681242394921195, -0.5315916462051904]
[0.5595114538249505, -0.24795547924928227, -1.8947944616510748, -1.018916707268661, 0.703990418716348, -0.40691885209772555]
[0.6724784294081159, -0.2508863660928944, -1.9020205159658734, -1.0473730882362111, 0.7267384425115012, -0.2822460579902607]
[0.7854454049912812, -0.25381725293650653, -1.909246570280672, -1.0758294692037615, 0.7494864663066543, -0.1575732638827959]
[0.8984123805744466, -0.2567481397801187, -1.9164726245954704, -1.104285850171312, 0.7722344901018074, -0.03290046977533112]
[1.0113793561576119, -0.2596790266237308, -1.923698678910269, -1.1327422311388622, 0.7949825138969605, 0.09177232433213367]
[1.1243463317407774, -0.2626099134673429, -1.9309247332250676, -1.1611986121064126, 0.8177305376921137, 0.21644511843959857]
[1.2373133073239426, -0.26554080031095506, -1.9381507875398662, -1.189654993073963, 0.8404785614872667, 0.34111791254706336]
[1.3502802829071079, -0.2684716871545672, -1.9453768418546649, -1.2181113740415133, 0.8632265852824199, 0.46579070665452815]
[1.4632472584902734, -0.27140257399817935, -1.9526028961694635, -1.2465677550090637, 0.885974609077573, 0.5904635007619932]
[1.5762142340734386, -0.2743334608417915, -1.959828950484262, -1.2750241359766141, 0.908722632872726, 0.7151362948694577]
[1.689181209656604, -0.2772643476854036, -1.9670550047990607, -1.3034805169441643, 0.9314706566678792, 0.8398090889769227]
[1.8021481852397692, -0.28019523452901574, -1.9742810591138593, -1.3319368979117148, 0.9542186804630323, 0.9644818830843873]
[1.9151151608229346, -0.2831261213726279, -1.9815071134286577, -1.3603932788792652, 0.9769667042581854, 1.089154677191852]
[2.0280821364061, -0.28605700821624, -1.9887331677434563, -1.3888496598468154, 0.9997147280533385, 1.2138274712993171]
[2.1410491119892656, -0.2889878950598522, -1.995959222058255, -1.4173060408143658, 1.0224627518484917, 1.3385002654067817]
[2.254016087572431, -0.29191878190346426, -2.0031852763730535, -1.4457624217819163, 1.0452107756436448, 1.4631730595142467]
[2.366983063155596, -0.2948496687470764, -2.010411330687852, -1.4742188027494665, 1.0679587994387978, 1.5878458536217113]
[2.4799500387387616, -0.29778055559068856, -2.0176373850026508, -1.502675183717017, 1.090706823233951, 1.7125186477291763]