[-0.0003816531946290169, 0.0001096246221035102, -0.00028603845515640103, 6.799863923134808e-05, 0.0003038014148080137, -2.7324210917889502e-05]
[-0.04285966204593707, -0.015569848067950493, -0.08621134524792434, 0.087844124074034, 0.05400349158614581, 0.014397261174416188]
[-0.08533767089724513, -0.031249320758004497, -0.17213665204069228, 0.17562024950883665, 0.10770318175748361, 0.028821846559750265]
[-0.12781567974855318, -0.0469287934480585, -0.2580619588334602, 0.2633963749436393, 0.1614028719288214, 0.043246431945084346]
[-0.17029368859986124, -0.0626082661381125, -0.34398726562622817, 0.35117250037844194, 0.2151025621001592, 0.05767101733041842]
[-0.2127716974511693, -0.0782877388281665, -0.4299125724189961, 0.43894862581324456, 0.268802252271497, 0.0720956027157525]
[-0.25524970630247734, -0.09396721151822052, -0.515837879211764, 0.5267247512480473, 0.3225019424428348, 0.08652018810108658]
[-0.29772771515378543, -0.10964668420827452, -0.601763186004532, 0.6145008766828499, 0.3762016326141726, 0.10094477348642066]
[-0.34020572400509347, -0.12532615689832852, -0.6876884927972999, 0.7022770021176525, 0.4299013227855104, 0.11536935887175473]
[-0.3826837328564015, -0.14100562958838253, -0.7736137995900678, 0.7900531275524552, 0.4836010129568482, 0.12979394425708882]
[-0.4251617417077096, -0.15668510227843652, -0.8595391063828358, 0.8778292529872578, 0.537300703128186, 0.14421852964242288]
[-0.46763975055901763, -0.17236457496849053, -0.9454644131756038, 0.9656053784220605, 0.5910003932995238, 0.15864311502775696]
[-0.5101177594103257, -0.18804404765854454, -1.0313897199683717, 1.0533815038568632, 0.6447000834708616, 0.17306770041309105]
[-0.5525957682616337, -0.20372352034859853, -1.1173150267611396, 1.1411576292916659, 0.6983997736421994, 0.1874922857984251]
[-0.5950737771129418, -0.21940299303865254, -1.2032403335539077, 1.2289337547264685, 0.7520994638135372, 0.2019168711837592]
[-0.6375517859642499, -0.23508246572870653, -1.2891656403466756, 1.316709880161271, 0.805799153984875, 0.21634145656909326]
[-0.6800297948155579, -0.25076193841876054, -1.3750909471394435, 1.4044860055960737, 0.8594988441562128, 0.23076604195442735]
[-0.722507803666866, -0.26644141110881453, -1.4610162539322114, 1.4922621310308763, 0.9131985343275506, 0.24519062733976144]
[-0.764985812518174, -0.28212088379886857, -1.5469415607249792, 1.580038256465679, 0.9668982244988884, 0.2596152127250955]
[-0.8074638213694821, -0.29780035648892256, -1.6328668675177473, 1.6678143819004816, 1.0205979146702262, 0.27403979811042956]
[-0.8499418302207902, -0.31347982917897654, -1.7187921743105152, 1.7555905073352842, 1.074297604841564, 0.28846438349576364]
[-0.8924198390720982, -0.3291593018690306, -1.8047174811032831, 1.843366632770087, 1.1279972950129018, 0.30288896888109773]
[-0.9348978479234062, -0.34483877455908457, -1.8906427878960512, 1.9311427582048897, 1.1816969851842396, 0.3173135542664318]
[-0.9773758567747143, -0.36051824724913856, -1.976568094688819, 2.0189188836396923, 1.2353966753555774, 0.3317381396517659]
[-1.0198538656260223, -0.3761977199391926, -2.062493401481587, 2.106695009074495, 1.2890963655269152, 0.3461627250371]
[-1.0623318744773305, -0.3918771926292466, -2.148418708274355, 2.1944711345092975, 1.342796055698253, 0.360587310422434]
[-1.1048098833286384, -0.40755666531930057, -2.2343440150671228, 2.2822472599441004, 1.3964957458695908, 0.3750118958077681]
[-1.1472878921799465, -0.42323613800935456, -2.320269321859891, 2.370023385378903, 1.4501954360409286, 0.3894364811931022]
[-1.1897659010312547, -0.4389156106994086, -2.406194628652659, 2.4577995108137056, 1.5038951262122664, 0.4038610665784363]
[-1.2322439098825626, -0.4545950833894626, -2.4921199354454266, 2.545575636248508, 1.5575948163836042, 0.4182856519637704]
[-1.2747219187338708, -0.47027455607951657, -2.5780452422381948, 2.633351761683311, 1.611294506554942, 0.4327102373491044]
[-1.3171999275851787, -0.4859540287695706, -2.6639705490309624, 2.7211278871181133, 1.6649941967262798, 0.4471348227344385]
[-1.3596779364364868, -0.5016335014596246, -2.7498958558237305, 2.808904012552916, 1.7186938868976176, 0.4615594081197726]