[-0.0002790063247992691, 0.00021152896008036493, -0.00037213991319795525, 4.375325018290965e-05, 0.0002645008485400169, 0.00014500352483981516]
[-0.06208763004055703, -0.015262429790462557, -0.09201647516687729, -0.08947539061891169, 0.04789232864887149, -0.0019103453236091377]
[-0.12389625375631479, -0.03073638854100548, -0.18366081042055662, -0.17899453448800628, 0.09552015644920296, -0.0039656941720580905]
[-0.18570487747207254, -0.04621034729154841, -0.275305145674236, -0.2685136783571009, 0.14314798424953443, -0.006021043020507044]
[-0.2475135011878303, -0.061684306042091325, -0.3669494809279153, -0.3580328222261955, 0.1907758120498659, -0.008076391868955996]
[-0.309322124903588, -0.07715826479263424, -0.4585938161815946, -0.4475519660952901, 0.23840363985019736, -0.010131740717404948]
[-0.3711307486193458, -0.09263222354317718, -0.550238151435274, -0.5370711099643847, 0.28603146765052884, -0.012187089565853904]
[-0.43293937233510355, -0.1081061822937201, -0.6418824866889533, -0.6265902538334793, 0.3336592954508603, -0.014242438414302856]
[-0.49474799605086134, -0.12358014104426301, -0.7335268219426326, -0.7161093977025739, 0.3812871232511918, -0.016297787262751808]
[-0.5565566197666191, -0.13905409979480593, -0.825171157196312, -0.8056285415716685, 0.4289149510515233, -0.01835313611120076]
[-0.6183652434823768, -0.15452805854534885, -0.9168154924499913, -0.8951476854407631, 0.4765427788518547, -0.02040848495964971]
[-0.6801738671981346, -0.1700020172958918, -1.0084598277036705, -0.9846668293098576, 0.5241706066521862, -0.022463833808098663]
[-0.7419824909138923, -0.18547597604643473, -1.10010416295735, -1.0741859731789523, 0.5717984344525177, -0.024519182656547622]
[-0.8037911146296501, -0.20094993479697765, -1.1917484982110294, -1.163705117048047, 0.6194262622528491, -0.026574531504996574]
[-0.8655997383454078, -0.21642389354752056, -1.2833928334647087, -1.2532242609171416, 0.6670540900531806, -0.028629880353445526]
[-0.9274083620611656, -0.23189785229806348, -1.375037168718388, -1.342743404786236, 0.7146819178535121, -0.030685229201894478]
[-0.9892169857769234, -0.2473718110486064, -1.4666815039720673, -1.4322625486553306, 0.7623097456538436, -0.03274057805034343]
[-1.051025609492681, -0.2628457697991493, -1.5583258392257466, -1.5217816925244252, 0.809937573454175, -0.034795926898792386]
[-1.1128342332084389, -0.2783197285496922, -1.649970174479426, -1.61130083639352, 0.8575654012545065, -0.036851275747241334]
[-1.1746428569241967, -0.29379368730023514, -1.7416145097331053, -1.7008199802626145, 0.9051932290548379, -0.03890662459569029]
[-1.2364514806399542, -0.30926764605077806, -1.8332588449867846, -1.790339124131709, 0.9528210568551694, -0.04096197344413924]
[-1.298260104355712, -0.32474160480132097, -1.924903180240464, -1.8798582680008036, 1.0004488846555009, -0.04301732229258819]
[-1.3600687280714698, -0.34021556355186394, -2.016547515494143, -1.9693774118698981, 1.0480767124558323, -0.04507267114103714]
[-1.4218773517872279, -0.35568952230240686, -2.108191850747823, -2.058896555738993, 1.095704540256164, -0.047128019989486104]
[-1.4836859755029854, -0.37116348105294983, -2.199836186001502, -2.1484156996080874, 1.1433323680564953, -0.04918336883793506]
[-1.5454945992187432, -0.38663743980349274, -2.2914805212551816, -2.2379348434771824, 1.1909601958568268, -0.05123871768638401]
[-1.607303222934501, -0.40211139855403566, -2.3831248565088607, -2.327453987346277, 1.2385880236571583, -0.053294066534832964]
[-1.6691118466502588, -0.4175853573045786, -2.4747691917625403, -2.4169731312153715, 1.2862158514574897, -0.05534941538328191]
[-1.7309204703660164, -0.4330593160551215, -2.5664135270162194, -2.506492275084466, 1.3338436792578212, -0.05740476423173087]
[-1.7927290940817742, -0.4485332748056644, -2.658057862269899, -2.5960114189535606, 1.3814715070581527, -0.059460113080179816]
[-1.854537717797532, -0.4640072335562073, -2.749702197523578, -2.685530562822655, 1.4290993348584842, -0.06151546192862877]