[-0.00031975423366237266, 0.00021650746003132326, -0.00044088472415282354, -1.6946781566495872e-05, 0.0002914483032601112, 0.00012916553881403559]
[0.009754579657871194, -0.04275119695155389, -0.13498327071712168, -0.006932519555993394, -0.03502579601490982, 0.0776753772313947]
[0.01982891354940476, -0.0857189013631391, -0.26952565671009054, -0.013848092330420293, -0.07034304033307975, 0.15522158892397536]
[0.02990324744093833, -0.12868660577472432, -0.4040680427030594, -0.02076366510484719, -0.10566028465124969, 0.23276780061655603]
[0.039977581332471895, -0.17165431018630953, -0.5386104286960283, -0.02767923787927409, -0.14097752896941962, 0.3103140123091367]
[0.05005191522400547, -0.2146220145978948, -0.6731528146889971, -0.03459481065370099, -0.17629477328758958, 0.3878602240017174]
[0.06012624911553903, -0.25758971900947997, -0.807695200681966, -0.041510383428127885, -0.21161201760575948, 0.465406435694298]
[0.0702005830070726, -0.30055742342106523, -0.9422375866749348, -0.048425956202554785, -0.24692926192392944, 0.5429526473868788]
[0.08027491689860616, -0.3435251278326504, -1.0767799726679037, -0.055341528976981684, -0.28224650624209935, 0.6204988590794593]
[0.09034925079013974, -0.38649283224423564, -1.2113223586608726, -0.06225710175140858, -0.3175637505602693, 0.69804507077204]
[0.22392025374820074, -0.3765220461448925, -1.2645245723180374, -0.09967671053441235, -0.2767979224150162, 0.6870777356146817]
[0.35749125670626175, -0.3665512600455493, -1.317726785975202, -0.13709631931741612, -0.2360320942697631, 0.6761104004573233]
[0.4910622596643228, -0.35658047394620607, -1.3709289996323668, -0.17451592810041988, -0.19526626612450998, 0.6651430652999648]
[0.6246332626223838, -0.3466096878468629, -1.4241312132895314, -0.21193553688342362, -0.1545004379792569, 0.6541757301426064]
[0.758204265580445, -0.33663890174751976, -1.4773334269466962, -0.24935514566642739, -0.11373460983400374, 0.6432083949852481]
[0.891775268538506, -0.32666811564817655, -1.530535640603861, -0.2867747544494311, -0.07296878168875065, 0.6322410598278897]
[1.025346271496567, -0.31669732954883334, -1.5837378542610256, -0.32419436323243495, -0.0322029535434975, 0.6212737246705313]
[1.1589172744546279, -0.3067265434494902, -1.6369400679181902, -0.36161397201543866, 0.008562874601755532, 0.610306389513173]
[1.2924882774126891, -0.29675575735014703, -1.690142281575355, -0.3990335807984424, 0.04932870274700868, 0.5993390543558146]
[1.4260592803707501, -0.2867849712508038, -1.7433444952325199, -0.4364531895814462, 0.09009453089226183, 0.5883717191984561]
[1.5596302833288112, -0.2768141851514606, -1.7965467088896845, -0.47387279836444995, 0.13086035903751486, 0.5774043840410977]
[1.6932012862868722, -0.26684339905211746, -1.8497489225468493, -0.5112924071474537, 0.17162618718276804, 0.5664370488837394]