[-0.00036132484399775677, 0.00021236554087167292, -0.0004462364426958132, -3.789833685718946e-05, 0.00024896614818814555, -6.503465657559104e-06]
[-0.05774591897414017, -0.02290348607892822, -0.0682683090505242, 0.013071148630894555, -0.044611585553451405, -0.09719915737483538]
[-0.11513051310428259, -0.04601933769872811, -0.13609038165835258, 0.0261801955986463, -0.08947213725509096, -0.1943918112840132]
[-0.172515107234425, -0.069135189318528, -0.20391245426618096, 0.03928924256639804, -0.1343326889567305, -0.29158446519319103]
[-0.22989970136456742, -0.0922510409383279, -0.27173452687400934, 0.05239828953414979, -0.17919324065837006, -0.38877711910236884]
[-0.28728429549470985, -0.11536689255812779, -0.3395565994818377, 0.06550733650190153, -0.2240537923600096, -0.48596977301154665]
[-0.34466888962485226, -0.13848274417792766, -0.4073786720896661, 0.07861638346965327, -0.26891434406164916, -0.5831624269207245]
[-0.40205348375499467, -0.16159859579772756, -0.4752007446974945, 0.09172543043740503, -0.3137748957632887, -0.6803550808299023]
[-0.4594380778851371, -0.18471444741752746, -0.5430228173053229, 0.10483447740515676, -0.35863544746492826, -0.7775477347390801]
[-0.5168226720152795, -0.20783029903732736, -0.6108448899131512, 0.1179435243729085, -0.4034959991665678, -0.874740388648258]
[-0.574207266145422, -0.23094615065712726, -0.6786669625209796, 0.13105257134066026, -0.44835655086820736, -0.9719330425574357]
[-0.6315918602755644, -0.25406200227692716, -0.746489035128808, 0.144161618308412, -0.4932171025698469, -1.0691256964666136]
[-0.6889764544057068, -0.277177853896727, -0.8143111077366364, 0.15727066527616373, -0.5380776542714865, -1.1663183503757915]
[-0.7463610485358492, -0.3002937055165269, -0.8821331803444648, 0.1703797122439155, -0.5829382059731261, -1.2635110042849693]
[-0.8037456426659916, -0.3234095571363268, -0.9499552529522932, 0.18348875921166724, -0.6277987576747656, -1.360703658194147]
[-0.861130236796134, -0.3465254087561267, -1.0177773255601215, 0.19659780617941897, -0.6726593093764051, -1.4578963121033248]
[-0.9185148309262764, -0.3696412603759266, -1.08559939816795, 0.20970685314717072, -0.7175198610780447, -1.5550889660125027]
[-0.9758994250564188, -0.3927571119957265, -1.1534214707757784, 0.22281590011492247, -0.7623804127796843, -1.6522816199216805]
[-1.0332840191865613, -0.4158729636155264, -1.2212435433836066, 0.2359249470826742, -0.8072409644813238, -1.7494742738308584]
[-1.0906686133167036, -0.4389888152353263, -1.289065615991435, 0.24903399405042595, -0.8521015161829633, -1.846666927740036]
[-1.1480532074468461, -0.4621046668551262, -1.3568876885992633, 0.2621430410181777, -0.8969620678846029, -1.943859581649214]
[-1.2054378015769884, -0.48522051847492603, -1.4247097612070918, 0.27525208798592943, -0.9418226195862425, -2.041052235558392]
[-1.262822395707131, -0.508336370094726, -1.4925318338149203, 0.2883611349536812, -0.986683171287882, -2.1382448894675696]
[-1.3202069898372732, -0.5314522217145259, -1.5603539064227485, 0.30147018192143293, -1.0315437229895215, -2.2354375433767473]
[-1.3775915839674158, -0.5545680733343257, -1.628175979030577, 0.31457922888918466, -1.076404274691161, -2.3326301972859254]
[-1.434976178097558, -0.5776839249541256, -1.6959980516384054, 0.32768827585693644, -1.1212648263928007, -2.429822851195103]
[-1.4923607722277006, -0.6007997765739255, -1.7638201242462337, 0.34079732282468816, -1.1661253780944403, -2.527015505104281]
[-1.5497453663578429, -0.6239156281937254, -1.8316421968540622, 0.3539063697924399, -1.2109859297960797, -2.6242081590134587]
[-1.6071299604879854, -0.6470314798135253, -1.8994642694618906, 0.36701541676019167, -1.2558464814977193, -2.7214008129226364]
[-1.6645145546181277, -0.6701473314333252, -1.9672863420697189, 0.3801244637279434, -1.3007070331993589, -2.8185934668318144]
[-1.7218991487482702, -0.6932631830531251, -2.035108414677547, 0.3932335106956951, -1.3455675849009983, -2.915786120740992]
[-1.7792837428784125, -0.716379034672925, -2.102930487285376, 0.4063425576634469, -1.3904281366026379, -3.01297877465017]
[-1.836668337008555, -0.7394948862927249, -2.170752559893204, 0.4194516046311986, -1.4352886883042775, -3.110171428559348]