[-0.00042111471522598976, 0.00010845633619283035, -0.000364100013707791, -3.165580331820905e-05, 0.0002768008600497751, -7.363654030534406e-06]
[-0.06663442791757068, -0.008943900401440089, -0.08724315503636769, 0.05793582491545196, 0.035620083114431274, 0.049545730016462355]
[-0.13284774111991537, -0.017996257139073008, -0.1741222100590276, 0.11590330563422213, 0.07096336536881277, 0.09909882368695525]
[-0.1990610543222601, -0.02704861387670593, -0.26100126508168753, 0.17387078635299233, 0.10630664762319429, 0.14865191735744815]
[-0.26527436752460476, -0.03610097061433885, -0.3478803201043474, 0.23183826707176247, 0.14164992987757577, 0.19820501102794102]
[-0.3314876807269495, -0.045153327351971764, -0.4347593751270073, 0.28980574779053264, 0.1769932121319573, 0.24775810469843393]
[-0.3977009939292942, -0.05420568408960469, -0.5216384301496673, 0.34777322850930287, 0.2123364943863388, 0.29731119836892683]
[-0.46391430713163884, -0.0632580408272376, -0.6085174851723271, 0.405740709228073, 0.24767977664072027, 0.34686429203941965]
[-0.5301276203339835, -0.07231039756487052, -0.695396540194987, 0.46370818994684315, 0.28302305889510176, 0.3964173857099126]
[-0.5963409335363283, -0.08136275430250343, -0.7822755952176469, 0.5216756706656134, 0.3183663411494833, 0.44597047938040546]
[-0.662554246738673, -0.09041511104013636, -0.8691546502403068, 0.5796431513843835, 0.3537096234038648, 0.4955235730508984]
[-0.7287675599410177, -0.09946746777776928, -0.9560337052629667, 0.6376106321031537, 0.3890529056582463, 0.5450766667213913]
[-0.7949808731433624, -0.10851982451540221, -1.0429127602856267, 0.6955781128219239, 0.42439618791262784, 0.5946297603918842]
[-0.861194186345707, -0.1175721812530351, -1.1297918153082864, 0.753545593540694, 0.4597394701670093, 0.644182854062377]
[-0.9274074995480517, -0.12662453799066803, -1.2166708703309463, 0.8115130742594642, 0.49508275242139077, 0.6937359477328698]
[-0.9936208127503965, -0.13567689472830094, -1.3035499253536063, 0.8694805549782344, 0.5304260346757723, 0.7432890414033628]
[-1.059834125952741, -0.14472925146593388, -1.3904289803762662, 0.9274480356970045, 0.5657693169301538, 0.7928421350738557]
[-1.1260474391550859, -0.1537816082035668, -1.477308035398926, 0.9854155164157747, 0.6011125991845353, 0.8423952287443486]
[-1.1922607523574307, -0.1628339649411997, -1.564187090421586, 1.043382997134545, 0.6364558814389168, 0.8919483224148415]
[-1.2584740655597753, -0.17188632167883264, -1.651066145444246, 1.1013504778533152, 0.6717991636932983, 0.9415014160853343]
[-1.32468737876212, -0.18093867841646555, -1.7379452004669058, 1.1593179585720852, 0.7071424459476798, 0.9910545097558273]
[-1.3909006919644646, -0.18999103515409846, -1.8248242554895657, 1.2172854392908554, 0.7424857282020614, 1.04060760342632]
[-1.4571140051668094, -0.1990433918917314, -1.9117033105122256, 1.2752529200096256, 0.7778290104564428, 1.0901606970968132]
[-1.5233273183691542, -0.2080957486293643, -1.9985823655348856, 1.3332204007283959, 0.8131722927108244, 1.139713790767306]
[-1.5895406315714988, -0.21714810536699725, -2.0854614205575457, 1.391187881447166, 0.8485155749652059, 1.189266884437799]
[-1.6557539447738436, -0.22620046210463016, -2.1723404755802056, 1.4491553621659363, 0.8838588572195873, 1.2388199781082918]
[-1.721967257976188, -0.23525281884226304, -2.259219530602865, 1.507122842884706, 0.9192021394739688, 1.2883730717787845]
[-1.7881805711785328, -0.24430517557989595, -2.346098585625525, 1.5650903236034763, 0.9545454217283502, 1.3379261654492773]
[-1.8543938843808774, -0.2533575323175289, -2.432977640648185, 1.6230578043222466, 0.9898887039827318, 1.3874792591197702]
[-1.9206071975832222, -0.2624098890551618, -2.519856695670845, 1.6810252850410168, 1.0252319862371133, 1.437032352790263]
[-1.986820510785567, -0.2714622457927947, -2.6067357506935047, 1.738992765759787, 1.0605752684914949, 1.4865854464607562]
[-2.053033823987912, -0.28051460253042765, -2.6936148057161646, 1.7969602464785572, 1.0959185507458764, 1.536138540131249]
[-2.119247137190256, -0.2895669592680606, -2.7804938607388245, 1.8549277271973272, 1.1312618330002577, 1.585691633801742]
[-2.185460450392601, -0.29861931600569347, -2.8673729157614845, 1.9128952079160975, 1.1666051152546393, 1.6352447274722348]
[-2.2516737635949458, -0.3076716727433264, -2.9542519707841444, 1.9708626886348677, 1.2019483975090208, 1.6847978211427277]
[-2.1304484163175377, -0.3084052426742298, -2.917907858754544, 1.9097287513582308, 1.1700111027048345, 1.6330013041492426]
[-2.0092230690401296, -0.3091388126051332, -2.881563746724943, 1.8485948140815938, 1.1380738079006485, 1.5812047871557575]
[-1.8879977217627215, -0.3098723825360366, -2.8452196346953427, 1.787460876804957, 1.1061365130964624, 1.5294082701622722]
[-1.7667723744853134, -0.31060595246694, -2.808875522665742, 1.7263269395283198, 1.0741992182922762, 1.4776117531687871]
[-1.6455470272079054, -0.3113395223978434, -2.7725314106361414, 1.665193002251683, 1.0422619234880899, 1.425815236175302]
[-1.5243216799304973, -0.3120730923287468, -2.7361872986065405, 1.604059064975046, 1.0103246286839038, 1.374018719181817]
[-1.4030963326530892, -0.3128066622596502, -2.69984318657694, 1.542925127698409, 0.9783873338797177, 1.3222222021883319]
[-1.2818709853756811, -0.3135402321905536, -2.6634990745473393, 1.481791190421772, 0.9464500390755315, 1.2704256851948466]
[-1.1606456380982733, -0.31427380212145695, -2.627154962517739, 1.4206572531451351, 0.9145127442713454, 1.2186291682013615]
[-1.039420290820865, -0.31500737205236035, -2.590810850488138, 1.3595233158684983, 0.8825754494671592, 1.1668326512078764]
[-0.9181949435434571, -0.31574094198326375, -2.5544667384585376, 1.2983893785918612, 0.8506381546629731, 1.1150361342143913]
[-0.796969596266049, -0.31647451191416714, -2.5181226264289367, 1.2372554413152241, 0.8187008598587868, 1.0632396172209062]
[-0.6757442489886409, -0.31720808184507054, -2.4817785143993363, 1.1761215040385873, 0.7867635650546008, 1.011443100227421]
[-0.5545189017112329, -0.31794165177597394, -2.4454344023697354, 1.1149875667619504, 0.7548262702504145, 0.9596465832339358]
[-0.4332935544338248, -0.31867522170687734, -2.409090290340135, 1.0538536294853134, 0.7228889754462284, 0.9078500662404507]
[-0.3120682071564167, -0.31940879163778074, -2.372746178310534, 0.9927196922086764, 0.6909516806420422, 0.8560535492469655]
[-0.19084285987900884, -0.32014236156868414, -2.3364020662809337, 0.9315857549320394, 0.6590143858378561, 0.8042570322534804]
[-0.06961751260160076, -0.32087593149958754, -2.300057954251333, 0.8704518176554026, 0.6270770910336699, 0.7524605152599954]
[0.05160783467580776, -0.32160950143049094, -2.2637138422217324, 0.8093178803787655, 0.5951397962294837, 0.70066399826651]
[0.17283318195321584, -0.32234307136139434, -2.2273697301921316, 0.7481839431021287, 0.5632025014252975, 0.6488674812730251]
[0.2940585292306235, -0.32307664129229774, -2.191025618162531, 0.6870500058254918, 0.5312652066211114, 0.59707096427954]
[0.41528387650803156, -0.32381021122320114, -2.1546815061329303, 0.6259160685488547, 0.49932791181692526, 0.5452744472860549]
[0.5365092237854401, -0.32454378115410454, -2.11833739410333, 0.5647821312722177, 0.467390617012739, 0.4934779302925696]
[0.6577345710628477, -0.32527735108500794, -2.081993282073729, 0.5036481939955808, 0.43545332220855293, 0.4416814132990845]
[0.7789599183402558, -0.32601092101591134, -2.0456491700441286, 0.44251425671894395, 0.40351602740436676, 0.3898848963055994]
[0.9001852656176639, -0.3267444909468147, -2.0093050580145277, 0.3813803194423069, 0.3715787326001806, 0.33808837931211433]
[1.0214106128950724, -0.3274780608777181, -1.9729609459849273, 0.3202463821656698, 0.3396414377959943, 0.286291862318629]
[1.14263596017248, -0.3282116308086215, -1.9366168339553267, 0.25911244488903296, 0.30770414299180826, 0.23449534532514393]
[1.2638613074498881, -0.3289452007395249, -1.900272721925726, 0.1979785076123961, 0.2757668481876221, 0.18269882833165885]
[1.3850866547272962, -0.3296787706704283, -1.8639286098961254, 0.13684457033575925, 0.24382955338343593, 0.13090231133817376]
[1.5063120020047047, -0.3304123406013317, -1.8275844978665248, 0.07571063305912196, 0.21189225857924965, 0.07910579434468845]
[1.6275373492821124, -0.3311459105322351, -1.7912403858369241, 0.014576695782485105, 0.17995496377506348, 0.027309277351203365]
[1.7487626965595204, -0.3318794804631385, -1.7548962738073235, -0.046557241494151656, 0.14801766897087731, -0.02448723964228174]