[-0.0004041948142798901, 9.026026731628889e-05, -0.00045778866498213944, 0.00013877583513277614, 0.00033185097229182503, 1.5241426245538037e-05]
[0.031650130253994414, -0.019019660456223532, -0.06733104001485572, 0.11065253780914727, 0.016462216346711363, -0.06400957351949024]
[0.06370445532226872, -0.03812958117976335, -0.1342042913647293, 0.22116629978316177, 0.0325925817211309, -0.12803438846522602]
[0.09575878039054303, -0.05723950190330317, -0.2010775427146029, 0.3316800617571763, 0.04872294709555044, -0.19205920341096178]
[0.12781310545881733, -0.076349422626843, -0.26795079406447647, 0.44219382373119076, 0.06485331246996998, -0.2560840183566976]
[0.15986743052709163, -0.09545934335038281, -0.33482404541435007, 0.5527075857052053, 0.0809836778443895, -0.32010883330243334]
[0.19192175559536595, -0.11456926407392262, -0.40169729676422367, 0.6632213476792198, 0.09711404321880905, -0.3841336482481691]
[0.22397608066364028, -0.13367918479746246, -0.4685705481140973, 0.7737351096532343, 0.1132444085932286, -0.44815846319390495]
[0.25603040573191455, -0.15278910552100228, -0.5354437994639708, 0.8842488716272487, 0.12937477396764813, -0.5121832781396407]
[0.28808473080018887, -0.1718990262445421, -0.6023170508138445, 0.9947626336012633, 0.14550513934206769, -0.5762080930853765]
[0.32013905586846314, -0.1910089469680819, -0.669190302163718, 1.1052763955752778, 0.1616355047164872, -0.6402329080311122]
[0.35219338093673747, -0.21011886769162175, -0.7360635535135917, 1.2157901575492922, 0.17776587009090675, -0.7042577229768481]
[0.3842477060050118, -0.22922878841516153, -0.8029368048634652, 1.3263039195233068, 0.19389623546532628, -0.7682825379225837]
[0.41630203107328606, -0.24833870913870135, -0.8698100562133387, 1.4368176814973213, 0.2100266008397458, -0.8323073528683195]
[0.44835635614156044, -0.2674486298622412, -0.9366833075632125, 1.5473314434713359, 0.22615696621416537, -0.8963321678140554]
[0.4804106812098347, -0.286558550585781, -1.003556558913086, 1.6578452054453503, 0.2422873315885849, -0.9603569827597911]
[0.512465006278109, -0.30566847130932084, -1.0704298102629595, 1.7683589674193647, 0.25841769696300443, -1.024381797705527]
[0.5445193313463833, -0.32477839203286063, -1.137303061612833, 1.8788727293933791, 0.27454806233742396, -1.0884066126512626]
[0.5765736564146576, -0.34388831275640047, -1.2041763129627068, 1.9893864913673938, 0.29067842771184355, -1.1524314275969985]
[0.608627981482932, -0.3629982334799403, -1.2710495643125803, 2.099900253341408, 0.3068087930862631, -1.2164562425427343]
[0.6406823065512062, -0.3821081542034801, -1.3379228156624539, 2.210414015315423, 0.32293915846068255, -1.28048105748847]
[0.6727366316194805, -0.4012180749270199, -1.4047960670123274, 2.320927777289437, 0.3390695238351021, -1.3445058724342056]
[0.7047909566877548, -0.4203279956505598, -1.4716693183622012, 2.4314415392634516, 0.35519988920952167, -1.4085306873799417]
[0.7368452817560291, -0.43943791637409957, -1.5385425697120747, 2.5419553012374663, 0.3713302545839412, -1.4725555023256773]
[0.8046458890059125, -0.4435796167750878, -1.5677642085723498, 2.589304886855542, 0.34023762938318225, -1.601084875415027]
[0.8724464962557958, -0.44772131717607594, -1.5969858474326248, 2.636654472473618, 0.30914500418242336, -1.7296142485043768]
[0.9402471035056792, -0.45186301757706415, -1.6262074862928997, 2.684004058091694, 0.2780523789816644, -1.8581436215937268]
[1.0080477107555623, -0.45600471797805237, -1.6554291251531748, 2.73135364370977, 0.2469597537809055, -1.9866729946830763]
[1.075848318005446, -0.4601464183790405, -1.6846507640134498, 2.7787032293278457, 0.21586712858014656, -2.1152023677724263]
[1.143648925255329, -0.46428811878002874, -1.7138724028737249, 2.826052814945921, 0.18477450337938764, -2.243731740861776]
[1.2114495325052124, -0.46842981918101695, -1.743094041734, 2.8734024005639975, 0.1536818781786287, -2.372261113951126]
[1.2792501397550957, -0.4725715195820051, -1.772315680594275, 2.920751986182073, 0.1225892529778698, -2.500790487040476]
[1.347050747004979, -0.4767132199829933, -1.80153731945455, 2.968101571800149, 0.09149662777711087, -2.6293198601298253]
[1.4148513542548624, -0.48085492038398153, -1.8307589583148252, 3.015451157418225, 0.06040400257635192, -2.7578492332191753]
[1.4826519615047458, -0.4849966207849697, -1.8599805971751, 3.0628007430363007, 0.02931137737559303, -2.886378606308525]
[1.5504525687546291, -0.4891383211859579, -1.889202236035375, 3.1101503286543766, -0.0017812478251658962, -3.014907979397875]