[-0.00034152386364283416, 9.457836122983565e-05, -0.00041256823749424854, 0.00014132233737917943, 0.00023552224661660404, 0.00014239138985860933]
[0.023072529070368882, -0.0006571782890539353, -0.12299848459159007, -0.07540061219891839, -0.01785795920518601, 0.05078091855981398]
[0.0464865820043806, -0.0014089349393377063, -0.2455844009456859, -0.15094254673521595, -0.035951440656988624, 0.10141944572976935]
[0.06990063493839231, -0.0021606915896214773, -0.3681703172997817, -0.22648448127151355, -0.05404492210879124, 0.15205797289972475]
[0.09331468787240403, -0.0029124482399052482, -0.49075623365387755, -0.3020264158078111, -0.07213840356059385, 0.2026965000696801]
[0.11672874080641574, -0.003664204890189019, -0.6133421500079733, -0.3775683503441086, -0.09023188501239646, 0.25333502723963547]
[0.14014279374042746, -0.00441596154047279, -0.7359280663620692, -0.4531102848804063, -0.10832536646419909, 0.3039735544095909]
[0.16355684667443918, -0.0051677181907565616, -0.858513982716165, -0.5286522194167038, -0.1264188479160017, 0.35461208157954627]
[0.1869708996084509, -0.005919474841040332, -0.9810998990702609, -0.6041941539530014, -0.1445123293678043, 0.4052506087495016]
[0.21038495254246262, -0.0066712314913241035, -1.1036858154243565, -0.6797360884892989, -0.16260581081960693, 0.45588913591945696]
[0.2337990054764743, -0.007422988141607874, -1.2262717317784524, -0.7552780230255964, -0.18069929227140952, 0.5065276630894123]
[0.25721305841048603, -0.008174744791891645, -1.3488576481325483, -0.830819957561894, -0.19879277372321214, 0.5571661902593678]
[0.28062711134449775, -0.008926501442175416, -1.4714435644866442, -0.9063618920981917, -0.21688625517501478, 0.6078047174293232]
[0.30404116427850947, -0.009678258092459188, -1.59402948084074, -0.9819038266344893, -0.2349797366268174, 0.6584432445992785]
[0.3274552172125212, -0.010430014742742959, -1.7166153971948357, -1.0574457611707868, -0.25307321807862, 0.7090817717692339]
[0.3508692701465329, -0.01118177139302673, -1.8392013135489316, -1.1329876957070844, -0.2711666995304226, 0.7597202989391892]
[0.44898674534665367, -0.06894266515251422, -1.848812264332, -1.145959559305883, -0.25385464466661817, 0.7652603088919869]
[0.5471042205467744, -0.12670355891200172, -1.8584232151150684, -1.1589314229046817, -0.23654258980281376, 0.7708003188447847]
[0.6641460187819458, -0.1693744842418368, -1.8372800660170796, -1.1450948856885166, -0.20217089452753562, 0.839235339318322]
[0.7811878170171171, -0.21204540957167187, -1.8161369169190906, -1.1312583484723513, -0.1677991992522575, 0.9076703597918592]
[0.8982296152522884, -0.2547163349015069, -1.7949937678211019, -1.1174218112561862, -0.1334275039769794, 0.9761053802653965]
[1.0152714134874596, -0.297387260231342, -1.7738506187231131, -1.1035852740400212, -0.09905580870170125, 1.0445404007389336]
[1.132313211722631, -0.34005818556117706, -1.7527074696251244, -1.089748736823856, -0.06468411342642313, 1.112975421212471]
[1.2493550099578024, -0.38272911089101214, -1.7315643205271356, -1.075912199607691, -0.030312418151144993, 1.1814104416860083]
[1.3663968081929738, -0.4254000362208472, -1.7104211714291466, -1.0620756623915257, 0.004059277124133148, 1.2498454621595454]
[1.483438606428145, -0.46807096155068234, -1.6892780223311579, -1.0482391251753607, 0.03843097239941125, 1.3182804826330827]