[-0.0002348146338633228, 0.0002371739263855588, -0.00045528090694002543, 1.8353852005326132e-05, 0.00027763536925107246, 0.0001261021239926663]
[-0.019271876416061887, -0.03078228828934521, -0.11327105144728657, 0.024974571972558913, 0.08181845959459436, -0.03296087797661187]
[-0.03830893819826045, -0.06180175050507598, -0.2260868219876331, 0.0499307900931125, 0.16335928381993764, -0.0660478580772164]
[-0.057345999980459014, -0.09282121272080675, -0.33890259252797966, 0.07488700821366609, 0.24490010804528095, -0.09913483817782094]
[-0.07638306176265758, -0.12384067493653751, -0.4517183630683262, 0.09984322633421967, 0.3264409322706242, -0.13222181827842547]
[-0.09542012354485616, -0.1548601371522683, -0.5645341336086728, 0.12479944445477327, 0.4079817564959676, -0.16530879837903004]
[-0.1144571853270547, -0.18587959936799905, -0.6773499041490193, 0.14975566257532685, 0.48952258072131083, -0.19839577847963455]
[-0.13349424710925328, -0.21689906158372985, -0.7901656746893659, 0.17471188069588045, 0.5710634049466541, -0.2314827585802391]
[-0.15253130889145183, -0.24791852379946058, -0.9029814452297124, 0.19966809881643402, 0.6526042291719973, -0.2645697386808436]
[-0.1715683706736504, -0.2789379860151914, -1.015797215770059, 0.22462431693698762, 0.7341450533973407, -0.29765671878144817]
[-0.190605432455849, -0.30995744823092214, -1.1286129863104055, 0.24958053505754121, 0.8156858776226841, -0.33074369888205274]
[-0.20964249423804757, -0.34097691044665296, -1.2414287568507523, 0.27453675317809484, 0.8972267018480273, -0.36383067898265725]
[-0.2286795560202461, -0.37199637266238367, -1.3542445273910986, 0.2994929712986484, 0.9787675260733706, -0.39691765908326176]
[-0.24771661780244467, -0.40301583487811443, -1.467060297931445, 0.324449189419202, 1.0603083502987138, -0.43000463918386633]
[-0.26675367958464324, -0.43403529709384525, -1.5798760684717919, 0.3494054075397556, 1.141849174524057, -0.46309161928447085]
[-0.2857907413668418, -0.465054759309576, -1.6926918390121384, 0.37436162566030917, 1.2233899987494006, -0.4961785993850754]
[-0.30482780314904034, -0.4960742215253067, -1.8055076095524847, 0.3993178437808627, 1.3049308229747436, -0.5292655794856799]
[-0.32386486493123895, -0.5270936837410375, -1.9183233800928314, 0.4242740619014163, 1.386471647200087, -0.5623525595862845]
[-0.3429019267134375, -0.5581131459567683, -2.031139150633178, 0.4492302800219699, 1.4680124714254303, -0.595439539686889]
[-0.23566554145821478, -0.5553393744910449, -2.009540952679135, 0.5208837107521029, 1.4068913675984667, -0.6279962366752241]
[-0.12842915620299206, -0.5525656030253214, -1.9879427547250925, 0.592537141482236, 1.3457702637715028, -0.6605529336635593]
[-0.021192770947769335, -0.549791831559598, -1.9663445567710498, 0.6641905722123691, 1.284649159944539, -0.6931096306518943]
[0.08604361430745339, -0.5470180600938744, -1.944746358817007, 0.7358440029425022, 1.2235280561175754, -0.7256663276402295]
[0.1932799995626761, -0.544244288628151, -1.9231481608629641, 0.8074974336726353, 1.1624069522906115, -0.7582230246285646]
[0.30051638481789883, -0.5414705171624276, -1.9015499629089214, 0.8791508644027684, 1.1012858484636479, -0.7907797216168997]
[0.40775277007312155, -0.5386967456967041, -1.8799517649548787, 0.9508042951329014, 1.0401647446366842, -0.8233364186052349]
[0.5149891553283443, -0.5359229742309807, -1.858353567000836, 1.0224577258630345, 0.9790436408097203, -0.85589311559357]
[0.622225540583567, -0.5331492027652572, -1.8367553690467933, 1.0941111565931676, 0.9179225369827566, -0.8884498125819051]
[0.7294619258387898, -0.5303754312995338, -1.8151571710927505, 1.1657645873233007, 0.8568014331557928, -0.9210065095702402]
[0.8366983110940125, -0.5276016598338104, -1.7935589731387078, 1.2374180180534338, 0.795680329328829, -0.9535632065585753]
[0.9439346963492352, -0.5248278883680868, -1.7719607751846649, 1.3090714487835668, 0.7345592255018653, -0.9861199035469105]
[1.051171081604458, -0.5220541169023634, -1.7503625772306222, 1.3807248795137, 0.6734381216749015, -1.0186766005352457]
[1.1584074668596807, -0.5192803454366399, -1.7287643792765794, 1.452378310243833, 0.6123170178479378, -1.0512332975235807]
[1.2656438521149034, -0.5165065739709165, -1.7071661813225367, 1.524031740973966, 0.551195914020974, -1.0837899945119158]