[-0.00040249014149829065, 0.0001279758835792677, -0.0004132319718754829, -3.037467071198563e-05, 0.0003181174452686619, 0.000131457544696012]
[-0.011263988495398058, 0.02436147177448821, -0.10359726959456798, -0.03932637607843061, 0.041024052860389494, -0.07546643557593047]
[-0.022125486849297826, 0.04859496766539715, -0.20678130721726048, -0.07862237748614924, 0.08172998827551033, -0.15106432869655695]
[-0.032986985203197594, 0.0728284635563061, -0.30996534483995297, -0.11791837889386787, 0.12243592369063117, -0.22666222181718343]
[-0.04384848355709736, 0.09706195944721503, -0.4131493824626455, -0.1572143803015865, 0.163141859105752, -0.3022601149378099]
[-0.05470998191099713, 0.12129545533812398, -0.516333420085338, -0.19651038170930515, 0.20384779452087284, -0.3778580080584364]
[-0.0655714802648969, 0.14552895122903292, -0.6195174577080305, -0.23580638311702376, 0.24455372993599367, -0.45345590117906287]
[-0.07643297861879667, 0.16976244711994187, -0.722701495330723, -0.2751023845247424, 0.2852596653511145, -0.5290537942996894]
[-0.08729447697269643, 0.1939959430108508, -0.8258855329534155, -0.314398385932461, 0.3259656007662353, -0.6046516874203158]
[-0.0981559753265962, 0.21822943890175975, -0.9290695705761081, -0.35369438734017966, 0.3666715361813562, -0.6802495805409423]
[-0.10901747368049597, 0.2424629347926687, -1.0322536081988005, -0.3929903887478983, 0.407377471596477, -0.7558474736615688]
[-0.11987897203439575, 0.2666964306835777, -1.1354376458214932, -0.432286390155617, 0.4480834070115979, -0.8314453667821954]
[-0.1307404703882955, 0.2909299265744866, -1.2386216834441854, -0.47158239156333553, 0.4887893424267187, -0.9070432599028218]
[-0.14160196874219527, 0.3151634224653955, -1.3418057210668781, -0.5108783929710542, 0.5294952778418395, -0.9826411530234482]
[-0.15246346709609504, 0.3393969183563045, -1.4449897586895706, -0.5501743943787728, 0.5702012132569604, -1.0582390461440747]
[-0.1633249654499948, 0.36363041424721343, -1.5481737963122633, -0.5894703957864915, 0.6109071486720812, -1.1338369392647012]
[-0.17418646380389458, 0.3878639101381223, -1.6513578339349555, -0.62876639719421, 0.651613084087202, -1.2094348323853277]
[-0.18504796215779434, 0.4120974060290313, -1.7545418715576482, -0.6680623986019287, 0.6923190195023229, -1.2850327255059542]
[-0.1959094605116941, 0.43633090191994023, -1.8577259091803406, -0.7073584000096473, 0.7330249549174437, -1.3606306186265806]
[-0.10068064665807512, 0.41361210685548955, -1.910410606108416, -0.6964597809135219, 0.7251944155822683, -1.241498127240907]
[-0.00545183280445613, 0.3908933117910388, -1.9630953030364915, -0.6855611618173965, 0.7173638762470927, -1.1223656358552332]
[0.08977698104916282, 0.36817451672658813, -2.015779999964567, -0.6746625427212711, 0.7095333369119173, -1.0032331444695597]
[0.18500579490278185, 0.3454557216621374, -2.0684646968926423, -0.6637639236251457, 0.7017027975767419, -0.884100653083886]
[0.2802346087564008, 0.3227369265976867, -2.1211493938207178, -0.6528653045290203, 0.6938722582415664, -0.7649681616982124]
[0.37546342261001975, 0.300018131533236, -2.173834090748793, -0.6419666854328948, 0.686041718906391, -0.6458356703125387]
[0.4706922364636388, 0.2772993364687853, -2.2265187876768686, -0.6310680663367694, 0.6782111795712155, -0.526703178926865]
[0.5659210503172578, 0.2545805414043346, -2.279203484604944, -0.6201694472406439, 0.67038064023604, -0.4075706875411913]
[0.6611498641708768, 0.23186174633988385, -2.3318881815330195, -0.6092708281445186, 0.6625501009008646, -0.2884381961555176]
[0.7563786780244958, 0.20914295127543317, -2.384572878461095, -0.5983722090483932, 0.6547195615656891, -0.16930570476984408]
[0.8516074918781148, 0.18642415621098246, -2.4372575753891703, -0.5874735899522677, 0.6468890222305137, -0.050173213384170454]
[0.9060256796537689, 0.17260047283004415, -2.448747396756351, -0.5674671903103834, 0.6435118096336689, 0.0017858546682786372]
[0.9604438674294231, 0.15877678944910587, -2.4602372181235315, -0.547460790668499, 0.6401345970368241, 0.05374492272072773]
[1.0244508462226112, 0.14320365368245874, -2.4562570128005197, -0.507206694678656, 0.6412732372047025, 0.08590004319033642]
[1.0884578250157992, 0.1276305179158116, -2.4522768074775083, -0.4669525986888131, 0.6424118773725809, 0.11805516365994513]
[1.1844682932055812, 0.1042708142658409, -2.446306499492991, -0.40657145470404876, 0.6441198376243985, 0.16628784436435817]
[1.2804787613953632, 0.0809111106158702, -2.440336191508474, -0.3461903107192844, 0.6458277978762161, 0.21452052506877123]
[1.3764892295851452, 0.05755140696589951, -2.4343658835239568, -0.28580916673452006, 0.6475357581280338, 0.2627532057731843]
[1.4724996977749272, 0.034191703315928815, -2.4283955755394393, -0.2254280227497557, 0.6492437183798514, 0.31098588647759734]