[-0.00033732562494037666, 9.558792343433709e-05, -0.0004522219443670039, -2.989879579917698e-05, 0.00032636155295939773, 9.256209639563195e-05]
[0.06394378319813578, -0.04786405312696422, -0.051054462409867676, -0.03832207186742003, 0.08014868794579591, 0.021646412278811894]
[0.12822489202121193, -0.09582369417736278, -0.10165670287536835, -0.07661424493904088, 0.15997101433863242, 0.043200262461228156]
[0.1925060008442881, -0.14378333522776135, -0.15225894334086904, -0.11490641801066173, 0.23979334073146896, 0.06475411264364443]
[0.25678710966736423, -0.1917429762781599, -0.2028611838063697, -0.1531985910822826, 0.31961566712430545, 0.08630796282606068]
[0.32106821849044037, -0.2397026173285585, -0.25346342427187035, -0.19149076415390343, 0.399437993517142, 0.10786181300847696]
[0.38534932731351657, -0.28766225837895704, -0.30406566473737107, -0.2297829372255243, 0.4792603199099785, 0.12941566319089323]
[0.44963043613659265, -0.33562189942935555, -0.35466790520287167, -0.26807511029714515, 0.559082646302815, 0.15096951337330947]
[0.5139115449596688, -0.3835815404797541, -0.4052701456683724, -0.306367283368766, 0.6389049726956515, 0.17252336355572573]
[0.578192653782745, -0.43154118153015275, -0.45587238613387304, -0.3446594564403868, 0.7187272990884881, 0.19407721373814202]
[0.6424737626058211, -0.4795008225805513, -0.5064746265993737, -0.3829516295120077, 0.7985496254813246, 0.21563106392055828]
[0.7067548714288974, -0.5274604636309499, -0.5570768670648745, -0.42124380258362853, 0.8783719518741612, 0.23718491410297454]
[0.7710359802519735, -0.5754201046813484, -0.6076791075303751, -0.4595359756552494, 0.9581942782669977, 0.25873876428539083]
[0.8353170890750495, -0.6233797457317469, -0.6582813479958757, -0.4978281487268702, 1.038016604659834, 0.28029261446780707]
[0.8995981978981257, -0.6713393867821454, -0.7088835884613763, -0.5361203217984911, 1.1178389310526706, 0.3018464646502233]
[0.9638793067212019, -0.7192990278325441, -0.7594858289268771, -0.5744124948701119, 1.1976612574455072, 0.3234003148326396]
[1.028160415544278, -0.7672586688829426, -0.8100880693923778, -0.6127046679417328, 1.2774835838383436, 0.3449541650150558]
[1.0924415243673542, -0.8152183099333412, -0.8606903098578784, -0.6509968410133536, 1.3573059102311802, 0.3665080151974721]
[1.1741115647549702, -0.8439659637093991, -0.9233007963599492, -0.7000047474266251, 1.3290134179866486, 0.4162680661198418]
[1.255781605142586, -0.872713617485457, -0.9859112828620199, -0.7490126538398966, 1.3007209257421168, 0.4660281170422115]
[1.337451645530202, -0.9014612712615149, -1.0485217693640907, -0.798020560253168, 1.272428433497585, 0.5157881679645812]
[1.419121685917818, -0.9302089250375728, -1.1111322558661614, -0.8470284666664394, 1.2441359412530535, 0.5655482188869508]
[1.500791726305434, -0.9589565788136307, -1.1737427423682323, -0.8960363730797108, 1.215843449008522, 0.6153082698093205]
[1.5824617666930498, -0.9877042325896885, -1.236353228870303, -0.9450442794929823, 1.1875509567639901, 0.6650683207316902]
[1.6329706005742528, -0.9795869539210704, -1.275786446427861, -0.9765206620438566, 1.1138919263378426, 0.695094478097255]
[1.6834794344554558, -0.9714696752524523, -1.3152196639854192, -1.0079970445947308, 1.040232895911695, 0.7251206354628197]
[1.7120701466647803, -0.8963973127277856, -1.3412423298090743, -1.0297516278405658, 0.8871685585448557, 0.7239482237952637]
[1.7406608588741046, -0.8213249502031187, -1.3672649956327294, -1.0515062110864006, 0.7341042211780162, 0.7227758121277078]
[1.7692515710834291, -0.7462525876784519, -1.3932876614563843, -1.0732607943322356, 0.5810398838111769, 0.7216034004601518]
[1.7978422832927534, -0.6711802251537851, -1.4193103272800394, -1.0950153775780704, 0.42797554644433733, 0.7204309887925959]
[1.826432995502078, -0.5961078626291183, -1.4453329931036945, -1.1167699608239054, 0.274911209077498, 0.7192585771250399]