[-0.00030080389156061926, 0.00018439174270046266, -0.0003854113092058853, -2.78211260837935e-05, 0.00021087156035193289, -3.5294974070509966e-05]
[-0.021936273389883798, -0.012147553981492806, -0.09818768041464299, -0.04374060729918373, -0.03198535949454875, 0.10029116040164653]
[-0.04357174288820698, -0.024479499705686074, -0.1959899495200801, -0.08745339347228366, -0.06418159054944943, 0.20061761577736356]
[-0.06520721238653016, -0.03681144542987934, -0.2937922186255172, -0.1311661796453836, -0.09637782160435011, 0.3009440711530806]
[-0.08684268188485333, -0.04914339115407261, -0.3915944877309543, -0.17487896581848353, -0.1285740526592508, 0.40127052652879763]
[-0.10847815138317651, -0.061475336878265875, -0.48939675683639133, -0.21859175199158346, -0.16077028371415147, 0.5015969819045146]
[-0.1301136208814997, -0.07380728260245914, -0.5871990259418285, -0.2623045381646834, -0.19296651476905216, 0.6019234372802317]
[-0.15174909037982287, -0.08613922832665241, -0.6850012950472656, -0.30601732433778334, -0.22516274582395285, 0.7022498926559487]
[-0.17338455987814605, -0.09847117405084568, -0.7828035641527027, -0.34973011051088326, -0.2573589768788535, 0.8025763480316658]
[-0.19502002937646923, -0.11080311977503896, -0.8806058332581398, -0.39344289668398325, -0.2895552079337542, 0.9029028034073828]
[-0.2166554988747924, -0.12313506549923221, -0.9784081023635768, -0.4371556828570831, -0.3217514389886549, 1.0032292587830998]
[-0.23829096837311559, -0.1354670112234255, -1.076210371469014, -0.4808684690301831, -0.3539476700435556, 1.103555714158817]
[-0.25992643787143876, -0.14779895694761874, -1.174012640574451, -0.524581255203283, -0.38614390109845625, 1.2038821695345339]
[-0.28156190736976194, -0.16013090267181204, -1.2718149096798883, -0.568294041376383, -0.41834013215335697, 1.304208624910251]
[-0.3031973768680851, -0.17246284839600529, -1.3696171787853253, -0.6120068275494829, -0.45053636320825763, 1.404535080285968]
[-0.3248328463664083, -0.18479479412019856, -1.4674194478907623, -0.6557196137225828, -0.48273259426315834, 1.504861535661685]
[-0.3464683158647315, -0.19712673984439183, -1.5652217169961995, -0.6994323998956827, -0.514928825318059, 1.605187991037402]
[-0.3681037853630546, -0.20945868556858507, -1.6630239861016365, -0.7431451860687827, -0.5471250563729596, 1.705514446413119]
[-0.38973925486137784, -0.22179063129277837, -1.7608262552070737, -0.7868579722418827, -0.5793212874278604, 1.8058409017888362]
[-0.411374724359701, -0.23412257701697164, -1.8586285243125107, -0.8305707584149825, -0.611517518482761, 1.9061673571645532]
[-0.4330101938580242, -0.2464545227411649, -1.9564307934179477, -0.8742835445880824, -0.6437137495376617, 2.00649381254027]
[-0.4546456633563473, -0.25878646846535813, -2.0542330625233847, -0.9179963307611824, -0.6759099805925624, 2.106820267915987]
[-0.47628113285467055, -0.27111841418955146, -2.1520353316288223, -0.9617091169342824, -0.7081062116474631, 2.2071467232917046]
[-0.49791660235299373, -0.28345035991374473, -2.249837600734259, -1.0054219031073823, -0.7403024427023638, 2.307473178667421]
[-0.5195520718513169, -0.29578230563793795, -2.3476398698396963, -1.0491346892804823, -0.7724986737572644, 2.4077996340431382]
[-0.5411875413496401, -0.3081142513621312, -2.445442138945133, -1.0928474754535822, -0.8046949048121651, 2.5081260894188553]
[-0.5628230108479633, -0.32044619708632455, -2.5432444080505707, -1.1365602616266821, -0.8368911358670659, 2.6084525447945723]
[-0.5844584803462864, -0.33277814281051776, -2.6410466771560075, -1.180273047799782, -0.8690873669219665, 2.7087790001702894]
[-0.6060939498446096, -0.34511008853471103, -2.7388489462614447, -1.223985833972882, -0.9012835979768672, 2.8091054555460064]
[-0.6277294193429328, -0.3574420342589043, -2.8366512153668815, -1.267698620145982, -0.9334798290317678, 2.9094319109217235]
[-0.649364888841256, -0.3697739799830976, -2.9344534844723187, -1.3114114063190818, -0.9656760600866686, 3.0097583662974405]
[-0.6710003583395792, -0.38210592570729085, -3.032255753577756, -1.3551241924921817, -0.9978722911415693, 3.1100848216731576]