[-0.0003795714205478973, 0.00010477555007160078, -0.00028422680596928984, 9.539457874385704e-05, 0.0003355008859617925, 2.2278212234994044e-05]
[-0.039419984594938624, -0.0026144161128237547, -0.09347597724782472, 0.010191358466041415, -0.03730582875024006, 0.12141610327903381]
[-0.07846039776932935, -0.00533360777571911, -0.18666772768968015, 0.020287322353338973, -0.0749471583864419, 0.24280992834583262]
[-0.11750081094372006, -0.008052799438614465, -0.27985947813153556, 0.030383286240636527, -0.11258848802264373, 0.3642037534126314]
[-0.1565412241181108, -0.010771991101509821, -0.373051228573391, 0.04047925012793409, -0.1502298176588456, 0.48559757847943025]
[-0.19558163729250153, -0.013491182764405175, -0.4662429790152464, 0.05057521401523164, -0.18787114729504742, 0.606991403546229]
[-0.23462205046689222, -0.01621037442730053, -0.5594347294571018, 0.0606711779025292, -0.22551247693124926, 0.7283852286130278]
[-0.273662463641283, -0.018929566090195887, -0.6526264798989573, 0.07076714178982675, -0.26315380656745113, 0.8497790536798266]
[-0.3127028768156737, -0.021648757753091243, -0.7458182303408127, 0.08086310567712432, -0.300795136203653, 0.9711728787466255]
[-0.35174328999006443, -0.0243679494159866, -0.8390099807826682, 0.09095906956442187, -0.3384364658398548, 1.0925667038134244]
[-0.39078370316445515, -0.02708714107888195, -0.9322017312245235, 0.10105503345171943, -0.37607779547605663, 1.213960528880223]
[-0.4298241163388459, -0.029806332741777308, -1.025393481666379, 0.11115099733901698, -0.4137191251122585, 1.3353543539470218]
[-0.3671109399962431, -0.029839445005174058, -1.091187476852751, 0.019940838268595537, -0.4347203886573839, 1.3882626272786194]
[-0.30439776365364035, -0.02987255726857081, -1.156981472039123, -0.07126932080182591, -0.4557216522025092, 1.441170900610217]
[-0.24168458731103756, -0.02990566953196756, -1.2227754672254947, -0.16247947987224734, -0.4767229157476346, 1.4940791739418144]
[-0.17897141096843477, -0.02993878179536431, -1.2885694624118667, -0.2536896389426688, -0.49772417929275997, 1.5469874472734118]
[-0.11625823462583201, -0.02997189405876106, -1.3543634575982386, -0.34489979801309023, -0.5187254428378854, 1.5998957206050095]
[-0.05354505828322925, -0.03000500632215781, -1.4201574527846106, -0.43610995708351163, -0.5397267063830107, 1.6528039939366068]
[0.009168118059373509, -0.030038118585554562, -1.4859514479709826, -0.527320116153933, -0.560727969928136, 1.7057122672682044]
[0.07188129440197633, -0.030071230848951313, -1.5517454431573543, -0.6185302752243546, -0.5817292334732614, 1.7586205405998019]
[0.1345944707445791, -0.030104343112348064, -1.6175394383437265, -0.709740434294776, -0.6027304970183868, 1.8115288139313994]
[0.19730764708718185, -0.030137455375744818, -1.6833334335300982, -0.8009505933651974, -0.6237317605635122, 1.864437087262997]
[0.2600208234297846, -0.03017056763914157, -1.7491274287164704, -0.892160752435619, -0.6447330241086375, 1.9173453605945945]
[0.32273399977238737, -0.03020367990253832, -1.8149214239028422, -0.9833709115060403, -0.6657342876537629, 1.970253633926192]
[0.38544717611499024, -0.03023679216593507, -1.8807154190892141, -1.0745810705764618, -0.6867355511988883, 2.0231619072577893]
[0.4481603524575929, -0.03026990442933182, -1.946509414275586, -1.165791229646883, -0.7077368147440136, 2.076070180589387]
[0.5108735288001958, -0.03030301669272857, -2.012303409461958, -1.2570013887173046, -0.7287380782891391, 2.1289784539209844]
[0.5735867051427985, -0.03033612895612532, -2.0780974046483296, -1.3482115477877261, -0.7497393418342644, 2.181886727252582]
[0.6362998814854013, -0.030369241219522072, -2.143891399834702, -1.4394217068581476, -0.7707406053793897, 2.2347950005841795]
[0.699013057828004, -0.030402353482918823, -2.209685395021074, -1.530631865928569, -0.791741868924515, 2.2877032739157768]
[0.7617262341706068, -0.030435465746315574, -2.2754793902074457, -1.6218420249989904, -0.8127431324696405, 2.3406115472473745]
[0.8268817060523528, -0.029792777999995707, -2.3107291217789925, -1.705082117986163, -0.8220470976938856, 2.3574939705400184]
[0.8920371779340988, -0.029150090253675837, -2.3459788533505397, -1.7883222109733359, -0.8313510629181308, 2.3743763938326627]
[0.9571926498158448, -0.02850740250735597, -2.3812285849220864, -1.8715623039605085, -0.8406550281423759, 2.3912588171253066]