[-0.0002323068094387537, 0.00010016740989904349, -0.0004289682064131384, 6.380538081174336e-05, 0.0001404116340966155, -1.3134987152163546e-05]
[-0.047980048108580045, -0.02609364272628023, -0.05876090180244322, 0.10034365870747228, 0.0714886826751031, 0.0012933022955859917]
[-0.09572778940772134, -0.052287452862459505, -0.1170928353984733, 0.2006235120341328, 0.14283695371610958, 0.002599739578324147]
[-0.14347553070686264, -0.07848126299863878, -0.1754247689945034, 0.3009033653607933, 0.21418522475711604, 0.003906176861062302]
[-0.19122327200600392, -0.10467507313481805, -0.23375670259053347, 0.4011832186874539, 0.28553349579812254, 0.005212614143800458]
[-0.23897101330514522, -0.13086888327099733, -0.29208863618656355, 0.5014630720141144, 0.35688176683912903, 0.006519051426538613]
[-0.28671875460428653, -0.1570626934071766, -0.35042056978259367, 0.6017429253407749, 0.4282300378801355, 0.007825488709276768]
[-0.3344664959034278, -0.18325650354335588, -0.40875250337862373, 0.7020227786674355, 0.49957830892114197, 0.009131925992014924]
[-0.3822142372025691, -0.20945031367953515, -0.4670844369746538, 0.802302631994096, 0.5709265799621485, 0.010438363274753079]
[-0.4299619785017104, -0.23564412381571445, -0.5254163705706839, 0.9025824853207567, 0.642274851003155, 0.011744800557491235]
[-0.4777097198008517, -0.2618379339518937, -0.583748304166714, 1.0028623386474171, 0.7136231220441615, 0.01305123784022939]
[-0.525457461099993, -0.28803174408807297, -0.6420802377627441, 1.1031421919740778, 0.784971393085168, 0.014357675122967546]
[-0.5732052023991343, -0.31422555422425225, -0.7004121713587742, 1.203422045300738, 0.8563196641261743, 0.0156641124057057]
[-0.6209529436982756, -0.3404193643604315, -0.7587441049548043, 1.3037018986273987, 0.9276679351671809, 0.016970549688443855]
[-0.6687006849974169, -0.3666131744966108, -0.8170760385508343, 1.4039817519540592, 0.9990162062081873, 0.018276986971182012]
[-0.7164484262965582, -0.39280698463279007, -0.8754079721468645, 1.5042616052807198, 1.0703644772491938, 0.019583424253920168]
[-0.7641961675956994, -0.41900079476896934, -0.9337399057428944, 1.6045414586073803, 1.1417127482902003, 0.02088986153665832]
[-0.8119439088948407, -0.44519460490514856, -0.9920718393389245, 1.7048213119340407, 1.2130610193312066, 0.022196298819396477]
[-0.8596916501939821, -0.47138841504132795, -1.0504037729349547, 1.8051011652607016, 1.2844092903722133, 0.023502736102134634]
[-0.9074393914931234, -0.49758222517750716, -1.1087357065309849, 1.905381018587362, 1.3557575614132198, 0.02480917338487279]
[-0.9551871327922646, -0.5237760353136864, -1.1670676401270148, 2.0056608719140225, 1.4271058324542263, 0.026115610667610943]
[-1.002934874091406, -0.5499698454498657, -1.2253995737230448, 2.105940725240683, 1.4984541034952326, 0.027422047950349096]
[-1.0506826153905473, -0.576163655586045, -1.2837315073190751, 2.206220578567344, 1.5698023745362393, 0.028728485233087256]
[-1.0984303566896885, -0.6023574657222243, -1.342063440915105, 2.3065004318940043, 1.6411506455772458, 0.03003492251582541]
[-1.1461780979888299, -0.6285512758584035, -1.4003953745111353, 2.4067802852206643, 1.712498916618252, 0.03134135979856356]
[-1.193925839287971, -0.6547450859945828, -1.4587273081071652, 2.507060138547325, 1.7838471876592585, 0.03264779708130172]
[-1.2416735805871124, -0.6809388961307621, -1.5170592417031954, 2.6073399918739857, 1.8551954587002653, 0.033954234364039874]
[-1.2894213218862538, -0.7071327062669414, -1.5753911752992256, 2.707619845200646, 1.9265437297412715, 0.035260671646778034]
[-1.337169063185395, -0.7333265164031206, -1.6337231088952555, 2.8078996985273066, 1.997892000782278, 0.03656710892951619]
[-1.3849168044845361, -0.7595203265392999, -1.6920550424912855, 2.908179551853967, 2.0692402718232845, 0.03787354621225434]
[-1.4326645457836777, -0.7857141366754792, -1.7503869760873159, 3.008459405180628, 2.140588542864291, 0.0391799834949925]
[-1.480412287082819, -0.8119079468116585, -1.8087189096833458, 3.1087392585072884, 2.2119368139052975, 0.04048642077773065]