[-0.00023276163193841626, 0.00016406733782048377, -0.0004126213303727866, 6.084126045724503e-05, 0.0003156733398625988, 4.909056567736769e-05]
[-0.05288019250934013, -0.026179807822146274, -0.07030299047127068, -0.10026649701873301, 0.051768036547263335, -0.004471536174870692]
[-0.10552762338674185, -0.05252368298211303, -0.14019335961216858, -0.20059383529792327, 0.10322039975466407, -0.008992162915418751]
[-0.15817505426414358, -0.0788675581420798, -0.21008372875306647, -0.3009211735771135, 0.1546727629620648, -0.01351278965596681]
[-0.21082248514154528, -0.10521143330204655, -0.2799740978939644, -0.4012485118563038, 0.20612512616946554, -0.01803341639651487]
[-0.263469916018947, -0.1315553084620133, -0.3498644670348623, -0.5015758501354941, 0.2575774893768663, -0.022554043137062926]
[-0.31611734689634874, -0.15789918362198008, -0.41975483617576015, -0.6019031884146843, 0.309029852584267, -0.027074669877610986]
[-0.36876477777375044, -0.18424305878194683, -0.48964520531665806, -0.7022305266938745, 0.3604822157916678, -0.03159529661815905]
[-0.42141220865115214, -0.21058693394191358, -0.559535574457556, -0.8025578649730648, 0.4119345789990685, -0.03611592335870711]
[-0.4740596395285539, -0.23693080910188036, -0.6294259435984539, -0.9028852032522552, 0.4633869422064693, -0.04063655009925517]
[-0.5267070704059555, -0.2632746842618471, -0.6993163127393518, -1.0032125415314455, 0.51483930541387, -0.04515717683980322]
[-0.5793545012833573, -0.28961855942181386, -0.7692066818802498, -1.1035398798106357, 0.5662916686212708, -0.04967780358035129]
[-0.6320019321607591, -0.31596243458178064, -0.8390970510211475, -1.2038672180898258, 0.6177440318286714, -0.05419843032089934]
[-0.6846493630381608, -0.3423063097417474, -0.9089874201620455, -1.3041945563690163, 0.6691963950360722, -0.0587190570614474]
[-0.7372967939155625, -0.36865018490171414, -0.9788777893029433, -1.4045218946482063, 0.720648758243473, -0.06323968380199546]
[-0.7899442247929642, -0.3949940600616809, -1.0487681584438413, -1.5048492329273968, 0.7721011214508737, -0.06776031054254351]
[-0.8425916556703659, -0.42133793522164764, -1.1186585275847392, -1.6051765712065869, 0.8235534846582744, -0.07228093728309158]
[-0.8952390865477675, -0.44768181038161436, -1.188548896725637, -1.7055039094857771, 0.8750058478656751, -0.07680156402363963]
[-0.9478865174251694, -0.4740256855415812, -1.258439265866535, -1.8058312477649676, 0.926458211073076, -0.0813221907641877]
[-1.000533948302571, -0.5003695607015479, -1.328329635007433, -1.9061585860441579, 0.9779105742804767, -0.08584281750473576]
[-1.0531813791799727, -0.5267134358615146, -1.3982200041483308, -2.006485924323348, 1.0293629374878774, -0.09036344424528381]
[-1.1058288100573743, -0.5530573110214814, -1.4681103732892287, -2.106813262602538, 1.080815300695278, -0.09488407098583186]
[-1.1584762409347762, -0.5794011861814482, -1.5380007424301267, -2.2071406008817287, 1.132267663902679, -0.09940469772637994]
[-1.2111236718121778, -0.6057450613414149, -1.6078911115710246, -2.3074679391609187, 1.1837200271100796, -0.103925324466928]
[-1.2637711026895797, -0.6320889365013818, -1.6777814807119222, -2.407795277440109, 1.2351723903174803, -0.10844595120747605]
[-1.3164185335669814, -0.6584328116613485, -1.74767184985282, -2.5081226157192993, 1.286624753524881, -0.1129665779480241]
[-1.3690659644443832, -0.6847766868213153, -1.8175622189937182, -2.60844995399849, 1.3380771167322818, -0.11748720468857217]
[-1.4217133953217849, -0.711120561981282, -1.887452588134616, -2.70877729227768, 1.3895294799396825, -0.12200783142912022]
[-1.4743608261991865, -0.7374644371412488, -1.9573429572755139, -2.80910463055687, 1.4409818431470833, -0.1265284581696683]
[-1.5270082570765882, -0.7638083123012155, -2.027233326416412, -2.9094319688360604, 1.492434206354484, -0.13104908491021633]
[-1.57965568795399, -0.7901521874611823, -2.09712369555731, -3.009759307115251, 1.5438865695618849, -0.1355697116507644]
[-1.6323031188313917, -0.816496062621149, -2.1670140646982077, -3.110086645394441, 1.5953389327692855, -0.14009033839131246]