[-0.000396750644929611, 0.00014338008188019558, -0.0003597999598143886, 0.00012911953805172516, 0.00033551532212872104, 5.218648555960215e-06]
[0.04536729423772956, -0.03329265970604503, -0.09972494562032005, 0.057292218540468606, -0.015818963520770297, -0.04759084206733053]
[0.09113133912038873, -0.06672869949397026, -0.19909009128082572, 0.11445531754288549, -0.031973442363669315, -0.09518690278321702]
[0.1368953840030479, -0.10016473928189548, -0.29845523694133136, 0.17161841654530235, -0.048127921206568336, -0.14278296349910352]
[0.18265942888570708, -0.1336007790698207, -0.39782038260183705, 0.22878151554771925, -0.06428240004946735, -0.19037902421499]
[0.22842347376836625, -0.16703681885774593, -0.49718552826234275, 0.28594461455013614, -0.08043687889236636, -0.2379750849308765]
[0.2741875186510254, -0.20047285864567116, -0.5965506739228483, 0.343107713552553, -0.09659135773526539, -0.285571145646763]
[0.3199515635336846, -0.23390889843359639, -0.695915819583354, 0.4002708125549699, -0.11274583657816441, -0.33316720636264946]
[0.36571560841634376, -0.2673449382215216, -0.7952809652438597, 0.4574339115573868, -0.12890031542106342, -0.38076326707853597]
[0.41147965329900293, -0.3007809780094468, -0.8946461109043654, 0.5145970105598037, -0.14505479426396245, -0.4283593277944225]
[0.4572436981816621, -0.33421701779737206, -0.9940112565648711, 0.5717601095622206, -0.16120927310686145, -0.47595538851030894]
[0.5030077430643213, -0.3676530575852973, -1.0933764022253767, 0.6289232085646375, -0.17736375194976048, -0.5235514492261955]
[0.5487717879469804, -0.4010890973732225, -1.1927415478858823, 0.6860863075670542, -0.1935182307926595, -0.571147509942082]
[0.5945358328296396, -0.4345251371611477, -1.292106693546388, 0.7432494065694711, -0.2096727096355585, -0.6187435706579685]
[0.6402998777122988, -0.46796117694907297, -1.3914718392068937, 0.800412505571888, -0.22582718847845754, -0.6663396313738549]
[0.686063922594958, -0.5013972167369982, -1.4908369848673995, 0.8575756045743049, -0.24198166732135654, -0.7139356920897414]
[0.7318279674776171, -0.5348332565249234, -1.590202130527905, 0.9147387035767218, -0.25813614616425556, -0.7615317528056279]
[0.7963109421844216, -0.5252192155699493, -1.6156398375259247, 1.0031516012920725, -0.2666919269534568, -0.863153164708953]
[0.860793916891226, -0.5156051746149752, -1.6410775445239445, 1.091564499007423, -0.27524770774265805, -0.9647745766122781]
[0.9252768915980303, -0.505991133660001, -1.6665152515219641, 1.1799773967227736, -0.2838034885318593, -1.0663959885156031]
[0.9897598663048348, -0.49637709270502695, -1.6919529585199837, 1.2683902944381242, -0.29235926932106054, -1.168017400418928]
[1.0542428410116391, -0.4867630517500528, -1.7173906655180036, 1.3568031921534747, -0.3009150501102618, -1.2696388123222533]
[1.1187258157184434, -0.4771490107950787, -1.7428283725160232, 1.4452160898688253, -0.30947083089946303, -1.3712602242255783]
[1.183208790425248, -0.46753496984010456, -1.7682660795140428, 1.533628987584176, -0.3180266116886643, -1.4728816361289034]
[1.2476917651320525, -0.4579209288851305, -1.7937037865120626, 1.6220418852995264, -0.3265823924778655, -1.5745030480322284]
[1.3121747398388566, -0.44830688793015633, -1.8191414935100823, 1.710454783014877, -0.3351381732670668, -1.6761244599355534]
[1.376657714545661, -0.43869284697518224, -1.8445792005081019, 1.7988676807302277, -0.343693954056268, -1.7777458718388788]
[1.4411406892524656, -0.4290788060202081, -1.8700169075061217, 1.8872805784455784, -0.3522497348454693, -1.8793672837422037]
[1.50562366395927, -0.419464765065234, -1.8954546145041413, 1.9756934761609288, -0.3608055156346705, -1.9809886956455287]
[1.5701066386660743, -0.40985072411025986, -1.9208923215021612, 2.0641063738762795, -0.3693612964238718, -2.0826101075488537]
[1.6345896133728788, -0.40023668315528577, -1.9463300285001806, 2.15251927159163, -0.377917077213073, -2.1842315194521786]
[1.6990725880796833, -0.3906226422003116, -1.9717677354982004, 2.240932169306981, -0.38647285800227427, -2.285852931355504]
[1.7635555627864876, -0.38100860124533753, -1.99720544249622, 2.3293450670223312, -0.3950286387914755, -2.387474343258829]
[1.828038537493292, -0.3713945602903634, -2.0226431494942396, 2.4177579647376817, -0.40358441958067676, -2.489095755162154]
[1.8925215122000962, -0.36178051933538924, -2.0480808564922595, 2.5061708624530326, -0.412140200369878, -2.590717167065479]
[1.9570044869069008, -0.35216647838041515, -2.0735185634902793, 2.5945837601683834, -0.42069598115907925, -2.6923385789688044]
[2.021487461613705, -0.34255243742544106, -2.0989562704882987, 2.6829966578837334, -0.4292517619482805, -2.7939599908721293]
[2.0859704363205096, -0.3329383964704669, -2.1243939774863185, 2.7714095555990843, -0.43780754273748174, -2.8955814027754543]