[-0.00036622201688008005, 0.00025805715564874987, -0.0004052198992088307, -1.858259156062303e-05, 0.00031711640353826454, 6.635617172001673e-05]
[0.06412394101889528, -0.07156488696133252, -0.08099896977094452, 0.053972535844297086, 0.00787042025054881, -0.0077243912563571705]
[0.12861410405467064, -0.1433878310783138, -0.1615927196426802, 0.1079636542801548, 0.015423724097559356, -0.015515138684434358]
[0.193104267090446, -0.21521077519529505, -0.2421864695144159, 0.1619547727160125, 0.022977027944569902, -0.023305886112511543]
[0.25759443012622135, -0.28703371931227634, -0.3227802193861516, 0.2159458911518702, 0.030530331791580448, -0.031096633540588732]
[0.3220845931619967, -0.3588566634292576, -0.40337396925788727, 0.2699370095877279, 0.038083635638591, -0.03888738096866592]
[0.3865747561977721, -0.43067960754623885, -0.48396771912962294, 0.3239281280235856, 0.04563693948560154, -0.0466781283967431]
[0.45106491923354736, -0.5025025516632201, -0.5645614690013586, 0.3779192464594433, 0.05319024333261208, -0.05446887582482029]
[0.5155550822693228, -0.5743254957802014, -0.6451552188730943, 0.43191036489530105, 0.06074354717962263, -0.06225962325289748]
[0.580045245305098, -0.6461484398971826, -0.72574896874483, 0.48590148333115873, 0.06829685102663317, -0.07005037068097467]
[0.6445354083408735, -0.7179713840141639, -0.8063427186165657, 0.5398926017670165, 0.07585015487364373, -0.07784111810905185]
[0.7090255713766488, -0.7897943281311451, -0.8869364684883013, 0.5938837202028742, 0.08340345872065426, -0.08563186553712904]
[0.7735157344124243, -0.8616172722481265, -0.967530218360037, 0.6478748386387319, 0.09095676256766481, -0.09342261296520622]
[0.8380058974481995, -0.9334402163651077, -1.0481239682317727, 0.7018659570745895, 0.09851006641467536, -0.10121336039328341]
[0.9208295832011433, -0.8940738803418841, -1.095697139605575, 0.6269950993498672, 0.11959822600703715, -0.07133719434522244]
[1.003653268954087, -0.8547075443186605, -1.1432703109793774, 0.5521242416251448, 0.14068638559939894, -0.041461028297161466]
[1.0864769547070308, -0.815341208295437, -1.1908434823531797, 0.47725338390042255, 0.16177454519176074, -0.011584862249100492]
[1.1693006404599744, -0.7759748722722134, -1.2384166537269818, 0.40238252617570025, 0.18286270478412253, 0.018291303798960476]
[1.2521243262129182, -0.7366085362489898, -1.2859898251007842, 0.32751166845097784, 0.20395086437648433, 0.04816746984702147]
[1.3349480119658619, -0.6972422002257662, -1.3335629964745865, 0.25264081072625555, 0.22503902396884612, 0.07804363589508242]
[1.4177716977188055, -0.6578758642025426, -1.3811361678483889, 0.1777699530015332, 0.2461271835612079, 0.1079198019431434]
[1.5005953834717491, -0.6185095281793191, -1.4287093392221912, 0.10289909527681096, 0.2672153431535697, 0.13779596799120436]
[1.583419069224693, -0.5791431921560954, -1.4762825105959934, 0.02802823755208861, 0.28830350274593153, 0.1676721340392653]
[1.6662427549776369, -0.539776856132872, -1.523855681969796, -0.04684262017263385, 0.3093916623382933, 0.19754830008732635]
[1.7490664407305805, -0.5004105201096484, -1.571428853343598, -0.12171347789735609, 0.33047982193065506, 0.22742446613538728]
[1.8318901264835241, -0.4610441840864248, -1.6190020247174004, -0.1965843356220784, 0.3515679815230169, 0.2573006321834483]