[-0.00032850097569525616, 0.0001442929793284975, -0.0003831365043911461, 0.00011397722762040985, 0.000312289400322463, -3.655059692331264e-05]
[-0.056275159958721344, -0.02446931123228457, -0.06735183614630517, -0.08868703038609983, 0.06648739739335842, -2.294559407182253e-05]
[-0.11222181894174743, -0.04908291544389764, -0.1343205357882192, -0.17748803799982008, 0.13266250538639437, -9.340591220332421e-06]
[-0.16816847792477352, -0.0736965196555107, -0.20128923543013322, -0.26628904561354033, 0.19883761337943034, 4.264411631157693e-06]
[-0.2241151369077996, -0.09831012386712377, -0.26825793507204726, -0.35509005322726056, 0.2650127213724663, 1.7869414482647797e-05]
[-0.2800617958908257, -0.12292372807873683, -0.33522663471396125, -0.4438910608409808, 0.33118782936550223, 3.14744173341379e-05]
[-0.3360084548738518, -0.1475373322903499, -0.4021953343558753, -0.5326920684547011, 0.3973629373585382, 4.5079420185628025e-05]
[-0.39195511385687787, -0.17215093650196298, -0.46916403399778933, -0.6214930760684213, 0.46353804535157417, 5.8684423037118135e-05]
[-0.44790177283990396, -0.19676454071357605, -0.5361327336397034, -0.7102940836821415, 0.5297131533446101, 7.228942588860823e-05]
[-0.50384843182293, -0.22137814492518912, -0.6031014332816174, -0.7990950912958618, 0.595888261337646, 8.589442874009834e-05]
[-0.5597950908059561, -0.24599174913680216, -0.6700701329235313, -0.887896098909582, 0.662063369330682, 9.949943159158844e-05]
[-0.6157417497889822, -0.27060535334841523, -0.7370388325654453, -0.9766971065233022, 0.7282384773237179, 0.00011310443444307856]
[-0.6716884087720083, -0.2952189575600283, -0.8040075322073594, -1.0654981141370226, 0.794413585316754, 0.0001267094372945687]
[-0.7276350677550344, -0.3198325617716414, -0.8709762318492735, -1.1542991217507428, 0.8605886933097899, 0.00014031444014605879]
[-0.7835817267380605, -0.34444616598325445, -0.9379449314911875, -1.243100129364463, 0.9267638013028259, 0.0001539194429975489]
[-0.8395283857210866, -0.3690597701948675, -1.0049136311331015, -1.3319011369781832, 0.9929389092958618, 0.000167524445849039]
[-0.8954750447041127, -0.3936733744064806, -1.0718823307750156, -1.4207021445919035, 1.0591140172888978, 0.0001811294487005291]
[-0.9514217036871387, -0.41828697861809366, -1.1388510304169295, -1.5095031522056237, 1.1252891252819337, 0.00019473445155201923]
[-1.0073683626701648, -0.44290058282970673, -1.2058197300588436, -1.598304159819344, 1.1914642332749696, 0.00020833945440350933]
[-1.0633150216531908, -0.46751418704131975, -1.2727884297007575, -1.6871051674330642, 1.2576393412680056, 0.00022194445725499945]
[-1.119261680636217, -0.4921277912529328, -1.3397571293426715, -1.7759061750467844, 1.3238144492610415, 0.00023554946010648952]
[-1.175208339619243, -0.5167413954645459, -1.4067258289845856, -1.8647071826605046, 1.3899895572540775, 0.00024915446295797964]
[-1.2311549986022692, -0.541354999676159, -1.4736945286264995, -1.9535081902742248, 1.4561646652471134, 0.00026275946580946977]
[-1.2871016575852954, -0.5659686038877721, -1.5406632282684138, -2.0423091978879455, 1.5223397732401496, 0.0002763644686609599]
[-1.3430483165683214, -0.5905822080993851, -1.6076319279103277, -2.1311102055016655, 1.5885148812331855, 0.00028996947151245]
[-1.3989949755513476, -0.6151958123109982, -1.6746006275522418, -2.219911213115386, 1.6546899892262215, 0.00030357447436394014]
[-1.4549416345343735, -0.6398094165226113, -1.741569327194156, -2.308712220729106, 1.7208650972192574, 0.0003171794772154302]
[-1.5108882935173997, -0.6644230207342243, -1.8085380268360698, -2.3975132283428264, 1.7870402052122933, 0.00033078448006692034]
[-1.5668349525004257, -0.6890366249458374, -1.8755067264779839, -2.4863142359565464, 1.8532153132053293, 0.00034438948291841046]
[-1.622781611483452, -0.7136502291574505, -1.9424754261198978, -2.575115243570267, 1.9193904211983652, 0.00035799448576990053]
[-1.6787282704664779, -0.7382638333690635, -2.009444125761812, -2.663916251183987, 1.9855655291914012, 0.00037159948862139065]