[-0.00031077398747925145, 8.557929242236639e-05, -0.000334487294943564, 1.7708350274148188e-05, 0.00023076562205215367, 0.00011945485235287379]
[0.028098646510644382, -0.034100145036761925, -0.07833743529141093, -0.04837077999594857, 0.02826768812143087, 0.085992655055127]
[0.056508067008768016, -0.06828586936594622, -0.1563403832878783, -0.09675926834217129, 0.05630461062080959, 0.17186585525790113]
[0.08491748750689165, -0.1024715936951305, -0.23434333128434567, -0.145147756688394, 0.0843415331201883, 0.25773905546067527]
[0.11332690800501528, -0.1366573180243148, -0.31234627928081304, -0.19353624503461672, 0.11237845561956702, 0.3436122556634494]
[0.14173632850313891, -0.17084304235349906, -0.3903492272772804, -0.24192473338083945, 0.14041537811894575, 0.4294854558662235]
[0.17014574900126256, -0.20502876668268336, -0.4683521752737478, -0.29031322172706214, 0.16845230061832445, 0.5153586560689977]
[0.1985551694993862, -0.23921449101186765, -0.5463551232702152, -0.33870171007328487, 0.19648922311770317, 0.6012318562717718]
[0.22696458999750982, -0.27340021534105197, -0.6243580712666825, -0.3870901984195076, 0.2245261456170819, 0.6871050564745459]
[0.25537401049563346, -0.30758593967023623, -0.7023610192631499, -0.4354786867657303, 0.2525630681164606, 0.77297825667732]
[0.2837834309937571, -0.3417716639994205, -0.7803639672596172, -0.48386717511195304, 0.28059999061583935, 0.8588514568800941]
[0.31219285149188075, -0.3759573883286048, -0.8583669152560847, -0.5322556634581758, 0.30863691311521807, 0.9447246570828683]
[0.34060227199000437, -0.4101431126577891, -0.936369863252552, -0.5806441518043984, 0.33667383561459674, 1.0305978572856425]
[0.36901169248812804, -0.4443288369869734, -1.0143728112490193, -0.6290326401506212, 0.3647107581139755, 1.1164710574884167]
[0.39742111298625166, -0.47851456131615766, -1.0923757592454868, -0.6774211284968439, 0.3927476806133542, 1.2023442576911907]
[0.42583053348437533, -0.512700285645342, -1.1703787072419543, -0.7258096168430667, 0.42078460311273297, 1.288217457893965]
[0.4542399539824989, -0.5468860099745263, -1.2483816552384215, -0.7741981051892893, 0.44882152561211164, 1.374090658096739]
[0.48264937448062256, -0.5810717343037106, -1.326384603234889, -0.8225865935355121, 0.47685844811149036, 1.4599638582995131]
[0.5110587949787462, -0.6152574586328948, -1.4043875512313562, -0.8709750818817348, 0.5048953706108691, 1.5458370585022871]
[0.5394682154768699, -0.6494431829620791, -1.4823904992278236, -0.9193635702279576, 0.5329322931102478, 1.6317102587050614]
[0.634071524823593, -0.6148457454528311, -1.5204095217451483, -0.9870442391989682, 0.5079630550127214, 1.6011172829069527]
[0.728674834170316, -0.580248307943583, -1.5584285442624728, -1.054724908169979, 0.48299381691519494, 1.5705243071088437]
[0.8232781435170391, -0.5456508704343348, -1.5964475667797975, -1.1224055771409898, 0.45802457881766856, 1.539931331310735]
[0.9178814528637622, -0.5110534329250868, -1.634466589297122, -1.1900862461120005, 0.4330553407201421, 1.5093383555126263]
[1.0124847622104853, -0.47645599541583866, -1.6724856118144467, -1.2577669150830113, 0.4080861026226157, 1.4787453797145174]
[1.1070880715572082, -0.44185855790659057, -1.7105046343317714, -1.3254475840540219, 0.3831168645250893, 1.4481524039164086]
[1.2016913809039313, -0.4072611203973424, -1.7485236568490958, -1.3931282530250326, 0.3581476264275628, 1.4175594281183]
[1.2962946902506545, -0.37266368288809437, -1.7865426793664203, -1.4608089219960432, 0.33317838833003643, 1.386966452320191]
[1.3908979995973776, -0.3380662453788463, -1.824561701883745, -1.528489590967054, 0.30820915023251, 1.3563734765220823]
[1.4855013089441007, -0.3034688078695982, -1.8625807244010697, -1.5961702599380647, 0.28323991213498356, 1.3257805007239734]
[1.5801046182908238, -0.2688713703603501, -1.9005997469183942, -1.6638509289090755, 0.2582706740374572, 1.2951875249258649]
[1.674707927637547, -0.234273932851102, -1.9386187694357189, -1.7315315978800863, 0.23330143593993075, 1.264594549127756]