[-0.00035849662942410987, 9.476453052048583e-05, -0.00046380814767843503, -3.443651510437462e-05, 0.0002454321240437096, 2.158417437847504e-05]
[-0.07373348543811759, -0.02315073630239945, -0.0739864283386093, -0.07542039608372397, 0.05363151856744237, 0.008822662592815193]
[-0.14710847424681106, -0.04639623713531939, -0.14750904852954017, -0.15080635565234357, 0.10701760501084102, 0.01762374101125191]
[-0.22048346305550454, -0.06964173796823933, -0.22103166872047103, -0.22619231522096317, 0.1604036914542397, 0.02642481942968863]
[-0.293858451864198, -0.09288723880115926, -0.2945542889114019, -0.30157827478958277, 0.21378977789763834, 0.03522589784812535]
[-0.3672334406728915, -0.1161327396340792, -0.36807690910233276, -0.37696423435820237, 0.267175864341037, 0.044026976266562066]
[-0.44060842948158496, -0.13937824046699915, -0.4415995292932636, -0.45235019392682196, 0.32056195078443567, 0.052828054684998786]
[-0.5139834182902784, -0.16262374129991908, -0.5151221494841945, -0.5277361534954416, 0.3739480372278343, 0.061629133103435506]
[-0.5873584070989719, -0.185869242132839, -0.5886447696751254, -0.6031221130640612, 0.42733412367123297, 0.07043021152187222]
[-0.6607333959076654, -0.20911474296575897, -0.6621673898660563, -0.6785080726326809, 0.4807202101146317, 0.07923128994030895]
[-0.7341083847163589, -0.2323602437986789, -0.7356900100569871, -0.7538940322013004, 0.5341062965580303, 0.08803236835874566]
[-0.8074833735250524, -0.25560574463159885, -0.809212630247918, -0.8292799917699201, 0.587492383001429, 0.09683344677718239]
[-0.8808583623337458, -0.2788512454645188, -0.8827352504388488, -0.9046659513385396, 0.6408784694448276, 0.1056345251956191]
[-0.9542333511424393, -0.3020967462974387, -0.9562578706297797, -0.9800519109071593, 0.6942645558882263, 0.11443560361405582]
[-1.0276083399511327, -0.32534224713035864, -1.0297804908207107, -1.0554378704757787, 0.7476506423316249, 0.12323668203249254]
[-1.1009833287598263, -0.3485877479632786, -1.1033031110116416, -1.1308238300443985, 0.8010367287750236, 0.13203776045092927]
[-1.1743583175685197, -0.3718332487961985, -1.1768257312025723, -1.206209789613018, 0.8544228152184222, 0.14083883886936596]
[-1.2477333063772131, -0.39507874962911843, -1.2503483513935032, -1.2815957491816374, 0.9078089016618208, 0.14963991728780268]
[-1.3211082951859068, -0.4183242504620384, -1.3238709715844341, -1.3569817087502574, 0.9611949881052196, 0.15844099570623943]
[-1.3944832839946002, -0.44156975129495835, -1.397393591775365, -1.4323676683188769, 1.0145810745486183, 0.16724207412467612]
[-1.4678582728032936, -0.4648152521278783, -1.4709162119662957, -1.5077536278874963, 1.067967160992017, 0.17604315254311284]
[-1.541233261611987, -0.4880607529607982, -1.5444388321572267, -1.5831395874561158, 1.1213532474354155, 0.18484423096154956]
[-1.6146082504206807, -0.5113062537937182, -1.6179614523481576, -1.6585255470247358, 1.1747393338788144, 0.1936453093799863]
[-1.687983239229374, -0.5345517546266381, -1.6914840725390885, -1.7339115065933552, 1.228125420322213, 0.202446387798423]
[-1.7613582280380675, -0.557797255459558, -1.7650066927300192, -1.8092974661619747, 1.2815115067656115, 0.21124746621685972]
[-1.834733216846761, -0.5810427562924779, -1.8385293129209501, -1.8846834257305942, 1.3348975932090101, 0.22004854463529644]
[-1.9081082056554546, -0.6042882571253979, -1.912051933111881, -1.9600693852992142, 1.388283679652409, 0.22884962305373316]
[-1.981483194464148, -0.6275337579583179, -1.985574553302812, -2.0354553448678336, 1.4416697660958075, 0.23765070147216988]
[-2.054858183272841, -0.6507792587912378, -2.059097173493743, -2.110841304436453, 1.4950558525392061, 0.2464517798906066]
[-2.1282331720815346, -0.6740247596241576, -2.1326197936846736, -2.1862272640050726, 1.5484419389826047, 0.2552528583090433]
[-2.2016081608902285, -0.6972702604570777, -2.2061424138756047, -2.2616132235736925, 1.6018280254260036, 0.26405393672748007]
[-2.274983149698922, -0.7205157612899976, -2.2796650340665354, -2.336999183142312, 1.6552141118694021, 0.27285501514591676]