[-0.000408562553627867, 9.441801988607779e-05, -0.0003855045971361548, 3.351961096065281e-05, 0.0003284455593819402, 0.0001502112258089383]
[0.041634841707264114, -0.02794770770940942, -0.08255291838878417, 0.04326300983867274, -0.021343493200159512, 0.08805432197143864]
[0.0836782459681561, -0.055989833438704915, -0.1647203321804322, 0.08649250006638483, -0.043015431959700964, 0.17595843271706835]
[0.12572165022904808, -0.08403195916800041, -0.2468877459720802, 0.12972199029409692, -0.06468737071924241, 0.26386254346269805]
[0.16776505448994006, -0.11207408489729591, -0.32905515976372823, 0.172951480521809, -0.08635930947878387, 0.35176665420832776]
[0.20980845875083204, -0.1401162106265914, -0.4112225735553763, 0.21618097074952108, -0.10803124823832533, 0.43967076495395746]
[0.251851863011724, -0.1681583363558869, -0.4933899873470243, 0.2594104609772332, -0.12970318699786676, 0.5275748756995872]
[0.293895267272616, -0.1962004620851824, -0.5755574011386723, 0.30263995120494525, -0.15137512575740822, 0.6154789864452168]
[0.335938671533508, -0.2242425878144779, -0.6577248149303203, 0.34586944143265735, -0.17304706451694968, 0.7033830971908466]
[0.37798207579439996, -0.2522847135437734, -0.7398922287219684, 0.38909893166036946, -0.19471900327649114, 0.7912872079364763]
[0.42002548005529194, -0.2803268392730689, -0.8220596425136164, 0.4323284218880815, -0.2163909420360326, 0.879191318682106]
[0.4620688843161839, -0.3083689650023644, -0.9042270563052643, 0.4755579121157936, -0.23806288079557403, 0.9670954294277356]
[0.5041122885770759, -0.33641109073165987, -0.9863944700969124, 0.5187874023435057, -0.25973481955511546, 1.0549995401733654]
[0.5461556928379678, -0.36445321646095535, -1.0685618838885604, 0.5620168925712178, -0.28140675831465695, 1.1429036509189952]
[0.5881990970988599, -0.3924953421902509, -1.1507292976802084, 0.6052463827989298, -0.3030786970741984, 1.2308077616646247]
[0.6302425013597519, -0.4205374679195464, -1.2328967114718565, 0.648475873026642, -0.32475063583373986, 1.3187118724102544]
[0.6722859056206438, -0.44857959364884187, -1.3150641252635045, 0.691705363254354, -0.3464225745932813, 1.4066159831558842]
[0.7544772283605884, -0.43462309924054193, -1.3614384531093948, 0.7474549727854315, -0.373687305123157, 1.4806814540575846]
[0.8366685511005328, -0.42066660483224194, -1.4078127809552854, 0.8032045823165088, -0.4009520356530327, 1.5547469249592851]
[0.9188598738404774, -0.406710110423942, -1.4541871088011757, 0.8589541918475863, -0.42821676618290844, 1.6288123958609855]
[1.0010511965804219, -0.39275361601564207, -1.5005614366470663, 0.9147038013786637, -0.45548149671278415, 1.702877866762686]
[1.0832425193203665, -0.3787971216073421, -1.5469357644929567, 0.9704534109097411, -0.4827462272426599, 1.7769433376643864]
[1.165433842060311, -0.36484062719904214, -1.5933100923388472, 1.0262030204408186, -0.5100109577725356, 1.8510088085660867]
[1.2476251648002554, -0.35088413279074215, -1.6396844201847376, 1.081952629971896, -0.5372756883024113, 1.9250742794677873]
[1.3298164875401999, -0.3369276383824422, -1.6860587480306282, 1.1377022395029734, -0.5645404188322871, 1.9991397503694879]
[1.4120078102801448, -0.3229711439741423, -1.7324330758765187, 1.1934518490340507, -0.5918051493621628, 2.0732052212711882]
[1.4941991330200892, -0.30901464956584235, -1.778807403722409, 1.249201458565128, -0.6190698798920384, 2.1472706921728886]
[1.5763904557600337, -0.29505815515754236, -1.8251817315682994, 1.3049510680962055, -0.6463346104219143, 2.2213361630745894]
[1.6585817784999781, -0.2811016607492424, -1.87155605941419, 1.360700677627283, -0.67359934095179, 2.2954016339762893]
[1.7407731012399226, -0.26714516634094243, -1.9179303872600804, 1.4164502871583604, -0.7008640714816656, 2.36946710487799]
[1.8229644239798672, -0.2531886719326425, -1.964304715105971, 1.4721998966894378, -0.7281288020115414, 2.4435325757796904]
[1.9051557467198117, -0.23923217752434253, -2.0106790429518613, 1.5279495062205153, -0.7553935325414172, 2.5175980466813908]
[1.9873470694597561, -0.2252756831160426, -2.057053370797752, 1.5836991157515925, -0.7826582630712928, 2.5916635175830915]
[2.069538392199701, -0.21131918870774266, -2.1034276986436424, 1.63944872528267, -0.8099229936011685, 2.6657289884847915]
[2.1517297149396457, -0.1973626942994427, -2.1498020264895326, 1.6951983348137474, -0.8371877241310444, 2.7397944593864922]
[2.2339210376795897, -0.1834061998911427, -2.196176354335423, 1.750947944344825, -0.86445245466092, 2.8138599302881926]
[2.3161123604195346, -0.16944970548284277, -2.2425506821813137, 1.8066975538759023, -0.8917171851907957, 2.887925401189893]
[2.3983036831594786, -0.15549321107454284, -2.288925010027204, 1.8624471634069795, -0.9189819157206714, 2.9619908720915937]
[2.4804950058994235, -0.14153671666624285, -2.335299337873095, 1.9181967729380571, -0.9462466462505472, 3.036056342993294]
[2.562686328639368, -0.12758022225794288, -2.381673665718985, 1.9739463824691343, -0.9735113767804229, 3.1101218138949944]