[-0.000424986206207123, 0.00025946426301715064, -0.00027005534298751854, 0.00013571693050273836, 0.00019130029627945078, 5.181923369512731e-05]
[0.02047105490767256, 0.004666070679995862, -0.13783857593686352, -0.004877918126756755, -0.0013380324920540495, -0.11334976326041847]
[0.041367096021552245, 0.009072677096974574, -0.2754070965307395, -0.009891553184016248, -0.0028673652803875497, -0.22675134575453207]
[0.062263137135431926, 0.013479283513953284, -0.4129756171246155, -0.014905188241275739, -0.00439669806872105, -0.3401529282486456]
[0.08315917824931161, 0.017885889930931997, -0.5505441377184915, -0.019918823298535233, -0.00592603085705455, -0.45355451074275926]
[0.1040552193631913, 0.022292496347910706, -0.6881126583123675, -0.024932458355794725, -0.00745536364538805, -0.5669560932368728]
[0.12495126047707097, 0.026699102764889418, -0.8256811789062435, -0.029946093413054216, -0.00898469643372155, -0.6803576757309864]
[0.14584730159095066, 0.03110570918186813, -0.9632496995001195, -0.03495972847031371, -0.01051402922205505, -0.7937592582251001]
[0.16674334270483035, 0.03551231559884684, -1.1008182200939955, -0.039973363527573205, -0.012043362010388551, -0.9071608407192137]
[0.18763938381871006, 0.03991892201582556, -1.2383867406878717, -0.044986998584832696, -0.013572694798722052, -1.0205624232133272]
[0.20853542493258972, 0.04432552843280426, -1.3759552612817474, -0.05000063364209219, -0.01510202758705555, -1.1339640057074407]
[0.2294314660464694, 0.048732134849782976, -1.5135237818756235, -0.05501426869935168, -0.01663136037538905, -1.2473655882015544]
[0.2928007883526781, 0.042490054335279505, -1.5701990658013578, 0.048547124454202534, -0.03457894494272092, -1.307256355520741]
[0.3561701106588867, 0.036247973820776026, -1.626874349727092, 0.15210851760775673, -0.052526529510052794, -1.3671471228399277]
[0.4195394329650953, 0.030005893306272555, -1.6835496336528262, 0.25566991076131096, -0.07047411407738466, -1.4270378901591143]
[0.482908755271304, 0.02376381279176908, -1.7402249175785605, 0.3592313039148652, -0.08842169864471654, -1.486928657478301]
[0.5462780775775127, 0.017521732277265605, -1.7969002015042947, 0.4627926970684194, -0.1063692832120484, -1.5468194247974876]
[0.6096473998837213, 0.011279651762762133, -1.8535754854300288, 0.5663540902219736, -0.12431686777938028, -1.6067101921166742]
[0.6730167221899299, 0.005037571248258654, -1.910250769355763, 0.6699154833755279, -0.14226445234671214, -1.6666009594358608]
[0.7363860444961385, -0.0012045092662448173, -1.9669260532814974, 0.773476876529082, -0.160212036914044, -1.7264917267550475]
[0.7997553668023472, -0.007446589780748289, -2.0236013372072317, 0.8770382696826362, -0.17815962148137587, -1.786382494074234]
[0.8631246891085558, -0.013688670295251767, -2.080276621132966, 0.9805996628361905, -0.19610720604870774, -1.8462732613934207]
[0.9264940114147646, -0.019930750809755246, -2.1369519050587, 1.0841610559897445, -0.21405479061603966, -1.9061640287126074]
[0.9898633337209732, -0.02617283132425871, -2.1936271889844345, 1.1877224491432987, -0.23200237518337152, -1.966054796031794]
[1.0532326560271819, -0.03241491183876219, -2.2503024729101684, 1.291283842296853, -0.2499499597507034, -2.0259455633509806]
[1.1166019783333905, -0.03865699235326567, -2.3069777568359027, 1.3948452354504073, -0.26789754431803525, -2.0858363306701673]
[1.179971300639599, -0.04489907286776913, -2.363653040761637, 1.4984066286039615, -0.2858451288853671, -2.145727097989354]
[1.2433406229458077, -0.05114115338227261, -2.4203283246873712, 1.6019680217575156, -0.303792713452699, -2.2056178653085405]
[1.3200251299964636, -0.06189926104870359, -2.430164216018209, 1.7466485452192593, -0.32767337753547254, -2.231816033875641]
[1.3967096370471197, -0.07265736871513456, -2.4400001073490474, 1.891329068681003, -0.3515540416182461, -2.2580142024427423]
[1.4733941440977756, -0.08341547638156555, -2.4498359986798857, 2.0360095921427463, -0.37543470570101967, -2.284212371009843]
[1.5500786511484315, -0.09417358404799651, -2.4596718900107235, 2.18069011560449, -0.39931536978379323, -2.3104105395769436]
[1.6267631581990876, -0.10493169171442748, -2.4695077813415613, 2.325370639066234, -0.4231960338665668, -2.3366087081440448]
[1.7034476652497434, -0.11568979938085847, -2.4793436726723996, 2.4700511625279775, -0.44707669794934035, -2.3628068767111454]