[-0.00035416524098330626, 7.02300978607795e-05, -0.0003860354003446531, 0.00011044470211452051, 0.00021393325181140455, -1.4551659955230889e-05]
[-0.02302243048930673, -0.016181745634169468, -0.09511238859492742, -0.03627609958238196, -0.03345510311047682, 0.09930534523085932]
[-0.045690695737630155, -0.032433721366199715, -0.18983874178951018, -0.07266264386687844, -0.06712413947276505, 0.19862524212167387]
[-0.06835896098595358, -0.048685697098229966, -0.28456509498409294, -0.10904918815137493, -0.10079317583505328, 0.2979451390124885]
[-0.091027226234277, -0.06493767283026021, -0.3792914481786757, -0.1454357324358714, -0.1344622121973415, 0.397265035903303]
[-0.11369549148260041, -0.08118964856229045, -0.47401780137325844, -0.18182227672036788, -0.16813124855962971, 0.49658493279411753]
[-0.13636375673092385, -0.09744162429432071, -0.5687441545678412, -0.21820882100486438, -0.20180028492191796, 0.5959048296849322]
[-0.15903202197924726, -0.11369360002635095, -0.663470507762424, -0.25459536528936083, -0.23546932128420617, 0.6952247265757467]
[-0.1817002872275707, -0.1299455757583812, -0.7581968609570068, -0.29098190957385733, -0.2691383576464944, 0.7945446234665612]
[-0.2043685524758941, -0.14619755149041144, -0.8529232141515896, -0.3273684538583538, -0.3028073940087826, 0.8938645203573757]
[-0.22703681772421752, -0.1624495272224417, -0.9476495673461722, -0.3637549981428503, -0.33647643037107083, 0.9931844172481903]
[-0.24970508297254093, -0.17870150295447193, -1.042375920540755, -0.40014154242734673, -0.3701454667333591, 1.092504314139005]
[-0.2723733482208644, -0.1949534786865022, -1.1371022737353378, -0.4365280867118433, -0.4038145030956473, 1.1918242110298196]
[-0.29504161346918784, -0.21120545441853245, -1.2318286269299206, -0.47291463099633974, -0.43748353945793556, 1.291144107920634]
[-0.3177098787175112, -0.2274574301505627, -1.3265549801245033, -0.5093011752808362, -0.47115257582022374, 1.3904640048114487]
[-0.34037814396583466, -0.24370940588259293, -1.4212813333190861, -0.5456877195653327, -0.504821612182512, 1.4897839017022632]
[-0.3630464092141581, -0.2599613816146232, -1.516007686513669, -0.5820742638498292, -0.5384906485448002, 1.5891037985930776]
[-0.3857146744624815, -0.2762133573466534, -1.6107340397082517, -0.6184608081343256, -0.5721596849070885, 1.6884236954838923]
[-0.4083829397108049, -0.29246533307868366, -1.7054603929028345, -0.6548473524188221, -0.6058287212693766, 1.7877435923747067]
[-0.43105120495912835, -0.3087173088107139, -1.800186746097417, -0.6912338967033186, -0.6394977576316648, 1.8870634892655214]
[-0.45371947020745174, -0.32496928454274415, -1.8949130992919998, -0.7276204409878151, -0.6731667939939531, 1.9863833861563358]
[-0.4763877354557752, -0.3412212602747744, -1.9896394524865826, -0.7640069852723115, -0.7068358303562413, 2.0857032830471502]
[-0.49905600070409856, -0.35747323600680464, -2.0843658056811654, -0.800393529556808, -0.7405048667185296, 2.185023179937965]
[-0.521724265952422, -0.37372521173883494, -2.1790921588757484, -0.8367800738413046, -0.7741739030808178, 2.2843430768287796]
[-0.5443925312007455, -0.3899771874708652, -2.273818512070331, -0.8731666181258011, -0.807842939443106, 2.3836629737195945]
[-0.5670607964490689, -0.4062291632028954, -2.368544865264914, -0.9095531624102975, -0.8415119758053943, 2.482982870610409]
[-0.5897290616973924, -0.42248113893492567, -2.4632712184594965, -0.945939706694794, -0.8751810121676825, 2.5823027675012233]
[-0.6123973269457158, -0.4387331146669559, -2.5579975716540795, -0.9823262509792905, -0.9088500485299708, 2.681622664392038]
[-0.6350655921940391, -0.45498509039898616, -2.652723924848662, -1.0187127952637869, -0.9425190848922589, 2.7809425612828527]
[-0.6577338574423626, -0.4712370661310164, -2.747450278043245, -1.0550993395482835, -0.9761881212545471, 2.880262458173667]
[-0.680402122690686, -0.48748904186304665, -2.8421766312378276, -1.09148588383278, -1.0098571576168354, 2.9795823550644815]