[-0.0004236452195485185, 0.0002391918364992307, -0.0004188701907912318, -1.9569578031841672e-05, 0.0002570424544963146, 7.549589514255217e-05]
[-0.053951462361602885, -0.008979154574592725, -0.08288264936957643, -0.09295450335074584, 0.058700208128600856, -0.004879113032469073]
[-0.10747927950365725, -0.01819750098568468, -0.16534642854836162, -0.18588943712345984, 0.1171433738027054, -0.009833721960080697]
[-0.1610070966457116, -0.027415847396776636, -0.24781020772714682, -0.27882437089617385, 0.17558653947680994, -0.014788330887692323]
[-0.21453491378776599, -0.036634193807868594, -0.330273986905932, -0.37175930466888785, 0.23402970515091448, -0.019742939815303947]
[-0.26806273092982036, -0.04585254021896055, -0.41273776608471724, -0.46469423844160185, 0.292472870825019, -0.024697548742915573]
[-0.3215905480718747, -0.0550708866300525, -0.4952015452635024, -0.5576291722143158, 0.35091603649912356, -0.029652157670527198]
[-0.3751183652139291, -0.06428923304114446, -0.5776653244422876, -0.6505641059870299, 0.4093592021732281, -0.03460676659813882]
[-0.42864618235598345, -0.07350757945223642, -0.6601291036210728, -0.7434990397597439, 0.46780236784733265, -0.039561375525750446]
[-0.4821739994980378, -0.08272592586332836, -0.7425928827998579, -0.8364339735324577, 0.5262455335214371, -0.044515984453362065]
[-0.5357018166400922, -0.09194427227442033, -0.8250566619786432, -0.9293689073051719, 0.5846886991955417, -0.0494705933809737]
[-0.5892296337821465, -0.10116261868551227, -0.9075204411574284, -1.0223038410778857, 0.6431318648696462, -0.054425202308585316]
[-0.6427574509242009, -0.11038096509660424, -0.9899842203362136, -1.1152387748505999, 0.7015750305437508, -0.05937981123619695]
[-0.6962852680662552, -0.11959931150769618, -1.0724479995149987, -1.2081737086233137, 0.7600181962178553, -0.06433442016380857]
[-0.7498130852083097, -0.12881765791878816, -1.154911778693784, -1.3011086423960279, 0.8184613618919598, -0.06928902909142019]
[-0.8033409023503639, -0.13803600432988009, -1.2373755578725691, -1.3940435761687417, 0.8769045275660644, -0.07424363801903182]
[-0.8568687194924184, -0.14725435074097207, -1.3198393370513544, -1.4869785099414559, 0.935347693240169, -0.07919824694664344]
[-0.9103965366344727, -0.156472697152064, -1.4023031162301396, -1.5799134437141698, 0.9937908589142734, -0.08415285587425507]
[-0.9639243537765271, -0.16569104356315595, -1.4847668954089246, -1.6728483774868836, 1.052234024588378, -0.08910746480186668]
[-1.0174521709185815, -0.17490938997424793, -1.56723067458771, -1.765783311259598, 1.1106771902624826, -0.09406207372947832]
[-1.0709799880606359, -0.18412773638533989, -1.6496944537664953, -1.8587182450323119, 1.169120355936587, -0.09901668265708995]
[-1.1245078052026902, -0.19334608279643184, -1.7321582329452803, -1.9516531788050258, 1.2275635216106917, -0.10397129158470157]
[-1.1780356223447446, -0.20256442920752377, -1.8146220121240655, -2.0445881125777396, 1.2860066872847962, -0.10892590051231318]
[-1.231563439486799, -0.21178277561861575, -1.897085791302851, -2.137523046350454, 1.3444498529589008, -0.11388050943992482]
[-1.2850912566288533, -0.2210011220297077, -1.979549570481636, -2.230457980123168, 1.4028930186330053, -0.11883511836753645]
[-1.3386190737709076, -0.23021946844079966, -2.062013349660421, -2.3233929138958818, 1.4613361843071098, -0.12378972729514806]
[-1.392146890912962, -0.23943781485189158, -2.144477128839206, -2.4163278476685957, 1.5197793499812142, -0.1287443362227597]
[-1.4456747080550165, -0.24865616126298357, -2.226940908017992, -2.50926278144131, 1.578222515655319, -0.1336989451503713]
[-1.4992025251970709, -0.25787450767407555, -2.3094046871967766, -2.602197715214024, 1.6366656813294234, -0.13865355407798294]
[-1.5527303423391252, -0.2670928540851675, -2.391868466375562, -2.6951326489867378, 1.695108847003528, -0.14360816300559456]
[-1.6062581594811793, -0.2763112004962594, -2.474332245554347, -2.7880675827594517, 1.7535520126776325, -0.1485627719332062]
[-1.659785976623234, -0.2855295469073514, -2.5567960247331323, -2.881002516532166, 1.8119951783517372, -0.15351738086081781]
[-1.7133137937652883, -0.29474789331844337, -2.6392598039119175, -2.97393745030488, 1.8704383440258416, -0.15847198978842944]
[-1.7668416109073426, -0.3039662397295353, -2.7217235830907027, -3.0668723840775938, 1.928881509699946, -0.16342659871604107]