[-0.0004213524523555279, 7.306264301831789e-05, -0.0004401664608115752, 8.716512135276133e-05, 0.00032415092878235185, 6.500665981779008e-05]
[0.02138623830717607, -0.03754485359266025, -0.06440222248064126, 0.08502353091279793, 0.040452358237209045, -0.044595431324501514]
[0.04319382906670767, -0.07516276982833882, -0.12836427850047094, 0.1699598967042431, 0.08058056554563574, -0.08925586930882082]
[0.06500141982623928, -0.1127806860640174, -0.19232633452030062, 0.2548962624956883, 0.12070877285406242, -0.13391630729314014]
[0.08680901058577087, -0.15039860229969595, -0.2562883905401303, 0.33983262828713345, 0.16083698016248912, -0.17857674527745943]
[0.10861660134530246, -0.18801651853537452, -0.32025044655996, 0.4247689940785786, 0.20096518747091582, -0.22323718326177872]
[0.13042419210483408, -0.2256344347710531, -0.38421250257978967, 0.5097053598700239, 0.2410933947793425, -0.26789762124609806]
[0.15223178286436567, -0.26325235100673167, -0.44817455859961935, 0.594641725661469, 0.2812216020877692, -0.31255805923041735]
[0.17403937362389726, -0.3008702672424102, -0.512136614619449, 0.6795780914529141, 0.3213498093961959, -0.35721849721473664]
[0.19584696438342886, -0.3384881834780888, -0.5760986706392788, 0.7645144572443593, 0.3614780167046226, -0.40187893519905593]
[0.21765455514296045, -0.37610609971376735, -0.6400607266591084, 0.8494508230358044, 0.4016062240130493, -0.4465393731833752]
[0.23946214590249207, -0.4137240159494459, -0.704022782678938, 0.9343871888272497, 0.441734431321476, -0.49119981116769457]
[0.2612697366620237, -0.45134193218512453, -0.7679848386987678, 1.019323554618695, 0.48186263862990264, -0.5358602491520139]
[0.2830773274215553, -0.4889598484208031, -0.8319468947185975, 1.10425992041014, 0.5219908459383293, -0.5805206871363332]
[0.3048849181810869, -0.5265777646564817, -0.8959089507384271, 1.1891962862015852, 0.562119053246756, -0.6251811251206525]
[0.32669250894061846, -0.5641956808921602, -0.9598710067582568, 1.2741326519930303, 0.6022472605551827, -0.6698415631049718]
[0.34850009970015006, -0.6018135971278388, -1.0238330627780865, 1.3590690177844755, 0.6423754678636094, -0.7145020010892911]
[0.39065256930933845, -0.6214490223336158, -1.072068581327135, 1.4340450863272736, 0.6478207048375432, -0.7823890132055044]
[0.4328050389185269, -0.6410844475393926, -1.1203040998761833, 1.5090211548700714, 0.6532659418114769, -0.8502760253217176]
[0.4749575085277153, -0.6607198727451696, -1.168539618425232, 1.5839972234128694, 0.6587111787854107, -0.9181630374379308]
[0.5171099781369037, -0.6803552979509466, -1.2167751369742803, 1.6589732919556672, 0.6641564157593445, -0.9860500495541442]
[0.5592624477460921, -0.6999907231567235, -1.2650106555233287, 1.7339493604984653, 0.6696016527332782, -1.0539370616703574]
[0.6283444618572954, -0.6937691570136284, -1.2895092283425722, 1.7922874366067119, 0.6263464209792137, -1.1518512916499406]
[0.6974264759684987, -0.6875475908705333, -1.3140078011618157, 1.8506255127149587, 0.5830911892251491, -1.2497655216295236]
[0.7665084900797021, -0.6813260247274381, -1.3385063739810592, 1.9089635888232053, 0.5398359574710847, -1.3476797516091068]
[0.8355905041909054, -0.675104458584343, -1.363004946800303, 1.967301664931452, 0.49658072571702017, -1.44559398158869]
[0.9046725183021087, -0.6688828924412479, -1.3875035196195464, 2.025639741039699, 0.45332549396295563, -1.543508211568273]
[0.9737545324133121, -0.6626613262981528, -1.41200209243879, 2.0839778171479453, 0.4100702622088911, -1.641422441547856]
[1.0428365465245153, -0.6564397601550576, -1.4365006652580334, 2.142315893256192, 0.36681503045482655, -1.7393366715274392]
[1.1119185606357187, -0.6502181940119625, -1.460999238077277, 2.200653969364439, 0.32355979870076207, -1.8372509015070224]
[1.181000574746922, -0.6439966278688674, -1.4854978108965204, 2.2589920454726853, 0.28030456694669753, -1.9351651314866056]
[1.2500825888581253, -0.6377750617257723, -1.509996383715764, 2.317330121580932, 0.237049335192633, -2.0330793614661884]
[1.319164602969329, -0.631553495582677, -1.5344949565350077, 2.375668197689179, 0.19379410343856845, -2.1309935914457716]
[1.388246617080532, -0.6253319294395819, -1.5589935293542512, 2.4340062737974257, 0.15053887168450397, -2.228907821425355]
[1.4573286311917355, -0.6191103632964868, -1.5834921021734947, 2.492344349905672, 0.10728363993043943, -2.326822051404938]
[1.5264106453029387, -0.6128887971533917, -1.6079906749927382, 2.550682426013919, 0.0640284081763749, -2.4247362813845212]
[1.595492659414142, -0.6066672310102965, -1.6324892478119817, 2.6090205021221657, 0.020773176422310358, -2.5226505113641045]
[1.6645746735253453, -0.6004456648672014, -1.6569878206312252, 2.667358578230412, -0.02248205533175407, -2.6205647413436877]
[1.7336566876365487, -0.5942240987241063, -1.6814863934504687, 2.725696654338659, -0.06573728708581872, -2.718478971323271]
[1.802738701747752, -0.5880025325810112, -1.7059849662697122, 2.7840347304469057, -0.10899251883988315, -2.8163932013028536]
[1.8718207158589555, -0.5817809664379161, -1.730483539088956, 2.8423728065551526, -0.15224775059394768, -2.914307431282437]
[1.9409027299701587, -0.5755594002948209, -1.7549821119081994, 2.900710882663399, -0.19550298234801222, -3.0122216612620196]
[2.009984744081362, -0.5693378341517258, -1.779480684727443, 2.9590489587716458, -0.2387582141020767, -3.1101358912416033]