[-0.0003779656050673097, 9.225017583958106e-05, -0.00044538694744566953, -2.0945105975833656e-05, 0.0002887152786250624, 9.932005718127357e-05]
[-0.028787185713220063, -0.023084854736592532, -0.08196930607104032, -0.025000672351701503, -0.05069383093991948, 0.09892136283389219]
[-0.057196405821372816, -0.046261959649024645, -0.16349322519463497, -0.04998039959742717, -0.10167637715846402, 0.1977434056106031]
[-0.08560562592952557, -0.06943906456145676, -0.24501714431822963, -0.07496012684315284, -0.15265892337700857, 0.296565448387314]
[-0.11401484603767832, -0.09261616947388887, -0.32654106344182426, -0.09993985408887851, -0.2036414695955531, 0.39538749116402494]
[-0.14242406614583109, -0.11579327438632099, -0.4080649825654189, -0.12491958133460418, -0.25462401581409766, 0.49420953394073586]
[-0.17083328625398383, -0.1389703792987531, -0.4895889016890136, -0.14989930858032985, -0.3056065620326422, 0.5930315767174468]
[-0.19924250636213658, -0.16214748421118522, -0.5711128208126082, -0.17487903582605552, -0.3565891082511867, 0.6918536194941577]
[-0.22765172647028933, -0.18532458912361732, -0.6526367399362029, -0.1998587630717812, -0.40757165446973126, 0.7906756622708686]
[-0.2560609465784421, -0.20850169403604946, -0.7341606590597975, -0.22483849031750686, -0.4585542006882758, 0.8894977050475795]
[-0.28447016668659486, -0.23167879894848156, -0.8156845781833921, -0.24981821756323253, -0.5095367469068204, 0.9883197478242904]
[-0.3128793867947476, -0.25485590386091367, -0.8972084973069868, -0.2747979448089582, -0.5605192931253649, 1.0871417906010012]
[-0.34128860690290036, -0.2780330087733458, -0.9787324164305815, -0.29977767205468386, -0.6115018393439094, 1.1859638333777123]
[-0.3696978270110531, -0.3012101136857779, -1.060256335554176, -0.32475739930040953, -0.6624843855624539, 1.284785876154423]
[-0.39810704711920586, -0.32438721859821, -1.1417802546777707, -0.3497371265461352, -0.7134669317809985, 1.383607918931134]
[-0.42651626722735864, -0.34756432351064215, -1.2233041738013655, -0.3747168537918609, -0.7644494779995431, 1.4824299617078451]
[-0.45492548733551136, -0.3707414284230742, -1.30482809292496, -0.39969658103758654, -0.8154320242180876, 1.581252004484556]
[-0.48333470744366414, -0.3939185333355064, -1.3863520120485548, -0.42467630828331226, -0.8664145704366322, 1.680074047261267]
[-0.5117439275518169, -0.4170956382479385, -1.4678759311721494, -0.4496560355290379, -0.9173971166551766, 1.7788960900379778]
[-0.5401531476599697, -0.4402727431603706, -1.549399850295744, -0.4746357627747636, -0.9683796628737212, 1.8777181328146888]
[-0.5685623677681224, -0.4634498480728027, -1.6309237694193386, -0.4996154900204892, -1.0193622090922658, 1.9765401755913996]
[-0.5969715878762751, -0.48662695298523484, -1.7124476885429334, -0.5245952172662149, -1.0703447553108103, 2.075362218368111]
[-0.6253808079844279, -0.5098040578976669, -1.793971607666528, -0.5495749445119406, -1.1213273015293548, 2.174184261144821]
[-0.6537900280925807, -0.5329811628100991, -1.8754955267901228, -0.5745546717576663, -1.1723098477478995, 2.2730063039215325]
[-0.6821992482007334, -0.5561582677225312, -1.9570194459137173, -0.5995343990033919, -1.223292393966444, 2.3718283466982433]
[-0.7106084683088861, -0.5793353726349633, -2.038543365037312, -0.6245141262491176, -1.2742749401849884, 2.4706503894749545]
[-0.7390176884170389, -0.6025124775473953, -2.1200672841609065, -0.6494938534948432, -1.325257486403533, 2.569472432251665]
[-0.7674269085251917, -0.6256895824598275, -2.2015912032845013, -0.674473580740569, -1.3762400326220776, 2.668294475028376]