[-0.0002634966623595858, 0.000256946813207648, -0.0003852922942151338, 2.4409669796554567e-05, 0.0002472660999321974, 0.00013008424727001255]
[-0.0633040386709314, -0.03338599622676291, -0.09118407395983359, 0.10151511028320184, -0.004895188547162881, 0.013643658511657055]
[-0.12634458067950322, -0.06702893926673346, -0.18198285562545205, 0.20300581089660713, -0.01003764319425796, 0.027157232776044097]
[-0.18938512268807503, -0.10067188230670401, -0.2727816372910705, 0.3044965115100124, -0.015180097841353038, 0.04067080704043114]
[-0.25242566469664685, -0.13431482534667458, -0.36358041895668897, 0.4059872121234177, -0.020322552488448116, 0.05418438130481818]
[-0.3154662067052187, -0.16795776838664514, -0.45437920062230747, 0.5074779127368231, -0.025465007135543196, 0.06769795556920523]
[-0.3785067487137905, -0.20160071142661568, -0.5451779822879259, 0.6089686133502282, -0.030607461782638273, 0.08121152983359227]
[-0.4415472907223623, -0.23524365446658624, -0.6359767639535444, 0.7104593139636336, -0.03574991642973335, 0.09472510409797931]
[-0.5045878327309341, -0.2688865975065568, -0.7267755456191628, 0.8119500145770389, -0.04089237107682843, 0.10823867836236635]
[-0.567628374739506, -0.30252954054652736, -0.8175743272847814, 0.9134407151904442, -0.04603482572392351, 0.1217522526267534]
[-0.6306689167480778, -0.3361724835864979, -0.9083731089503998, 1.0149314158038496, -0.05117728037101859, 0.13526582689114044]
[-0.6937094587566496, -0.36981542662646844, -0.9991718906160183, 1.1164221164172548, -0.056319735018113666, 0.14877940115552749]
[-0.7567500007652214, -0.403458369666439, -1.0899706722816367, 1.21791281703066, -0.06146218966520874, 0.16229297541991453]
[-0.8197905427737933, -0.43710131270640956, -1.1807694539472553, 1.3194035176440655, -0.06660464431230383, 0.17580654968430157]
[-0.882831084782365, -0.4707442557463801, -1.2715682356128737, 1.4208942182574706, -0.0717470989593989, 0.1893201239486886]
[-0.7746619793926122, -0.46605141911153264, -1.29358426311875, 1.3111789290154028, -0.04319830188646027, 0.2206780305238598]
[-0.6664928740028593, -0.4613585824766852, -1.315600290624626, 1.2014636397733347, -0.014649504813521633, 0.25203593709903094]
[-0.5583237686131064, -0.4566657458418377, -1.3376163181305023, 1.0917483505312668, 0.01389929225941701, 0.2833938436742022]
[-0.4501546632233535, -0.4519729092069903, -1.3596323456363786, 0.982033061289199, 0.04244808933235564, 0.3147517502493733]
[-0.34198555783360063, -0.4472800725721428, -1.3816483731422549, 0.8723177720471309, 0.07099688640529428, 0.34610965682454453]
[-0.23381645244384774, -0.4425872359372953, -1.403664400648131, 0.762602482805063, 0.09954568347823292, 0.37746756339971566]
[-0.12564734705409486, -0.4378943993024479, -1.4256804281540072, 0.6528871935629951, 0.12809448055117156, 0.4088254699748869]
[-0.017478241664341976, -0.4332015626676004, -1.4476964556598835, 0.5431719043209272, 0.15664327762411018, 0.440183376550058]
[0.09069086372541102, -0.4285087260327529, -1.4697124831657598, 0.43345661507885913, 0.18519207469704885, 0.47154128312522925]
[0.1988599691151638, -0.4238158893979055, -1.4917285106716358, 0.32374132583679116, 0.21374087176998746, 0.5028991897004004]
[0.3070290745049167, -0.419123052763058, -1.513744538177512, 0.2140260365947233, 0.24228966884292613, 0.5342570962755716]
[0.41519817989466956, -0.41443021612821057, -1.5357605656833884, 0.10431074735265544, 0.27083846591586475, 0.5656150028507427]
[0.5233672852844224, -0.4097373794933631, -1.5577765931892644, -0.00540454188941264, 0.2993872629888034, 0.596972909425914]
[0.6315363906741753, -0.40504454285851565, -1.5797926206951407, -0.1151198311314805, 0.32793606006174203, 0.6283308160010851]
[0.7397054960639282, -0.40035170622366817, -1.601808648201017, -0.22483512037354836, 0.35648485713468064, 0.6596887225762563]
[0.8478746014536811, -0.3956588695888207, -1.623824675706893, -0.3345504096156162, 0.38503365420761926, 0.6910466291514274]
[0.9560437068434338, -0.39096603295397325, -1.6458407032127693, -0.4442656988576841, 0.41358245128055793, 0.7224045357265986]
[1.064212812233187, -0.38627319631912577, -1.6678567307186456, -0.5539809880997524, 0.4421312483534966, 0.7537624423017698]
[1.17238191762294, -0.3815803596842783, -1.6898727582245219, -0.6636962773418202, 0.47068004542643527, 0.785120348876941]
[1.2805510230126926, -0.37688752304943085, -1.711888785730398, -0.7734115665838883, 0.4992288424993738, 0.8164782554521122]
[1.3887201284024457, -0.37219468641458336, -1.7339048132362742, -0.883126855825956, 0.5277776395723125, 0.8478361620272834]
[1.4968892337921984, -0.36750184977973593, -1.7559208407421505, -0.992842145068024, 0.5563264366452512, 0.8791940686024545]
[1.605058339181951, -0.36280901314488845, -1.7779368682480268, -1.1025574343100917, 0.5848752337181897, 0.9105519751776256]
[1.7132274445717042, -0.358116176510041, -1.7999528957539028, -1.2122727235521598, 0.6134240307911284, 0.9419098817527969]
[1.8213965499614573, -0.35342333987519353, -1.821968923259779, -1.3219880127942278, 0.6419728278640671, 0.9732677883279681]
[1.92956565535121, -0.34873050324034605, -1.8439849507656554, -1.431703302036296, 0.6705216249370057, 1.0046256949031394]
[2.037734760740963, -0.3440376666054986, -1.8660009782715314, -1.5414185912783636, 0.6990704220099443, 1.0359836014783106]
[2.1459038661307157, -0.33934482997065113, -1.8880170057774077, -1.6511338805204316, 0.727619219082883, 1.0673415080534816]