[-0.0004088144753131573, 0.0002651266052993151, -0.0003880035706034235, -2.0855129415409124e-05, 0.0002952040948356327, 0.00011989075910179281]
[-0.02052974730549684, -0.014433240408634333, -0.12045302102031406, 0.0818911302869638, 0.0673642331488601, -0.0028621791945253406]
[-0.040650680135680524, -0.02913160742256798, -0.2405180384700247, 0.16380311570334302, 0.13443326220288457, -0.005844249148152474]
[-0.060771612965864204, -0.04382997443650163, -0.36058305591973533, 0.24571510111972225, 0.20150229125690902, -0.008826319101779606]
[-0.08089254579604789, -0.05852834145043528, -0.480648073369446, 0.32762708653610145, 0.2685713203109335, -0.01180838905540674]
[-0.10101347862623157, -0.07322670846436892, -0.6007130908191566, 0.4095390719524807, 0.33564034936495796, -0.014790459009033873]
[-0.12113441145641525, -0.08792507547830257, -0.7207781082688672, 0.4914510573688599, 0.4027093784189824, -0.017772528962661006]
[-0.14125534428659894, -0.10262344249223623, -0.840843125718578, 0.5733630427852392, 0.4697784074730069, -0.02075459891628814]
[-0.16137627711678262, -0.11732180950616987, -0.9609081431682885, 0.6552750282016183, 0.5368474365270314, -0.023736668869915274]
[-0.1814972099469663, -0.13202017652010353, -1.0809731606179993, 0.7371870136179977, 0.6039164655810558, -0.02671873882354241]
[-0.20161814277714998, -0.14671854353403715, -1.2010381780677097, 0.8190989990343768, 0.6709854946350803, -0.02970080877716954]
[-0.22173907560733366, -0.16141691054797083, -1.3211031955174206, 0.901010984450756, 0.7380545236891048, -0.03268287873079668]
[-0.24186000843751734, -0.17611527756190445, -1.441168212967131, 0.9829229698671352, 0.8051235527431292, -0.035664948684423804]
[-0.261980941267701, -0.1908136445758381, -1.5612332304168417, 1.0648349552835144, 0.8721925817971536, -0.03864701863805094]
[-0.28210187409788473, -0.20551201158977178, -1.6812982478665526, 1.1467469406998938, 0.9392616108511782, -0.041629088591678076]
[-0.3022228069280684, -0.2202103786037054, -1.801363265316263, 1.2286589261162728, 1.0063306399052028, -0.04461115854530521]
[-0.3223437397582521, -0.23490874561763905, -1.9214282827659737, 1.310570911532652, 1.0733996689592271, -0.04759322849893234]
[-0.3424646725884357, -0.2496071126315727, -2.0414933002156843, 1.3924828969490313, 1.1404686980132515, -0.050575298452559474]
[-0.36258560541861945, -0.2643054796455064, -2.161558317665395, 1.4743948823654107, 1.207537727067276, -0.05355736840618661]
[-0.38270653824880313, -0.27900384665944, -2.2816233351151056, 1.5563068677817897, 1.2746067561213006, -0.056539438359813746]
[-0.4028274710789868, -0.2937022136733736, -2.401688352564816, 1.638218853198169, 1.341675785175325, -0.05952150831344087]
[-0.42294840390917043, -0.3084005806873073, -2.521753370014527, 1.7201308386145482, 1.4087448142293495, -0.06250357826706801]
[-0.44306933673935417, -0.323098947701241, -2.641818387464238, 1.8020428240309274, 1.475813843283374, -0.06548564822069515]
[-0.46319026956953785, -0.3377973147151746, -2.7618834049139482, 1.8839548094473066, 1.5428828723373984, -0.06846771817432228]