[-0.0003692236653494163, 0.00021220429156443288, -0.00043402485170496163, 2.3639715074352807e-05, 0.00019016488757905847, 1.1439068449803358e-05]
[-0.057982343379346504, -0.026156150770814523, -0.0797248681932897, -0.09393618330989222, 0.043224553911716826, -0.0035077369463817096]
[-0.11559546309334359, -0.05252450583319348, -0.15901571153487443, -0.18789600633485878, 0.0862589429358546, -0.0070269129612132225]
[-0.1732085828073407, -0.07889286089557244, -0.2383065548764592, -0.2818558293598254, 0.12929333195999235, -0.010546088976044737]
[-0.23082170252133777, -0.10526121595795139, -0.3175973982180439, -0.3758156523847919, 0.17232772098413013, -0.014065264990876248]
[-0.28843482223533484, -0.13162957102033035, -0.39688824155962865, -0.4697754754097585, 0.21536211000826788, -0.01758444100570776]
[-0.34604794194933197, -0.15799792608270932, -0.4761790849012134, -0.5637352984347251, 0.25839649903240564, -0.021103617020539277]
[-0.40366106166332905, -0.18436628114508827, -0.5554699282427982, -0.6576951214596917, 0.3014308880565434, -0.02462279303537079]
[-0.4612741813773261, -0.2107346362074672, -0.6347607715843828, -0.7516549444846582, 0.3444652770806812, -0.0281419690502023]
[-0.5188873010913232, -0.23710299126984616, -0.7140516149259676, -0.8456147675096247, 0.38749966610481895, -0.03166114506503381]
[-0.5765004208053203, -0.26347134633222513, -0.7933424582675523, -0.9395745905345914, 0.4305340551289567, -0.03518032107986532]
[-0.6341135405193173, -0.2898397013946041, -0.872633301609137, -1.0335344135595579, 0.47356844415309446, -0.03869949709469684]
[-0.6917266602333145, -0.3162080564569831, -0.9519241449507219, -1.1274942365845246, 0.5166028331772322, -0.04221867310952836]
[-0.7493397799473116, -0.342576411519362, -1.0312149882923065, -1.2214540596094912, 0.55963722220137, -0.04573784912435987]
[-0.8069528996613087, -0.36894476658174097, -1.1105058316338914, -1.3154138826344577, 0.6026716112255077, -0.049257025139191384]
[-0.8645660193753057, -0.3953131216441199, -1.189796674975476, -1.4093737056594242, 0.6457060002496455, -0.05277620115402289]
[-0.9221791390893028, -0.42168147670649886, -1.2690875183170607, -1.5033335286843907, 0.6887403892737833, -0.0562953771688544]
[-0.9797922588032999, -0.4480498317688778, -1.3483783616586456, -1.5972933517093573, 0.731774778297921, -0.05981455318368592]
[-1.037405378517297, -0.47441818683125675, -1.4276692050002302, -1.6912531747343238, 0.7748091673220588, -0.06333372919851743]
[-1.095018498231294, -0.5007865418936357, -1.5069600483418149, -1.7852129977592903, 0.8178435563461965, -0.06685290521334894]
[-1.1526316179452911, -0.5271548969560147, -1.5862508916833997, -1.879172820784257, 0.8608779453703344, -0.07037208122818045]
[-1.2102447376592882, -0.5535232520183936, -1.6655417350249844, -1.9731326438092236, 0.903912334394472, -0.07389125724301197]
[-1.2678578573732853, -0.5798916070807726, -1.744832578366569, -2.06709246683419, 0.9469467234186099, -0.07741043325784348]
[-1.3254709770872826, -0.6062599621431516, -1.8241234217081541, -2.161052289859157, 0.9899811124427477, -0.08092960927267501]
[-1.3830840968012796, -0.6326283172055306, -1.9034142650497388, -2.2550121128841236, 1.0330155014668854, -0.08444878528750652]
[-1.4406972165152767, -0.6589966722679095, -1.9827051083913234, -2.34897193590909, 1.0760498904910232, -0.08796796130233803]
[-1.4983103362292738, -0.6853650273302885, -2.061995951732908, -2.4429317589340567, 1.119084279515161, -0.09148713731716954]
[-1.5559234559432709, -0.7117333823926674, -2.141286795074493, -2.536891581959023, 1.1621186685392988, -0.09500631333200105]
[-1.613536575657268, -0.7381017374550464, -2.220577638416078, -2.6308514049839897, 1.2051530575634364, -0.09852548934683257]
[-1.671149695371265, -0.7644700925174253, -2.2998684817576622, -2.724811228008956, 1.2481874465875742, -0.10204466536166408]
[-1.728762815085262, -0.7908384475798043, -2.379159325099247, -2.818771051033923, 1.291221835611712, -0.10556384137649559]