[-0.00038661588138033665, 0.00012525606811841783, -0.00045504296769127706, -2.1297685588450577e-05, 0.00026592395864000196, 9.950007844139463e-05]
[0.03191067223699868, -0.06050644583261401, -0.10873786419364423, -0.025860156232488052, 0.0015458038252915193, -0.07698565873202011]
[0.0642079603553777, -0.12113814773334644, -0.21702068541959718, -0.05169901477938765, 0.0028256836919430366, -0.15407081754248161]
[0.0965052484737567, -0.18176984963407886, -0.32530350664555013, -0.07753787332628725, 0.004105563558594554, -0.2311559763529431]
[0.12880253659213572, -0.2424015515348113, -0.4335863278715031, -0.10337673187318686, 0.005385443425246071, -0.3082411351634046]
[0.16109982471051476, -0.30303325343554377, -0.5418691490974561, -0.12921559042008646, 0.0066653232918975885, -0.38532629397386614]
[0.19339711282889374, -0.36366495533627613, -0.650151970323409, -0.15505444896698606, 0.007945203158549106, -0.4624114527843276]
[0.22569440094727278, -0.4242966572370086, -0.758434791549362, -0.18089330751388566, 0.009225083025200623, -0.5394966115947891]
[0.2579916890656518, -0.484928359137741, -0.8667176127753149, -0.20673216606078526, 0.01050496289185214, -0.6165817704052506]
[0.29028897718403085, -0.5455600610384735, -0.975000434001268, -0.2325710246076849, 0.011784842758503658, -0.6936669292157122]
[0.32258626530240986, -0.606191762939206, -1.083283255227221, -0.25840988315458446, 0.013064722625155175, -0.7707520880261737]
[0.3548835534207888, -0.6668234648399383, -1.191566076453174, -0.28424874170148406, 0.014344602491806692, -0.8478372468366351]
[0.3871808415391678, -0.7274551667406707, -1.2998488976791267, -0.31008760024838367, 0.01562448235845821, -0.9249224056470966]
[0.4194781296575469, -0.7880868686414032, -1.4081317189050797, -0.33592645879528327, 0.01690436222510973, -1.0020075644575581]
[0.4517754177759259, -0.8487185705421356, -1.5164145401310327, -0.36176531734218287, 0.018184242091761244, -1.0790927232680196]
[0.4975530197319411, -0.8337430419605951, -1.5319522734992217, -0.21710247579097686, 0.017347658326597577, -1.1597509216860629]
[0.5433306216879563, -0.8187675133790547, -1.5474900068674105, -0.07243963423977084, 0.01651107456143391, -1.240409120104106]
[0.5891082236439715, -0.8037919847975142, -1.5630277402355994, 0.07222320731143522, 0.015674490796270243, -1.3210673185221493]
[0.6348858255999867, -0.7888164562159738, -1.5785654736037884, 0.21688604886264118, 0.014837907031106577, -1.4017255169401925]
[0.680663427556002, -0.7738409276344334, -1.5941032069719774, 0.3615488904138473, 0.01400132326594291, -1.4823837153582358]
[0.7264410295120172, -0.7588653990528929, -1.6096409403401661, 0.5062117319650533, 0.013164739500779243, -1.563041913776279]
[0.7722186314680325, -0.7438898704713525, -1.6251786737083551, 0.6508745735162593, 0.012328155735615576, -1.6437001121943222]
[0.8179962334240476, -0.728914341889812, -1.640716407076544, 0.7955374150674652, 0.01149157197045191, -1.7243583106123654]
[0.8637738353800629, -0.7139388133082716, -1.6562541404447328, 0.9402002566186713, 0.010654988205288244, -1.8050165090304087]
[0.9095514373360781, -0.6989632847267311, -1.6717918738129218, 1.0848630981698775, 0.009818404440124577, -1.8856747074484521]
[0.9553290392920933, -0.6839877561451907, -1.6873296071811108, 1.2295259397210834, 0.00898182067496091, -1.9663329058664951]
[1.0011066412481084, -0.6690122275636502, -1.7028673405492998, 1.3741887812722895, 0.008145236909797243, -2.0469911042845386]
[1.0468842432041239, -0.6540366989821098, -1.7184050739174885, 1.5188516228234954, 0.007308653144633578, -2.1276493027025816]
[1.092661845160139, -0.6390611704005693, -1.7339428072856775, 1.6635144643747015, 0.006472069379469909, -2.208307501120625]
[1.1384394471161543, -0.6240856418190288, -1.7494805406538665, 1.8081773059259074, 0.005635485614306242, -2.288965699538668]
[1.1842170490721693, -0.6091101132374884, -1.7650182740220552, 1.9528401474771133, 0.004798901849142577, -2.3696238979567115]
[1.2299946510281847, -0.5941345846559479, -1.7805560073902442, 2.0975029890283197, 0.003962318083978908, -2.450282096374755]
[1.2757722529842, -0.5791590560744075, -1.7960937407584332, 2.2421658305795256, 0.003125734318815243, -2.530940294792798]
[1.3215498549402152, -0.564183527492867, -1.8116314741266222, 2.3868286721307315, 0.002289150553651576, -2.611598493210841]
[1.3673274568962304, -0.5492079989113265, -1.827169207494811, 2.531491513681938, 0.0014525667884879093, -2.6922566916288844]
[1.4131050588522456, -0.5342324703297862, -1.842706940863, 2.6761543552331437, 0.0006159830233242423, -2.772914890046928]
[1.4588826608082608, -0.5192569417482458, -1.8582446742311887, 2.8208171967843496, -0.00022060074183942457, -2.853573088464971]
[1.504660262764276, -0.5042814131667053, -1.8737824075993776, 2.965480038335556, -0.0010571845070030915, -2.934231286883014]
[1.5504378647202912, -0.4893058845851648, -1.8893201409675666, 3.110142879886762, -0.0018937682721667573, -3.0148894853010573]