[-0.0003204041037223604, 0.00016241553149143328, -0.00042283393845110595, -1.7189817414831055e-05, 0.00017625516222441462, 4.307487441046476e-05]
[0.0419262005646523, -0.06407086503147164, -0.062353673553095276, 0.024140215989061384, 0.0447296802353676, -0.05561055852577802]
[0.08417280523302696, -0.1283041455944347, -0.12428451316773945, 0.0482976217955376, 0.08928310530851079, -0.11126419192596651]
[0.12641940990140163, -0.19253742615739777, -0.1862153527823836, 0.07245502760201382, 0.13383653038165397, -0.166917825326155]
[0.16866601456977628, -0.25677070672036084, -0.2481461923970278, 0.09661243340849003, 0.17838995545479716, -0.22257145872634349]
[0.21091261923815094, -0.3210039872833239, -0.31007703201167197, 0.12076983921496624, 0.22294338052794035, -0.27822509212653196]
[0.2531592239065256, -0.385237267846287, -0.3720078716263161, 0.14492724502144247, 0.2674968056010835, -0.3338787255267205]
[0.2954058285749003, -0.44947054840925005, -0.4339387112409603, 0.16908465082791868, 0.3120502306742267, -0.38953235892690896]
[0.33765243324327493, -0.5137038289722131, -0.49586955085560447, 0.1932420566343949, 0.3566036557473699, -0.44518599232709744]
[0.3798990379116496, -0.5779371095351762, -0.5578003904702487, 0.2173994624408711, 0.4011570808205131, -0.5008396257272859]
[0.42214564258002424, -0.6421703900981393, -0.6197312300848928, 0.24155686824734732, 0.4457105058936563, -0.5564932591274744]
[0.4643922472483989, -0.7064036706611023, -0.681662069699537, 0.26571427405382353, 0.4902639309667995, -0.6121468925276629]
[0.5066388519167736, -0.7706369512240654, -0.7435929093141811, 0.28987167986029977, 0.5348173560399426, -0.6678005259278514]
[0.5488854565851482, -0.8348702317870285, -0.8055237489288253, 0.31402908566677595, 0.5793707811130858, -0.7234541593280399]
[0.5911320612535229, -0.8991035123499915, -0.8674545885434695, 0.3381864914732522, 0.623924206186229, -0.7791077927282284]
[0.6333786659218975, -0.9633367929129546, -0.9293854281581136, 0.3623438972797284, 0.6684776312593722, -0.8347614261284169]
[0.6756252705902722, -1.0275700734759177, -0.9913162677727578, 0.3865013030862046, 0.7130310563325154, -0.8904150595286053]
[0.7224217511791139, -1.0093585130864076, -1.023408394126199, 0.4798952213758758, 0.6752317145662333, -0.9696888569695594]
[0.7692182317679555, -0.9911469526968972, -1.0555005204796406, 0.573289139665547, 0.6374323727999512, -1.0489626544105137]
[0.8160147123567971, -0.9729353923073871, -1.0875926468330819, 0.6666830579552181, 0.5996330310336692, -1.1282364518514678]
[0.8628111929456388, -0.9547238319178769, -1.1196847731865232, 0.7600769762448893, 0.5618336892673871, -1.207510249292422]
[0.9096076735344805, -0.9365122715283667, -1.1517768995399646, 0.8534708945345605, 0.524034347501105, -1.2867840467333762]
[0.956404154123322, -0.9183007111388565, -1.183869025893406, 0.9468648128242316, 0.4862350057348229, -1.36605784417433]
[1.0032006347121638, -0.9000891507493463, -1.2159611522468474, 1.0402587311139029, 0.44843566396854084, -1.4453316416152844]
[1.0499971153010053, -0.8818775903598361, -1.2480532786002887, 1.133652649403574, 0.41063632220225876, -1.5246054390562385]
[1.096793595889847, -0.8636660299703259, -1.2801454049537302, 1.2270465676932452, 0.3728369804359767, -1.6038792364971928]
[1.1435900764786886, -0.8454544695808157, -1.3122375313071715, 1.3204404859829164, 0.3350376386696946, -1.6831530339381469]
[1.1903865570675303, -0.8272429091913056, -1.3443296576606127, 1.4138344042725874, 0.2972382969034125, -1.762426831379101]
[1.2371830376563717, -0.8090313488017954, -1.3764217840140542, 1.5072283225622585, 0.25943895513713044, -1.841700628820055]
[1.2839795182452134, -0.7908197884122852, -1.4085139103674955, 1.60062224085193, 0.22163961337084837, -1.9209744262610093]
[1.330775998834055, -0.772608228022775, -1.4406060367209368, 1.694016159141601, 0.18384027160456629, -2.0002482237019636]
[1.3775724794228967, -0.7543966676332647, -1.4726981630743783, 1.787410077431272, 0.1460409298382842, -2.0795220211429175]
[1.4243689600117384, -0.7361851072437546, -1.5047902894278196, 1.8808039957209433, 0.10824158807200213, -2.1587958185838714]
[1.47116544060058, -0.7179735468542444, -1.5368824157812608, 1.9741979140106143, 0.07044224630572005, -2.2380696160248257]
[1.5179619211894217, -0.6997619864647342, -1.5689745421347023, 2.0675918323002858, 0.03264290453943797, -2.31734341346578]
[1.5647584017782634, -0.681550426075224, -1.6010666684881438, 2.160985750589957, -0.005156437226844113, -2.3966172109067343]
[1.611554882367105, -0.6633388656857138, -1.633158794841585, 2.2543796688796283, -0.04295577899312619, -2.4758910083476886]
[1.6583513629559468, -0.6451273052962037, -1.6652509211950264, 2.347773587169299, -0.08075512075940827, -2.5551648057886425]
[1.7051478435447884, -0.6269157449066934, -1.6973430475484679, 2.4411675054589703, -0.11855446252569035, -2.6344386032295963]
[1.75194432413363, -0.6087041845171832, -1.7294351739019092, 2.5345614237486416, -0.15635380429197243, -2.7137124006705506]
[1.7987408047224713, -0.5904926241276731, -1.7615273002553504, 2.6279553420383124, -0.1941531460582545, -2.792986198111505]
[1.8455372853113134, -0.5722810637381628, -1.793619426608792, 2.721349260327984, -0.2319524878245366, -2.8722599955524593]
[1.8923337659001547, -0.5540695033486527, -1.8257115529622334, 2.8147431786176553, -0.26975182959081867, -2.9515337929934136]
[1.9391302464889963, -0.5358579429591424, -1.8578036793156745, 2.908137096907326, -0.30755117135710075, -3.0308075904343674]
[1.9859267270778382, -0.5176463825696322, -1.889895805669116, 3.0015310151969974, -0.3453505131233829, -3.1100813878753217]