[-0.0002319900164282629, 0.00021659482096580973, -0.00034598319830969615, 6.235377565300126e-05, 0.00020691666827854505, -1.8941718334275492e-05]
[0.03996796244293989, -0.04725750571682966, -0.09533630537365034, 0.053108634723669404, -0.00033544690173700103, 0.06116148879526311]
[0.08016791490230804, -0.09473160625462514, -0.190326627548991, 0.1061549156716858, -0.0008778104717525471, 0.1223419193088605]
[0.12036786736167618, -0.1422057067924206, -0.28531694972433164, 0.1592011966197022, -0.0014201740417680933, 0.18352234982245788]
[0.16056781982104434, -0.18967980733021608, -0.3803072718996723, 0.2122474775677186, -0.0019625376117836392, 0.24470278033605528]
[0.20076777228041248, -0.23715390786801155, -0.47529759407501293, 0.265293758515735, -0.0025049011817991854, 0.30588321084965264]
[0.24096772473978062, -0.284628008405807, -0.5702879162503536, 0.3183400394637514, -0.0030472647518147316, 0.36706364136325004]
[0.28116767719914876, -0.3321021089436025, -0.6652782384256942, 0.3713863204117678, -0.0035896283218302774, 0.4282440718768474]
[0.32136762965851695, -0.379576209481398, -0.7602685606010349, 0.4244326013597842, -0.0041319918918458235, 0.4894245023904448]
[0.3615675821178851, -0.42705031001919347, -0.8552588827763755, 0.4774788823078006, -0.00467435546186137, 0.5506049329040422]
[0.4017675345772532, -0.4745244105569889, -0.9502492049517162, 0.530525163255817, -0.005216719031876916, 0.6117853634176396]
[0.4419674870366214, -0.5219985110947845, -1.045239527127057, 0.5835714442038334, -0.0057590826018924625, 0.672965793931237]
[0.4821674394959895, -0.5694726116325798, -1.1402298493023975, 0.6366177251518498, -0.006301446171908008, 0.7341462244448343]
[0.5223673919553576, -0.6169467121703753, -1.2352201714777382, 0.6896640060998662, -0.006843809741923554, 0.7953266549584317]
[0.5625673444147258, -0.6644208127081708, -1.3302104936530788, 0.7427102870478826, -0.0073861733119391, 0.856507085472029]
[0.602767296874094, -0.7118949132459662, -1.4252008158284193, 0.795756567995899, -0.007928536881954646, 0.9176875159856265]
[0.6429672493334622, -0.7593690137837618, -1.52019113800376, 0.8488028489439154, -0.008470900451970192, 0.9788679464992239]
[0.6831672017928303, -0.8068431143215572, -1.6151814601791006, 0.9018491298919318, -0.009013264021985738, 1.0400483770128213]
[0.7233671542521984, -0.8543172148593527, -1.7101717823544413, 0.9548954108399482, -0.009555627592001285, 1.1012288075264187]
[0.7635671067115666, -0.9017913153971481, -1.8051621045297819, 1.0079416917879644, -0.010097991162016831, 1.162409238040016]
[0.8037670591709347, -0.9492654159349436, -1.9001524267051226, 1.060987972735981, -0.010640354732032377, 1.2235896685536134]
[0.8485779142091994, -0.9199729816677447, -1.887590117745931, 0.9045460241747053, 0.020266555552038955, 1.2536707361765285]
[0.8933887692474641, -0.8906805474005458, -1.8750278087867396, 0.7481040756134296, 0.051173465836110286, 1.2837518037994435]
[0.9381996242857288, -0.8613881131333468, -1.862465499827548, 0.5916621270521539, 0.08208037612018163, 1.3138328714223586]
[0.9830104793239935, -0.832095678866148, -1.8499031908683565, 0.43522017849087824, 0.11298728640425296, 1.3439139390452737]
[1.0278213343622582, -0.802803244598949, -1.837340881909165, 0.27877822992960244, 0.1438941966883243, 1.3739950066681887]
[1.0726321894005229, -0.7735108103317502, -1.8247785729499735, 0.12233628136832686, 0.17480110697239562, 1.4040760742911038]
[1.1174430444387875, -0.7442183760645512, -1.812216263990782, -0.03410566719294894, 0.20570801725646695, 1.4341571419140189]
[1.1622538994770524, -0.7149259417973524, -1.7996539550315904, -0.19054761575422452, 0.23661492754053828, 1.464238209536934]
[1.207064754515317, -0.6856335075301534, -1.787091646072399, -0.3469895643155003, 0.2675218378246096, 1.4943192771598488]
[1.2518756095535817, -0.6563410732629544, -1.7745293371132072, -0.5034315128767761, 0.2984287481086809, 1.524400344782764]
[1.2966864645918466, -0.6270486389957555, -1.7619670281540156, -0.6598734614380519, 0.32933565839275225, 1.554481412405679]
[1.3414973196301112, -0.5977562047285567, -1.749404719194824, -0.8163154099993273, 0.3602425686768236, 1.584562480028594]
[1.3863081746683759, -0.5684637704613578, -1.7368424102356326, -0.9727573585606031, 0.3911494789608949, 1.614643547651509]
[1.4311190297066405, -0.5391713361941588, -1.724280101276441, -1.1291993071218789, 0.42205638924496625, 1.6447246152744242]
[1.4759298847449052, -0.5098789019269598, -1.7117177923172495, -1.2856412556831547, 0.4529632995290376, 1.6748056828973392]
[1.5207407397831698, -0.48058646765976104, -1.699155483358058, -1.44208320424443, 0.4838702098131089, 1.7048867505202543]
[1.5655515948214345, -0.4512940333925621, -1.6865931743988665, -1.5985251528057058, 0.5147771200971802, 1.7349678181431694]
[1.6103624498596993, -0.4220015991253631, -1.674030865439675, -1.7549671013669819, 0.5456840303812516, 1.7650488857660844]