[-0.0003048673491630183, 7.377428168986455e-05, -0.00038906075881595115, 0.00012687230045482778, 0.00021854633247198052, 5.485895891421677e-05]
[-0.027054865986549978, -0.030498911432394617, -0.08509990546952516, 0.08603398118974345, 0.06965698266054561, -0.003059815100033868]
[-0.05380486462393694, -0.0610715971464791, -0.16981075018023437, 0.17194109007903208, 0.13909541898861924, -0.006174489158981953]
[-0.08055486326132388, -0.09164428286056357, -0.25452159489094356, 0.2578481989683207, 0.20853385531669286, -0.009289163217930036]
[-0.10730486189871086, -0.12221696857464806, -0.3392324396016528, 0.3437553078576093, 0.2779722916447665, -0.012403837276878122]
[-0.1340548605360978, -0.15278965428873256, -0.423943284312362, 0.429662416746898, 0.34741072797284017, -0.015518511335826208]
[-0.16080485917348475, -0.183362340002817, -0.5086541290230712, 0.5155695256361865, 0.41684916430091373, -0.01863318539477429]
[-0.18755485781087175, -0.21393502571690154, -0.5933649737337804, 0.6014766345254753, 0.48628760062898746, -0.02174785945372238]
[-0.2143048564482587, -0.24450771143098599, -0.6780758184444896, 0.6873837434147638, 0.555726036957061, -0.02486253351267046]
[-0.24105485508564564, -0.2750803971450705, -0.7627866631551987, 0.7732908523040525, 0.6251644732851347, -0.027977207571618545]
[-0.2678048537230326, -0.305653082859155, -0.847497507865908, 0.8591979611933411, 0.6946029096132084, -0.031091881630566632]
[-0.29455485236041956, -0.33622576857323944, -0.9322083525766172, 0.9451050700826297, 0.7640413459412819, -0.034206555689514716]
[-0.3213048509978065, -0.3667984542873239, -1.0169191972873264, 1.0310121789719182, 0.8334797822693555, -0.037321229748462796]
[-0.3480548496351935, -0.39737114000140844, -1.1016300419980356, 1.116919287861207, 0.9029182185974293, -0.04043590380741089]
[-0.3748048482725805, -0.42794382571549294, -1.1863408867087448, 1.2028263967504957, 0.9723566549255029, -0.04355057786635898]
[-0.4015548469099674, -0.45851651142957733, -1.271051731419454, 1.2887335056397842, 1.0417950912535765, -0.04666525192530705]
[-0.4283048455473544, -0.48908919714366184, -1.3557625761301633, 1.3746406145290728, 1.11123352758165, -0.04977992598425514]
[-0.45505484418474135, -0.5196618828577464, -1.4404734208408725, 1.4605477234183615, 1.1806719639097238, -0.052894600043203226]
[-0.48180484282212827, -0.5502345685718308, -1.5251842655515815, 1.5464548323076501, 1.2501104002377974, -0.056009274102151306]
[-0.5085548414595152, -0.5808072542859153, -1.609895110262291, 1.6323619411969388, 1.319548836565871, -0.05912394816109939]
[-0.5353048400969022, -0.6113799399999998, -1.6946059549730002, 1.7182690500862274, 1.3889872728939447, -0.06223862222004748]
[-0.5620548387342891, -0.6419526257140843, -1.7793167996837091, 1.8041761589755159, 1.458425709222018, -0.06535329627899557]
[-0.5888048373716761, -0.6725253114281687, -1.8640276443944184, 1.8900832678648045, 1.5278641455500919, -0.06846797033794365]
[-0.6155548360090631, -0.7030979971422533, -1.9487384891051278, 1.9759903767540934, 1.5973025818781657, -0.07158264439689174]
[-0.6423048346464499, -0.7336706828563376, -2.033449333815837, 2.0618974856433816, 1.666741018206239, -0.07469731845583981]
[-0.669054833283837, -0.7642433685704222, -2.118160178526546, 2.1478045945326705, 1.7361794545343128, -0.0778119925147879]