[-0.000324778358383071, 0.00011920054458425255, -0.0003115753630567042, 0.00013878268830058715, 0.0002722384346514062, -2.8646111040586675e-05]
[0.04709393668970027, -0.022186027434699655, -0.10040934013937856, -0.05212796753531058, 0.03687619354271183, -0.041228235736721026]
[0.09451265173778362, -0.04449125541398356, -0.20050710491570042, -0.10439471775892174, 0.07348014865077225, -0.08242782536240147]
[0.14193136678586699, -0.06679648339326748, -0.3006048696920223, -0.15666146798253291, 0.1100841037588327, -0.12362741498808193]
[0.1893500818339503, -0.08910171137255138, -0.40070263446834414, -0.20892821820614407, 0.1466880588668931, -0.16482700461376235]
[0.23676879688203367, -0.1114069393518353, -0.500800399244666, -0.26119496842975526, 0.18329201397495354, -0.2060265942394428]
[0.28418751193011704, -0.1337121673311192, -0.600898164020988, -0.3134617186533664, 0.21989596908301398, -0.24722618386512327]
[0.3316062269782003, -0.1560173953104031, -0.7009959287973098, -0.3657284688769776, 0.25649992419107437, -0.28842577349080367]
[0.3790249420262837, -0.178322623289687, -0.8010936935736316, -0.41799521910058873, 0.2931038792991348, -0.3296253631164841]
[0.42644365707436704, -0.20062785126897092, -0.9011914583499535, -0.4702619693241999, 0.32970783440719525, -0.3708249527421646]
[0.4738623721224504, -0.22293307924825484, -1.0012892231262753, -0.5225287195478111, 0.36631178951525567, -0.412024542367845]
[0.5212810871705338, -0.24523830722753875, -1.1013869879025973, -0.5747954697714223, 0.4029157446233161, -0.45322413199352546]
[0.5686998022186172, -0.26754353520682267, -1.2014847526789192, -0.6270622199950334, 0.43951969973137656, -0.49442372161920595]
[0.6161185172667004, -0.28984876318610653, -1.301582517455241, -0.6793289702186445, 0.4761236548394369, -0.5356233112448863]
[0.6635372323147837, -0.31215399116539044, -1.4016802822315628, -0.7315957204422557, 0.5127276099474973, -0.5768229008705668]
[0.710955947362867, -0.33445921914467436, -1.5017780470078845, -0.7838624706658669, 0.5493315650555578, -0.6180224904962472]
[0.7583746624109504, -0.3567644471239583, -1.6018758117842065, -0.836129220889478, 0.5859355201636182, -0.6592220801219276]
[0.8057933774590338, -0.3790696751032422, -1.7019735765605284, -0.8883959711130892, 0.6225394752716786, -0.7004216697476081]
[0.8378040271214208, -0.3801029313834086, -1.7348211873041564, -0.7862027367812319, 0.595496833128516, -0.60744102754714]
[0.8698146767838077, -0.3811361876635751, -1.7676687980477843, -0.6840095024493746, 0.5684541909853534, -0.5144603853466718]
[0.9018253264461948, -0.3821694439437415, -1.800516408791412, -0.5818162681175173, 0.5414115488421908, -0.4214797431462038]
[0.9338359761085818, -0.38320270022390795, -1.83336401953504, -0.47962303378565996, 0.5143689066990281, -0.32849910094573564]
[0.9658466257709688, -0.3842359565040744, -1.866211630278668, -0.37742979945380273, 0.4873262645558656, -0.23551845874526756]
[0.9978572754333559, -0.38526921278424087, -1.899059241022296, -0.2752365651219454, 0.46028362241270293, -0.14253781654479947]
[1.029867925095743, -0.3863024690644073, -1.931906851765924, -0.17304333079008805, 0.43324098026954033, -0.04955717434433127]
[1.0618785747581299, -0.3873357253445737, -1.9647544625095517, -0.0708500964582307, 0.40619833812637773, 0.04342346785613682]
[1.093889224420517, -0.38836898162474015, -1.9976020732531796, 0.031343137873626636, 0.3791556959832151, 0.13640411005660502]
[1.1258998740829038, -0.38940223790490663, -2.0304496839968076, 0.13353637220548376, 0.3521130538400525, 0.229384752257073]
[1.157910523745291, -0.39043549418507306, -2.0632972947404356, 0.23572960653734126, 0.3250704116968899, 0.3223653944575411]
[1.1786113980989261, -0.385635054743342, -2.0710060975293683, 0.35540266725453307, 0.2874104018136181, 0.42956991074099665]
[1.1993122724525616, -0.3808346153016109, -2.0787149003183014, 0.4750757279717249, 0.24975039193034632, 0.5367744270244522]
[1.2200131468061968, -0.3760341758598798, -2.086423703107234, 0.5947487886889167, 0.21209038204707453, 0.6439789433079078]
[1.2407140211598322, -0.3712337364181487, -2.094132505896167, 0.7144218494061085, 0.17443037216380278, 0.7511834595913633]
[1.2614148955134674, -0.36643329697641763, -2.1018413086850996, 0.8340949101233004, 0.136770362280531, 0.8583879758748191]
[1.2821157698671026, -0.36163285753468655, -2.1095501114740327, 0.9537679708404923, 0.09911035239725921, 0.9655924921582746]
[1.302816644220738, -0.35683241809295546, -2.1172589142629654, 1.0734410315576841, 0.0614503425139874, 1.0727970084417302]
[1.3235175185743733, -0.3520319786512244, -2.124967717051898, 1.1931140922748757, 0.02379033263071567, 1.1800015247251858]
[1.3442183929280085, -0.3472315392094933, -2.1326765198408313, 1.3127871529920676, -0.013869677252556112, 1.2872060410086412]
[1.364919267281644, -0.3424310997677622, -2.140385322629764, 1.4324602137092597, -0.051529687135827895, 1.394410557292097]
[1.3856201416352791, -0.3376306603260312, -2.1480941254186967, 1.5521332744264513, -0.08918969701909968, 1.5016150735755525]
[1.4063210159889143, -0.33283022088430003, -2.1558029282076294, 1.6718063351436432, -0.12684970690237146, 1.608819589859008]
[1.4270218903425498, -0.328029781442569, -2.1635117309965626, 1.7914793958608348, -0.1645097167856432, 1.7160241061424635]
[1.447722764696185, -0.32322934200083786, -2.1712205337854953, 1.911152456578027, -0.20216972666891508, 1.8232286224259193]
[1.4684236390498202, -0.31842890255910683, -2.178929336574428, 2.0308255172952188, -0.23982973655218676, 1.9304331387093747]
[1.4891245134034556, -0.31362846311737574, -2.186638139363361, 2.15049857801241, -0.27748974643545854, 2.0376376549928303]
[1.509825387757091, -0.30882802367564466, -2.194346942152294, 2.2701716387296025, -0.31514975631873043, 2.144842171276286]
[1.5305262621107263, -0.3040275842339136, -2.2020557449412266, 2.389844699446794, -0.3528097662020021, 2.2520466875597416]
[1.5512271364643615, -0.2992271447921825, -2.2097645477301597, 2.5095177601639858, -0.3904697760852739, 2.359251203843197]
[1.571928010817997, -0.2944267053504514, -2.2174733505190924, 2.629190820881178, -0.4281297859685457, 2.4664557201266533]
[1.5926288851716321, -0.2896262659087203, -2.225182153308025, 2.7488638815983695, -0.46578979585181746, 2.5736602364101087]
[1.6133297595252674, -0.28482582646698923, -2.232890956096958, 2.8685369423155613, -0.5034498057350892, 2.680864752693564]
[1.6340306338789028, -0.28002538702525814, -2.240599758885891, 2.988210003032753, -0.541109815618361, 2.7880692689770195]
[1.654731508232538, -0.27522494758352706, -2.2483085616748237, 3.107883063749945, -0.5787698255016328, 2.8952737852604753]