[-0.0003924959341903289, 0.0001409551258806374, -0.00038415453206130934, 0.00012091535875491388, 0.00032883050113508006, 5.213497074407769e-05]
[0.0025650523304926315, -0.0305422241984017, -0.16744587823663187, 0.02130566477057464, 0.06664143634191015, 0.016064725284757383]
[0.005522600595175592, -0.06122540352268404, -0.33450760194120244, 0.04249041418239437, 0.13295404218268522, 0.03207731559877069]
[0.008480148859858552, -0.09190858284696637, -0.501569325645773, 0.06367516359421409, 0.19926664802346028, 0.04808990591278398]
[0.011437697124541513, -0.12259176217124872, -0.6686310493503436, 0.08485991300603382, 0.26557925386423537, 0.0641024962267973]
[0.014395245389224473, -0.15327494149553106, -0.8356927730549141, 0.10604466241785354, 0.3318918597050104, 0.08011508654081059]
[0.017352793653907433, -0.1839581208198134, -1.0027544967594846, 0.12722941182967326, 0.3982044655457855, 0.09612767685482389]
[0.020310341918590394, -0.21464130014409571, -1.1698162204640552, 0.148414161241493, 0.46451707138656056, 0.1121402671688372]
[0.023267890183273354, -0.24532447946837807, -1.3368779441686258, 0.16959891065331273, 0.5308296772273357, 0.12815285748285052]
[0.026225438447956315, -0.2760076587926604, -1.5039396678731964, 0.19078366006513248, 0.5971422830681108, 0.14416544779686383]
[0.029182986712639275, -0.30669083811694275, -1.6710013915777668, 0.21196840947695217, 0.6634548889088857, 0.1601780381108771]
[0.032140534977322235, -0.3373740174412251, -1.8380631152823375, 0.23315315888877192, 0.7297674947496608, 0.17619062842489042]
[0.16815262761949473, -0.34244629585602454, -1.8524781437107332, 0.15471905511132866, 0.7635785362306197, 0.21098327249791482]
[0.30416472026166724, -0.34751857427082394, -1.8668931721391289, 0.07628495133388538, 0.7973895777115784, 0.24577591657093922]
[0.44017681290383975, -0.3525908526856234, -1.8813082005675246, -0.0021491524435579, 0.8312006191925372, 0.2805685606439636]
[0.5761889055460123, -0.35766313110042286, -1.8957232289959203, -0.08058325622100115, 0.8650116606734959, 0.31536120471698803]
[0.7122009981881849, -0.3627354095152223, -1.910138257424316, -0.15901735999844446, 0.8988227021544548, 0.35015384879001255]
[0.8482130908303573, -0.3678076879300217, -1.9245532858527117, -0.23745146377588772, 0.9326337436354135, 0.3849464928630369]
[0.98422518347253, -0.3728799663448212, -1.9389683142811074, -0.315885567553331, 0.9664447851163723, 0.41973913693606135]
[1.1202372761147024, -0.37795224475962064, -1.953383342709503, -0.3943196713307742, 1.0002558265973311, 0.4545317810090857]
[1.256249368756875, -0.38302452317442004, -1.9677983711378988, -0.47275377510821753, 1.0340668680782898, 0.48932442508211016]
[1.3922614613990476, -0.3880968015892195, -1.9822133995662945, -0.5511878788856608, 1.0678779095592486, 0.5241170691551347]
[1.5282735540412202, -0.39316908000401896, -1.9966284279946902, -0.6296219826631042, 1.1016889510402075, 0.5589097132281591]
[1.6642856466833924, -0.3982413584188184, -2.011043456423086, -0.7080560864405474, 1.1354999925211662, 0.5937023573011834]
[1.800297739325565, -0.4033136368336178, -2.0254584848514816, -0.7864901902179906, 1.1693110340021249, 0.6284950013742079]
[1.9363098319677376, -0.4083859152484173, -2.0398735132798773, -0.864924293995434, 1.2031220754830838, 0.6632876454472323]
[2.07232192460991, -0.41345819366321673, -2.054288541708273, -0.9433583977728772, 1.2369331169640425, 0.6980802895202567]
[2.2083340172520822, -0.4185304720780162, -2.0687035701366687, -1.0217925015503204, 1.2707441584450012, 0.732872933593281]
[2.344346109894255, -0.4236027504928156, -2.0831185985650644, -1.1002266053277638, 1.30455519992596, 0.7676655776663055]
[2.4803582025364275, -0.42867502890761505, -2.09753362699346, -1.178660709105207, 1.3383662414069188, 0.8024582217393299]