[-0.0002491521896716975, 0.00025929619153952643, -0.0003830913827815863, 8.582637611187494e-05, 0.0003129879274341718, 0.00011019266303957664]
[0.029964659939526746, -0.040850529746776824, -0.0904861440326859, -0.055290393282932185, 0.08105164987549238, -0.011142757994458954]
[0.06017847206872519, -0.08196035568509318, -0.18058919668259021, -0.11066661294197624, 0.16179031182355058, -0.022395708651957485]
[0.09039228419792363, -0.12307018162340953, -0.27069224933249453, -0.1660428326010203, 0.2425289737716088, -0.03364865930945602]
[0.12060609632712208, -0.16418000756172588, -0.36079530198239884, -0.22141905226006436, 0.323267635719667, -0.044901609966954546]
[0.1508199084563205, -0.20528983350004223, -0.45089835463230316, -0.2767952719191084, 0.4040062976677252, -0.05615456062445308]
[0.18103372058551895, -0.2463996594383586, -0.5410014072822075, -0.33217149157815246, 0.48474495961578346, -0.06740751128195162]
[0.21124753271471738, -0.2875094853766749, -0.6311044599321117, -0.3875477112371965, 0.5654836215638416, -0.07866046193945013]
[0.24146134484391585, -0.3286193113149913, -0.7212075125820161, -0.4429239308962406, 0.6462222835118998, -0.08991341259694867]
[0.2716751569731143, -0.3697291372533076, -0.8113105652319204, -0.4983001505552846, 0.726960945459958, -0.1011663632544472]
[0.3018889691023127, -0.410838963191624, -0.9014136178818247, -0.5536763702143287, 0.8076996074080163, -0.11241931391194573]
[0.33210278123151116, -0.4519487891299403, -0.991516670531729, -0.6090525898733727, 0.8884382693560744, -0.12367226456944426]
[0.3623165933607096, -0.4930586150682567, -1.0816197231816334, -0.6644288095324168, 0.9691769313041327, -0.1349252152269428]
[0.39253040548990803, -0.534168441006573, -1.1717227758315376, -0.7198050291914608, 1.0499155932521909, -0.14617816588444132]
[0.5038395040603147, -0.5466357978690424, -1.2207667976902907, -0.7636513827484426, 1.0578097693580115, -0.07002596445162806]
[0.6151486026307215, -0.5591031547315117, -1.2698108195490438, -0.8074977363054243, 1.0657039454638322, 0.006126236981185196]
[0.7264577012011282, -0.5715705115939811, -1.318854841407797, -0.851344089862406, 1.0735981215696528, 0.08227843841399846]
[0.837766799771535, -0.5840378684564504, -1.36789886326655, -0.8951904434193877, 1.0814922976754735, 0.15843063984681172]
[0.9490758983419417, -0.5965052253189199, -1.4169428851253034, -0.9390367969763694, 1.089386473781294, 0.23458284127962498]
[1.0603849969123484, -0.6089725821813893, -1.4659869069840565, -0.9828831505333511, 1.0972806498871146, 0.31073504271243824]
[1.171694095482755, -0.6214399390438586, -1.5150309288428097, -1.0267295040903328, 1.1051748259929353, 0.38688724414525144]
[1.2830031940531619, -0.633907295906328, -1.5640749507015628, -1.0705758576473146, 1.113069002098756, 0.46303944557806476]
[1.403349014012302, -0.6268162702368548, -1.5752254467746827, -1.0942698134058846, 1.0787446858666807, 0.5627810649639337]
[1.523694833971442, -0.6197252445673817, -1.5863759428478026, -1.1179637691644546, 1.0444203696346053, 0.6625226843498024]
[1.644040653930582, -0.6126342188979085, -1.5975264389209225, -1.1416577249230246, 1.01009605340253, 0.7622643037356713]
[1.7643864738897221, -0.6055431932284353, -1.6086769349940426, -1.1653516806815947, 0.9757717371704547, 0.8620059231215402]
[1.8847322938488622, -0.5984521675589621, -1.6198274310671625, -1.1890456364401647, 0.9414474209383794, 0.961747542507409]
[2.0050781138080023, -0.591361141889489, -1.6309779271402824, -1.2127395921987347, 0.9071231047063042, 1.0614891618932778]
[2.1254239337671423, -0.5842701162200158, -1.6421284232134024, -1.2364335479573048, 0.8727987884742289, 1.1612307812791467]
[2.2457697537262824, -0.5771790905505426, -1.6532789192865223, -1.2601275037158748, 0.8384744722421535, 1.2609724006650156]