[-0.00030116734138463386, 8.153172579472567e-05, -0.0004510681216371992, 2.1605783962819203e-05, 0.0003278434744666825, 8.604696324887584e-05]
[-0.06791188969203142, -0.019445586983202562, -0.06305375310500032, 0.03499457739149123, -0.03696452182826738, -0.08141610925987128]
[-0.1355226120426782, -0.03897270569219985, -0.12565643808836344, 0.06996754899901964, -0.07425688713100144, -0.16291826548299143]
[-0.203133334393325, -0.05849982440119714, -0.18825912307172657, 0.10494052060654806, -0.11154925243373551, -0.24442042170611158]
[-0.2707440567439718, -0.07802694311019442, -0.2508618080550897, 0.13991349221407645, -0.14884161773646956, -0.32592257792923174]
[-0.3383547790946186, -0.09755406181919171, -0.31346449303845275, 0.17488646382160486, -0.18613398303920362, -0.40742473415235186]
[-0.4059655014452654, -0.117081180528189, -0.37606717802181594, 0.2098594354291333, -0.2234263483419377, -0.48892689037547205]
[-0.47357622379591224, -0.1366082992371863, -0.4386698630051791, 0.2448324070366617, -0.26071871364467175, -0.5704290465985923]
[-0.5411869461465589, -0.15613541794618357, -0.5012725479885421, 0.2798053786441901, -0.2980110789474058, -0.6519312028217124]
[-0.6087976684972057, -0.17566253665518086, -0.5638752329719052, 0.31477835025171846, -0.33530344425013986, -0.7334333590448324]
[-0.6764083908478525, -0.19518965536417815, -0.6264779179552683, 0.3497513218592469, -0.3725958095528739, -0.8149355152679526]
[-0.7440191131984993, -0.21471677407317544, -0.6890806029386315, 0.38472429346677534, -0.409888174855608, -0.8964376714910728]
[-0.8116298355491461, -0.23424389278217272, -0.7516832879219947, 0.41969726507430377, -0.4471805401583421, -0.977939827714193]
[-0.879240557899793, -0.25377101149117004, -0.8142859729053578, 0.45467023668183215, -0.4844729054610762, -1.0594419839373133]
[-0.9468512802504399, -0.2732981302001673, -0.876888657888721, 0.4896432082893606, -0.5217652707638102, -1.1409441401604334]
[-1.0144620026010864, -0.29282524890916456, -0.9394913428720839, 0.5246161798968889, -0.5590576360665442, -1.2224462963835534]
[-1.0820727249517332, -0.3123523676181619, -1.002094027855447, 0.5595891515044173, -0.5963500013692783, -1.3039484526066736]
[-1.14968344730238, -0.3318794863271592, -1.0646967128388103, 0.5945621231119458, -0.6336423666720123, -1.3854506088297938]
[-1.2172941696530268, -0.35140660503615645, -1.1272993978221733, 0.6295350947194741, -0.6709347319747464, -1.4669527650529137]
[-1.2849048920036736, -0.3709337237451537, -1.1899020828055364, 0.6645080663270025, -0.7082270972774805, -1.548454921276034]
[-1.3525156143543204, -0.390460842454151, -1.2525047677888994, 0.699481037934531, -0.7455194625802145, -1.629957077499154]
[-1.4201263367049672, -0.40998796116314834, -1.3151074527722626, 0.7344540095420594, -0.7828118278829487, -1.7114592337222743]
[-1.487737059055614, -0.4295150798721456, -1.3777101377556258, 0.7694269811495879, -0.8201041931856827, -1.7929613899453944]
[-1.5553477814062608, -0.4490421985811429, -1.440312822738989, 0.8043999527571163, -0.8573965584884168, -1.8744635461685146]
[-1.6229585037569076, -0.4685693172901402, -1.5029155077223522, 0.8393729243646447, -0.8946889237911508, -1.9559657023916348]
[-1.6905692261075544, -0.4880964359991375, -1.5655181927057151, 0.874345895972173, -0.9319812890938849, -2.037467858614755]
[-1.7581799484582015, -0.5076235547081348, -1.6281208776890783, 0.9093188675797015, -0.969273654396619, -2.1189700148378754]
[-1.8257906708088483, -0.5271506734171321, -1.6907235626724415, 0.9442918391872299, -1.006566019699353, -2.2004721710609956]
[-1.893401393159495, -0.5466777921261293, -1.7533262476558047, 0.9792648107947584, -1.043858385002087, -2.2819743272841158]
[-1.9610121155101419, -0.5662049108351267, -1.8159289326391677, 1.0142377824022868, -1.0811507503048212, -2.363476483507236]
[-2.0286228378607882, -0.5857320295441238, -1.8785316176225306, 1.049210754009815, -1.1184431156075552, -2.4449786397303557]
[-2.0962335602114353, -0.6052591482531212, -1.9411343026058938, 1.0841837256173434, -1.1557354809102893, -2.526480795953476]
[-2.163844282562082, -0.6247862669621185, -2.003736987589257, 1.1191566972248719, -1.1930278462130233, -2.607982952176596]
[-2.231455004912729, -0.6443133856711157, -2.06633967257262, 1.1541296688324003, -1.2303202115157574, -2.689485108399716]
[-2.2990657272633754, -0.6638405043801131, -2.1289423575559834, 1.1891026404399287, -1.2676125768184914, -2.7709872646228364]
[-2.3666764496140225, -0.6833676230891104, -2.1915450425393463, 1.2240756120474572, -1.3049049421212255, -2.8524894208459566]