[-0.0004046275332765248, 0.00015054183494189743, -0.00027265297321665827, 0.00010800746285255514, 0.00019204090502533688, -4.0154913180323604e-05]
[0.061977193394718494, -0.041472894652673876, -0.17982365248788662, -0.007214060879812714, 0.012622334915649564, 0.001305970338390925]
[0.12435901432271351, -0.08309633114028965, -0.3593746520025566, -0.014536129222477982, 0.02505262892627379, 0.0026520955899621734]
[0.18674083525070853, -0.12471976762790543, -0.5389256515172265, -0.02185819756514325, 0.03748292293689802, 0.003998220841533421]
[0.24912265617870355, -0.1663432041155212, -0.7184766510318965, -0.02918026590780852, 0.049913216947522245, 0.0053443460931046705]
[0.3115044771066986, -0.207966640603137, -0.8980276505465665, -0.03650233425047379, 0.06234351095814648, 0.006690471344675919]
[0.3738862980346936, -0.24959007709075276, -1.0775786500612363, -0.04382440259313906, 0.0747738049687707, 0.008036596596247166]
[0.43626811896268863, -0.29121351357836855, -1.2571296495759066, -0.05114647093580433, 0.08720409897939493, 0.009382721847818416]
[0.4986499398906836, -0.3328369500659843, -1.4366806490905764, -0.058468539278469595, 0.09963439299001915, 0.010728847099389665]
[0.5610317608186787, -0.3744603865536001, -1.6162316486052464, -0.06579060762113487, 0.11206468700064338, 0.012074972350960913]
[0.6701385387856789, -0.345164007242386, -1.6790562575057624, -0.046886954866130384, 0.15890497767634995, 0.03640472605102344]
[0.7792453167526789, -0.31586762793117196, -1.7418808664062784, -0.0279833021111259, 0.2057452683520565, 0.060734479751085965]
[0.8883520947196791, -0.28657124861995786, -1.8047054753067944, -0.00907964935612142, 0.2525855590277631, 0.0850642334511485]
[0.9974588726866793, -0.25727486930874377, -1.8675300842073104, 0.009824003398883063, 0.29942584970346964, 0.10939398715121103]
[1.1065656506536796, -0.2279784899975297, -1.9303546931078261, 0.02872765615388756, 0.34626614037917625, 0.13372374085127356]
[1.2156724286206795, -0.19868211068631564, -1.9931793020083421, 0.04763130890889203, 0.39310643105488274, 0.15805349455133608]
[1.3247792065876798, -0.16938573137510157, -2.056003910908858, 0.06653496166389652, 0.43994672173058935, 0.18238324825139862]
[1.43388598455468, -0.1400893520638875, -2.118828519809374, 0.085438614418901, 0.48678701240629585, 0.20671300195146114]
[1.5429927625216802, -0.11079297275267343, -2.18165312870989, 0.10434226717390548, 0.5336273030820025, 0.23104275565152368]