[-0.00029752960890139235, 9.936767064999685e-05, -0.00037914138938877073, -3.8373955566051166e-05, 0.00014596900398800017, -2.508721180838336e-05]
[-0.05119401417965133, -0.02564895872646351, -0.06771483134157841, -0.09722561318442242, 0.05922743517103307, -0.0028913715055520865]
[-0.10209049875040127, -0.05139728512357702, -0.13505052129376804, -0.1944128524132788, 0.11830890133807814, -0.00575765579929579]
[-0.1529869833211512, -0.07714561152069052, -0.20238621124595768, -0.2916000916421352, 0.17739036750512321, -0.008623940093039493]
[-0.20388346789190115, -0.10289393791780403, -0.2697219011981473, -0.38878733087099154, 0.23647183367216829, -0.011490224386783196]
[-0.25477995246265106, -0.12864226431491754, -0.33705759115033695, -0.4859745700998479, 0.29555329983921336, -0.0143565086805269]
[-0.305676437033401, -0.15439059071203104, -0.4043932811025266, -0.5831618093287043, 0.35463476600625843, -0.017222792974270602]
[-0.356572921604151, -0.18013891710914456, -0.47172897105471623, -0.6803490485575606, 0.4137162321733035, -0.020089077268014306]
[-0.4074694061749009, -0.20588724350625806, -0.5390646610069059, -0.777536287786417, 0.47279769834034857, -0.02295536156175801]
[-0.4583658907456508, -0.23163556990337156, -0.6064003509590955, -0.8747235270152734, 0.5318791645073937, -0.025821645855501712]
[-0.5092623753164007, -0.2573838963004851, -0.6737360409112851, -0.9719107662441298, 0.5909606306744387, -0.028687930149245415]
[-0.5601588598871508, -0.2831322226975986, -0.7410717308634748, -1.0690980054729862, 0.6500420968414837, -0.031554214442989115]
[-0.6110553444579007, -0.3088805490947121, -0.8084074208156644, -1.1662852447018426, 0.7091235630085289, -0.03442049873673282]
[-0.6619518290286506, -0.3346288754918256, -0.875743110767854, -1.263472483930699, 0.768205029175574, -0.03728678303047653]
[-0.7128483135994006, -0.3603772018889391, -0.9430788007200437, -1.3606597231595552, 0.827286495342619, -0.04015306732422023]
[-0.7637447981701505, -0.3861255282860526, -1.0104144906722334, -1.4578469623884116, 0.886367961509664, -0.04301935161796393]
[-0.8146412827409004, -0.4118738546831661, -1.077750180624423, -1.555034201617268, 0.9454494276767091, -0.045885635911707634]
[-0.8655377673116503, -0.4376221810802796, -1.1450858705766125, -1.6522214408461244, 1.0045308938437543, -0.04875192020545134]
[-0.9164342518824002, -0.4633705074773931, -1.2124215605288022, -1.7494086800749808, 1.0636123600107994, -0.05161820449919504]
[-0.9673307364531503, -0.48911883387450666, -1.279757250480992, -1.846595919303837, 1.1226938261778443, -0.05448448879293874]
[-1.0182272210239, -0.5148671602716202, -1.3470929404331815, -1.9437831585326935, 1.1817752923448894, -0.05735077308668245]
[-1.06912370559465, -0.5406154866687336, -1.414428630385371, -2.04097039776155, 1.2408567585119346, -0.06021705738042615]
[-1.1200201901654, -0.5663638130658472, -1.4817643203375608, -2.1381576369904063, 1.2999382246789795, -0.06308334167416985]
[-1.17091667473615, -0.5921121394629607, -1.5491000102897505, -2.2353448762192625, 1.3590196908460246, -0.06594962596791355]
[-1.2218131593069, -0.6178604658600741, -1.61643570024194, -2.332532115448119, 1.4181011570130697, -0.06881591026165726]
[-1.27270964387765, -0.6436087922571877, -1.6837713901941296, -2.4297193546769753, 1.4771826231801148, -0.07168219455540097]
[-1.3236061284483998, -0.6693571186543011, -1.7511070801463193, -2.526906593905832, 1.53626408934716, -0.07454847884914467]
[-1.3745026130191498, -0.6951054450514147, -1.818442770098509, -2.624093833134688, 1.5953455555142049, -0.07741476314288837]
[-1.4253990975898998, -0.7208537714485282, -1.8857784600506986, -2.7212810723635443, 1.65442702168125, -0.08028104743663207]
[-1.4762955821606496, -0.7466020978456417, -1.9531141500028881, -2.818468311592401, 1.7135084878482951, -0.08314733173037578]
[-1.5271920667313996, -0.7723504242427552, -2.020449839955078, -2.915655550821257, 1.77258995401534, -0.08601361602411947]
[-1.5780885513021494, -0.7980987506398687, -2.0877855299072676, -3.012842790050114, 1.8316714201823852, -0.08887990031786318]
[-1.6289850358728994, -0.8238470770369822, -2.155121219859457, -3.11003002927897, 1.8907528863494303, -0.09174618461160688]