[-0.0003703965344969973, 0.0002512811474089105, -0.0003910520252219385, 3.4514261607832e-05, 0.0002971123827935074, 5.34972231269748e-05]
[-0.03624734755709394, 0.0005215241135136715, -0.13134181462673597, 0.0773503191740194, 0.007313542381277553, -0.05084836658249379]
[-0.07212429857969088, 0.0007917670796184326, -0.26229257722825, 0.15466612408643096, 0.014329972379761599, -0.10175023038811455]
[-0.10800124960228782, 0.0010620100457231936, -0.393243339829764, 0.23198192899884254, 0.021346402378245644, -0.15265209419373532]
[-0.14387820062488477, 0.0013322530118279547, -0.5241941024312781, 0.3092977339112541, 0.02836283237672969, -0.20355395799935608]
[-0.17975515164748174, 0.001602495977932716, -0.6551448650327921, 0.38661353882366567, 0.03537926237521374, -0.2544558218049769]
[-0.21563210267007865, 0.0018727389440374768, -0.7860956276343061, 0.46392934373607725, 0.04239569237369778, -0.3053576856105976]
[-0.2515090536926756, 0.002142981910142238, -0.9170463902358201, 0.5412451486484888, 0.04941212237218183, -0.3562595494162184]
[-0.28738600471527254, 0.002413224876246999, -1.0479971528373342, 0.6185609535609004, 0.05642855237066587, -0.40716141322183913]
[-0.32326295573786956, 0.0026834678423517605, -1.1789479154388482, 0.695876758473312, 0.06344498236914993, -0.45806327702745997]
[-0.3591399067604665, 0.0029537108084565214, -1.3098986780403623, 0.7731925633857235, 0.07046141236763397, -0.5089651408330808]
[-0.3950168577830634, 0.003223953774561282, -1.4408494406418761, 0.8505083682981351, 0.07747784236611802, -0.5598670046387014]
[-0.4308938088056603, 0.003494196740666043, -1.5718002032433902, 0.9278241732105467, 0.08449427236460205, -0.6107688684443222]
[-0.46677075982825733, 0.0037644397067708047, -1.7027509658449043, 1.0051399781229582, 0.09151070236308612, -0.661670732249943]
[-0.5026477108508542, 0.0040346826728755655, -1.8337017284464183, 1.0824557830353698, 0.09852713236157015, -0.7125725960555638]
[-0.37726490309849847, -0.03385454462408536, -1.82199268991823, 1.1051742759390448, 0.15014837086698146, -0.7576612980609714]
[-0.25188209534614264, -0.07174377192104628, -1.8102836513900415, 1.1278927688427196, 0.2017696093723928, -0.8027500000663791]
[-0.12649928759378687, -0.1096329992180072, -1.7985746128618532, 1.1506112617463946, 0.2533908478778041, -0.8478387020717867]
[-0.0011164798414310395, -0.14752222651496813, -1.7868655743336646, 1.1733297546500696, 0.3050120863832154, -0.8929274040771943]
[0.12426632791092473, -0.18541145381192906, -1.7751565358054762, 1.1960482475537444, 0.35663332488862676, -0.938016106082602]
[0.2496491356632805, -0.22330068110888998, -1.7634474972772878, 1.2187667404574194, 0.4082545633940381, -0.9831048080880096]
[0.3750319434156363, -0.26118990840585093, -1.7517384587490994, 1.2414852333610944, 0.4598758018994493, -1.0281935100934172]
[0.5004147511679922, -0.29907913570281186, -1.740029420220911, 1.2642037262647694, 0.5114970404048607, -1.0732822120988248]
[0.6257975589203479, -0.3369683629997728, -1.7283203816927226, 1.2869222191684442, 0.563118278910272, -1.1183709141042324]
[0.7511803666727037, -0.3748575902967337, -1.716611343164534, 1.3096407120721192, 0.6147395174156833, -1.1634596161096402]
[0.8765631744250595, -0.41274681759369464, -1.7049023046363456, 1.3323592049757942, 0.6663607559210946, -1.2085483181150478]
[1.0019459821774153, -0.45063604489065556, -1.6931932661081572, 1.355077697879469, 0.717981994426506, -1.2536370201204554]
[1.127328789929771, -0.4885252721876165, -1.6814842275799688, 1.377796190783144, 0.7696032329319172, -1.298725722125863]