[-0.0004050138918252344, 0.0001696523624890034, -0.0004608159763934694, 1.8939323416233833e-05, 0.0002982589861195706, 0.00011591737982197259]
[0.019315533089425824, -0.02281558603638716, -0.07807486644127136, 0.06192085060732139, 0.030493809598554623, -0.08819802013040762]
[0.03903608007067688, -0.04580082443526332, -0.15568891690614925, 0.12382276189122654, 0.060689360210989675, -0.1765119576406372]
[0.058756627051927926, -0.06878606283413947, -0.2333029673710271, 0.1857246731751317, 0.09088491082342472, -0.26482589515086674]
[0.078477174033179, -0.09177130123301565, -0.31091701783590503, 0.24762658445903685, 0.12108046143585978, -0.3531398326610964]
[0.09819772101443004, -0.11475653963189181, -0.3885310683007829, 0.309528495742942, 0.15127601204829483, -0.4414537701713259]
[0.11791826799568109, -0.13774177803076795, -0.4661451187656607, 0.37143040702684715, 0.18147156266072986, -0.5297677076815555]
[0.13763881497693214, -0.16072701642964413, -0.5437591692305386, 0.4333323183107523, 0.21166711327316493, -0.618081645191785]
[0.15735936195818323, -0.1837122548285203, -0.6213732196954166, 0.49523422959465746, 0.2418626638856, -0.7063955827020147]
[0.17707990893943426, -0.20669749322739647, -0.6989872701602944, 0.5571361408785627, 0.272058214498035, -0.7947095202122443]
[0.19680045592068532, -0.22968273162627262, -0.7766013206251723, 0.6190380521624678, 0.3022537651104701, -0.8830234577224738]
[0.2165210029019364, -0.2526679700251488, -0.8542153710900502, 0.680939963446373, 0.33244931572290515, -0.9713373952327035]
[0.2362415498831874, -0.2756532084240249, -0.931829421554928, 0.7428418747302781, 0.36264486633534015, -1.0596513327429329]
[0.2559620968644385, -0.29863844682290114, -1.009443472019806, 0.8047437860141833, 0.3928404169477753, -1.1479652702531626]
[0.2756826438456895, -0.32162368522177726, -1.0870575224846837, 0.8666456972980884, 0.4230359675602103, -1.236279207763392]
[0.2954031908269406, -0.34460892362065343, -1.1646715729495618, 0.9285476085819935, 0.45323151817264534, -1.3245931452736217]
[0.3151237378081917, -0.3675941620195296, -1.2422856234144397, 0.9904495198658987, 0.4834270687850804, -1.4129070827838515]
[0.33484428478944267, -0.3905794004184057, -1.3198996738793174, 1.052351431149804, 0.5136226193975154, -1.5012210202940808]
[0.35456483177069376, -0.41356463881728195, -1.3975137243441953, 1.114253342433709, 0.5438181700099505, -1.5895349578043105]
[0.3742853787519448, -0.43654987721615807, -1.4751277748090732, 1.176155253717614, 0.5740137206223855, -1.6778488953145398]
[0.39400592573319587, -0.45953511561503424, -1.552741825273951, 1.2380571650015193, 0.6042092712348206, -1.7661628328247696]
[0.4887702102581149, -0.46923849909335813, -1.5678638507507578, 1.3073621277305765, 0.5417398702363796, -1.8232080800969854]
[0.5835344947830339, -0.478941882571682, -1.5829858762275646, 1.3766670904596339, 0.4792704692379387, -1.880253327369201]
[0.6782987793079529, -0.48864526605000597, -1.5981079017043716, 1.445972053188691, 0.4168010682394977, -1.9372985746414169]
[0.7730630638328719, -0.49834864952832986, -1.6132299271811783, 1.5152770159177482, 0.3543316672410568, -1.9943438219136327]
[0.867827348357791, -0.5080520330066538, -1.628351952657985, 1.5845819786468054, 0.2918622662426158, -2.0513890691858485]
[0.96259163288271, -0.5177554164849777, -1.6434739781347918, 1.6538869413758628, 0.2293928652441748, -2.108434316458064]
[1.057355917407629, -0.5274587999633016, -1.6585960036115985, 1.72319190410492, 0.16692346424573384, -2.1654795637302797]
[1.152120201932548, -0.5371621834416255, -1.6737180290884055, 1.7924968668339774, 0.10445406324729295, -2.2225248110024958]
[1.246884486457467, -0.5468655669199494, -1.6888400545652122, 1.8618018295630345, 0.041984662248852, -2.2795700582747114]
[1.3416487709823859, -0.5565689503982733, -1.703962080042019, 1.9311067922920917, -0.020484738749589004, -2.336615305546927]
[1.436413055507305, -0.5662723338765971, -1.7190841055188257, 2.000411755021149, -0.0829541397480299, -2.393660552819143]
[1.531177340032224, -0.5759757173549211, -1.7342061309956325, 2.0697167177502065, -0.14542354074647101, -2.4507058000913586]
[1.625941624557143, -0.585679100833245, -1.7493281564724394, 2.1390216804792637, -0.2078929417449119, -2.5077510473635742]
[1.720705909082062, -0.5953824843115689, -1.7644501819492462, 2.208326643208321, -0.2703623427433529, -2.5647962946357903]
[1.815470193606981, -0.6050858677898928, -1.779572207426053, 2.277631605937378, -0.33283174374179386, -2.621841541908006]