[-0.0004251955238050442, 0.00013698743570245142, -0.00034728678626549936, 5.964328499263871e-05, 0.00027685987360115405, 4.6718776522070016e-05]
[0.05167385878438952, -0.032711618242337356, -0.12552496623862872, -0.033786260623981386, 0.026000297769446234, -0.03608211894756306]
[0.10377291309258409, -0.06556022392037716, -0.25070264569099193, -0.06763216453295541, 0.051723735665291315, -0.07221095667164819]
[0.15587196740077866, -0.09840882959841697, -0.3758803251433551, -0.10147806844192944, 0.0774471735611364, -0.10833979439573332]
[0.20797102170897322, -0.13125743527645678, -0.5010580045957184, -0.13532397235090346, 0.10317061145698148, -0.14446863211981845]
[0.2600700760171678, -0.1641060409544966, -0.6262356840480816, -0.16916987625987748, 0.12889404935282656, -0.18059746984390357]
[0.31216913032536237, -0.1969546466325364, -0.7514133635004447, -0.20301578016885152, 0.15461748724867164, -0.21672630756798872]
[0.3642681846335569, -0.2298032523105762, -0.876591042952808, -0.23686168407782554, 0.18034092514451672, -0.2528551452920738]
[0.4163672389417515, -0.262651857988616, -1.0017687224051712, -0.27070758798679956, 0.2060643630403618, -0.28898398301615896]
[0.46846629324994604, -0.29550046366665583, -1.1269464018575344, -0.3045534918957736, 0.23178780093620688, -0.3251128207402441]
[0.5205653475581407, -0.32834906934469565, -1.2521240813098977, -0.3383993958047476, 0.25751123883205196, -0.3612416584643292]
[0.5726644018663352, -0.3611976750227354, -1.3773017607622609, -0.3722452997137216, 0.28323467672789704, -0.39737049618841436]
[0.6247634561745298, -0.39404628070077524, -1.502479440214624, -0.4060912036226957, 0.3089581146237421, -0.4334993339124995]
[0.6768625104827243, -0.42689488637881506, -1.6276571196669873, -0.4399371075316697, 0.3346815525195872, -0.4696281716365846]
[0.7289615647909189, -0.45974349205685483, -1.7528347991193505, -0.4737830114406437, 0.3604049904154323, -0.5057570093606697]
[0.7810606190991134, -0.49259209773489465, -1.8780124785717138, -0.5076289153496177, 0.38612842831127736, -0.5418858470847548]
[0.833159673407308, -0.5254407034129345, -2.003190158024077, -0.5414748192585918, 0.41185186620712244, -0.57801468480884]
[0.9304874179160482, -0.5040357696404442, -2.0062272469890767, -0.49290752579277036, 0.4461627249493659, -0.5009421997765543]
[1.0278151624247884, -0.48263083586795397, -2.0092643359540765, -0.444340232326949, 0.4804735836916093, -0.4238697147442687]
[1.1251429069335286, -0.46122590209546366, -2.0123014249190763, -0.39577293886112763, 0.5147844424338528, -0.346797229711983]
[1.2224706514422687, -0.4398209683229734, -2.0153385138840756, -0.3472056453953063, 0.5490953011760962, -0.26972474467969737]
[1.319798395951009, -0.41841603455048315, -2.0183756028490754, -0.2986383519294849, 0.5834061599183397, -0.19265225964741173]
[1.4171261404597493, -0.39701110077799284, -2.021412691814075, -0.2500710584636635, 0.6177170186605832, -0.11557977461512603]
[1.5144538849684894, -0.3756061670055026, -2.024449780779075, -0.20150376499784217, 0.6520278774028265, -0.03850728958284044]
[1.6117816294772296, -0.35420123323301234, -2.0274868697440747, -0.15293647153202078, 0.68633873614507, 0.038565195449445304]