[-0.00040315466410589806, 0.0001922366746489601, -0.0002893413159323899, -1.719446510950462e-05, 0.0003077103355355604, -1.989557020376509e-05]
[-0.0200618235291951, -0.027268675962883942, -0.09525897948257613, -0.05059973241489428, -0.025135423983692756, 0.07363850306305365]
[-0.0397204923942843, -0.054729588600416844, -0.19022861764921986, -0.10118227036467906, -0.05057855830292107, 0.14729690169631107]
[-0.05937916125937351, -0.08219050123794976, -0.2851982558158636, -0.15176480831446384, -0.0760216926221494, 0.22095530032956853]
[-0.07903783012446271, -0.10965141387548265, -0.38016789398250733, -0.2023473462642486, -0.1014648269413777, 0.2946136989628259]
[-0.09869649898955192, -0.13711232651301555, -0.4751375321491511, -0.2529298842140334, -0.12690796126060602, 0.36827209759608337]
[-0.11835516785464112, -0.16457323915054847, -0.5701071703157948, -0.3035124221638182, -0.15235109557983437, 0.44193049622934083]
[-0.1380138367197303, -0.19203415178808136, -0.6650768084824386, -0.3540949601136029, -0.17779422989906266, 0.5155888948625982]
[-0.15767250558481952, -0.21949506442561426, -0.7600464466490823, -0.4046774980633877, -0.20323736421829097, 0.5892472934958556]
[-0.17733117444990873, -0.24695597706314718, -0.8550160848157261, -0.45526003601317255, -0.22868049853751932, 0.6629056921291131]
[-0.19698984331499794, -0.27441688970068007, -0.9499857229823698, -0.5058425739629573, -0.2541236328567476, 0.7365640907623705]
[-0.21664851218008715, -0.301877802338213, -1.0449553611490137, -0.5564251119127421, -0.27956676717597595, 0.8102224893956279]
[-0.23630718104517634, -0.3293387149757459, -1.1399249993156573, -0.6070076498625269, -0.3050099014952043, 0.8838808880288854]
[-0.2559658499102655, -0.35679962761327877, -1.2348946374823009, -0.6575901878123116, -0.3304530358144325, 0.9575392866621427]
[-0.2756245187753547, -0.3842605402508117, -1.3298642756489447, -0.7081727257620963, -0.35589617013366087, 1.0311976852954001]
[-0.2952831876404439, -0.41172145288834455, -1.4248339138155885, -0.7587552637118812, -0.3813393044528892, 1.1048560839286576]
[-0.31494185650553314, -0.43918236552587747, -1.5198035519822322, -0.8093378016616659, -0.4067824387721175, 1.178514482561915]
[-0.33460052537062235, -0.4666432781634104, -1.614773190148876, -0.8599203396114508, -0.43222557309134585, 1.2521728811951724]
[-0.28018048543872026, -0.4561960935801667, -1.6547348082691766, -0.9241434078503891, -0.47302160620387734, 1.3371466286444331]
[-0.22576044550681817, -0.44574890899692304, -1.6946964263894773, -0.9883664760893274, -0.5138176393164088, 1.4221203760936936]
[-0.17134040557491606, -0.43530172441367937, -1.734658044509778, -1.0525895443282658, -0.5546136724289402, 1.5070941235429542]
[-0.11692036564301397, -0.4248545398304357, -1.7746196626300785, -1.116812612567204, -0.5954097055414718, 1.5920678709922147]
[-0.06250032571111186, -0.414407355247192, -1.8145812807503792, -1.1810356808061422, -0.6362057386540032, 1.6770416184414754]
[-0.008080285779209773, -0.40396017066394835, -1.8545428988706798, -1.2452587490450806, -0.6770017717665346, 1.7620153658907358]
[0.046339754152692314, -0.3935129860807047, -1.8945045169909802, -1.309481817284019, -0.7177978048790661, 1.8469891133399965]
[0.1007597940845944, -0.383065801497461, -1.9344661351112808, -1.3737048855229572, -0.7585938379915975, 1.9319628607892572]
[0.1551798340164965, -0.3726186169142173, -1.9744277532315815, -1.4379279537618954, -0.799389871104129, 2.0169366082385176]
[0.20959987394839863, -0.36217143233097365, -2.014389371351882, -1.5021510220008338, -0.8401859042166605, 2.101910355687778]
[0.26401991388030066, -0.35172424774773, -2.0543509894721828, -1.5663740902397723, -0.880981937329192, 2.1868841031370385]
[0.3184399538122028, -0.3412770631644863, -2.0943126075924834, -1.6305971584787105, -0.9217779704417235, 2.2718578505862994]
[0.37285999374410483, -0.33082987858124263, -2.134274225712784, -1.6948202267176486, -0.9625740035542549, 2.35683159803556]
[0.427280033676007, -0.32038269399799896, -2.1742358438330847, -1.759043294956587, -1.0033700366667864, 2.4418053454848208]
[0.481700073607909, -0.3099355094147553, -2.2141974619533853, -1.8232663631955255, -1.0441660697793178, 2.526779092934081]
[0.5361201135398111, -0.2994883248315116, -2.254159080073686, -1.8874894314344637, -1.0849621028918492, 2.6117528403833417]