[-0.0003253960938511824, 0.00013490745467859, -0.0004608735325764002, 0.0001126529171342483, 0.0002859314814385172, 0.00010622807424454095]
[0.022579849024532167, -0.0587625787316408, -0.0894381494841936, 0.07769049011744401, 0.02591479242554211, 0.014830136465046342]
[0.045485094142915516, -0.11766006491796019, -0.1784154254358108, 0.15526832731775378, 0.051543653369645705, 0.029554044855848144]
[0.06839033926129887, -0.1765575511042796, -0.267392701387428, 0.23284616451806356, 0.0771725143137493, 0.044277953246649945]
[0.09129558437968222, -0.23545503729059897, -0.3563699773390452, 0.3104240017183733, 0.10280137525785289, 0.05900186163745175]
[0.11420082949806556, -0.29435252347691837, -0.4453472532906624, 0.3880018389186831, 0.1284302362019565, 0.07372577002825355]
[0.13710607461644891, -0.3532500096632378, -0.5343245292422796, 0.46557967611899287, 0.1540590971460601, 0.08844967841905535]
[0.16001131973483226, -0.4121474958495572, -0.6233018051938968, 0.5431575133193026, 0.1796879580901637, 0.10317358680985715]
[0.1829165648532156, -0.4710449820358765, -0.712279081145514, 0.6207353505196124, 0.20531681903426727, 0.11789749520065895]
[0.20582180997159896, -0.5299424682221959, -0.8012563570971312, 0.6983131877199222, 0.23094567997837087, 0.13262140359146074]
[0.2287270550899823, -0.5888399544085153, -0.8902336330487484, 0.775891024920232, 0.2565745409224745, 0.14734531198226256]
[0.25163230020836563, -0.6477374405948347, -0.9792109090003656, 0.8534688621205417, 0.28220340186657805, 0.16206922037306434]
[0.274537545326749, -0.7066349267811541, -1.0681881849519828, 0.9310466993208515, 0.30783226281068166, 0.17679312876386616]
[0.381500875230278, -0.7094421825829348, -1.118546497359823, 0.9129684821612006, 0.34574753331276836, 0.09472294899507137]
[0.488464205133807, -0.7122494383847154, -1.1689048097676633, 0.8948902650015497, 0.3836628038148551, 0.012652769226276589]
[0.5954275350373359, -0.7150566941864961, -1.2192631221755035, 0.8768120478418988, 0.42157807431694183, -0.06941741054251821]
[0.702390864940865, -0.7178639499882766, -1.2696214345833439, 0.8587338306822478, 0.4594933448190286, -0.15148759031131298]
[0.8093541948443941, -0.7206712057900573, -1.319979746991184, 0.840655613522597, 0.4974086153211153, -0.2335577700801078]
[0.9163175247479229, -0.7234784615918379, -1.3703380593990242, 0.8225773963629461, 0.535323885823202, -0.3156279498489026]
[1.023280854651452, -0.7262857173936186, -1.4206963718068646, 0.8044991792032952, 0.5732391563252888, -0.39769812961769746]
[1.1109971893233808, -0.7181882691303134, -1.4480631494005622, 0.7751426252241072, 0.6012021196949852, -0.4707525514600735]
[1.1987135239953093, -0.7100908208670084, -1.4754299269942601, 0.745786071244919, 0.6291650830646817, -0.5438069733024495]
[1.286429858667238, -0.7019933726037032, -1.5027967045879578, 0.716429517265731, 0.657128046434378, -0.6168613951448255]
[1.3741461933391665, -0.6938959243403982, -1.5301634821816557, 0.6870729632865429, 0.6850910098040746, -0.6899158169872015]
[1.4618625280110953, -0.685798476077093, -1.5575302597753533, 0.6577164093073549, 0.713053973173771, -0.7629702388295776]