[-0.00030794665146594014, 0.00010672590608251653, -0.00037040691082612653, -1.9840406290327905e-05, 0.0001778560798681994, 8.580081840836584e-05]
[-0.053790149612824426, -0.054074762972075016, -0.07475631118978801, 0.09497693101570316, 0.007590436159808111, 0.02045191632361723]
[-0.10727235257418291, -0.10825625185023255, -0.1491422154687499, 0.18997370243769665, 0.015003016239748023, 0.040818031828826096]
[-0.1607545555355414, -0.1624377407283901, -0.22352811974771178, 0.28497047385969015, 0.022415596319687935, 0.06118414733403497]
[-0.21423675849689988, -0.21661922960654761, -0.29791402402667366, 0.37996724528168363, 0.029828176399627846, 0.08155026283924383]
[-0.2677189614582584, -0.27080071848470516, -0.3722999283056356, 0.47496401670367716, 0.03724075647956776, 0.1019163783444527]
[-0.3212011644196169, -0.3249822073628627, -0.44668583258459743, 0.5699607881256706, 0.04465333655950767, 0.12228249384966157]
[-0.3746833673809754, -0.37916369624102025, -0.5210717368635593, 0.6649575595476642, 0.05206591663944759, 0.14264860935487045]
[-0.4281655703423338, -0.43334518511917774, -0.5954576411425212, 0.7599543309696576, 0.05947849671938749, 0.16301472486007929]
[-0.48164777330369235, -0.4875266739973353, -0.669843545421483, 0.8549511023916512, 0.0668910767993274, 0.18338084036528818]
[-0.5351299762650509, -0.5417081628754928, -0.744229449700445, 0.9499478738136446, 0.07430365687926732, 0.20374695587049704]
[-0.5886121792264093, -0.5958896517536504, -0.8186153539794068, 1.0449446452356381, 0.08171623695920723, 0.2241130713757059]
[-0.6420943821877678, -0.6500711406318079, -0.8930012582583687, 1.1399414166576316, 0.08912881703914714, 0.24447918688091477]
[-0.5484606654921734, -0.6356712825660907, -0.9386817745515369, 1.18080048080353, 0.07475905706033045, 0.1444229887568814]
[-0.4548269487965789, -0.6212714245003736, -0.9843622908447051, 1.2216595449494283, 0.06038929708151375, 0.04436679063284801]
[-0.3611932321009845, -0.6068715664346565, -1.0300428071378733, 1.2625186090953264, 0.04601953710269705, -0.055689407491185366]
[-0.2675595154053901, -0.5924717083689394, -1.0757233234310415, 1.3033776732412248, 0.031649777123880354, -0.15574560561521875]
[-0.17392579870979558, -0.5780718503032222, -1.1214038397242097, 1.3442367373871231, 0.01728001714506365, -0.2558018037392522]
[-0.08029208201420113, -0.5636719922375051, -1.1670843560173778, 1.3850958015330215, 0.00291025716624696, -0.35585800186328553]
[0.013341634681393266, -0.5492721341717879, -1.212764872310546, 1.4259548656789196, -0.011459502812569744, -0.45591419998731897]
[0.10697535137698766, -0.5348722761060708, -1.2584453886037141, 1.466813929824818, -0.025829262791386434, -0.5559703981113523]
[0.20060906807258216, -0.5204724180403536, -1.3041259048968823, 1.5076729939707163, -0.04019902277020314, -0.6560265962353857]
[0.29424278476817667, -0.5060725599746365, -1.3498064211900505, 1.5485320581166147, -0.05456878274901984, -0.7560827943594192]
[0.38787650146377106, -0.4916727019089193, -1.3954869374832186, 1.589391122262513, -0.06893854272783652, -0.8561389924834523]
[0.48151021815936557, -0.4772728438432022, -1.4411674537763868, 1.6302501864084111, -0.08330830270665322, -0.9561951906074858]
[0.5751439348549601, -0.46287298577748504, -1.486847970069555, 1.6711092505543097, -0.09767806268546993, -1.056251388731519]
[0.6687776515505544, -0.44847312771176784, -1.532528486362723, 1.7119683147002078, -0.11204782266428663, -1.1563075868555526]
[0.7624113682461489, -0.4340732696460507, -1.5782090026558913, 1.7528273788461062, -0.12641758264310332, -1.256363784979586]
[0.8560450849417431, -0.41967341158033356, -1.6238895189490594, 1.7936864429920045, -0.14078734262192, -1.3564199831036192]
[0.9496788016373376, -0.40527355351461647, -1.6695700352422276, 1.8345455071379027, -0.15515710260073667, -1.4564761812276523]
[1.0433125183329321, -0.39087369544889927, -1.715250551535396, 1.8754045712838012, -0.1695268625795534, -1.556532379351686]
[1.1369462350285264, -0.37647383738318213, -1.760931067828564, 1.9162636354296994, -0.18389662255837008, -1.6565885774757192]
[1.2305799517241212, -0.362073979317465, -1.8066115841217323, 1.9571226995755977, -0.1982663825371868, -1.756644775599753]
[1.3242136684197154, -0.34767412125174785, -1.8522921004149004, 1.997981763721496, -0.2126361425160035, -1.856700973723786]
[1.41784738511531, -0.3332742631860307, -1.8979726167080684, 2.038840827867394, -0.22700590249482017, -1.9567571718478192]
[1.5114811018109044, -0.3188744051203135, -1.943653133001237, 2.0796998920132928, -0.2413756624736369, -2.0568133699718527]
[1.605114818506499, -0.3044745470545964, -1.9893336492944051, 2.120558956159191, -0.2557454224524536, -2.1568695680958863]
[1.698748535202093, -0.2900746889888793, -2.035014165587573, 2.1614180203050894, -0.27011518243127025, -2.2569257662199194]
[1.792382251897688, -0.2756748309231621, -2.0806946818807415, 2.2022770844509876, -0.284484942410087, -2.356981964343953]
[1.886015968593282, -0.26127497285744494, -2.1263751981739096, 2.2431361485968857, -0.29885470238890366, -2.4570381624679865]
[1.9796496852888765, -0.2468751147917278, -2.172055714467078, 2.2839952127427843, -0.3132244623677204, -2.55709436059202]
[2.073283401984471, -0.23247525672601063, -2.217736230760246, 2.3248542768886824, -0.32759422234653707, -2.657150558716053]