[-0.0004203293452622603, 9.697394185259611e-05, -0.00043238075371920814, -1.7272790686639894e-05, 0.0002771295617511882, -1.5406901284542585e-05]
[0.042733690504652165, -0.037170609053617326, -0.0916310379418609, 0.06324029071146661, -0.0411081469392446, -0.026349732214522092]
[0.08588771035456659, -0.07443819204908725, -0.18282969513000258, 0.12649785421361986, -0.08249342344024038, -0.05268405752775964]
[0.129041730204481, -0.11170577504455718, -0.27402835231814426, 0.18975541771577314, -0.12387869994123617, -0.07901838284099719]
[0.17219575005439544, -0.1489733580400271, -0.36522700950628595, 0.25301298121792637, -0.16526397644223195, -0.10535270815423474]
[0.21534976990430987, -0.18624094103549702, -0.45642566669442763, 0.31627054472007965, -0.20664925294322772, -0.1316870334674723]
[0.2585037897542243, -0.22350852403096697, -0.5476243238825693, 0.37952810822223293, -0.24803452944422352, -0.15802135878070983]
[0.30165780960413874, -0.2607761070264369, -0.6388229810707111, 0.4427856717243862, -0.2894198059452193, -0.1843556840939474]
[0.34481182945405314, -0.2980436900219068, -0.7300216382588527, 0.5060432352265394, -0.3308050824462151, -0.21069000940718494]
[0.3879658493039676, -0.33531127301737673, -0.8212202954469945, 0.5693007987286928, -0.3721903589472109, -0.23702433472042247]
[0.431119869153882, -0.3725788560128466, -0.9124189526351361, 0.6325583622308459, -0.41357563544820664, -0.26335866003366004]
[0.47427388900379647, -0.4098464390083166, -1.0036176098232779, 0.6958159257329992, -0.45496091194920246, -0.2896929853468976]
[0.5174279088537108, -0.4471140220037865, -1.0948162670114194, 0.7590734892351525, -0.49634618845019823, -0.3160273106601351]
[0.5605819287036252, -0.4843816049992564, -1.186014924199561, 0.8223310527373057, -0.537731464951194, -0.34236163597337266]
[0.6037359485535397, -0.5216491879947264, -1.277213581387703, 0.8855886162394591, -0.5791167414521898, -0.36869596128661025]
[0.6468899684034541, -0.5589167709901963, -1.3684122385758446, 0.9488461797416123, -0.6205020179531856, -0.3950302865998478]
[0.6900439882533685, -0.5961843539856662, -1.4596108957639862, 1.0121037432437654, -0.6618872944541814, -0.42136461191308533]
[0.733198008103283, -0.6334519369811361, -1.5508095529521277, 1.0753613067459187, -0.7032725709551771, -0.4476989372263228]
[0.7763520279531975, -0.6707195199766061, -1.6420082101402698, 1.1386188702480722, -0.744657847456173, -0.4740332625395604]
[0.8195060478031119, -0.707987102972076, -1.7332068673284113, 1.2018764337502252, -0.7860431239571688, -0.500367587852798]
[0.8626600676530263, -0.7452546859675458, -1.824405524516553, 1.2651339972523785, -0.8274284004581645, -0.5267019131660355]
[0.9058140875029407, -0.7825222689630158, -1.9156041817046945, 1.3283915607545318, -0.8688136769591602, -0.5530362384792731]
[0.9489681073528552, -0.8197898519584857, -2.0068028388928365, 1.391649124256685, -0.9101989534601561, -0.5793705637925106]
[0.9921221272027696, -0.8570574349539557, -2.098001496080978, 1.4549066877588384, -0.9515842299611519, -0.6057048891057482]
[1.0713155024563554, -0.8140178733259407, -2.1305161748076102, 1.4819214359523383, -0.9583463862548608, -0.7226657092039795]
[1.150508877709941, -0.7709783116979256, -2.1630308535342424, 1.508936184145838, -0.9651085425485697, -0.8396265293022109]
[1.2297022529635269, -0.7279387500699106, -2.1955455322608746, 1.5359509323393379, -0.9718706988422787, -0.9565873494004422]
[1.3088956282171125, -0.6848991884418956, -2.2280602109875067, 1.5629656805328378, -0.9786328551359876, -1.0735481694986737]
[1.3880890034706983, -0.6418596268138804, -2.260574889714139, 1.5899804287263377, -0.9853950114296965, -1.1905089895969052]
[1.467282378724284, -0.5988200651858655, -2.293089568440771, 1.6169951769198374, -0.9921571677234055, -1.3074698096951365]
[1.54647575397787, -0.5557805035578504, -2.325604247167403, 1.6440099251133373, -0.9989193240171145, -1.4244306297933678]
[1.6256691292314556, -0.5127409419298354, -2.3581189258940354, 1.6710246733068372, -1.0056814803108234, -1.541391449891599]
[1.7048625044850412, -0.4697013803018203, -2.3906336046206675, 1.698039421500337, -1.0124436366045324, -1.6583522699898305]
[1.7840558797386272, -0.4266618186738052, -2.4231482833472997, 1.7250541696938368, -1.0192057928982412, -1.775313090088062]
[1.8632492549922128, -0.38362225704579017, -2.455662962073932, 1.7520689178873368, -1.0259679491919502, -1.8922739101862933]
[1.9424426302457984, -0.3405826954177752, -2.4881776408005636, 1.7790836660808367, -1.032730105485659, -2.0092347302845246]
[2.021636005499384, -0.29754313378976016, -2.5206923195271957, 1.8060984142743364, -1.039492261779368, -2.1261955503827563]
[2.10082938075297, -0.254503572161745, -2.553206998253828, 1.8331131624678363, -1.046254418073077, -2.243156370480987]
[2.1800227560065557, -0.21146401053372998, -2.58572167698046, 1.8601279106613362, -1.0530165743667859, -2.360117190579219]
[2.2592161312601413, -0.16842444890571506, -2.6182363557070922, 1.887142658854836, -1.0597787306604949, -2.47707801067745]
[2.3384095065137274, -0.12538488727769992, -2.6507510344337244, 1.9141574070483358, -1.0665408869542037, -2.5940388307756814]
[2.417602881767313, -0.08234532564968494, -2.6832657131603566, 1.9411721552418357, -1.0733030432479127, -2.7109996508739127]