[-0.0003215209691864729, 0.0001699619895019211, -0.0004585760673636585, 0.00011551190399661238, 0.0001613277888194986, 0.00010269705291232611]
[-0.03998606678674715, -0.035405229591642634, -0.057944062035376956, 0.08947567483259981, 0.052645905685466364, -0.02496921976340252]
[-0.07965061260430782, -0.07098042117278719, -0.11542954800339025, 0.17883583776120301, 0.10513048358211323, -0.050041136579717364]
[-0.11931515842186849, -0.10655561275393174, -0.17291503397140354, 0.2681960006898062, 0.1576150614787601, -0.0751130533960322]
[-0.15897970423942917, -0.1421308043350763, -0.23040051993941685, 0.3575561636184094, 0.21009963937540696, -0.10018497021234705]
[-0.19864425005698985, -0.17770599591622085, -0.28788600590743013, 0.4469163265470127, 0.26258421727205383, -0.1252568870286619]
[-0.2383087958745505, -0.2132811874973654, -0.3453714918754434, 0.5362764894756158, 0.3150687951687007, -0.15032880384497674]
[-0.2779733416921112, -0.24885637907850996, -0.40285697784345675, 0.6256366524042191, 0.3675533730653476, -0.1754007206612916]
[-0.31763788750967187, -0.2844315706596545, -0.46034246381147004, 0.7149968153328222, 0.4200379509619944, -0.20047263747760644]
[-0.35730243332723255, -0.3200067622407991, -0.5178279497794833, 0.8043569782614255, 0.47252252885864127, -0.22554455429392128]
[-0.39696697914479323, -0.35558195382194363, -0.5753134357474966, 0.8937171411900288, 0.5250071067552882, -0.2506164711102361]
[-0.43663152496235386, -0.39115714540308816, -0.6327989217155099, 0.9830773041186318, 0.577491684651935, -0.2756883879265509]
[-0.47629607077991454, -0.42673233698423274, -0.6902844076835232, 1.072437467047235, 0.6299762625485819, -0.3007603047428658]
[-0.5159606165974752, -0.46230752856537727, -0.7477698936515365, 1.1617976299758384, 0.6824608404452287, -0.3258322215591806]
[-0.5556251624150359, -0.49788272014652185, -0.8052553796195498, 1.2511577929044415, 0.7349454183418757, -0.3509041383754955]
[-0.5952897082325966, -0.5334579117276664, -0.8627408655875631, 1.340517955833045, 0.7874299962385225, -0.3759760551918104]
[-0.6349542540501573, -0.569033103308811, -0.9202263515555764, 1.4298781187616478, 0.8399145741351693, -0.4010479720081252]
[-0.6746187998677179, -0.6046082948899555, -0.9777118375235896, 1.519238281690251, 0.8923991520318161, -0.42611988882443996]
[-0.7142833456852786, -0.6401834864711001, -1.035197323491603, 1.6085984446188544, 0.944883729928463, -0.4511918056407549]
[-0.7539478915028393, -0.6757586780522445, -1.0926828094596162, 1.6979586075474575, 0.9973683078251099, -0.4762637224570697]
[-0.7936124373204, -0.7113338696333892, -1.1501682954276296, 1.787318770476061, 1.0498528857217568, -0.5013356392733845]
[-0.8332769831379606, -0.7469090612145337, -1.207653781395643, 1.8766789334046639, 1.1023374636184036, -0.5264075560896994]
[-0.8729415289555212, -0.7824842527956782, -1.2651392673636561, 1.966039096333267, 1.1548220415150505, -0.5514794729060142]
[-0.912606074773082, -0.8180594443768229, -1.3226247533316695, 2.0553992592618706, 1.2073066194116975, -0.5765513897223291]
[-0.9522706205906426, -0.8536346359579674, -1.3801102392996827, 2.1447594221904733, 1.2597911973083442, -0.6016233065386439]
[-0.9919351664082032, -0.8892098275391119, -1.4375957252676959, 2.2341195851190765, 1.312275775204991, -0.6266952233549588]
[-1.0315997122257639, -0.9247850191202565, -1.4950812112357093, 2.32347974804768, 1.364760353101638, -0.6517671401712736]
[-1.0712642580433245, -0.960360210701401, -1.5525666972037226, 2.4128399109762833, 1.4172449309982849, -0.6768390569875884]
[-1.1109288038608853, -0.9959354022825456, -1.610052183171736, 2.5022000739048864, 1.4697295088949318, -0.7019109738039033]
[-1.150593349678446, -1.0315105938636902, -1.6675376691397492, 2.5915602368334896, 1.5222140867915785, -0.7269828906202181]