[-0.0004095979911804548, 7.272829752569265e-05, -0.0004059785261576465, -2.647310391257207e-05, 0.0003343749777462435, -3.214402297935237e-05]
[0.07077121745158853, -0.07116799620590376, -0.060198968999901195, 0.08684755142200765, -0.009297074534050888, -0.0006953784590903435]
[0.1419520328943575, -0.14240872070933322, -0.11999195947364474, 0.17372157594792786, -0.01892852404584802, -0.0013586128952013346]
[0.21313284833712648, -0.2136494452127627, -0.17978494994738828, 0.26059560047384805, -0.028559973557645148, -0.002021847331312326]
[0.2843136637798955, -0.28489016971619213, -0.23957794042113184, 0.3474696249997683, -0.03819142306944228, -0.002685081767423317]
[0.3554944792226645, -0.35613089421962163, -0.29937093089487543, 0.43434364952568855, -0.04782287258123941, -0.0033483162035343084]
[0.4266752946654334, -0.42737161872305107, -0.3591639213686189, 0.5212176740516087, -0.05745432209303654, -0.004011550639645299]
[0.4978561101082024, -0.49861234322648057, -0.4189569118423625, 0.608091698577529, -0.06708577160483367, -0.004674785075756291]
[0.5690369255509714, -0.56985306772991, -0.47874990231610604, 0.6949657231034492, -0.0767172211166308, -0.0053380195118672815]
[0.6402177409937404, -0.6410937922333395, -0.5385428927898497, 0.7818397476293695, -0.08634867062842794, -0.006001253947978274]
[0.7113985564365094, -0.712334516736769, -0.5983358832635932, 0.8687137721552897, -0.09598012014022507, -0.006664488384089264]
[0.7825793718792783, -0.7835752412401984, -0.6581288737373366, 0.9555877966812099, -0.10561156965202219, -0.007327722820200256]
[0.8537601873220473, -0.8548159657436278, -0.7179218642110802, 1.04246182120713, -0.11524301916381932, -0.007990957256311246]
[0.9249410027648163, -0.9260566902470574, -0.7777148546848238, 1.1293358457330505, -0.12487446867561647, -0.008654191692422238]
[0.9961218182075853, -0.9972974147504868, -0.8375078451585674, 1.2162098702589705, -0.1345059181874136, -0.00931742612853323]
[1.0309741222319118, -0.9749905296976064, -0.8923835886219963, 1.2846611613059988, -0.14075313693315353, -0.11170761894380198]
[1.0658264262562382, -0.9526836446447258, -0.9472593320854252, 1.3531124523530271, -0.14700035567889347, -0.21409781175907072]
[1.1006787302805647, -0.9303767595918453, -1.0021350755488543, 1.4215637434000554, -0.15324757442463338, -0.31648800457433945]
[1.1355310343048912, -0.9080698745389648, -1.0570108190122833, 1.490015034447084, -0.15949479317037332, -0.4188781973896082]
[1.1703833383292177, -0.8857629894860843, -1.1118865624757122, 1.5584663254941122, -0.16574201191611326, -0.521268390204877]
[1.2052356423535442, -0.8634561044332039, -1.1667623059391412, 1.6269176165411405, -0.17198923066185318, -0.6236585830201458]
[1.2400879463778707, -0.8411492193803233, -1.22163804940257, 1.6953689075881688, -0.17823644940759312, -0.7260487758354145]
[1.2749402504021972, -0.8188423343274428, -1.276513792865999, 1.7638201986351971, -0.18448366815333306, -0.8284389686506832]
[1.3033057689315035, -0.7843676888754626, -1.3284826732716828, 1.8269286690860507, -0.19000493697235857, -0.9409035724803313]
[1.3316712874608099, -0.7498930434234824, -1.3804515536773663, 1.8900371395369042, -0.1955262057913841, -1.0533681763099794]
[1.3600368059901162, -0.7154183979715022, -1.43242043408305, 1.9531456099877578, -0.20104747461040962, -1.1658327801396273]
[1.3884023245194226, -0.680943752519522, -1.4843893144887335, 2.0162540804386113, -0.20656874342943515, -1.2782973839692753]
[1.4167678430487292, -0.6464691070675418, -1.5363581948944172, 2.079362550889465, -0.21209001224846066, -1.3907619877989235]
[1.4451333615780355, -0.6119944616155616, -1.5883270753001009, 2.1424710213403184, -0.21761128106748617, -1.5032265916285714]
[1.4734988801073419, -0.5775198161635814, -1.6402959557057843, 2.205579491791172, -0.2231325498865117, -1.6156911954582194]
[1.5018643986366482, -0.5430451707116012, -1.692264836111468, 2.2686879622420255, -0.22865381870553722, -1.7281557992878676]
[1.5302299171659546, -0.508570525259621, -1.7442337165171518, 2.331796432692879, -0.23417508752456273, -1.8406204031175155]
[1.558595435695261, -0.4740958798076408, -1.7962025969228352, 2.3949049031437326, -0.23969635634358827, -1.9530850069471635]
[1.5869609542245673, -0.4396212343556606, -1.848171477328519, 2.458013373594586, -0.24521762516261378, -2.065549610776811]
[1.6153264727538739, -0.4051465889036804, -1.9001403577342026, 2.5211218440454397, -0.2507388939816393, -2.17801421460646]
[1.64369199128318, -0.3706719434517002, -1.9521092381398861, 2.5842303144962933, -0.2562601628006648, -2.2904788184361076]
[1.6720575098124866, -0.33619729799972, -2.0040781185455696, 2.647338784947147, -0.26178143161969036, -2.4029434222657553]
[1.700423028341793, -0.3017226525477398, -2.0560469989512535, 2.7104472553980004, -0.26730270043871585, -2.515408026095404]
[1.7287885468710993, -0.2672480070957596, -2.108015879356937, 2.773555725848854, -0.2728239692577414, -2.6278726299250517]