[-0.00024039381252105585, 0.00014636873943896234, -0.00043401741698456675, 7.66721840728124e-05, 0.0001624696585782459, 3.9300533907216106e-05]
[0.030895828675216896, -0.01275340801842946, -0.09480221574095712, -0.07851333257091665, 0.029061837693374577, 0.05909185910448516]
[0.06203205116295485, -0.025653184776297883, -0.18917041406492968, -0.15710333732590612, 0.05796120572817091, 0.1181444176750631]
[0.0931682736506928, -0.038552961534166305, -0.2835386123889022, -0.2356933420808956, 0.08686057376296724, 0.17719697624564104]
[0.12430449613843075, -0.05145273829203473, -0.3779068107128748, -0.31428334683588505, 0.11575994179776357, 0.236249534816219]
[0.1554407186261687, -0.06435251504990316, -0.4722750090368474, -0.3928733515908746, 0.14465930983255992, 0.29530209338679697]
[0.18657694111390666, -0.07725229180777157, -0.5666432073608199, -0.471463356345864, 0.17355867786735624, 0.35435465195737487]
[0.2177131636016446, -0.09015206856564001, -0.6610114056847926, -0.5500533611008536, 0.20245804590215258, 0.4134072105279528]
[0.24884938608938256, -0.10305184532350842, -0.755379604008765, -0.6286433658558429, 0.2313574139369489, 0.47245976909853077]
[0.2799856085771205, -0.11595162208137685, -0.8497478023327376, -0.7072333706108325, 0.26025678197174523, 0.5315123276691087]
[0.31112183106485847, -0.1288513988392453, -0.9441160006567102, -0.785823375365822, 0.2891561500065416, 0.5905648862396867]
[0.3422580535525964, -0.14175117559711373, -1.0384841989806828, -0.8644133801208115, 0.3180555180413379, 0.6496174448102646]
[0.37339427604033437, -0.1546509523549821, -1.1328523973046551, -0.9430033848758008, 0.34695488607613423, 0.7086700033808425]
[0.4045304985280723, -0.16755072911285054, -1.2272205956286277, -1.0215933896307903, 0.37585425411093054, 0.7677225619514205]
[0.4356667210158103, -0.18045050587071898, -1.3215887939526005, -1.10018339438578, 0.4047536221457269, 0.8267751205219984]
[0.46680294350354823, -0.19335028262858742, -1.4159569922765731, -1.1787733991407694, 0.4336529901805232, 0.8858276790925764]
[0.4979391659912862, -0.2062500593864558, -1.5103251906005455, -1.2573634038957586, 0.46255235821531954, 0.9448802376631543]
[0.5290753884790241, -0.21914983614432423, -1.604693388924518, -1.3359534086507483, 0.49145172625011585, 1.0039327962337323]
[0.5602116109667621, -0.23204961290219267, -1.6990615872484907, -1.4145434134057377, 0.5203510942849122, 1.0629853548043102]
[0.6444501756841818, -0.20689899278027746, -1.777441030989126, -1.3835009160585463, 0.5654618589557975, 1.0198242602789453]
[0.7286887404016016, -0.18174837265836224, -1.8558204747297613, -1.3524584187113549, 0.6105726236266826, 0.9766631657535805]
[0.8129273051190214, -0.15659775253644703, -1.9341999184703966, -1.3214159213641632, 0.6556833882975679, 0.9335020712282156]
[0.8971658698364412, -0.13144713241453182, -2.012579362211032, -1.2903734240169717, 0.700794152968453, 0.8903409767028507]
[0.9814044345538611, -0.10629651229261658, -2.0909588059516673, -1.2593309266697803, 0.7459049176393383, 0.8471798821774857]
[1.0656429992712808, -0.08114589217070137, -2.1693382496923026, -1.2282884293225889, 0.7910156823102235, 0.804018787652121]
[1.1498815639887006, -0.05599527204878613, -2.247717693432938, -1.1972459319753972, 0.8361264469811087, 0.760857693126756]
[1.2341201287061203, -0.030844651926870942, -2.326097137173573, -1.1662034346282057, 0.881237211651994, 0.7176965986013912]
[1.3183586934235403, -0.0056940318049557015, -2.404476580914208, -1.1351609372810143, 0.9263479763228792, 0.6745355040760262]
[1.40259725814096, 0.01945658831695951, -2.4828560246548435, -1.1041184399338229, 0.9714587409937645, 0.6313744095506613]
[1.4868358228583798, 0.04460720843887478, -2.5612354683954788, -1.0730759425866312, 1.0165695056646498, 0.5882133150252964]
[1.5710743875757995, 0.06975782856078994, -2.639614912136114, -1.04203344523944, 1.0616802703355348, 0.5450522204999316]
[1.6553129522932193, 0.09490844868270515, -2.7179943558767494, -1.0109909478922483, 1.10679103500642, 0.5018911259745668]
[1.739551517010639, 0.12005906880462042, -2.7963737996173847, -0.9799484505450569, 1.1519017996773053, 0.45873003144920177]
[1.823790081728059, 0.14520968892653563, -2.87475324335802, -0.9489059531978653, 1.1970125643481904, 0.4155689369238369]
[1.9080286464454785, 0.1703603090484508, -2.9531326870986554, -0.9178634558506739, 1.2421233290190756, 0.37240784239847213]
[1.9922672111628985, 0.19551092917036605, -3.0315121308392907, -0.8868209585034824, 1.287234093689961, 0.32924674787310715]
[2.0765057758803183, 0.22066154929228124, -3.109891574579926, -0.8557784611562909, 1.3323448583608462, 0.2860856533477422]