[-0.00029260611002523973, 0.00022645351710437467, -0.00045458283029820024, 1.698571686681305e-05, 0.0002893917387254419, 0.00010187659446447839]
[-0.044718982226729466, -0.023635108804632692, -0.07325391505697154, -0.10030797042402262, 0.049317162488832576, -0.01601636056201646]
[-0.08914535834343369, -0.04749667112636976, -0.14605324728364488, -0.20063292656491205, 0.09834493323893971, -0.0321345977184974]
[-0.13357173446013793, -0.07135823344810682, -0.21885257951031825, -0.3009578827058015, 0.14737270398904687, -0.04825283487497834]
[-0.17799811057684214, -0.09521979576984389, -0.29165191173699156, -0.4012828388466909, 0.19640047473915398, -0.06437107203145928]
[-0.2224244866935464, -0.11908135809158095, -0.3644512439636649, -0.5016077949875803, 0.24542824548926112, -0.08048930918794023]
[-0.2668508628102506, -0.14294292041331802, -0.4372505761903383, -0.6019327511284698, 0.2944560162393683, -0.09660754634442116]
[-0.31127723892695486, -0.16680448273505508, -0.5100499084170116, -0.7022577072693592, 0.3434837869894754, -0.11272578350090211]
[-0.35570361504365905, -0.19066604505679216, -0.5828492406436849, -0.8025826634102486, 0.3925115577395825, -0.12884402065738304]
[-0.40012999116036335, -0.21452760737852924, -0.6556485728703584, -0.9029076195511382, 0.44153932848968974, -0.144962257813864]
[-0.44455636727706754, -0.23838916970026627, -0.7284479050970316, -1.0032325756920275, 0.4905670992397968, -0.16108049497034493]
[-0.4889827433937718, -0.2622507320220034, -0.8012472373237051, -1.1035575318329172, 0.539594869989904, -0.17719873212682588]
[-0.533409119510476, -0.2861122943437404, -0.8740465695503784, -1.2038824879738064, 0.5886226407400111, -0.1933169692833068]
[-0.5778354956271803, -0.3099738566654775, -0.9468459017770517, -1.304207444114696, 0.6376504114901183, -0.20943520643978775]
[-0.6222618717438845, -0.3338354189872145, -1.019645234003725, -1.4045324002555852, 0.6866781822402254, -0.2255534435962687]
[-0.6666882478605888, -0.3576969813089516, -1.0924445662303985, -1.5048573563964749, 0.7357059529903326, -0.24167168075274964]
[-0.7111146239772929, -0.3815585436306887, -1.1652438984570717, -1.605182312537364, 0.7847337237404396, -0.25778991790923056]
[-0.755541000093997, -0.4054201059524257, -1.238043230683745, -1.7055072686782535, 0.8337614944905467, -0.2739081550657115]
[-0.7999673762107015, -0.42928166827416286, -1.3108425629104186, -1.8058322248191432, 0.882789265240654, -0.29002639222219245]
[-0.8443937523274057, -0.4531432305958999, -1.383641895137092, -1.9061571809600326, 0.931817035990761, -0.30614462937867337]
[-0.8888201284441098, -0.4770047929176369, -1.456441227363765, -2.006482137100922, 0.9808448067408682, -0.32226286653515435]
[-0.933246504560814, -0.500866355239374, -1.5292405595904384, -2.1068070932418115, 1.0298725774909754, -0.33838110369163527]
[-0.9776728806775183, -0.5247279175611111, -1.602039891817112, -2.207132049382701, 1.0789003482410826, -0.35449934084811624]
[-1.0220992567942226, -0.5485894798828481, -1.6748392240437853, -2.3074570055235903, 1.1279281189911896, -0.37061757800459716]
[-1.0665256329109267, -0.5724510422045852, -1.7476385562704586, -2.4077819616644796, 1.1769558897412968, -0.3867358151610781]
[-1.110952009027631, -0.5963126045263223, -1.8204378884971317, -2.508106917805369, 1.2259836604914038, -0.402854052317559]
[-1.1553783851443353, -0.6201741668480594, -1.8932372207238053, -2.608431873946259, 1.275011431241511, -0.41897228947403997]
[-1.1998047612610394, -0.6440357291697965, -1.9660365529504786, -2.708756830087148, 1.3240392019916183, -0.4350905266305209]
[-1.2442311373777437, -0.6678972914915334, -2.0388358851771518, -2.8090817862280373, 1.3730669727417253, -0.45120876378700187]
[-1.2886575134944478, -0.6917588538132705, -2.1116352174038253, -2.909406742368927, 1.4220947434918323, -0.4673270009434828]
[-1.3330838896111523, -0.7156204161350076, -2.184434549630499, -3.0097316985098166, 1.4711225142419397, -0.48344523809996376]
[-1.3775102657278564, -0.7394819784567447, -2.257233881857172, -3.110056654650706, 1.5201502849920467, -0.4995634752564447]