[-0.00023372439379354404, 6.929983763637182e-05, -0.0003365740936267514, -2.865271040075612e-05, 0.0001739822323303386, 2.729675361390349e-05]
[-0.025220406180440195, 0.012726297913525546, -0.08815649593443406, 0.06357598593115689, -0.03357973085362062, -0.04081512587960757]
[-0.050207087967086846, 0.02538329598941472, -0.17597641777524137, 0.12718062457271453, -0.06733344393957158, -0.08165754851282904]
[-0.0751937697537335, 0.038040294065303897, -0.2637963396160487, 0.1907852632142722, -0.10108715702552254, -0.12249997114605052]
[-0.10018045154038015, 0.05069729214119307, -0.351616261456856, 0.2543899018558298, -0.1348408701114735, -0.16334239377927198]
[-0.1251671333270268, 0.06335429021708225, -0.4394361832976634, 0.3179945404973875, -0.16859458319742446, -0.20418481641249348]
[-0.15015381511367346, 0.07601128829297142, -0.5272561051384707, 0.38159917913894514, -0.20234829628337542, -0.24502723904571494]
[-0.08876615218734105, 0.06727040146358743, -0.6286651066427922, 0.41971728823369875, -0.14586650542700513, -0.2725417277993969]
[-0.027378489261008637, 0.058529514634203444, -0.7300741081471136, 0.45783539732845235, -0.08938471457063482, -0.30005621655307885]
[0.03400917366532377, 0.049788627804819456, -0.831483109651435, 0.495953506423206, -0.03290292371426451, -0.3275707053067608]
[0.09539683659165618, 0.04104774097543547, -0.9328921111557565, 0.5340716155179597, 0.023578867142105775, -0.3550851940604428]
[0.1567844995179886, 0.03230685414605148, -1.0343011126600778, 0.5721897246127132, 0.08006065799847606, -0.38259968281412476]
[0.218172162444321, 0.02356596731666749, -1.1357101141643995, 0.6103078337074669, 0.1365424488548464, -0.4101141715678067]
[0.2795598253706534, 0.014825080487283503, -1.2371191156687211, 0.6484259428022205, 0.19302423971121668, -0.4376286603214887]
[0.34094748829698585, 0.006084193657899514, -1.3385281171730425, 0.6865440518969741, 0.24950603056758697, -0.4651431490751706]
[0.4023351512233182, -0.002656693171484467, -1.439937118677364, 0.7246621609917276, 0.30598782142395725, -0.49265763782885263]
[0.46372281414965066, -0.011397580000868462, -1.5413461201816854, 0.7627802700864813, 0.36246961228032754, -0.5201721265825345]
[0.5251104770759831, -0.020138466830252458, -1.6427551216860068, 0.800898379181235, 0.4189514031366978, -0.5476866153362165]
[0.5864981400023155, -0.02887935365963644, -1.7441641231903282, 0.8390164882759885, 0.4754331939930682, -0.5752011040898986]
[0.6478858029286478, -0.03762024048902042, -1.8455731246946496, 0.8771345973707422, 0.5319149848494384, -0.6027155928435804]
[0.7092734658549803, -0.046361127318404416, -1.9469821261989715, 0.9152527064654958, 0.5883967757058088, -0.6302300815972625]
[0.7706611287813128, -0.05510201414778841, -2.048391127703293, 0.9533708155602494, 0.644878566562179, -0.6577445703509444]
[0.8320487917076451, -0.0638429009771724, -2.1498001292076143, 0.991488924655003, 0.7013603574185494, -0.6852590591046264]
[0.9375551474587711, -0.08997068493438584, -2.166368058865171, 0.9603379450755603, 0.8115875931052599, -0.6689689209299274]
[1.043061503209897, -0.11609846889159928, -2.1829359885227273, 0.9291869654961173, 0.9218148287919703, -0.6526787827552285]
[1.148567858961023, -0.1422262528488127, -2.1995039181802842, 0.8980359859166744, 1.0320420644786807, -0.6363886445805296]
[1.254074214712149, -0.16835403680602615, -2.2160718478378407, 0.8668850063372316, 1.1422693001653912, -0.6200985064058306]