[-0.00038325123611038237, 7.258403850940454e-05, -0.0004192737372701316, 5.806223050353054e-05, 0.0001534950298722748, -3.692255478870976e-05]
[0.001784147378781026, -0.038506926463749425, -0.08730133636965756, -0.08497752058086172, 0.01840580240960355, 0.0756435231980064]
[0.003951545993672434, -0.07708643696600825, -0.174183399002045, -0.17001310339222697, 0.03665810978933483, 0.1513239689508015]
[0.006118944608563843, -0.11566594746826708, -0.26106546163443245, -0.2550486862035923, 0.05491041716906611, 0.2270044147035966]
[0.00828634322345525, -0.1542454579705259, -0.34794752426681985, -0.3400842690149575, 0.07316272454879738, 0.3026848604563917]
[0.010453741838346658, -0.19282496847278474, -0.43482958689920725, -0.4251198518263227, 0.09141503192852865, 0.3783653062091868]
[0.012621140453238068, -0.23140447897504357, -0.5217116495315948, -0.5101554346376881, 0.10966733930825995, 0.45404575196198194]
[0.014788539068129476, -0.2699839894773024, -0.6085937121639822, -0.5951910174490533, 0.12791964668799122, 0.529726197714777]
[0.016955937683020884, -0.30856349997956123, -0.6954757747963696, -0.6802266002604185, 0.1461719540677225, 0.6054066434675721]
[0.01912333629791229, -0.34714301048182006, -0.782357837428757, -0.7652621830717837, 0.16442426144745376, 0.6810870892203672]
[0.0212907349128037, -0.3857225209840789, -0.8692399000611444, -0.850297765883149, 0.18267656882718503, 0.7567675349731623]
[0.023458133527695105, -0.42430203148633766, -0.9561219626935318, -0.9353333486945142, 0.2009288762069163, 0.8324479807259574]
[0.02562553214258652, -0.46288154198859655, -1.0430040253259194, -1.0203689315058797, 0.21918118358664762, 0.9081284264787526]
[0.027792930757477925, -0.5014610524908554, -1.1298860879583068, -1.1054045143172448, 0.2374334909663789, 0.9838088722315477]
[0.029960329372369334, -0.5400405629931142, -1.2167681505906942, -1.1904400971286102, 0.25568579834611016, 1.0594893179843428]
[0.03212772798726074, -0.578620073495373, -1.3036502132230816, -1.2754756799399753, 0.27393810572584143, 1.1351697637371378]
[0.21943035648238388, -0.559124092206848, -1.351544428846652, -1.2779646587162379, 0.2564734880248103, 1.1497982842696337]
[0.406732984977507, -0.5396281109183231, -1.3994386444702223, -1.2804536374925004, 0.23900887032377918, 1.1644268048021296]
[0.5940356134726301, -0.520132129629798, -1.4473328600937927, -1.282942616268763, 0.22154425262274804, 1.1790553253346256]
[0.7813382419677533, -0.5006361483412731, -1.495227075717363, -1.2854315950450257, 0.20407963492171693, 1.1936838458671215]
[0.9686408704628764, -0.4811401670527481, -1.5431212913409333, -1.2879205738212882, 0.1866150172206858, 1.2083123663996174]
[1.1559434989579995, -0.4616441857642231, -1.5910155069645038, -1.2904095525975507, 0.16915039951965466, 1.2229408869321134]
[1.3432461274531227, -0.44214820447569814, -1.6389097225880742, -1.2928985313738133, 0.15168578181862352, 1.2375694074646093]
[1.5305487559482458, -0.42265222318717316, -1.6868039382116444, -1.2953875101500758, 0.1342211641175924, 1.2521979279971052]