[-0.00037197148348155906, 0.00020800113893670868, -0.0004654930154233128, -1.7926523507405534e-05, 0.00029115284531577856, 0.00015235580136963023]
[-0.02032919064201857, -0.0337974954571721, -0.10462110115874704, -0.05936918847187156, -0.006448993588610578, -0.0721256839742863]
[-0.04028640980055558, -0.06780299205328091, -0.20877670930207076, -0.11872045042023571, -0.013189140022536934, -0.14440372374994223]
[-0.06024362895909259, -0.10180848864938973, -0.3129323174453945, -0.17807171236859987, -0.01992928645646329, -0.21668176352559815]
[-0.0802008481176296, -0.13581398524549854, -0.4170879255887182, -0.23742297431696402, -0.026669432890389647, -0.2889598033012541]
[-0.10015806727616662, -0.16981948184160733, -0.5212435337320419, -0.2967742362653282, -0.033409579324316006, -0.36123784307691004]
[-0.12011528643470362, -0.20382497843771616, -0.6253991418753657, -0.3561254982136923, -0.04014972575824236, -0.4335158828525659]
[-0.14007250559324064, -0.23783047503382498, -0.7295547500186894, -0.4154767601620565, -0.04688987219216872, -0.5057939226282219]
[-0.16002972475177765, -0.2718359716299338, -0.8337103581620131, -0.47482802211042063, -0.05363001862609507, -0.5780719624038778]
[-0.11794930955747292, -0.265550818928335, -0.9100974234710386, -0.5559721168182191, -0.06944187483989772, -0.4936474394280429]
[-0.07586889436316818, -0.2592656662267362, -0.986484488780064, -0.6371162115260176, -0.08525373105370038, -0.40922291645220804]
[-0.03378847916886343, -0.2529805135251374, -1.0628715540890894, -0.7182603062338161, -0.10106558726750303, -0.3247983934763731]
[0.008291936025441288, -0.2466953608235386, -1.139258619398115, -0.7994044009416146, -0.11687744348130566, -0.24037387050053827]
[0.050372351219746064, -0.24041020812193978, -1.2156456847071404, -0.8805484956494131, -0.13268929969510834, -0.1559493475247033]
[0.09245276641405079, -0.23412505542034098, -1.292032750016166, -0.9616925903572116, -0.14850115590891097, -0.07152482454886844]
[0.13453318160835556, -0.2278399027187422, -1.3684198153251912, -1.04283668506501, -0.16431301212271363, 0.012899698426966477]
[0.17661359680266023, -0.2215547500171434, -1.4448068806342167, -1.1239807797728085, -0.18012486833651625, 0.09732422140280128]
[0.218694011996965, -0.2152695973155446, -1.5211939459432422, -1.2051248744806071, -0.1959367245503189, 0.1817487443786362]
[0.26077442719126975, -0.20898444461394577, -1.5975810112522677, -1.2862689691884055, -0.2117485807641216, 0.2661732673544712]
[0.3028548423855745, -0.20269929191234698, -1.6739680765612932, -1.3674130638962039, -0.22756043697792422, 0.350597790330306]
[0.3449352575798792, -0.19641413921074818, -1.7503551418703185, -1.4485571586040025, -0.24337229319172687, 0.43502231330614094]
[0.3870156727741839, -0.1901289865091494, -1.826742207179344, -1.5297012533118008, -0.25918414940552953, 0.5194468362819759]
[0.42909608796848875, -0.1838438338075506, -1.9031292724883695, -1.6108453480195994, -0.2749960056193322, 0.6038713592578108]
[0.47117650316279347, -0.1775586811059518, -1.979516337797395, -1.6919894427273978, -0.29080786183313484, 0.6882958822336457]
[0.5132569183570981, -0.171273528404353, -2.05590340310642, -1.7731335374351964, -0.30661971804693744, 0.7727204052094804]
[0.5553373335514029, -0.1649883757027542, -2.1322904684154462, -1.854277632142995, -0.32243157426074015, 0.8571449281853155]
[0.5974177487457076, -0.1587032230011554, -2.2086775337244715, -1.9354217268507934, -0.33824343047454275, 0.9415694511611502]
[0.6394981639400124, -0.15241807029955662, -2.285064599033497, -2.0165658215585918, -0.3540552866883454, 1.025993974136985]
[0.6815785791343172, -0.1461329175979578, -2.361451664342522, -2.0977099162663904, -0.3698671429021481, 1.1104184971128204]
[0.7236589943286218, -0.139847764896359, -2.437838729651548, -2.178854010974189, -0.3856789991159507, 1.1948430200886548]
[0.7657394095229265, -0.1335626121947602, -2.514225794960573, -2.259998105681987, -0.40149085532975337, 1.2792675430644898]
[0.8078198247172313, -0.1272774594931614, -2.590612860269599, -2.341142200389786, -0.417302711543556, 1.3636920660403247]
[0.8499002399115362, -0.12099230679156261, -2.666999925578624, -2.4222862950975843, -0.4331145677573587, 1.4481165890161596]
[0.9022541382000551, -0.09780004993832836, -2.6924591460914646, -2.4747544223715208, -0.4457293481880698, 1.56913562192308]
[0.9546080364885738, -0.07460779308509409, -2.717918366604305, -2.5272225496454577, -0.458344128618781, 1.6901546548300006]
[1.0069619347770926, -0.05141553623185982, -2.743377587117146, -2.579690676919394, -0.4709589090494921, 1.8111736877369213]
[1.0593158330656116, -0.028223279378625565, -2.7688368076299867, -2.632158804193331, -0.4835736894802033, 1.9321927206438418]
[1.1116697313541304, -0.005031022525391296, -2.7942960281428273, -2.6846269314672675, -0.4961884699109144, 2.0532117535507624]
[1.1640236296426492, 0.018161234327842973, -2.819755248655668, -2.737095058741204, -0.5088032503416255, 2.174230786457683]
[1.216377527931168, 0.0413534911810772, -2.845214469168509, -2.789563186015141, -0.5214180307723367, 2.2952498193646034]
[1.268731426219687, 0.06454574803431148, -2.8706736896813494, -2.8420313132890773, -0.5340328112030479, 2.416268852271524]
[1.3210853245082057, 0.08773800488754574, -2.89613291019419, -2.894499440563014, -0.546647591633759, 2.5372878851784444]
[1.3734392227967245, 0.11093026174078002, -2.9215921307070305, -2.9469675678369507, -0.5592623720644702, 2.6583069180853656]
[1.4257931210852433, 0.13412251859401428, -2.947051351219871, -2.999435695110887, -0.5718771524951813, 2.779325950992286]
[1.4781470193737622, 0.15731477544724856, -2.972510571732712, -3.051903822384824, -0.5844919329258924, 2.900344983899206]
[1.530500917662281, 0.18050703230048282, -2.9979697922455526, -3.1043719496587605, -0.5971067133566036, 3.021364016806127]