[-0.0003880023532891741, 0.00023663991613798174, -0.0004147127552656116, 0.000112350582343268, 0.00028100678454023864, 7.94550413631967e-05]
[0.04941045849418712, -0.036684654716930575, -0.06730263764837109, -0.0527591978580842, 0.06159639671056533, -0.03320517690632747]
[0.09920891934166341, -0.07360594934999913, -0.13419056254147657, -0.10563074629851167, 0.12291178663659043, -0.06648980885401813]
[0.1490073801891397, -0.11052724398306768, -0.20107848743458204, -0.15850229473893912, 0.1842271765626155, -0.09977444080170879]
[0.198805841036616, -0.14744853861613624, -0.26796641232768753, -0.2113738431793666, 0.24554256648864062, -0.13305907274939946]
[0.24860430188409227, -0.18436983324920478, -0.334854337220793, -0.26424539161979405, 0.3068579564146657, -0.16634370469709012]
[0.29840276273156857, -0.22129112788227334, -0.40174226211389846, -0.3171169400602215, 0.36817334634069077, -0.19962833664478077]
[0.34820122357904487, -0.2582124225153419, -0.46863018700700393, -0.369988488500649, 0.4294887362667159, -0.23291296859247143]
[0.39799968442652117, -0.29513371714841047, -0.5355181119001095, -0.4228600369410765, 0.490804126192741, -0.2661976005401621]
[0.44779814527399747, -0.33205501178147906, -0.6024060367932149, -0.47573158538150395, 0.5521195161187661, -0.2994822324878528]
[0.4975966061214737, -0.36897630641454754, -0.6692939616863204, -0.5286031338219314, 0.6134349060447911, -0.33276686443554343]
[0.54739506696895, -0.40589760104761613, -0.7361818865794258, -0.5814746822623589, 0.6747502959708163, -0.3660514963832341]
[0.5971935278164263, -0.44281889568068467, -0.8030698114725313, -0.6343462307027863, 0.7360656858968413, -0.39933612833092474]
[0.6469919886639026, -0.47974019031375326, -0.8699577363656369, -0.6872177791432138, 0.7973810758228664, -0.43262076027861546]
[0.6967904495113789, -0.5166614849468217, -0.9368456612587422, -0.7400893275836413, 0.8586964657488916, -0.46590539222630606]
[0.7465889103588551, -0.5535827795798903, -1.0037335861518477, -0.7929608760240687, 0.9200118556749166, -0.4991900241739967]
[0.7963873712063315, -0.5905040742129589, -1.0706215110449533, -0.8458324244644962, 0.9813272456009418, -0.5324746561216874]
[0.8461858320538077, -0.6274253688460274, -1.1375094359380586, -0.8987039729049237, 1.042642635526967, -0.565759288069378]
[0.8959842929012841, -0.6643466634790961, -1.2043973608311642, -0.9515755213453512, 1.103958025452992, -0.5990439200170687]
[0.9457827537487603, -0.7012679581121646, -1.2712852857242696, -1.0044470697857786, 1.165273415379017, -0.6323285519647593]
[0.9955812145962366, -0.7381892527452331, -1.3381732106173752, -1.057318618226206, 1.226588805305042, -0.6656131839124501]
[1.045379675443713, -0.7751105473783018, -1.4050611355104807, -1.1101901666666336, 1.2879041952310673, -0.6988978158601408]
[1.0951781362911892, -0.8120318420113702, -1.471949060403586, -1.163061715107061, 1.3492195851570923, -0.7321824478078314]
[1.1587421550956503, -0.7863107796107899, -1.4868432832668643, -1.1913822838919326, 1.3202396693848395, -0.5868922994015137]
[1.2223061739001115, -0.7605897172102095, -1.5017375061301426, -1.2197028526768041, 1.2912597536125865, -0.4416021509951959]
[1.2858701927045726, -0.7348686548096292, -1.5166317289934208, -1.2480234214616757, 1.2622798378403337, -0.29631200258887813]
[1.3494342115090339, -0.7091475924090489, -1.531525951856699, -1.2763439902465472, 1.233299922068081, -0.15102185418256042]
[1.412998230313495, -0.6834265300084685, -1.5464201747199773, -1.304664559031419, 1.204320006295828, -0.005731705776242713]
[1.476562249117956, -0.6577054676078882, -1.5613143975832555, -1.3329851278162905, 1.1753400905235751, 0.1395584426300751]
[1.540126267922417, -0.6319844052073078, -1.5762086204465338, -1.361305696601162, 1.1463601747513223, 0.2848485910363927]
[1.6036902867268783, -0.6062633428067274, -1.591102843309812, -1.3896262653860336, 1.1173802589790693, 0.4301387394427105]
[1.6672543055313394, -0.5805422804061471, -1.6059970661730902, -1.4179468341709052, 1.0884003432068166, 0.5754288878490281]
[1.7308183243358006, -0.5548212180055667, -1.6208912890363685, -1.4462674029557767, 1.0594204274345635, 0.720719036255346]
[1.7943823431402617, -0.5291001556049864, -1.6357855118996467, -1.4745879717406483, 1.0304405116623108, 0.8660091846616638]
[1.8579463619447227, -0.503379093204406, -1.650679734762925, -1.50290854052552, 1.001460595890058, 1.0112993330679816]
[1.9215103807491838, -0.47765803080382574, -1.6655739576262032, -1.5312291093103916, 0.9724806801178051, 1.156589481474299]
[1.985074399553645, -0.4519369684032454, -1.6804681804894814, -1.5595496780952631, 0.9435007643455522, 1.3018796298806168]
[2.048638418358106, -0.42621590600266507, -1.6953624033527597, -1.5878702468801347, 0.9145208485732994, 1.4471697782869344]
[2.1122024371625674, -0.4004948436020847, -1.710256626216038, -1.6161908156650062, 0.8855409328010465, 1.5924599266932524]
[2.1757664559670284, -0.37477378120150434, -1.7251508490793162, -1.6445113844498778, 0.8565610170287936, 1.73775007509957]