[-0.0003933393723407619, 0.00010873863999893985, -0.000429018213035981, 6.572067052701414e-05, 0.0001559365006773561, -3.558684518267796e-05]
[-0.05605767126649314, -0.03365448557246187, -0.050086495794579036, -0.08876798814668202, 0.06559298256316701, -0.013588149881527904]
[-0.11172200316064552, -0.06741770978492267, -0.09974397337612209, -0.17760169696389105, 0.13103002862565666, -0.02714071291787313]
[-0.1673863350547979, -0.10118093399738348, -0.14940145095766513, -0.2664354057811001, 0.1964670746881463, -0.04069327595421835]
[-0.2230506669489503, -0.1349441582098443, -0.1990589285392082, -0.3552691145983091, 0.26190412075063596, -0.05424583899056358]
[-0.2787149988431027, -0.1687073824223051, -0.24871640612075124, -0.44410282341551816, 0.32734116681312564, -0.0677984020269088]
[-0.33437933073725506, -0.2024706066347659, -0.2983738837022943, -0.5329365322327272, 0.39277821287561526, -0.08135096506325402]
[-0.39004366263140744, -0.2362338308472267, -0.3480313612838374, -0.6217702410499362, 0.45821525893810494, -0.09490352809959926]
[-0.4457079945255598, -0.2699970550596875, -0.3976888388653804, -0.7106039498671453, 0.5236523050005946, -0.10845609113594448]
[-0.5013723264197123, -0.3037602792721483, -0.4473463164469235, -0.7994376586843543, 0.5890893510630842, -0.12200865417228972]
[-0.5570366583138646, -0.33752350348460913, -0.4970037940284665, -0.8882713675015633, 0.6545263971255739, -0.13556121720863493]
[-0.612700990208017, -0.37128672769706994, -0.5466612716100097, -0.9771050763187724, 0.7199634431880636, -0.14911378024498018]
[-0.6683653221021694, -0.40504995190953075, -0.5963187491915526, -1.0659387851359814, 0.7854004892505532, -0.16266634328132537]
[-0.7240296539963218, -0.43881317612199155, -0.6459762267730957, -1.1547724939531905, 0.8508375353130428, -0.17621890631767062]
[-0.7796939858904741, -0.47257640033445236, -0.6956337043546388, -1.2436062027703993, 0.9162745813755325, -0.18977146935401584]
[-0.8353583177846265, -0.5063396245469132, -0.7452911819361818, -1.3324399115876084, 0.9817116274380222, -0.20332403239036106]
[-0.8910226496787789, -0.540102848759374, -0.7949486595177249, -1.4212736204048175, 1.0471486735005118, -0.2168765954267063]
[-0.9466869815729312, -0.5738660729718348, -0.8446061370992679, -1.5101073292220264, 1.1125857195630013, -0.2304291584630515]
[-1.0023513134670838, -0.6076292971842956, -0.8942636146808111, -1.5989410380392357, 1.1780227656254911, -0.24398172149939676]
[-1.0580156453612362, -0.6413925213967564, -0.9439210922623541, -1.6877747468564446, 1.2434598116879807, -0.25753428453574195]
[-1.1136799772553885, -0.6751557456092172, -0.993578569843897, -1.7766084556736537, 1.3088968577504705, -0.2710868475720872]
[-1.1693443091495408, -0.708918969821678, -1.04323604742544, -1.8654421644908625, 1.37433390381296, -0.2846394106084324]
[-1.2250086410436933, -0.7426821940341388, -1.0928935250069833, -1.9542758733080718, 1.4397709498754498, -0.2981919736447777]
[-1.2806729729378457, -0.7764454182465996, -1.1425510025885264, -2.0431095821252807, 1.5052079959379394, -0.3117445366811229]
[-1.336337304831998, -0.8102086424590604, -1.1922084801700692, -2.13194329094249, 1.570645042000429, -0.32529709971746806]
[-1.3920016367261503, -0.8439718666715212, -1.2418659577516122, -2.2207769997596984, 1.6360820880629185, -0.3388496627538133]
[-1.4476659686203028, -0.877735090883982, -1.2915234353331555, -2.309610708576908, 1.7015191341254083, -0.35240222579015856]
[-1.5033303005144552, -0.9114983150964429, -1.3411809129146985, -2.398444417394117, 1.766956180187898, -0.3659547888265038]
[-1.5589946324086075, -0.9452615393089037, -1.3908383904962416, -2.4872781262113257, 1.8323932262503877, -0.379507351862849]
[-1.6146589643027598, -0.9790247635213644, -1.4404958680777844, -2.576111835028535, 1.8978302723128773, -0.3930599148991942]
[-1.6703232961969123, -1.0127879877338253, -1.4901533456593277, -2.664945543845744, 1.963267318375367, -0.40661247793553945]
[-1.7259876280910647, -1.046551211946286, -1.5398108232408707, -2.753779252662953, 2.0287043644378566, -0.4201650409718847]