[-0.00027729561891298715, 8.079000595628827e-05, -0.0002813677334589926, -3.2679056849893584e-05, 0.00016074441291635821, -2.5083026884864523e-05]
[-0.0005842807682158626, -0.012951871461163807, -0.11980849906098182, -0.06546208128480553, -0.028588581915040077, 0.07870296377750258]
[-0.0008912659175187382, -0.025984532928283902, -0.23933563038850464, -0.13089148351276117, -0.05733790824299651, 0.15743101058189002]
[-0.0011982510668216138, -0.039017194395404, -0.3588627617160275, -0.19632088574071682, -0.08608723457095295, 0.23615905738627746]
[-0.0015052362161244893, -0.05204985586252409, -0.4783898930435503, -0.26175028796867245, -0.11483656089890938, 0.3148871041906649]
[-0.001812221365427365, -0.0650825173296442, -0.5979170243710731, -0.32717969019662807, -0.14358588722686583, 0.39361515099505234]
[-0.0021192065147302404, -0.07811517879676429, -0.717444155698596, -0.39260909242458375, -0.17233521355482226, 0.4723431977994398]
[-0.0024261916640331157, -0.09114784026388438, -0.8369712870261187, -0.4580384946525393, -0.2010845398827787, 0.5510712446038272]
[-0.0027331768133359914, -0.10418050173100447, -0.9564984183536416, -0.523467896880495, -0.22983386621073512, 0.6297992914082147]
[-0.003040161962638867, -0.11721316319812457, -1.0760255496811644, -0.5888972991084506, -0.25858319253869155, 0.708527338212602]
[-0.0033471471119417427, -0.13024582466524467, -1.1955526810086872, -0.6543267013364062, -0.287332518866648, 0.7872553850169896]
[-0.0036541322612446184, -0.14327848613236477, -1.3150798123362102, -0.7197561035643619, -0.31608184519460447, 0.865983431821377]
[-0.003961117410547494, -0.15631114759948486, -1.434606943663733, -0.7851855057923176, -0.3448311715225609, 0.9447114786257644]
[-0.0042681025598503685, -0.16934380906660493, -1.5541340749912556, -0.8506149080202731, -0.3735804978505173, 1.0234395254301518]
[-0.004575087709153244, -0.18237647053372505, -1.6736612063187783, -0.9160443102482287, -0.40232982417847374, 1.1021675722345392]
[-0.00488207285845612, -0.19540913200084514, -1.7931883376463014, -0.9814737124761844, -0.4310791505064302, 1.1808956190389266]
[-0.005189058007758996, -0.20844179346796524, -1.9127154689738242, -1.04690311470414, -0.4598284768343866, 1.2596236658433142]
[-0.005496043157061871, -0.22147445493508533, -2.032242600301347, -1.1123325169320957, -0.48857780316234306, 1.3383517126477016]
[0.03895657481278378, -0.20076621519272342, -2.088949749477532, -1.18064182155026, -0.5246597171501487, 1.411490684636573]
[0.08340919278262943, -0.18005797545036153, -2.1456568986537166, -1.2489511261684245, -0.5607416311379543, 1.484629656625444]
[0.12786181075247507, -0.15934973570799962, -2.2023640478299016, -1.3172604307865887, -0.5968235451257599, 1.5577686286143153]
[0.17231442872232072, -0.13864149596563774, -2.259071197006086, -1.3855697354047531, -0.6329054591135654, 1.6309076006031864]
[0.21676704669216637, -0.11793325622327583, -2.315778346182271, -1.4538790400229176, -0.6689873731013711, 1.7040465725920577]
[0.261219664662012, -0.09722501648091392, -2.3724854953584558, -1.5221883446410818, -0.7050692870891767, 1.7771855445809288]
[0.3056722826318577, -0.07651677673855203, -2.429192644534641, -1.5904976492592462, -0.7411512010769823, 1.8503245165698001]
[0.3501249006017033, -0.05580853699619012, -2.4858997937108254, -1.6588069538774106, -0.777233115064788, 1.9234634885586712]
[0.394577518571549, -0.03510029725382821, -2.5426069428870104, -1.7271162584955748, -0.8133150290525935, 1.9966024605475425]
[0.4390301365413946, -0.014392057511466327, -2.599314092063195, -1.7954255631137392, -0.8493969430403991, 2.069741432536414]
[0.48348275451124034, 0.006316182230895612, -2.65602124123938, -1.8637348677319037, -0.8854788570282048, 2.142880404525285]
[0.5279353724810859, 0.027024421973257495, -2.7127283904155646, -1.9320441723500679, -0.9215607710160103, 2.216019376514156]
[0.5723879904509316, 0.04773266171561941, -2.7694355395917496, -2.0003534769682325, -0.957642685003816, 2.2891583485030274]
[0.6168406084207773, 0.06844090145798126, -2.826142688767934, -2.0686627815863967, -0.9937245989916215, 2.3622973204918987]
[0.6612932263906229, 0.08914914120034323, -2.882849837944119, -2.136972086204561, -1.0298065129794272, 2.43543629248077]
[0.7057458443604685, 0.10985738094270509, -2.9395569871203038, -2.2052813908227256, -1.0658884269672328, 2.5085752644696413]
[0.7501984623303142, 0.130565620685067, -2.996264136296489, -2.27359069544089, -1.1019703409550385, 2.581714236458512]
[0.7946510803001599, 0.1512738604274289, -3.0529712854726734, -2.341900000059054, -1.138052254942844, 2.6548532084473835]
[0.8391036982700055, 0.17198210016979082, -3.1096784346488584, -2.4102093046772186, -1.1741341689306497, 2.727992180436255]