[-0.0003963463787046706, 8.765228520868362e-05, -0.00044216120636964007, 6.944448398815695e-05, 0.00020507791947910192, 6.853485442270824e-05]
[0.04013705005343451, -0.025845634026727467, -0.1029711001619858, 0.03114294668071663, 0.010628110676580753, 0.08838650437621845]
[0.08067044648557369, -0.05177892033866362, -0.20550003911760195, 0.0622164488774451, 0.021051143433682404, 0.1767044738980142]
[0.12120384291771287, -0.07771220665059977, -0.30802897807321816, 0.0932899510741736, 0.031474176190784055, 0.26502244341980996]
[0.16173723934985204, -0.10364549296253592, -0.41055791702883426, 0.12436345327090205, 0.041897208947885706, 0.3533404129416057]
[0.20227063578199123, -0.12957877927447206, -0.5130868559844504, 0.15543695546763053, 0.05232024170498735, 0.4416583824634014]
[0.2428040322141304, -0.15551206558640823, -0.6156157949400667, 0.18651045766435903, 0.06274327446208901, 0.5299763519851972]
[0.2833374286462696, -0.18144535189834438, -0.7181447338956828, 0.2175839598610875, 0.07316630721919065, 0.6182943215069929]
[0.32387082507840875, -0.20737863821028052, -0.8206736728512989, 0.24865746205781594, 0.08358933997629231, 0.7066122910287886]
[0.3644042215105479, -0.23331192452221666, -0.923202611806915, 0.2797309642545444, 0.09401237273339395, 0.7949302605505844]
[0.4049376179426871, -0.2592452108341528, -1.025731550762531, 0.3108044664512729, 0.1044354054904956, 0.8832482300723801]
[0.4454710143748263, -0.28517849714608895, -1.1282604897181474, 0.34187796864800135, 0.11485843824759726, 0.9715661995941758]
[0.4860044108069655, -0.31111178345802515, -1.2307894286737637, 0.3729514708447299, 0.1252814710046989, 1.0598841691159717]
[0.5265378072391047, -0.3370450697699613, -1.3333183676293798, 0.40402497304145835, 0.13570450376180057, 1.1482021386377674]
[0.5670712036712439, -0.36297835608189744, -1.435847306584996, 0.43509847523818684, 0.1461275365189022, 1.2365201081595631]
[0.607604600103383, -0.3889116423938336, -1.538376245540612, 0.4661719774349153, 0.15655056927600386, 1.3248380776813589]
[0.6845419775060294, -0.37315848524640255, -1.5909636785251209, 0.39911530950534735, 0.19778681969260614, 1.2838192964483166]
[0.7614793549086758, -0.3574053280989715, -1.64355111150963, 0.33205864157577936, 0.23902307010920845, 1.2428005152152743]
[0.8384167323113222, -0.3416521709515405, -1.6961385444941388, 0.2650019736462114, 0.28025932052581076, 1.201781733982232]
[0.9153541097139686, -0.32589901380410946, -1.7487259774786477, 0.19794530571664348, 0.32149557094241304, 1.1607629527491898]
[0.992291487116615, -0.3101458566566784, -1.8013134104631567, 0.1308886377870755, 0.3627318213590154, 1.1197441715161476]
[1.0692288645192614, -0.2943926995092474, -1.8539008434476656, 0.06383196985750755, 0.40396807177561767, 1.0787253902831053]
[1.1461662419219079, -0.2786395423618163, -1.9064882764321744, -0.003224698072060439, 0.44520432219221995, 1.037706609050063]
[1.2231036193245541, -0.26288638521438534, -1.9590757094166835, -0.07028136600162832, 0.48644057260882223, 0.9966878278170208]
[1.3000409967272004, -0.24713322806695426, -2.0116631424011926, -0.13733803393119642, 0.5276768230254245, 0.9556690465839784]
[1.376978374129847, -0.23138007091952323, -2.0642505753857012, -0.2043947018607643, 0.5689130734420269, 0.9146502653509362]
[1.4539157515324934, -0.2156269137720922, -2.1168380083702103, -0.2714513697903323, 0.6101493238586291, 0.873631484117894]
[1.5308531289351397, -0.19987375662466117, -2.1694254413547194, -0.3385080377199002, 0.6513855742752315, 0.8326127028848518]
[1.6077905063377862, -0.1841205994772301, -2.222012874339228, -0.4055647056494683, 0.6926218246918338, 0.7915939216518094]
[1.6847278837404325, -0.16836744232979908, -2.274600307323737, -0.47262137357903616, 0.733858075108436, 0.7505751404187672]
[1.7389125319741894, -0.1379139954381412, -2.3064574479066495, -0.5302935174757426, 0.7794598761916361, 0.7090060026936335]
[1.7930971802079463, -0.10746054854648329, -2.338314588489562, -0.5879656613724491, 0.8250616772748363, 0.6674368649684997]
[1.8472818284417034, -0.07700710165482541, -2.370171729072474, -0.6456378052691555, 0.8706634783580363, 0.625867727243366]
[1.9014664766754603, -0.0465536547631675, -2.4020288696553864, -0.7033099491658619, 0.9162652794412364, 0.5842985895182323]
[1.9556511249092172, -0.016100207871509613, -2.433886010238299, -0.7609820930625684, 0.9618670805244365, 0.5427294517930986]